1 0.03125 0.0 1.0 0.0 0.11003367047432974 0.06323140158021363 0.025423728813559313 0.010950854700854704 0.031249999999999993
0 0.05 0.0 1.0 0.0 0.04794152640330658 0.016020622755149823 0.01271186440677966 0.0017094017094017096 0.030088320775944432
0 0.0303030303030303 0.0 1.0 0.18181818181818182 0.06998163083612462 0.009709468336454436 0.01771956856702619 0.0015540015540015542 0.17722462652744653
0 0.0625 0.0 1.0 0.0 0.04382200223322269 0.0 0.00847457627118644 0.0 0.0008304711668179744
0 0.028571428571428574 0.0 1.0 0.0 0.12923940428756273 0.0 0.027845036319612597 0.0 0.28469403590358827
0 0.023809523809523808 0.0 1.0 0.0 0.039665502006363186 0.0 0.009685230024213076 0.0 0.000383469777786142
0 0.02857142857142857 0.0 1.0 0.0 0.03033618519867725 0.013848951443323796 0.006779661016949152 0.0034188034188034192 0.011410334876476403
0 0.025 0.0 1.0 0.0 0.16582912056095941 0.02640733633764266 0.03220338983050848 0.005128205128205128 0.4010874618647054
1 0.02222222222222222 0.0 1.0 0.0 0.024467698609445223 0.0 0.01694915254237288 0.0 0.0006365093420775912
0 0.011111111111111112 0.0 1.0 0.0 0.0701213465775565 0.03351475087342294 0.022598870056497175 0.005698005698005698 0.22696945666442206
0 0.011363636363636364 0.0 1.0 0.0 0.02240602162372586 0.007564086908987648 0.00847457627118644 0.002136752136752137 0.0012820351805523016
0 0.008333333333333333 0.0 1.0 0.0 0.052710705201857624 0.0060512695271901186 0.01271186440677966 0.0017094017094017096 0.20531535506214102
0 0.015384615384615385 0.0 1.0 0.0 0.09600633295634493 0.0 0.01864406779661017 0.0 0.41767366128999894
0 0.07692307692307693 0.0 1.0 0.0 0.04523270369678233 0.033889778905124616 0.014745637748832637 0.00641025641025641 0.0769230769230769
0 0.07142857142857142 0.0 1.0 0.0 0.03461786218885452 0.03432990590389247 0.016430853491556367 0.005494505494505494 0.00020647423389228214
0 0.041666666666666664 0.0 1.0 0.0 0.024378140840738926 0.020025778443937273 0.004792332268370607 0.005608974358974358 0.00020107637576198114
0 0.025 0.0 1.0 0.0 0.05055871234120039 0.024030934132724727 0.014057507987220446 0.005769230769230768 0.09594559033855957
1 0.022222222222222223 0.0 1.0 0.0 0.020973094128216834 0.034613994754236134 0.0056798012069577564 0.004273504273504273 0.00019165067646685703
0 0.05555555555555555 0.0 1.0 0.0 0.06171701804563081 0.026701037925249697 0.01490947816826411 0.0 0.0005546713754024861
0 0.008403361344537815 0.0 1.0 0.11764705882352941 0.07555721447965007 0.014135843607485134 0.015034767900770532 0.0007541478129713423 0.03699176747986036
0 0.008928571428571428 0.0 1.0 0.0 0.03213027497991331 0.0 0.006389776357827476 0.0 0.0678025670761024
0 0.007936507936507936 0.0 1.0 0.0 0.047375418499782156 0.004715595774579047 0.009128251939753538 0.0009157509157509158 0.06087176701602951
0 0.016666666666666666 0.0 1.0 0.0 0.12221019959534873 0.0 0.025559105431309903 0.0 0.14264921628427565
0 0.011363636363636364 0.0 1.0 0.0 0.06479423166771693 0.0 0.012779552715654952 0.0 0.11833167625095851
0 0.013888888888888888 0.0 1.0 0.0 0.12351683785964933 0.03622301101345562 0.027689030883919063 0.006410256410256411 0.14166976508031112
0 0.07692307692307693 0.0 1.0 0.0 0.0 0.0 0.0 0.0 0.006698173361601126
0 0.008928571428571428 0.0 1.0 0.0 0.08767152560248696 0.0 0.019968051118210862 0.0 0.10648230908282973
0 0.011111111111111112 0.0 1.0 0.0 0.03290370981367616 0.0 0.006389776357827476 0.0 0.0001480625177255769
0 0.0078125 0.0 1.0 0.0 0.05933646388107083 0.010012889221968637 0.018370607028753993 0.003205128205128205 0.11805003737968017
0 0.00980392156862745 0.0 1.0 0.0 0.07098500057877781 0.0 0.020234291799787005 0.0021367521367521365 0.16068637176446374
0 0.009259259259259259 0.0 1.0 0.0 0.024935259787904316 0.013350518962624848 0.010649627263045794 0.0021367521367521365 0.013966812121214983
0 0.008771929824561403 0.0 1.0 0.0 0.005483951635612693 0.0 0.004259850905218317 0.0 0.0005686237693757765
0 0.0035714285714285718 0.0 1.0 0.0 0.04200179628986931 0.031469080411901426 0.013692377909630305 0.005952380952380952 0.07134292050867265
0 0.07142857142857142 0.0 1.0 0.0 0.03461786218885452 0.03432990590389247 0.016430853491556367 0.005494505494505494 0.00020647423389228214
0 0.041666666666666664 0.0 1.0 0.0 0.024378140840738926 0.020025778443937273 0.004792332268370607 0.005608974358974358 0.00020107637576198114
0 0.025 0.0 1.0 0.0 0.05055871234120039 0.024030934132724727 0.014057507987220446 0.005769230769230768 0.09594559033855957
0 0.022222222222222223 0.0 1.0 0.0 0.020973094128216834 0.034613994754236134 0.0056798012069577564 0.004273504273504273 0.00019165067646685703
0 0.05555555555555555 0.0 1.0 0.0 0.06171701804563081 0.026701037925249697 0.01490947816826411 0.0 0.0005546713754024861
0 0.008403361344537815 0.0 1.0 0.11764705882352941 0.07555721447965007 0.014135843607485134 0.015034767900770532 0.0007541478129713423 0.03699176747986036
0 0.008928571428571428 0.0 1.0 0.0 0.03213027497991331 0.0 0.006389776357827476 0.0 0.0678025670761024
0 0.007936507936507936 0.0 1.0 0.0 0.047375418499782156 0.004715595774579047 0.009128251939753538 0.0009157509157509158 0.06087176701602951
0 0.016666666666666666 0.0 1.0 0.0 0.12221019959534873 0.0 0.025559105431309903 0.0 0.14264921628427565
0 0.011363636363636364 0.0 1.0 0.0 0.06479423166771693 0.0 0.012779552715654952 0.0 0.11833167625095851
0 0.013888888888888888 0.0 1.0 0.0 0.12351683785964933 0.03622301101345562 0.027689030883919063 0.006410256410256411 0.14166976508031112
0 0.07692307692307693 0.0 1.0 0.0 0.0 0.0 0.0 0.0 0.006698173361601126
0 0.008928571428571428 0.0 1.0 0.0 0.08767152560248696 0.0 0.019968051118210862 0.0 0.10648230908282973
0 0.011111111111111112 0.0 1.0 0.0 0.03290370981367616 0.0 0.006389776357827476 0.0 0.0001480625177255769
0 0.0078125 0.0 1.0 0.0 0.05933646388107083 0.010012889221968637 0.018370607028753993 0.003205128205128205 0.11805003737968017
0 0.00980392156862745 0.0 1.0 0.0 0.07098500057877781 0.0 0.020234291799787005 0.0021367521367521365 0.16068637176446374
0 0.009259259259259259 0.0 1.0 0.0 0.024935259787904316 0.013350518962624848 0.010649627263045794 0.0021367521367521365 0.013966812121214983
0 0.008771929824561403 0.0 1.0 0.0 0.005483951635612693 0.0 0.004259850905218317 0.0 0.0005686237693757765
0 0.058823529411764705 0.0 1.0 0.0 0.04712126566923718 0.06759207977831973 0.016042780748663096 0.010818120351588908 0.05882352941176469
0 0.03571428571428571 0.0 1.0 0.0 0.02316489816508032 0.041038048436836984 0.007305194805194805 0.007389162561576354 0.025022403741699943
0 0.16666666666666666 0.0 1.0 0.0 0.11703251331455271 0.0 0.017045454545454544 0.0 0.0005078117288347894
0 0.027777777777777776 0.0 1.0 0.0 0.04398212693100015 0.007979620529384966 0.0025252525252525255 0.0 0.00011929534222080546
0 0.015384615384615385 0.0 1.0 0.0 0.01298278699774009 0.0 0.0017482517482517483 0.0 8.601119797131968e-05
0 0.01111111111111111 0.0 1.0 0.0 0.03484496890113876 0.0 0.0037878787878787876 0.0 4.4197572808468745e-05
0 0.02040816326530612 0.0 1.0 0.0 0.037862081791714894 0.0 0.01461038961038961 0.0 0.03782444916085799
0 0.025 0.0 1.0 0.0 0.0 0.0 0.0 0.0 0.0005491123605147017
0 0.018518518518518517 0.0 1.0 0.0 0.06072325260142478 0.0 0.015151515151515152 0.0 0.0476222648249628