0 0.1111111111111111 0.0 1.0 0.0 0.041904825805303345 0.03811157328286849 0.02077687443541102 0.008616780045351474 0.1111111111111111
0 0.045454545454545456 0.0 1.0 0.0 0.017329898718669065 0.021640647740899667 0.006282335550628234 0.0044526901669758815 0.004140868021694325
0 0.03333333333333333 0.0 1.0 0.0 0.02282625483099302 0.012751107907160058 0.006504065040650407 0.0036734693877551023 0.0003624022974950198
0 0.019230769230769232 0.0 1.0 0.0 0.029829643577455846 0.015693671270350838 0.008130081300813009 0.0037676609105180537 0.00020462052390329038
0 0.015384615384615385 0.0 1.0 0.0 0.012278771758525337 0.015486540217140883 0.006566604127579739 0.004395604395604396 0.00035540036037965273
0 0.018518518518518517 0.0 1.0 0.0 0.017722487904489367 0.01758117316189705 0.007678410117434509 0.004081632653061225 0.000511565778397225
0 0.007518796992481203 0.0 1.0 0.0 0.02664535950926794 0.013700987071741041 0.011553273427471117 0.002148227712137487 0.04494147435189398
0 0.0125 0.0 1.0 0.0 0.036403771608189375 0.01843499898295267 0.012601626016260161 0.0024489795918367346 0.00027954639035696814
0 0.018518518518518517 0.0 1.0 0.0 0.03981808413112481 0.03590229130424833 0.021002710027100274 0.0047619047619047615 0.15768276240722215
0 0.014285714285714287 0.0 1.0 0.0 0.0184605829858791 0.0036431736877600173 0.009872241579558655 0.0 0.0007333251337023667
0 0.015151515151515152 0.0 1.0 0.0 0.026319848910845916 0.01275110790716006 0.006775067750677506 0.0 0.0007172659282436332
0 0.005208333333333333 0.0 1.0 0.0 0.030254219925058987 0.017537731662890445 0.009654471544715448 0.001530612244897959 0.05292859346833687
0 0.006410256410256411 0.0 1.0 0.0 0.02742896840421913 0.011575591698544137 0.012533875338753388 0.0023809523809523807 0.07133754700373039
0 0.007936507936507936 0.0 1.0 0.0 0.04214036267233443 0.017957756706184658 0.015808491418247514 0.004081632653061224 0.10598984126504386
0 0.013333333333333332 0.0 1.0 0.0 0.04513543272203641 0.02778142007650593 0.02357723577235773 0.005714285714285714 0.19862514687309696
0 0.005681818181818182 0.0 1.0 0.0 0.022813421232112305 0.013672720349356106 0.012195121951219513 0.0033395176252319107 0.09659707612392975
0 0.004524886877828054 0.0 1.0 0.0 0.034499751459526315 0.01853809971450277 0.01719824890556598 0.004081632653061224 0.07242121724878187
0 0.013888888888888888 0.0 1.0 0.0 0.011185102898544508 0.0 0.008130081300813009 0.0 0.0020698216421019514
0 0.004784688995215311 0.0 1.0 0.0 0.007587004436876532 0.0 0.005173688100517369 0.0 0.0005795196647401731
0 0.005555555555555556 0.0 1.0 0.0 0.036269488442786504 0.015434122264725517 0.014001806684733513 0.0031746031746031746 0.12490008918666819
0 0.003663003663003663 0.0 1.0 0.0 0.0021356032085379697 0.0 0.004377736085053158 0.0 0.0007113772416269271
0 0.0026737967914438505 0.0 1.0 0.35294117647058826 0.013448150147846921 0.010310877888182596 0.009325681492109038 0.002160864345738295 0.05666392709432747
0 0.0033444816053511705 0.0 1.0 0.15384615384615385 0.01680500516309958 0.0027982941320441918 0.005628517823639776 0.0006279434850863422 0.00032291084478933217
0 0.043478260869565216 0.0 1.0 0.0 0.04467264612274926 0.026709368235078433 0.013285024154589369 0.00519660488480859 0.04347826086956521
0 0.0625 0.0 1.0 0.0 0.058575873083576147 0.043278622468841677 0.01984126984126984 0.00896414342629482 0.157022148792959
0 0.02564102564102564 0.0 1.0 0.0 0.040671193242746186 0.037448515656496616 0.012515262515262516 0.00735519460619062 0.09847050771957372
0 0.03571428571428571 0.0 1.0 0.0 0.025194377745828105 0.003556085870522726 0.010770975056689341 0.003414911781445646 0.00651048800175121
0 0.022222222222222223 0.0 1.0 0.0 0.058638720570839284 0.04026307756290673 0.01984126984126984 0.008853474988933156 0.13874437200424683
0 0.01282051282051282 0.0 1.0 0.0 0.004591466380081777 0.01723333921868706 0.0021367521367521365 0.0018387986515476554 0.0003372440634770125
0 0.011904761904761904 0.0 1.0 0.0 0.039293074892582484 0.02885241497922779 0.01554232804232804 0.00398406374501992 0.10443941579714917
0 0.008928571428571428 0.0 1.0 0.0 0.02137243465784295 0.01086827623138288 0.0045351473922902496 0.0011383039271485487 0.014670079941963763
0 0.007407407407407407 0.0 1.0 0.0 0.04103375659799343 0.007101646861004581 0.011904761904761902 0.0015936254980079682 0.08412508451954916
0 0.01 0.0 1.0 0.0 0.03425409632646335 0.003321594687512823 0.009126984126984126 0.0007968127490039841 0.13084880832152584
0 0.006493506493506494 0.0 1.0 0.0 0.044368292586249594 0.02137457416005865 0.01445578231292517 0.004553215708594195 0.09205373324831981
0 0.008333333333333333 0.0 1.0 0.0 0.03901270191585268 0.0221765974282438 0.01468253968253968 0.004780876494023904 0.12985993633139628
0 0.006410256410256411 0.0 1.0 0.0 0.0487687798029058 0.028356279804158946 0.01951058201058201 0.0059760956175298795 0.10235758716738537
0 0.006493506493506493 0.0 1.0 0.0 0.05279319168773306 0.015299507777707949 0.01515151515151515 0.002897500905469033 0.11611406061043826
0 0.0035087719298245615 0.0 1.0 0.0 0.04763382948549146 0.014475175038945914 0.016290726817042606 0.0031453134829104636 0.04803470376327378
1 0.004807692307692308 0.0 1.0 0.0 0.03719871715474473 0.02046369933582253 0.01404151404151404 0.004290530186944529 0.09610808367606445
1 0.0032679738562091504 0.0 1.0 0.0 0.03635841545534367 0.015279351429998466 0.011904761904761906 0.0033200531208499337 0.07129640728850736
0 0.003472222222222222 0.0 1.0 0.0 0.03334564954813862 0.017189270358748274 0.01066468253968254 0.0037350597609561755 0.07783159260120273
0 0.003508771929824561 0.0 1.0 0.0 0.03511135983035449 0.02047062738498527 0.01164021164021164 0.004249667994687915 0.08555762602321342
0 0.14285714285714285 0.0 1.0 0.0 0.07801282447486875 0.048253234863774315 0.023556231003039517 0.009167303284950343 0.14285714285714285
0 0.0625 0.0 1.0 0.0 0.013851920488480081 0.029235494733662434 0.005984042553191489 0.004679144385026738 0.00030725896682806816
0 0.03333333333333333 0.0 1.0 0.0 0.025200902248696373 0.023388395786929948 0.010106382978723403 0.00481283422459893 0.00015896435107623025
0 0.013157894736842105 0.0 1.0 0.0 0.033984114395529966 0.031640456292027073 0.01035834266517357 0.006754855052068672 0.05798019032688943
0 0.02 0.0 1.0 0.0 0.02708971274625987 0.0267295951850628 0.0037234042553191487 0.0021390374331550803 0.006997382553192155
0 0.016666666666666666 0.0 1.0 0.0 0.023188882741167056 0.018872209983804466 0.009042553191489363 0.0021390374331550803 0.00015559938765566638
0 0.007518796992481203 0.0 1.0 0.0 0.02837758343411866 0.01802314914255695 0.013157894736842105 0.003377427526034337 0.05734343480679929
0 0.0125 0.0 1.0 0.0 0.02765442639946919 0.0066823987962657 0.007446808510638297 0.0010695187165775401 0.12800304687489297
0 0.00505050505050505 0.0 1.0 0.0 0.02593296343862111 0.0066963127486384475 0.007978723404255319 0.0014584346135148273 4.649346577506226e-05
0 0.005 0.0 1.0 0.0 0.04194088459807164 0.010940502904743235 0.0125 0.002406417112299465 0.049666487764483
0 0.006993006993006993 0.0 1.0 0.0 0.0318860926347255 0.017009200645411275 0.011456628477905073 0.0032908268202385847 0.08881279249762933
0 0.003333333333333333 0.0 1.0 0.0 0.013071522097151934 0.005875291263926858 0.004893617021276595 0.001283422459893048 0.05042137053386214
0 0.005128205128205128 0.0 1.0 0.0 0.031239913345874528 0.0 0.0056737588652482265 0.0 0.07464075889185476
0 0.2 0.0 1.0 0.0 0.01918486328789428 0.017526716398923906 0.012680115273775217 0.004046242774566474 0.20000000000000004
0 0.1 0.0 1.0 0.0 0.019033005410488118 0.017526716398923906 0.010951008645533142 0.004046242774566474 0.16668969390198757
1 0.013333333333333332 0.0 1.0 0.0 0.018270624397694505 0.01790121479851416 0.007031700288184437 0.0035838150289017327 0.015696536955633344
0 0.05 0.0 1.0 0.0 0.026268968088200156 0.022075793454959212 0.011527377521613832 0.004046242774566474 0.1271346992980776
1 0.011764705882352941 0.0 1.0 0.0 0.013816602160285784 0.011684541247805633 0.002373283607391083 0.0027201632097925868 0.00013787156276882383
0 0.018518518518518517 0.0 1.0 0.0 0.0030263478194938 0.006019309127657447 0.005123278898495037 0.0025690430314707765 0.0006416226329965359
0 0.023809523809523808 0.0 1.0 0.0 0.0108144366574107 0.006019309127657447 0.005283381364073007 0.0024084778420038534 0.0006337714662672473
0 0.0125 0.0 1.0 0.2 0.03020404544321581 0.018060736125593415 0.010086455331412104 0.003179190751445086 0.035958060048038906
0 0.018518518518518517 0.0 1.0 0.0 0.018889825532429797 0.02140614910962807 0.011527377521613832 0.003853564547206165 0.10665063888982955
0 0.00625 0.0 1.0 0.0 0.011245777903686933 0.0158006864601008 0.0028818443804034585 0.0021676300578034676 0.00015369464433377038
0 0.004545454545454545 0.0 1.0 0.0 0.02588256692864734 0.012340051835467946 0.008645533141210375 0.0004335260115606936 5.060358900525006e-05
0 0.011904761904761904 0.0 1.0 0.0 0.027589504436975002 0.007739111735559574 0.009880609304240427 0.0 0.00022685703670270716
1 0.015384615384615385 0.0 1.0 0.0 0.008366806264043807 0.0 0.008645533141210374 0.0 0.0009332135091877268
0 0.007142857142857143 0.0 1.0 0.0 0.019432729791672945 0.001805792738297234 0.004899135446685879 0.0 0.00024733766290707513
0 0.006666666666666666 0.0 1.0 0.0 0.018560150476115148 0.005620518512587906 0.008069164265129684 0.0011560693641618496 0.05773429788165685
0 0.00625 0.0 1.0 0.0 0.023275835079436646 0.003614394219215543 0.00835734870317003 0.0008670520231213872 0.038220147539754265
0 0.006535947712418301 0.0 1.0 0.0 0.00893042543324235 0.0 0.005123278898495036 0.0 0.00047904762908483026
0 0.0037037037037037034 0.0 1.0 0.0 0.013658996588132874 0.0 0.004803073967339097 0.0 0.0001522867862503745
0 0.006578947368421052 0.0 1.0 0.0 0.00760937199524495 0.0 0.004322766570605188 0.0 0.0004981071619031475
0 0.004545454545454546 0.0 1.0 0.18181818181818182 0.024808851226582843 0.009061960247758 0.01126539166884988 0.0018392012611665788 0.03383371196842327
0 0.0031746031746031746 0.0 1.0 0.13333333333333333 0.01762371232832647 0.00374701234172527 0.009221902017291067 0.0007707129094412332 0.027345549764177777
0 0.003246753246753247 0.0 1.0 0.0 0.031189330261170205 0.00810146664536912 0.011939069575957183 0.0018579686209744012 0.020740326655003447
0 0.004347826086956522 0.0 1.0 0.0 0.004347858589741603 0.0 0.004034582132564841 0.0 0.00044872320162198033
0 0.013888888888888888 0.0 1.0 0.0 0.0090790434584814 0.0 0.008645533141210375 0.0 0.002372068281486737
0 0.006666666666666667 0.0 1.0 0.0 0.005336114979777602 0.0 0.0009606147934678194 0.0 0.0008611082962949817
0 0.007692307692307693 0.0 1.0 0.0 0.02355909849571704 0.015455318168602452 0.0069164265129683005 0.0034682080924855487 0.00045309305391376154
0 0.004115226337448559 0.0 1.0 0.4444444444444444 0.006805706951244332 0.0 0.001921229586935639 0.0 0.00047076100794527724
0 0.008928571428571428 0.0 1.0 0.0 0.004501471811605496 0.0 0.0 0.0 0.0019096088584402095
0 0.0034482758620689655 0.0 1.0 0.0 0.025724563842394778 0.005892196910995845 0.008933717579250723 0.0011560693641618496 0.00013877185133442818
0 0.004166666666666667 0.0 1.0 0.0 0.022706811177632097 0.009659573855376533 0.00792507204610951 0.002167630057803468 0.00025022608677411934
0 0.0035842293906810036 0.0 1.0 0.2222222222222222 0.028736538179250197 0.0 0.011207172590457892 0.0 0.002146376176385513
0 0.002840909090909091 0.0 1.0 0.0 0.017271552759999035 0.007025144622092024 0.007597589730154572 0.0015764582238570676 0.00016871502066571905
1 0.0021645021645021645 0.0 1.0 0.0 0.020007799468927355 0.0 0.007410456978180323 0.0 8.420177548313146e-05
0 0.00267379679144385 0.0 1.0 0.0 0.023424829365538465 0.007025144622092024 0.007073618024626671 0.0015764582238570676 0.00014857898565399637
0 0.0031746031746031746 0.0 1.0 0.0 0.02110967559555437 0.008586287871445808 0.007364713416586615 0.0019267822736030826 0.0002073917349148749