0 0.02702702702702703 0.0 1.0 0.0 0.034578352917084644 0.0199544178329186 0.01143040273475056 0.004075504075504073 0.02702702702702703
0 0.019230769230769232 0.0 1.0 0.0 0.03412980791487211 0.02193299543859797 0.012313773183338402 0.004120879120879121 0.046239801633822394
0 0.01515151515151515 0.0 1.0 0.0 0.027851713426375456 0.01915886162818242 0.007905138339920948 0.0009018759018759019 0.003720706143111084
0 0.008064516129032258 0.0 1.0 0.0 0.050781919738626925 0.005598604726262032 0.015172765523396657 0.0008960573476702509 0.030169694384769352
0 0.02 0.0 1.0 0.0 0.03267724950759781 0.0 0.008300395256916995 0.0 0.0015908833933272644
0 0.018518518518518517 0.0 1.0 0.0 0.05372749800517619 0.01040823506918599 0.01888449714536671 0.001763668430335097 0.1747520307534296
0 0.014285714285714285 0.0 1.0 0.0 0.06593278346448642 0.0074381462791767005 0.01660079051383399 0.0011904761904761904 0.14709206197733826
1 0.005 0.0 1.0 0.08 0.05285217669958751 0.0037469646249069567 0.015652173913043473 0.0006349206349206349 0.038550217441151446
0 0.01111111111111111 0.0 1.0 0.0 0.0371895636124996 0.011388634499089561 0.015019762845849802 0.0023809523809523807 0.00024143231935146284
1 0.0032258064516129032 0.0 1.0 0.0 0.0448248815222913 0.003999003375901452 0.01147520081601428 0.0006400409626216078 0.030870326460535655
0 0.022727272727272728 0.0 1.0 0.0 0.06678794047410516 0.0 0.016798418972332016 0.0 0.03259129626840138
0 0.020833333333333332 0.0 1.0 0.0 0.03995016029428938 0.0 0.006916996047430829 0.0 0.0012664792265623917
0 0.00591715976331361 0.0 1.0 0.0 0.049145431742338916 0.0 0.01337792642140468 0.0 0.10351738072300845
0 0.003401360544217687 0.0 1.0 0.0 0.03136820453512971 0.006821988451611996 0.010728402032749858 0.0011337868480725624 0.06546602651244704
1 0.125 0.0 1.0 0.0 0.07592317390949622 0.027906485952420255 0.02483974358974359 0.00522508038585209 0.125
0 0.02631578947368421 0.0 1.0 0.0 0.0183584345977862 0.018798185374857307 0.010964912280701756 0.003553900829243528 0.011631444683100947
0 0.014492753623188404 0.0 1.0 0.08695652173913043 0.05401487118956511 0.032515492411137915 0.014632107023411375 0.005731860757724031 0.01787811356094911
0 0.0625 0.0 1.0 0.0 0.04535438947690596 0.013953242976210124 0.016025641025641028 0.003215434083601286 0.10859820493250984
0 0.028571428571428574 0.0 1.0 0.0 0.02903015394699281 0.020090170014496558 0.014652014652014654 0.0036747818098300414 0.006766134041844695
0 0.041666666666666664 0.0 1.0 0.0 0.07182995055647234 0.020090170014496558 0.02483974358974359 0.003215434083601286 0.1906446851317949
0 0.02040816326530612 0.0 1.0 0.0 0.034819853047301993 0.017220145726711336 0.007326007326007326 0.002756086357372531 0.00034240800914975544
0 0.011363636363636364 0.0 1.0 0.0 0.04274150301314018 0.02029562614721473 0.01748251748251748 0.0038000584624378834 0.08142451362076793
0 0.0101010101010101 0.0 1.0 0.0 0.044122573039473124 0.017858560182392402 0.013694638694638694 0.0005846243788365975 0.061472823530917625
0 0.006666666666666667 0.0 1.0 0.0 0.042349616315656216 0.018750825346863453 0.012179487179487181 0.0030010718113612 0.028762256206897926
0 0.003952569169960474 0.0 1.0 0.08695652173913043 0.023928182331942112 0.0017469713056083964 0.006967670011148273 0.0002796029637914162 0.035209598299635436
0 0.006944444444444444 0.0 1.0 0.0 0.04903452904266236 0.025301047306445685 0.015224358974358976 0.004287245444801715 0.06704309656150581
0 0.0038461538461538464 0.0 1.0 0.0 0.025405130109498502 0.004018034002899311 0.011538461538461539 0.0006430868167202572 0.02630101550511208
0 0.011904761904761904 0.0 1.0 0.0 0.013690423276072011 0.006696723338165519 0.013354700854700854 0.0010718113612004287 0.0007304221100806556
0 0.006060606060606061 0.0 1.0 0.0 0.023382974608112585 0.0 0.006118881118881119 0.0 0.040322800722363876
0 0.005681818181818182 0.0 1.0 0.0 0.031751719666692824 0.00568459340939905 0.010780885780885782 0.001169248757673195 0.06786770088280404
0 0.0053475935828877 0.0 1.0 0.0 0.05939726121732757 0.020295626147214727 0.023018648018648023 0.0035077462730195848 0.08331886353646444
0 0.009259259259259259 0.0 1.0 0.0 0.007834348043682538 0.0 0.0021367521367521365 0.0 0.0010844148300920284
0 0.0029239766081871343 0.0 1.0 0.0 0.03625289104097524 0.009797443999545548 0.013532763532763531 0.0016077170418006429 0.03599866386012065
0 0.005 0.0 1.0 0.0 0.028731980222588938 0.0 0.010576923076923078 0.0 0.0755595586830414
0 0.007936507936507936 0.0 1.0 0.0 0.06716540264071004 0.006696723338165519 0.021901709401709397 0.0010718113612004287 0.11750377949495872
0 0.0017482517482517483 0.0 1.0 0.0 0.03086163832679006 0.0030907953868456245 0.016272189349112422 0.0004946821667078902 0.02081327707605276
0 0.003105590062111801 0.0 1.0 0.0 0.035547535267710303 0.0028700242877852224 0.009615384615384614 0.00045934772622875517 0.05844124830762678
0 0.004166666666666667 0.0 1.0 0.0 0.04329277812100825 0.010271086753238267 0.01858974358974359 0.0019292604501607719 0.07110483160913564
0 0.003076923076923077 0.0 1.0 0.0 0.01658167389547592 0.006181590773691249 0.013313609467455622 0.0009893643334157804 0.03738350799688681
0 0.006410256410256411 0.0 1.0 0.3333333333333333 0.004215232672558102 0.0 0.0010683760683760683 0.0 0.0012725588924405768
0 0.06666666666666667 0.0 1.0 0.0 0.003021144965285726 0.01339344667633104 0.0047008547008547015 0.003001071811361201 0.06666666666666668
0 0.05 0.0 1.0 0.0 0.03271695765585973 0.023439573296598494 0.011538461538461539 0.0038585209003215437 4.120598781090413e-05
0 0.027777777777777776 0.0 1.0 0.0 0.021142828434689908 0.020090170014496558 0.008814102564102566 0.0032154340836012866 3.7528370839800576e-05
0 0.05 0.0 1.0 0.0 0.062385428561321135 0.016072136011597245 0.021794871794871794 0.002572347266881029 6.559801659445123e-05
0 0.028571428571428574 0.0 1.0 0.0 0.0348982544461664 0.024875031846070754 0.012820512820512818 0.004134129536058797 0.003002936181434202
0 0.023809523809523808 0.0 1.0 0.0 0.04107157609185704 0.01148009715114089 0.0173992673992674 0.002756086357372531 0.0006352651467075296
0 0.023809523809523808 0.0 1.0 0.0 0.04441295581821427 0.0167418083454138 0.013888888888888888 0.0026795284030010718 6.987709051882705e-05
0 0.008333333333333333 0.0 1.0 0.0 0.021783553780488425 0.017411480679230353 0.007264957264957265 0.003001071811361201 0.0025945003377563962
0 0.01111111111111111 0.0 1.0 0.0 0.044370080482802464 0.02143055629514884 0.01698717948717949 0.003536977491961415 3.075871649318922e-05
0 0.00625 0.0 1.0 0.0 0.030136554239096013 0.020090170014496554 0.011618589743589744 0.0018086816720257232 0.0030269939738377986
0 0.006993006993006993 0.0 1.0 0.0 0.011615181347193332 0.0 0.004684418145956607 0.0 0.0006862539041347068
0 0.0037878787878787876 0.0 1.0 0.0 0.019725340298815855 0.0035528708808744065 0.007138694638694639 0.0007307804735457468 1.4306719949252623e-05
0 0.004524886877828055 0.0 1.0 0.11764705882352941 0.0212397137647992 0.0 0.009238310708898946 0.0 1.871586791124101e-05
0 0.003968253968253968 0.0 1.0 0.0 0.022994312189053907 0.0 0.008903133903133905 0.0 1.738084377958006e-05
0 0.006666666666666666 0.0 1.0 0.0 0.04505948725660122 0.004018034002899311 0.015384615384615382 0.0006430868167202572 3.1252469374621186e-05
0 0.010416666666666666 0.0 1.0 0.0 0.03530304474655907 0.0 0.011752136752136754 0.0 7.762974737439891e-05
0 0.0021786492374727667 0.0 1.0 0.0 0.018940227613477297 0.0 0.007122507122507125 0.0 1.1227340629018438e-05
0 0.003472222222222222 0.0 1.0 0.0 0.030255938307571614 0.004885197461202309 0.008012820512820514 0.0010048231511254019 1.9515756041588867e-05
0 0.010526315789473684 0.0 1.0 0.0 0.02307309340623797 0.0 0.0038461538461538464 0.0 0.00022581104662606284
0 0.002631578947368421 0.0 1.0 0.0 0.028181104257971157 0.0 0.010458839406207827 0.0 0.0007219170073545561
0 0.0023809523809523807 0.0 1.0 0.0 0.02335721873626897 0.0 0.00673076923076923 0.0 1.553535064738747e-05
0 0.0034965034965034965 0.0 1.0 0.0 0.02553484009619561 0.006012550721479765 0.009861932938856018 0.0012367054167697253 0.0007737370196090864
0 0.004347826086956522 0.0 1.0 0.0 0.040761278386885647 0.007816315937923694 0.011538461538461539 0.001607717041800643 3.1985276427693865e-05
0 0.006944444444444444 0.0 1.0 0.0 0.015577335913922173 0.0 0.0016025641025641027 0.0 0.000192804923558094
0 0.005714285714285714 0.0 1.0 0.0 0.009969457725808387 0.0 0.004578754578754578 0.0 0.00019083611174208024