0 0.14285714285714285 0.0 1.0 0.0 0.0020475142909979955 0.0013946524273456315 0.001337196344996657 0.0013392857142857143 0.14285714285714285
0 0.014285714285714285 0.0 1.0 0.0 0.012254665189518558 0.009845316711054956 0.006329396032984177 0.0020535714285714285 5.170698542342564e-06
0 0.08333333333333333 0.0 1.0 0.0 0.009294217596549446 0.00488128349570971 0.004290171606864275 0.0011718750000000002 0.0002596438738719184
0 0.010416666666666666 0.0 1.0 0.16666666666666666 0.011042496405862384 0.007457938250800812 0.0039001560062402493 0.0016276041666666672 0.004555752184565793
0 0.011764705882352941 0.0 1.0 0.0 0.018640828972511715 0.011826107070757404 0.0075250068826282455 0.0021139705882352944 1.0449437818697804e-05
0 0.011904761904761904 0.0 1.0 0.0 0.038026083488921766 0.02163464867371134 0.01571205705371072 0.004464285714285715 0.0031161443367845286
0 0.007142857142857143 0.0 1.0 0.0 0.0427040862206096 0.019191251655327042 0.01840873634945398 0.0035937500000000006 5.307722805564757e-06
0 0.015625 0.0 1.0 0.0 0.03820243044617504 0.012165099888436923 0.019500780031201245 0.0025390625 2.1261223929378175e-05
1 0.027777777777777776 0.0 1.0 0.0 0.0 0.0034181247874406407 0.005070202808112325 0.0015625 0.00040490678683961486
0 0.016666666666666666 0.0 1.0 0.3333333333333333 0.012575960641108837 0.004694689942707473 0.005980239209568383 0.0015625000000000003 7.444926510625991e-05
0 0.004784688995215311 0.0 1.0 0.0 0.0233677944916406 0.010014136728790033 0.011166762459972087 0.0015624999999999999 9.520512627846968e-06
0 0.003968253968253968 0.0 1.0 0.0 0.027972734267839576 0.009951479226722038 0.015154891909962113 0.0016369047619047617 7.034536259653462e-06
0 0.019230769230769232 0.0 1.0 0.0 0.011190131545313788 0.002440641747854855 0.015210608424336974 0.0 0.0002130490179000747
0 0.005952380952380952 0.0 1.0 0.08333333333333333 0.045096123301494324 0.02067692004895583 0.02002080083203328 0.0028645833333333336 1.0861559587428698e-05
0 0.002898550724637681 0.0 1.0 0.043478260869565216 0.021529568003863474 0.006570061909902841 0.01024214881638744 0.0010869565217391304 5.676100422047934e-06
0 0.003472222222222222 0.0 1.0 0.0 0.03476219604464362 0.011226942227670013 0.0186340786964812 0.0021701388888888894 7.976966706203486e-06
0 0.004524886877828054 0.0 1.0 0.0 0.04180218038435756 0.017596932496937792 0.019680787231489263 0.0032451923076923074 1.0959736962252679e-05
1 0.009259259259259259 0.0 1.0 0.0 0.0030570993414176088 0.0022787498582937603 0.0070202808112324495 0.0010416666666666667 0.00019370590279804367
0 0.003095975232198142 0.0 1.0 0.0 0.03548956056436497 0.021830578330386978 0.01321464623290814 0.004044117647058823 7.709771988647028e-06
0 0.0009090909090909091 0.0 1.0 0.03636363636363636 0.021254919238676985 0.006416708882753577 0.009814210750248194 0.0013068181818181818 1.7634419345496928e-06
0 0.004329004329004329 0.0 1.0 0.0 0.013756487597060331 0.0066420537826903355 0.009360374414976601 0.0014204545454545455 3.395803261879849e-05
0 0.0025252525252525255 0.0 1.0 0.0 0.037286992618147566 0.01583734849446051 0.014387242156352922 0.002864583333333333 8.034114048222504e-06
0 0.005434782608695652 0.0 1.0 0.125 0.02628228102514292 0.0034814714103752926 0.010725429017160688 0.00078125 3.7546434827381786e-05
0 0.001488095238095238 0.0 1.0 0.0 0.024171326976094375 0.007063255204665402 0.009973256073100066 0.0013392857142857143 0.001866775854676221
0 0.0014285714285714286 0.0 1.0 0.0 0.03729907296181919 0.011296458173995442 0.011254735903721865 0.0021205357142857146 3.3554838033882e-06
0 0.002564102564102564 0.0 1.0 0.0 0.02041450241091299 0.0026819950967918327 0.008528341133645345 0.0005208333333333333 1.6797462874979247e-05
0 0.0018518518518518517 0.0 1.0 0.0 0.026987501806462345 0.01320674224181973 0.00967238689547582 0.0024218750000000004 8.31809025516198e-06
0 0.002747252747252747 0.0 1.0 0.15384615384615385 0.02135775202026394 0.005314100688671156 0.008640345613824553 0.001081730769230769 0.002428777573854519
0 0.0016420361247947454 0.0 1.0 0.09523809523809523 0.02338078886985468 0.011245731419336689 0.009137508357477158 0.0020833333333333337 9.493460288442644e-06
0 0.0016666666666666666 0.0 1.0 0.0 0.0232637712344206 0.007215139473081593 0.009048361934477379 0.0013281249999999999 1.0277804499474215e-05
0 0.008064516129032258 0.0 1.0 0.0 0.028918397885552435 0.006034488967781624 0.015600624024960999 0.001171875 9.676990215320932e-05
1 0.0004222972972972973 0.0 1.0 0.05405405405405406 0.011503306445435253 0.0035032231693428234 0.004490449888265802 0.0006967905405405406 2.092587086323228e-06
0 0.0009182736455463728 0.0 1.0 0.06060606060606061 0.02691749211795772 0.01201785299088435 0.009974944452323546 0.0021780303030303027 3.667002328755632e-06
0 0.0014005602240896359 0.0 1.0 0.0 0.02865794659483374 0.012812631436934748 0.009880395215808633 0.0023065476190476187 6.440200629229259e-06
0 0.07692307692307693 0.0 1.0 0.15384615384615385 0.04927487904950994 0.010325485933078289 0.020343293070565798 0.005106926268751995 0.07692307692307693
0 0.125 0.0 1.0 0.0 0.009536235577661745 0.01361576678814529 0.012396694214876033 0.008298755186721992 0.0015659727113272726
0 0.05555555555555555 0.0 1.0 0.3333333333333333 0.03353006463796171 0.009077177858763526 0.015151515151515152 0.006915629322268326 0.09836403501590328
1 0.00641025641025641 0.0 1.0 0.0 0.031210451711226675 0.010743078203234778 0.017164653528289893 0.004787743376954999 0.018555160264476116
0 0.025 0.0 1.0 0.0 0.014019872092467925 0.019770627946994697 0.009297520661157025 0.0031120331950207467 0.0004865957974161168
0 0.027777777777777776 0.0 1.0 0.0 0.0716857207203293 0.022126691427185357 0.028925619834710745 0.003457814661134163 0.0771298629964706
0 0.002506265664160401 0.0 1.0 0.03508771929824561 0.02337240574519778 0.01766293132914781 0.010801797883137594 0.0010919414719371041 0.011467148893147866
0 0.005681818181818182 0.0 1.0 0.0 0.01832752344501902 0.005063328030529933 0.006010518407212622 0.0007544322897019992 0.0026683350484849673
0 0.0101010101010101 0.0 1.0 0.0 0.06056818470878862 0.012717853464114104 0.020285499624342597 0.002263296869105998 0.07636058972977874
0 0.00625 0.0 1.0 0.0625 0.0288190658961743 0.01702966839463287 0.014204545454545456 0.003371369294605809 0.03156874274410102
0 0.010101010101010102 0.0 1.0 0.0 0.017425219693331453 0.0 0.008264462809917356 0.0 0.04000500714667103
0 0.007575757575757575 0.0 1.0 0.0 0.00657205266076044 0.00419079267744133 0.005634861006761833 0.0007544322897019992 0.0029040057488653086
0 0.006993006993006993 0.0 1.0 0.0 0.013618909863934416 0.012048625035835547 0.010518407212622089 0.003017729158807997 0.00035233536190403106
0 0.011904761904761904 0.0 1.0 0.16666666666666666 0.02111621270994618 0.013443706795347362 0.010330578512396695 0.005532503457814661 0.0006392117299213686
0 0.013333333333333332 0.0 1.0 0.2 0.08087384275171851 0.022474133849943963 0.021487603305785124 0.004149377593360996 0.08466948467085571
0 0.0125 0.0 1.0 0.4 0.007628988462129396 0.016132448154416834 0.012396694214876033 0.006639004149377593 0.0032529789682562505
0 0.004524886877828054 0.0 1.0 0.0 0.04056743176685001 0.011747471533980066 0.01144310235219326 0.0022342802425789976 0.06500421554557023
0 0.16666666666666666 0.0 1.0 0.0 0.0 0.0 0.0022222222222222222 0.0027870680044593085 0.16666666666666666
0 0.018518518518518517 0.0 1.0 0.07407407407407407 0.01893374879767229 0.019359729557745023 0.0072839506172839505 0.004335439118047813 8.694934306324143e-06
0 0.1111111111111111 0.0 1.0 0.0 0.048636341360567 0.02793629104556965 0.021111111111111112 0.006688963210702341 0.00012512690989064634
1 0.015625 0.0 1.0 0.0 0.08391014112798492 0.02566455615130869 0.024166666666666666 0.005016722408026754 6.1956512692580824e-06
0 0.01 0.0 1.0 0.0 0.05484697032478876 0.025423513571148644 0.017333333333333333 0.004013377926421404 6.545583280158009e-06
0 0.010416666666666666 0.0 1.0 0.0 0.03548358294251956 0.02056150962764215 0.012083333333333333 0.002508361204013378 0.0014775724236199622
0 0.007936507936507936 0.0 1.0 0.0 0.028413416225680093 0.005753149956747378 0.011851851851851851 0.0014864362690449647 1.2214031685440972e-05
0 0.005952380952380952 0.0 1.0 0.0 0.020235764870969675 0.011159959032388502 0.00873015873015873 0.002229654403567447 1.3183297042402877e-05
0 0.015873015873015872 0.0 1.0 0.0 0.018775319089676216 0.0 0.008571428571428572 0.0 6.369253061637636e-05
0 0.007692307692307693 0.0 1.0 0.0 0.015469113616517939 0.010961302826817483 0.005897435897435897 0.002058142526369951 3.761031574604956e-05
0 0.006060606060606061 0.0 1.0 0.0 0.009112204962060437 0.004055691579645352 0.003777777777777778 0.0008918617614269788 0.00672235191295253
0 0.007575757575757575 0.0 1.0 0.0 0.019386640495640758 0.0033594650505140403 0.008181818181818182 0.0009121313469139556 4.338106548615981e-05
0 0.004524886877828055 0.0 1.0 0.0 0.01548359575140742 0.00721492968391954 0.007450980392156864 0.0017706079087153254 2.38868182783359e-05
0 0.004201680672268907 0.0 1.0 0.11764705882352941 0.030549127488423266 0.012043636215852896 0.009607843137254898 0.0023608105449537675 1.0472894998912192e-05
0 0.00392156862745098 0.0 1.0 0.0 0.049630547764853754 0.016981478729320588 0.014509803921568629 0.003344481605351171 7.96939470137154e-06
0 0.00625 0.0 1.0 0.0 0.05162409072050319 0.0072820386866774296 0.011 0.0013377926421404682 1.5205311977506362e-05
0 0.0058823529411764705 0.0 1.0 0.0 0.019093170765065077 0.005386912704031131 0.006999999999999999 0.0013377926421404682 5.1800922556780514e-05
0 0.003968253968253968 0.0 1.0 0.0 0.03009310957344925 0.0 0.009523809523809523 0.0 1.3227078885045e-05
0 0.007518796992481203 0.0 1.0 0.0 0.0 0.0 0.001904761904761905 0.0 0.00021718828744859533
0 0.004166666666666667 0.0 1.0 0.0 0.05525876004091965 0.020896464463238895 0.01888888888888889 0.0033444816053511705 1.3406454209927414e-05
0 0.003663003663003663 0.0 1.0 0.0 0.04972424814850152 0.01646149461170883 0.01743589743589744 0.0030872137895549268 1.3162989691435967e-05
0 0.004545454545454545 0.0 1.0 0.0 0.055136730618699545 0.0 0.01566666666666667 0.0 1.4322130410703286e-05
0 0.03225806451612903 0.0 1.0 0.0 0.0365937421685569 0.013774190819860359 0.013160498713635465 0.004863523573200995 0.03225806451612903
1 0.05555555555555555 0.0 1.0 0.2222222222222222 0.05953981366530478 0.017270361585103033 0.023517382413087935 0.005128205128205127 0.09495872907968822
0 0.08333333333333333 0.0 1.0 0.0 0.0 0.00504830737837387 0.004601226993865031 0.0038461538461538464 0.004404862209445014
0 0.041666666666666664 0.0 1.0 0.3333333333333333 0.012102631231639216 0.0033655382522492466 0.006134969325153374 0.00358974358974359 0.0726358127930581
0 0.007407407407407408 0.0 1.0 0.0 0.05253779720432518 0.022973324136876208 0.02044989775051125 0.005925925925925925 0.02759880012256141
0 0.005747126436781609 0.0 1.0 0.0 0.025614403082840454 0.017421182352346708 0.010365982652845355 0.0013793103448275865 0.026497289069785383
0 0.014285714285714285 0.0 1.0 0.0 0.05321726579840942 0.02486083285074431 0.015644171779141104 0.003076923076923077 0.0017459005090610432
0 0.002777777777777778 0.0 1.0 0.0 0.028228293629595783 0.013199387200859876 0.012133605998636676 0.001299145299145299 0.014007357328716639
0 0.003472222222222222 0.0 1.0 0.0 0.03886909679745881 0.007546839412622644 0.012461656441717794 0.0015384615384615387 0.020708978327857685
0 0.0125 0.0 1.0 0.0 0.05814852775854558 0.01841630286362515 0.020322085889570553 0.0038461538461538464 0.020996295146026734
0 0.006993006993006993 0.0 1.0 0.07692307692307693 0.018597983854273793 0.003470872470113716 0.008022652194431336 0.001183431952662722 0.0041121473701103625
0 0.0027777777777777775 0.0 1.0 0.0 0.037175755051517795 0.010543052454454607 0.014008179959100206 0.0023589743589743587 0.032350081247215744
0 0.002564102564102564 0.0 1.0 0.0 0.04707546613326262 0.013833501182076668 0.01554192229038855 0.003076923076923076 0.020542541593470652
0 0.004464285714285714 0.0 1.0 0.0 0.03356317119718687 0.0016033082049340742 0.011886503067484662 0.0003846153846153846 0.00012818592683368479
0 0.005555555555555556 0.0 1.0 0.0 0.03317538947004745 0.0052299280926960375 0.013292433537832313 0.001282051282051282 0.0021447691163357283
0 0.008928571428571428 0.0 1.0 0.0 0.05527951573368386 0.024583615574017805 0.022348816827344433 0.005714285714285714 0.19321285535760516
0 0.011764705882352941 0.0 1.0 0.0 0.021192498938263978 0.0 0.006134969325153374 0.0 0.0008664496957750765
0 0.004629629629629629 0.0 1.0 0.0 0.03320993086751822 0.006055280868303268 0.014059304703476485 0.001282051282051282 0.0043630355325564975