1 0.047619047619047616 0.0 1.0 0.09523809523809523 0.027648619108215224 0.03188713465745045 0.008435374149659867 0.0057471264367816065 0.04761904761904763
0 0.03571428571428571 0.0 1.0 0.0 0.015877075684221482 0.01795414619111618 0.004489795918367347 0.005336617405582922 0.05716812714178988
0 0.041666666666666664 0.0 1.0 0.0 0.004462887767506021 0.017954146191116176 0.0035714285714285718 0.004310344827586207 0.0004176802028586105
1 0.08333333333333333 0.0 1.0 0.0 0.0 0.011969430794077451 0.005714285714285714 0.0 0.0036988368553585657
0 0.06666666666666667 0.0 1.0 0.0 0.0 0.023938861588154902 0.0038095238095238095 0.0 0.0019212272921206705
0 0.01515151515151515 0.0 1.0 0.0 0.029984072861391597 0.02439315889762963 0.00883116883116883 0.001567398119122257 0.0026225495903377228
0 0.02040816326530612 0.0 1.0 0.0 0.014939921645923088 0.005129756054604621 0.00816326530612245 0.0 0.010901202115281169
0 0.005208333333333333 0.0 1.0 0.08333333333333333 0.04869903558839197 0.020023228675105014 0.015476190476190482 0.0040708812260536395 0.003606168419476852
0 0.006944444444444444 0.0 1.0 0.0 0.019095297660917068 0.0 0.004285714285714286 0.0 7.879779407909702e-05
0 0.005 0.0 1.0 0.0 0.05559977596262315 0.03427220407743722 0.01771428571428572 0.007183908045977011 0.026513514418878902
0 0.005681818181818182 0.0 1.0 0.0 0.019020367885295385 0.012805412084139007 0.007857142857142858 0.0028735632183908046 0.009496405610911168
0 0.0043859649122807015 0.0 1.0 0.0 0.005935240940152161 0.002941166674766206 0.005714285714285714 0.0006049606775559588 0.014307198281553742
0 0.00591715976331361 0.0 1.0 0.0 0.01557285811178399 0.008851617240697487 0.005714285714285714 0.0017683465959328027 0.07694784214466756
0 0.3333333333333333 0.0 1.0 0.0 0.015382292741064917 0.015427266356810937 0.008610086100861008 0.0024691358024691358 0.3333333333333333
0 0.03571428571428571 0.0 1.0 0.0 0.01646367170858608 0.0 0.0063257775434897206 0.0034391534391534384 3.670846351895209e-05
0 0.018518518518518517 0.0 1.0 0.2222222222222222 0.03213725988440263 0.0186826919322641 0.01066010660106601 0.005555555555555557 0.009010207899720363
1 0.03571428571428571 0.0 1.0 0.0 0.04322600451903024 0.01616761134468313 0.01686874011597259 0.00529100529100529 3.8287301415099885e-05
0 0.028571428571428574 0.0 1.0 0.0 0.03116613698532008 0.016529213953726005 0.012124406958355297 0.003174603174603174 4.372045538922814e-05
0 0.01282051282051282 0.0 1.0 0.0 0.023927638800983562 0.02133004265182727 0.007663922793074084 0.003988603988603988 0.018072522666758094
0 0.017857142857142856 0.0 1.0 0.0 0.04069375319210861 0.029467867376772802 0.011531365313653136 0.006481481481481481 3.3588441926116325e-05
1 0.004807692307692308 0.0 1.0 0.0 0.01411750497231884 0.015330834718903284 0.004825432869713312 0.0011396011396011397 1.8416427925098566e-05
0 0.012345679012345678 0.0 1.0 0.0 0.030666766895946537 0.009143861224606559 0.00984009840098401 0.0008230452674897119 3.2395834768876186e-05
0 0.01 0.0 1.0 0.0 0.029800689115747837 0.009256359814086563 0.00885608856088561 0.0 2.856605793920048e-05
0 0.010101010101010102 0.0 1.0 0.0 0.02382177139524402 0.01395256720518291 0.007790077900779007 0.0008230452674897119 3.387744625947935e-05
0 0.00641025641025641 0.0 1.0 0.0 0.022973073085476376 0.014987680944080936 0.008515469770082317 0.003133903133903134 2.06305794550815e-05
0 0.006993006993006993 0.0 1.0 0.0 0.02353685247502758 0.027742330692711977 0.007715531700771553 0.0030303030303030303 2.478393130797676e-05
0 0.017857142857142856 0.0 1.0 0.0 0.012837467607216775 0.0 0.0027675276752767526 0.0 0.00023603042847079923
0 0.011111111111111112 0.0 1.0 0.0 0.023242217802854247 0.013753961127408563 0.011070110701107012 0.0030864197530864196 0.0001134325428880113
0 0.015625 0.0 1.0 0.0 0.027546788692660487 0.020630941691112844 0.014760147601476016 0.004629629629629629 0.0001884834956040888
0 0.008403361344537815 0.0 1.0 0.0 0.010012588320598773 0.0 0.002635740643120717 0.0 0.00015401147162691218
0 0.009259259259259259 0.0 1.0 0.0 0.013300017428728182 0.0 0.005535055350553504 0.0 0.00016159678778788933
0 0.005847953216374269 0.0 1.0 0.0 0.04179673647597118 0.02145487120898112 0.014760147601476016 0.004115226337448559 4.237235713079523e-05
0 0.016666666666666666 0.0 1.0 0.0 0.019202546234948006 0.0 0.006150061500615006 0.0 0.0004369671769018713
0 0.009523809523809523 0.0 1.0 0.0 0.016869202545709634 0.016885145867183333 0.00959409594095941 0.0029629629629629632 0.0003112044349066265
0 0.005681818181818182 0.0 1.0 0.0 0.009890261686191809 0.0 0.0023062730627306273 0.0 9.801707707259605e-05
0 0.006211180124223602 0.0 1.0 0.0 0.029518973519730023 0.0 0.007380073800738007 0.0 8.267153140135583e-05
0 0.0037878787878787876 0.0 1.0 0.0 0.01753174946466854 0.007675066303265151 0.0063737001006373695 0.0013468013468013469 8.53318000736225e-05
0 0.005714285714285714 0.0 1.0 0.0 0.007335695775552443 0.0 0.0015814443858724301 0.0 0.0001289883954977093
0 0.004807692307692308 0.0 1.0 0.0 0.031084770484077703 0.005143421938841188 0.008763837638376383 0.000925925925925926 6.529611609856858e-05
0 0.0028490028490028487 0.0 1.0 0.15384615384615385 0.026337878619056867 0.011688189643853892 0.005393130854385466 0.0022792022792022795 3.307436857676353e-05
0 0.002747252747252747 0.0 1.0 0.0 0.020921148343908926 0.011688189643853892 0.007663922793074084 0.0022792022792022795 3.3769741802087714e-05
0 0.0028735632183908046 0.0 1.0 0.16666666666666666 0.012294814536502429 0.0 0.004305043050430504 0.0 4.814538516315425e-05
1 0.25 0.0 1.0 0.0 0.06332149578128703 0.017954146191116176 0.017142857142857144 0.004310344827586207 0.25000000000000006
0 0.027777777777777776 0.0 1.0 0.1111111111111111 0.028061469004564125 0.019949051323462422 0.006984126984126985 0.005427841634738185 0.031053407810374536
0 0.03333333333333333 0.0 1.0 0.0 0.050373546821754135 0.016360704396725496 0.012571428571428572 0.005747126436781609 0.052061507102276736
0 0.027777777777777776 0.0 1.0 0.0 0.006538959474082945 0.011969430794077451 0.0012698412698412698 0.004469987228607918 0.0001481821616275842
0 0.01 0.0 1.0 0.0 0.058659924841236534 0.03351812969064634 0.01542857142857143 0.0034482758620689655 0.01860306160636402
0 0.007575757575757575 0.0 1.0 0.0 0.014598855021801084 0.013965464249826564 0.004155844155844156 0.000522466039707419 0.02937483138980385
0 0.005952380952380952 0.0 1.0 0.0 0.013727164238939686 0.007016180105988117 0.005238095238095239 0.0014367816091954023 0.01176506702634775
0 0.0125 0.0 1.0 0.0 0.015378712263468894 0.0 0.006857142857142858 0.0 8.835414916028524e-05
0 0.015873015873015872 0.0 1.0 0.0 0.040175840163061756 0.020519024218418485 0.012244897959183673 0.003284072249589491 8.518244540284224e-05
0 0.004545454545454546 0.0 1.0 0.0 0.03839875549792627 0.018748003374791503 0.01376623376623377 0.003396029258098224 1.6061527396550227e-05
0 0.003134796238244514 0.0 1.0 0.0 0.026099541802644483 0.005573522551090395 0.007684729064039409 0.0011890606420927466 0.021764936800442766
0 0.038461538461538464 0.0 1.0 0.0 0.01740710443402521 0.021846303757022477 0.005989911727616646 0.007946598855689765 0.03846153846153847
0 0.029411764705882353 0.0 1.0 0.11764705882352941 0.02283972511729238 0.03948690197793367 0.008678881388621022 0.002916869227029655 0.0003310773123199821
0 0.08333333333333333 0.0 1.0 0.0 0.025626647537880694 0.012909179492786011 0.006147540983606557 0.0 0.12269266831091834
0 0.03571428571428571 0.0 1.0 0.0 0.006504561702515789 0.029506695983510883 0.00585480093676815 0.0 0.004125594188635547
0 0.015384615384615385 0.0 1.0 0.0 0.03771005318480657 0.006181498427703163 0.010718789407313996 0.0012714558169103624 6.237840745276192e-05
0 0.009259259259259259 0.0 1.0 0.0 0.04465493732971766 0.005737413107904894 0.012750455373406196 0.0009182736455463728 0.0035018177463904477
0 0.02040816326530612 0.0 1.0 0.0 0.06699079345850494 0.026233273643204175 0.01639344262295082 0.004722550177095631 0.03314812010527226
0 0.011363636363636364 0.0 1.0 0.0 0.021902855014370507 0.0 0.005216095380029807 0.0 0.00011560628882060403
0 0.027777777777777776 0.0 1.0 0.0 0.03664236757183379 0.0 0.00819672131147541 0.0 0.0003925368911770283
0 0.025 0.0 1.0 0.0 0.010488374673747922 0.0 0.004098360655737705 0.0 0.0006526157386968228
0 0.015151515151515152 0.0 1.0 0.0 0.04964523767900019 0.01721223932371468 0.01639344262295082 0.0027548209366391185 0.002654152744812588
0 0.016666666666666666 0.0 1.0 0.0 0.04311660914511926 0.02065468718845762 0.009836065573770491 0.003305785123966942 0.0003182877795935396
1 0.05 0.0 1.0 0.3 0.04250012067781319 0.01816291533287334 0.013218390804597701 0.011046511627906973 0.05000000000000001
0 0.1 0.0 1.0 0.0 0.059752729310306396 0.0 0.016091954022988506 0.009302325581395349 0.2354357205232434
0 0.014492753623188404 0.0 1.0 0.0 0.03646235921601089 0.03088682223658463 0.012993503248375811 0.0010111223458038423 3.6515496065569195e-05
0 0.020833333333333332 0.0 1.0 0.0 0.019964565770251883 0.048434440887662245 0.01053639846743295 0.0 0.09376093620964004
0 0.022222222222222223 0.0 1.0 0.0 0.03201331835075378 0.0 0.002554278416347382 0.0 0.00018472394193045573
0 0.020833333333333332 0.0 1.0 0.0 0.04629596810332009 0.016147952598687454 0.014367816091954023 0.0029069767441860465 0.013298367048083464
0 0.02857142857142857 0.0 1.0 0.0 0.021326919365858982 0.0 0.009195402298850575 0.0 0.00037798492016656094
0 0.025 0.0 1.0 0.0 0.047914957848604514 0.0 0.011494252873563218 0.0 0.23914941299845666