0 0.1 0.0 1.0 0.3 0.0281585780727155 0.035930164224609935 0.008208955223880597 0.007518796992481203 0.1
0 0.03571428571428571 0.0 1.0 0.07142857142857142 0.027911480935586354 0.030450958769759378 0.014392324093816633 0.008055853920515573 0.00282309324310722
0 0.027777777777777776 0.0 1.0 0.0 0.034871667458391424 0.03523332448031069 0.0167910447761194 0.006892230576441102 6.828625332878979e-05
0 0.016666666666666666 0.0 1.0 0.13333333333333333 0.03670661876088428 0.03781644804652493 0.020398009950248753 0.0020050125313283208 3.960631368687966e-05
0 0.013333333333333334 0.0 1.0 0.13333333333333333 0.04729209202723479 0.0 0.02487562189054726 0.0 3.148872336569539e-05
0 0.03333333333333333 0.0 1.0 0.0 0.060409643942665237 0.0 0.020895522388059702 0.0 0.00015961977259480378
0 0.023809523809523808 0.0 1.0 0.0 0.057734932716845766 0.013922044345735548 0.026119402985074622 0.002506265664160401 0.00012542531542721953
0 0.010416666666666666 0.0 1.0 0.16666666666666666 0.04000284573935804 0.006961022172867774 0.013681592039800995 0.0012531328320802004 0.017464166462737674
0 0.01111111111111111 0.0 1.0 0.0 0.02788115234786668 0.005933019220322381 0.014925373134328356 0.0015037593984962405 7.653709428769712e-05
0 0.02 0.0 1.0 0.0 0.017197451937666926 0.0 0.008955223880597014 0.0 0.0004132586214634931
0 0.010101010101010102 0.0 1.0 0.0 0.03121176609980218 0.0065922435781359786 0.014925373134328358 0.001670843776106934 8.33792632540069e-05
0 0.011904761904761904 0.0 1.0 0.0 0.05679326737064248 0.011062149486230546 0.02345415778251599 0.0021482277121374865 0.0590414014235933
1 0.01098901098901099 0.0 1.0 0.0 0.03420734991728459 0.0 0.021321961620469083 0.0 0.00010890850034585894
0 0.01020408163265306 0.0 1.0 0.0 0.011606321321502206 0.0 0.009594882729211088 0.0 0.07303849671967418
0 0.16666666666666666 0.0 1.0 0.0 0.08102554477596668 0.03380975581443955 0.032258064516129024 0.006493506493506495 0.16666666666666666
0 0.05555555555555555 0.0 1.0 0.1111111111111111 0.018472932896067183 0.029555347329956145 0.007885304659498209 0.006493506493506495 0.0003362839114824372
1 0.06666666666666667 0.0 1.0 0.2 0.0 0.008114341395465493 0.0025806451612903226 0.005194805194805195 0.001366710575032386
0 0.019230769230769232 0.0 1.0 0.07692307692307693 0.03231603308040471 0.025893075282669042 0.015384615384615387 0.006993006993006994 0.02551919722657061
0 0.02 0.0 1.0 0.2 0.024205433777407324 0.024343024186396476 0.0070967741935483875 0.0038961038961038965 0.00027862757320465484
0 0.03333333333333333 0.0 1.0 0.0 0.007940710571334683 0.016228682790930985 0.01032258064516129 0.0025974025974025974 0.001298084093697127
0 0.02040816326530612 0.0 1.0 0.0 0.038588310918876656 0.03477574883770925 0.018433179723502304 0.0 0.06618376135958613
0 0.008333333333333333 0.0 1.0 0.13333333333333333 0.03416701836014148 0.018333335827029916 0.00903225806451613 0.0008658008658008659 0.051408342661129244
0 0.02222222222222222 0.0 1.0 0.0 0.07518471780742834 0.013375144378806025 0.029677419354838714 0.0025974025974025974 0.07724263827991865
0 0.009090909090909092 0.0 1.0 0.0 0.03287034392906021 0.012853185167157917 0.01700879765395895 0.002361275088547816 0.03169834709434952
0 0.008264462809917356 0.0 1.0 0.0 0.07426969291049869 0.00737667399587772 0.017008797653958945 0.001180637544273908 0.051199425821431395
0 0.020833333333333332 0.0 1.0 0.0 0.05844089260962962 0.0 0.022580645161290325 0.0 0.10384599847316306
0 0.005128205128205128 0.0 1.0 0.0 0.03424747060133127 0.013634975194780342 0.013763440860215055 0.0025974025974025974 0.019657882570005426
0 0.03571428571428571 0.0 1.0 0.0 0.12543312857303027 0.0 0.02258064516129032 0.0 0.4197189816491948
0 0.009523809523809523 0.0 1.0 0.0 0.0610561091793265 0.0 0.01935483870967742 0.0 0.1343452753641982
0 0.005681818181818182 0.0 1.0 0.0 0.064948913635239 0.006558318410801043 0.02404692082111437 0.001180637544273908 0.07675520231191182
0 0.029411764705882353 0.0 1.0 0.0 0.0 0.0 0.0 0.0 0.004798787316061427
0 0.00505050505050505 0.0 1.0 0.0 0.024832692330135565 0.0 0.01407624633431085 0.001180637544273908 0.04178851276509187
0 0.008771929824561403 0.0 1.0 0.0 0.032764348265196155 0.0 0.01935483870967742 0.0 0.08012317063911058
1 0.025 0.0 1.0 0.05 0.024393746950970067 0.02443501458819766 0.00816582914572864 0.005808080808080812 0.024999999999999998
0 0.03571428571428571 0.0 1.0 0.21428571428571427 0.019705786960824645 0.027047804651551648 0.011486001435750178 0.005050505050505051 0.0016248218937724673
0 0.027777777777777776 0.0 1.0 0.0 0.0372077487863791 0.017482775902450672 0.020938023450586263 0.0008417508417508418 0.010176742139441012
0 0.020833333333333332 0.0 1.0 0.0 0.0315292855448829 0.005259295348912819 0.017169179229480736 0.0 9.046412551937332e-05
0 0.028571428571428574 0.0 1.0 0.0 0.07641670667839252 0.02997047297562972 0.023689877961234746 0.0014430014430014432 0.07999577856616788
0 0.018518518518518517 0.0 1.0 0.0 0.0470566399444928 0.014903525895296255 0.01954215522054718 0.0028058361391694727 0.027907417556373066
0 0.023809523809523808 0.0 1.0 0.0 0.061554329194782396 0.013003612590505857 0.019262981574539362 0.0025252525252525255 0.14414139409967394
0 0.0125 0.0 1.0 0.0 0.037696534559494295 0.005611005751463115 0.010050251256281407 0.00101010101010101 0.06851629022723196
0 0.0101010101010101 0.0 1.0 0.0 0.05342994821453066 0.0 0.01507537688442211 0.0 0.051294063222376486
0 0.025 0.0 1.0 0.0 0.01991677998194613 0.0 0.002512562814070352 0.0 0.0009300471684326393
0 0.011363636363636364 0.0 1.0 0.0 0.07101114078492586 0.006501806295252929 0.02135678391959799 0.0012626262626262627 0.08108967253754026
0 0.020833333333333332 0.0 1.0 0.0 0.06935922714028132 0.0 0.017587939698492462 0.0 0.17646589032460502
0 0.009615384615384616 0.0 1.0 0.0 0.04090206710019928 0.0 0.015703517587939697 0.0 0.014607137080339337
0 0.005494505494505494 0.0 1.0 0.0 0.05500511878355455 0.004316158270356243 0.020487050637804406 0.0007770007770007771 0.03950757774289219
0 0.006060606060606061 0.0 1.0 0.0 0.022833188200745334 0.0 0.013248058474189127 0.0009182736455463729 0.00112836909235681
0 0.006944444444444444 0.0 1.0 0.2222222222222222 0.025311592174237126 0.01078082378352491 0.01898380792853154 0.002244668911335578 0.002324878747646442
0 0.011764705882352941 0.0 1.0 0.0 0.03834276152800499 0.0 0.022110552763819093 0.0 0.0011010080393499895
0 0.006944444444444444 0.0 1.0 0.0 0.04049565171352349 0.0 0.014447236180904523 0.0 0.00504969985809968
1 0.006578947368421052 0.0 1.0 0.0 0.0373608624034114 0.014390749318622158 0.02135678391959799 0.0025252525252525255 0.0037434970547303233