0 0.03571428571428571 0.0 1.0 0.0 0.04152892309128931 0.03771371234653403 0.01797088262056415 0.011217948717948715 0.03571428571428571
0 0.03333333333333333 0.0 1.0 0.0 0.03387177879951177 0.04512197262251764 0.014012738853503185 0.005128205128205127 0.027930553083346705
0 0.018518518518518517 0.0 1.0 0.0 0.059093426361062865 0.05229577195795271 0.022292993630573247 0.006054131054131055 0.049512438238677736
0 0.025 0.0 1.0 0.0 0.04073426678149094 0.03145214614978439 0.01592356687898089 0.005128205128205128 0.026093358610592116
1 0.002325581395348837 0.0 1.0 0.0 0.08086431521617464 0.05116807109685615 0.027477410753962393 0.009391771019677997 0.004354998452634937
0 0.037037037037037035 0.0 1.0 0.0 0.02253226045513422 0.018174921950074314 0.007757757757757757 0.005147520401757691 0.03703703703703703
0 0.045454545454545456 0.0 1.0 0.0 0.06318474183895345 0.043451499879082124 0.02027027027027027 0.008628659476117103 0.08043561495484759
0 0.015873015873015872 0.0 1.0 0.09523809523809523 0.03352464853970212 0.025413875119874595 0.015283140283140286 0.0064568200161420515 0.03541790375554318
0 0.019230769230769232 0.0 1.0 0.0 0.04005263284634768 0.046499181429839935 0.019750519750519755 0.007301173402868318 0.06277875536188039
0 0.02 0.0 1.0 0.1 0.01538591562809519 0.012096812454267358 0.00777027027027027 0.002033898305084746 0.0060242439425289285
0 0.018518518518518517 0.0 1.0 0.1111111111111111 0.02513378420810169 0.01883015489474062 0.015015015015015017 0.003389830508474576 0.00023868847097391165
0 0.009523809523809523 0.0 1.0 0.0 0.02196158887581439 0.018802671093708798 0.009684684684684686 0.0036158192090395475 0.04879926886840853
0 0.013888888888888888 0.0 1.0 0.0 0.02308275111276093 0.02641223511494596 0.010885885885885885 0.0026365348399246705 0.000293742313837039
0 0.007936507936507936 0.0 1.0 0.0 0.03760565810374835 0.02241911067406949 0.014237451737451738 0.0014527845036319612 0.00010060718191251386
0 0.008333333333333333 0.0 1.0 0.0 0.031919929043117315 0.029114568575689975 0.014076576576576577 0.005367231638418079 0.05926172376849217
0 0.005050505050505051 0.0 1.0 0.1111111111111111 0.03210016210624335 0.026009368239119653 0.014827327327327326 0.004896421845574387 0.044568741078409996
0 0.0043859649122807015 0.0 1.0 0.0 0.0424041826594438 0.023649393337337534 0.01546941678520626 0.0044603033006244425 0.03597544833391513
0 0.009615384615384616 0.0 1.0 0.0 0.06118266581443957 0.04180089463863661 0.025760135135135136 0.008050847457627118 0.07674988265324291
0 0.006493506493506493 0.0 1.0 0.0 0.0206673955390845 0.0 0.009520884520884522 0.0 0.00019067676581444525
0 0.002777777777777778 0.0 1.0 0.0 0.029707858859003955 0.027163649500518337 0.010557432432432434 0.004802259887005649 0.03207365139596773
0 0.020833333333333332 0.0 1.0 0.0 0.0609299779504632 0.0 0.0213963963963964 0.0 0.12438875302668233
0 0.003676470588235294 0.0 1.0 0.125 0.04301343277446127 0.024026537272064285 0.016469594594594596 0.004661016949152542 0.060091841968451756
0 0.004273504273504273 0.0 1.0 0.0 0.046135762606274694 0.00550204724900211 0.017411642411642413 0.0010430247718383311 0.014538224944700822
0 0.007518796992481203 0.0 1.0 0.0 0.05012816640231832 0.016811461755356315 0.014961389961389963 0.0029055690072639223 0.036779797699573354
1 0.025 0.0 1.0 0.0 0.0 0.0 0.0 0.0 0.008356339374241007
0 0.0031746031746031746 0.0 1.0 0.0 0.04171906241658812 0.03215329868532292 0.01711711711711712 0.006101694915254237 0.04226382901744894
0 0.006493506493506494 0.0 1.0 0.0 0.051004389022576535 0.0060513732440759605 0.013996138996138996 0.0009685230024213075 0.03793481010725587
0 0.0036231884057971015 0.0 1.0 0.0 0.02929588114917178 0.012945045173081288 0.008727477477477477 0.0022598870056497176 0.00017342699257191836
0 0.058823529411764705 0.0 1.0 0.11764705882352941 0.01413928976328969 0.004356780936430184 0.013634592910011688 0.006666666666666667 0.058823529411764705
0 0.03333333333333333 0.0 1.0 0.0 0.021918693558410782 0.011443179079645153 0.008388520971302429 0.008 0.00012070504017295726
0 0.02222222222222222 0.0 1.0 0.0 0.03685123151510299 0.03357412762224046 0.0141280353200883 0.006666666666666667 0.010071101511620422
0 0.020833333333333332 0.0 1.0 0.0 0.03992312991082931 0.021246243710121362 0.014900662251655629 0.002777777777777778 0.017608620655157715
0 0.028571428571428574 0.0 1.0 0.0 0.04082908845640466 0.054273683144517845 0.011352885525070956 0.0047619047619047615 0.00026466932040448813
0 0.016666666666666666 0.0 1.0 0.0 0.015508538260573329 0.03332289533071162 0.011258278145695366 0.0 0.012524112090562686
0 0.012987012987012986 0.0 1.0 0.0 0.035007434124002375 0.045897876318344855 0.014449127031908489 0.004242424242424243 0.0001554346386659978
0 0.0625 0.0 1.0 0.0 0.038675825647024556 0.020826809581694763 0.016556291390728478 0.0 0.27182835771097336
0 0.01111111111111111 0.0 1.0 0.0 0.024089071047695164 0.024992171498033715 0.011920529801324502 0.0 0.02685994686483815
0 0.009090909090909092 0.0 1.0 0.18181818181818182 0.030527795039652306 0.0 0.010836845273931367 0.0 0.003367568012142373
0 0.008264462809917356 0.0 1.0 0.0 0.028918922932452695 0.022829014868675692 0.011438892233594221 0.004242424242424243 0.011922999481852383
0 0.013888888888888888 0.0 1.0 0.0 0.03350701812003778 0.0 0.004415011037527594 0.0 0.0004231198311537661
0 0.004807692307692308 0.0 1.0 0.0 0.03207328419867275 0.01164349062772409 0.009105960264900664 0.0020833333333333333 0.0123262725551614
0 0.008928571428571428 0.0 1.0 0.0 0.028294689647847204 0.02213173595451494 0.011589403973509934 0.004166666666666667 0.002052539340306838