0 0.058823529411764705 0.0 1.0 0.0 0.04736258482065959 0.026573586140978114 0.020440608675902795 0.0066119471044231645 0.058823529411764705
0 0.07142857142857142 0.0 1.0 0.0 0.024364105072106474 0.013713357517270139 0.007170435741864313 0.003875968992248062 0.032543045088096446
0 0.018518518518518517 0.0 1.0 0.0 0.019992552598472674 0.011662933371740946 0.009438009438009438 0.003875968992248063 0.037776704971685234
1 0.008064516129032258 0.0 1.0 0.06451612903225806 0.02220599044076593 0.014064042040521323 0.006974716652136007 0.0015003750937734434 0.024055114870055908
0 0.02 0.0 1.0 0.0 0.043280966947066346 0.01905511365313266 0.018918918918918916 0.002325581395348837 0.08032895443720105
0 0.007936507936507936 0.0 1.0 0.0 0.026309484541969474 0.014013647326396591 0.013237727523441807 0.003506829088224437 0.049128654958447905
0 0.007518796992481203 0.0 1.0 0.0 0.031224537170847038 0.0015026901334340647 0.012192643771591141 0.0004079967360261118 0.04733167910396829
0 0.004310344827586207 0.0 1.0 0.0 0.024676454302503217 0.004173836206683782 0.009585940620423377 0.0009355787222667736 0.030191590798018527
0 0.005291005291005291 0.0 1.0 0.0 0.026478881283814096 0.00840675286507924 0.012686155543298399 0.0018456995201181247 0.04083136081835843
0 0.004545454545454546 0.0 1.0 0.0 0.04011672763834389 0.023286891183380044 0.017550017550017553 0.004933051444679351 0.046360974629585126
1 0.0036363636363636364 0.0 1.0 0.0 0.02310515961660973 0.015609452780839259 0.012046332046332042 0.0035658914728682167 0.021582650353586353
0 0.0021367521367521365 0.0 1.0 0.0 0.038159276373899834 0.01502315054900647 0.01574101574101574 0.003279666070363745 0.02050005197950597
0 0.14285714285714285 0.0 1.0 0.0 0.04783784117441162 0.03685642669079613 0.015558698727015556 0.007653061224489796 0.14285714285714288
0 0.05555555555555555 0.0 1.0 0.2222222222222222 0.01608970000469537 0.004540944079224268 0.004840484048404841 0.001984126984126984 0.00025070672628693593
0 0.018518518518518517 0.0 1.0 0.0 0.015394200658218551 0.0021436280923229885 0.007370737073707371 0.002204585537918871 7.809540424202613e-05
0 0.008620689655172414 0.0 1.0 0.0 0.015112755262621272 0.001132108924889783 0.005257767156025949 0.001984126984126984 3.892964991576983e-05
0 0.025 0.0 1.0 0.0 0.04000177471542055 0.0082191832716888 0.018811881188118815 0.003224206349206349 0.019317625517807673
0 0.007936507936507936 0.0 1.0 0.0 0.02562264763120591 0.011379052363709202 0.012164073550212167 0.003968253968253967 0.006050907797684118
0 0.03571428571428571 0.0 1.0 0.0 0.04511053335387406 0.006198455232647251 0.02277227722772277 0.001488095238095238 0.00038998179954287355
0 0.008333333333333333 0.0 1.0 0.0 0.03730715337820485 0.014771597622205455 0.015841584158415842 0.0025132275132275133 5.745407760232723e-05
0 0.0031746031746031746 0.0 1.0 0.0 0.0252666830607697 0.02597723514387935 0.01239038189533239 0.0041383219954648515 0.02231321013453183
0 0.007692307692307693 0.0 1.0 0.0 0.03467585278896746 0.01732954839009349 0.015384615384615385 0.0025946275946275945 7.10876934484878e-05
0 0.003134796238244514 0.0 1.0 0.0 0.03663272728345504 0.015987679174835526 0.01672925913280983 0.0030103995621237 0.021062712721466953
0 0.009259259259259259 0.0 1.0 0.0 0.0344265363679262 0.01224624271152664 0.013421342134213421 0.0011022927689594356 0.00012428911571955655
0 0.002403846153846154 0.0 1.0 0.0 0.016838911920450436 0.01191309890412312 0.00748762376237624 0.0009300595238095238 3.511063732591269e-05
0 0.0024630541871921183 0.0 1.0 0.0 0.021125163237476288 0.004131337533675651 0.008945032434277913 0.0008894362342638204 3.219359784964095e-05
0 0.002898550724637681 0.0 1.0 0.0 0.022609680900208148 0.010001744814822326 0.009212225570383125 0.0001725327812284334 4.264297511937507e-05
0 0.003472222222222222 0.0 1.0 0.0 0.029800706806360926 0.0015339302123261668 0.011991199119911993 0.00033068783068783067 4.980516285722133e-05
0 0.0028011204481792717 0.0 1.0 0.0 0.026678972625049865 0.008425550109445472 0.011692597831211696 0.0017006802721088435 4.1839959622306914e-05
0 0.002525252525252525 0.0 1.0 0.0 0.03791210213166956 0.02440590225562348 0.01719171917191719 0.00514069264069264 0.03143916873316438
0 0.004784688995215311 0.0 1.0 0.0 0.02069417736339945 0.020073114130880854 0.009540954095409539 0.004148629148629148 0.11629468942426652
0 0.0038461538461538464 0.0 1.0 0.0 0.01424963571137917 0.005663742322435077 0.005635948210205637 0.001221001221001221 0.00010753365276605909
0 0.0020703933747412005 0.0 1.0 0.0 0.021060943322003423 0.014106527010011699 0.008781747739991392 0.002587991718426501 0.04594798160226644
0 0.0018181818181818182 0.0 1.0 0.0 0.02523858704197121 0.015323864047001406 0.011881188118811883 0.003412698412698413 0.03447478842109054
1 0.0011148272017837235 0.0 1.0 0.0 0.034816019374680846 0.013756428548157063 0.015181518151815183 0.0029507529507529504 0.014839135006003677
0 0.0018115942028985505 0.0 1.0 0.0 0.02799601308154187 0.011898499215588061 0.0128282393456737 0.002587991718426501 3.532345862154386e-05
0 0.0013793103448275863 0.0 1.0 0.06896551724137931 0.03380979628679018 0.023159793916775005 0.012973711164219871 0.004789272030651341 0.02127273579159013
0 0.03125 0.0 1.0 0.0 0.03663210310114848 0.015301464453948749 0.016006097560975614 0.006587009803921571 0.031249999999999997
0 0.03571428571428571 0.0 1.0 0.0 0.044760012370003315 0.0268831880888246 0.014982578397212542 0.0049019607843137246 0.008750810365379873
0 0.03333333333333333 0.0 1.0 0.0 0.009611498722416878 0.006125532229910224 0.004390243902439025 0.0 0.0006549320063212909
0 0.011363636363636364 0.0 1.0 0.0 0.034129116551312955 0.028863395586767548 0.00975609756097561 0.0011140819964349377 0.015434804742811907
0 0.009090909090909092 0.0 1.0 0.0 0.04970836096976792 0.014076915808479713 0.020399113082039913 0.0033422459893048127 0.023295488541756806
0 0.01111111111111111 0.0 1.0 0.0 0.03783173166222894 0.012460944752982555 0.01788617886178862 0.00261437908496732 0.02940810312843589
0 0.005494505494505494 0.0 1.0 0.0 0.03005165153195675 0.0019417159071796074 0.013320825515947468 0.0003770739064856712 0.0065199438466638565
0 0.009615384615384616 0.0 1.0 0.0 0.03371103408265182 0.011343661408777834 0.01575984990619137 0.0033936651583710404 0.03905027799085037
0 0.01111111111111111 0.0 1.0 0.0 0.04513789417673512 0.014746759831411185 0.01951219512195122 0.004411764705882353 0.047840310525216624
0 0.004 0.0 1.0 0.16 0.0566874717393521 0.04809695165392196 0.023219512195121958 0.00941176470588235 0.008215127400223501
0 0.005681818181818182 0.0 1.0 0.0 0.04118338718355375 0.01797818021882759 0.017987804878048783 0.003676470588235294 0.01685051796079501