0 0.16666666666666666 0.0 1.0 0.0 0.011520959419139686 0.04718119821294884 0.022222222222222227 0.012820512820512822 0.1666666666666667
0 0.03571428571428571 0.0 1.0 0.14285714285714285 0.026302499372304746 0.03282082308978792 0.00816326530612245 0.009615384615384614 0.00012490694850585048
1 0.015873015873015872 0.0 1.0 0.09523809523809523 0.036693952873616174 0.04376109745305056 0.014965986394557823 0.005036630036630037 0.004604009048188669
0 0.05 0.0 1.0 0.0 0.0516308046620372 0.0360464011990871 0.01904761904761905 0.0 0.0003959255505972467
0 0.025 0.0 1.0 0.0 0.01904331078532448 0.0 0.015476190476190477 0.0 0.00024710071604080124
0 0.016666666666666666 0.0 1.0 0.0 0.04236668472958344 0.0 0.013333333333333336 0.0 0.00015843999552051828
0 0.017857142857142856 0.0 1.0 0.0 0.04021334797750401 0.024756877816539995 0.01666666666666667 0.004807692307692308 0.00021628346492216446
0 0.020833333333333332 0.0 1.0 0.0 0.03931162488284107 0.0 0.011111111111111112 0.0 0.00039616765089256907
1 0.008547008547008546 0.0 1.0 0.0 0.028143000130988822 0.01791026335643759 0.013919413919413917 0.003698224852071006 0.017722654165496107
0 0.025 0.0 1.0 0.0 0.03808662157064896 0.0 0.02619047619047619 0.0 0.0005353516711951499
0 0.022727272727272728 0.0 1.0 0.0 0.01728143912870953 0.0557524634864703 0.02857142857142857 0.01201923076923077 0.21531421543940923
0 0.013888888888888888 0.0 1.0 0.0 0.025391081047099306 0.0 0.015873015873015876 0.0 0.00032376832312481845
0 0.06666666666666667 0.0 1.0 0.13333333333333333 0.019750823318428583 0.025641404656927644 0.011009174311926606 0.00925925925925926 0.06666666666666667
0 0.03571428571428571 0.0 1.0 0.2857142857142857 0.027139464324865584 0.05081356363355631 0.012450851900393186 0.009920634920634922 0.0007758911311600945
0 0.03333333333333333 0.0 1.0 0.0 0.025990076255630275 0.040496574186628706 0.011009174311926606 0.0018518518518518517 0.00011683593420307513
0 0.041666666666666664 0.0 1.0 0.0 0.03011171913166014 0.038568165892027335 0.012232415902140673 0.0 0.0002798217658035859
0 0.04 0.0 1.0 0.0 0.056738361033335294 0.0 0.01834862385321101 0.0 0.0002359401636337511
1 0.05555555555555555 0.0 1.0 0.0 0.01579674490671932 0.0 0.024464831804281346 0.0 0.012970573015033557
0 0.008928571428571428 0.0 1.0 0.0 0.018107127097401404 0.0 0.005160550458715597 0.0 6.372697578885558e-05
0 0.015625 0.0 1.0 0.0 0.02043649006029319 0.0 0.008027522935779817 0.0 0.00019892919536567173
0 0.027777777777777776 0.0 1.0 0.0 0.028660747130772612 0.0 0.0045871559633027525 0.0 0.028175328385962393
0 0.008333333333333333 0.0 1.0 0.0 0.03750936412067448 0.015893304277284935 0.01452599388379205 0.0030864197530864196 0.01658436258530866
0 0.010101010101010102 0.0 1.0 0.2222222222222222 0.018881883915306593 0.010595536184856624 0.007135575942915393 0.0020576131687242796 0.03195710963012842
0 0.011904761904761904 0.0 1.0 0.0 0.029375921319109995 0.0 0.013106159895150722 0.0 0.0409581104465749
0 0.06666666666666667 0.0 1.0 0.13333333333333333 0.03180111664761989 0.042091289558269455 0.014336917562724016 0.011594202898550721 0.06666666666666668
0 0.07142857142857142 0.0 1.0 0.0 0.09157277395857169 0.058211579576165476 0.03840245775729647 0.009316770186335404 0.02491115777443494
0 0.03333333333333333 0.0 1.0 0.0 0.037214285710331134 0.02716540380221056 0.01935483870967742 0.003260869565217391 0.00010973492913506407
0 0.041666666666666664 0.0 1.0 0.0 0.035325299174916676 0.0339567547527632 0.017921146953405017 0.0 0.0021748149013976997
0 0.02 0.0 1.0 0.0 0.037574213489924006 0.0 0.011827956989247313 0.0 0.00012655730188471776
1 0.009259259259259259 0.0 1.0 0.0 0.04704896104962153 0.01243823813004908 0.02090800477897252 0.0024154589371980675 0.019569591058532305
0 0.01020408163265306 0.0 1.0 0.0 0.03932822561402178 0.007202802736140262 0.014592933947772658 0.0015527950310559005 0.0006669278016966003
0 0.025 0.0 1.0 0.0 0.0688016389663336 0.0 0.04086021505376344 0.0 0.00021953171930161238
0 0.013888888888888888 0.0 1.0 0.125 0.03450804700504019 0.012604904788245459 0.022849462365591402 0.002717391304347826 0.0014675102671788882