0 0.06666666666666667 0.0 1.0 0.0 0.0657470146339112 0.059505170233413604 0.02325581395348837 0.019047619047619046 0.06666666666666665
1 0.05555555555555555 0.0 1.0 0.0 0.13441453202985243 0.06611685581490401 0.04392764857881136 0.0 0.08627878695866653
1 0.017543859649122806 0.0 1.0 0.0 0.12318932870721211 0.007829627662291264 0.025703794369645042 0.0 0.030391267617786023
1 0.05 0.0 1.0 0.0 0.0918086647311703 0.028400194884129225 0.033582089552238806 0.01363636363636363 0.05
0 0.027777777777777776 0.0 1.0 0.0 0.03136556594724418 0.06487009619970532 0.012437810945273632 0.0016835016835016836 0.04492007695228789
0 0.0303030303030303 0.0 1.0 0.0 0.05606392562813897 0.0 0.006784260515603799 0.0 0.09080230917382891
1 0.013888888888888888 0.0 1.0 0.0 0.02629147075560385 0.007017847361664299 0.009950248756218905 0.0016835016835016836 0.044808243822708024
0 0.1111111111111111 0.0 1.0 0.0 0.10168878556025275 0.0654931118921219 0.03497942386831275 0.016771488469601678 0.11111111111111109
0 0.07142857142857142 0.0 1.0 0.0 0.11497457402176241 0.05052325774535117 0.031746031746031744 0.016172506738544472 0.13141606261110056
0 0.027777777777777776 0.0 1.0 0.0 0.09927917516826866 0.058943800702909714 0.021604938271604937 0.0 0.03363883676798925
0 0.03571428571428571 0.0 1.0 0.0 0.05485481332298038 0.0 0.007936507936507936 0.0 0.00022689042190194615
0 0.014285714285714287 0.0 1.0 0.0 0.09753628372544322 0.0 0.031746031746031744 0.0 0.04873303972806165
0 0.03333333333333333 0.0 1.0 0.0 0.11443179079645154 0.0 0.02222222222222222 0.0 0.12844730675667532