0 0.058823529411764705 0.0 1.0 0.0 0.013111331298616535 0.01726672113328969 0.00565116876444901 0.004901960784313725 0.058823529411764705
0 0.02631578947368421 0.0 1.0 0.0 0.022069943977021046 0.017046814049026245 0.007584463341760515 0.0050784856879039705 0.0052651792027904355
0 0.03333333333333333 0.0 1.0 0.2 0.047176637144252645 0.03302629928669915 0.01615720524017467 0.007017543859649122 0.02274841828374053
0 0.014705882352941176 0.0 1.0 0.0 0.046776484493291304 0.03122222845722249 0.016953506293347034 0.0038699690402476776 0.013153319636040564
0 0.016666666666666666 0.0 1.0 0.0 0.054379363815490196 0.030062452733264387 0.02074235807860262 0.004751461988304093 0.012474160347967111
0 0.011904761904761904 0.0 1.0 0.0 0.038205375721104086 0.016415084795359997 0.01372426699937617 0.003446115288220551 0.005268873590157072
0 0.014285714285714285 0.0 1.0 0.0 0.03523694186440429 0.005480739363603885 0.01353711790393013 0.0008771929824561403 0.00010131006588801574
0 0.004807692307692308 0.0 1.0 0.07692307692307693 0.024208929525489697 0.012031219604600785 0.009909304669129997 0.0021929824561403508 2.6884213806199852e-05
0 0.007407407407407407 0.0 1.0 0.0 0.05614468036276053 0.029814306291524723 0.018049490538573507 0.0061403508771929825 0.023187154300984284
0 0.0035714285714285718 0.0 1.0 0.0 0.029504285909759013 0.015167042288362789 0.010293200249532128 0.002976190476190476 1.858269071867271e-05
0 0.008264462809917356 0.0 1.0 0.0 0.0791757868372067 0.05275590170491235 0.02699483922191346 0.011164274322169059 4.797632399270786e-05
1 0.0026881720430107525 0.0 1.0 0.0 0.03687766612586947 0.027891619742438263 0.013241301591773488 0.005659309564233163 0.001001457772136576
0 0.006993006993006993 0.0 1.0 0.0 0.04854494110601862 0.014075259537154416 0.015085351329892815 0.0027910685805422647 0.024396837398252588
0 0.07142857142857142 0.0 1.0 0.0 0.0 0.0 0.0 0.0 0.012668664740021426
0 0.009523809523809523 0.0 1.0 0.0 0.034092800003928676 0.022626366626190227 0.014348097317529632 0.0043859649122807015 0.0101920703446404
1 0.03571428571428571 0.0 1.0 0.07142857142857142 0.019273637914342473 0.041482218276110386 0.013311688311688313 0.00851900393184797 0.03571428571428572
0 0.0625 0.0 1.0 0.0 0.04113134549913462 0.028660747130772612 0.015909090909090907 0.0 0.017350701931041605
0 0.1111111111111111 0.0 1.0 0.0 0.025264250501991468 0.0 0.006060606060606061 0.0 0.001992031044332502
0 0.03125 0.0 1.0 0.0 0.07249556614671705 0.027541501793871923 0.027272727272727275 0.005733944954128441 0.017816489853548865
0 0.022222222222222223 0.0 1.0 0.0 0.03385486697729296 0.007849434458124482 0.01818181818181818 0.0020387359836901123 0.01911728103701301
0 0.013888888888888888 0.0 1.0 0.0 0.041285247473413465 0.015586392440401853 0.020454545454545454 0.0030581039755351682 0.035730596451362444
0 0.009523809523809523 0.0 1.0 0.13333333333333333 0.009500412600618036 0.004709660674874689 0.008484848484848484 0.0012232415902140674 0.008690390129107219
0 0.017857142857142856 0.0 1.0 0.0 0.014964919711802362 0.0 0.007792207792207792 0.0 0.00915157824248262
0 0.005555555555555555 0.0 1.0 0.0 0.06355474915839644 0.04931406104589191 0.015454545454545453 0.009174311926605505 0.010901742780357233
0 0.058823529411764705 0.0 1.0 0.0 0.05228397828508247 0.07063382529561339 0.01596638655462185 0.012272534913245871 0.058823529411764705
1 0.025 0.0 1.0 0.0 0.04767647784800205 0.06003875150127138 0.016785714285714286 0.011510791366906472 0.045698764610571804
0 0.047619047619047616 0.0 1.0 0.0 0.04728277021901441 0.03210710624105051 0.012244897959183673 0.006166495375128468 0.07024315683147127
0 0.05 0.0 1.0 0.0 0.016465372404634204 0.026969969242482426 0.008571428571428572 0.0014388489208633094 0.0007155833914314413
0 0.006896551724137932 0.0 1.0 0.0 0.02135189941883319 0.006443892776502195 0.00788177339901478 0.001240387000744232 0.01649019813337574
0 0.008771929824561403 0.0 1.0 0.0 0.014191515724214641 0.002680797177891874 0.005639097744360903 0.0007572889057175313 0.017580780210623956
0 0.007936507936507936 0.0 1.0 0.0 0.024103526575317284 0.010714338231168808 0.011904761904761906 0.002797761790567546 0.01678622744451724
0 0.0125 0.0 1.0 0.0 0.014854306368223361 0.005997987529249774 0.007857142857142858 0.0014388489208633094 0.0002269380693067222
0 0.007407407407407407 0.0 1.0 0.0 0.03481160255291955 0.013460187804906045 0.013333333333333334 0.003357314148681055 0.019332672108263674