0 0.05263157894736842 0.0 1.0 0.0 0.03255563521924959 0.01921817698926038 0.011544991511035654 0.006151742993848258 0.05263157894736843
0 0.08333333333333333 0.0 1.0 0.0 0.06372430758004383 0.03380975581443955 0.015053763440860216 0.005411255411255412 0.1516338366659993
0 0.041666666666666664 0.0 1.0 0.0 0.05878571481908983 0.030428780232995594 0.014516129032258067 0.005681818181818183 0.11245752576110966
0 0.020833333333333332 0.0 1.0 0.0 0.06792154071006028 0.05597626631190666 0.024731182795698924 0.008658008658008658 7.202485269793184e-05
1 0.008333333333333333 0.0 1.0 0.0 0.05162014851836824 0.03475008431884124 0.022311827956989244 0.0029761904761904765 0.02707742676374207
0 0.013888888888888888 0.0 1.0 0.0 0.056882107644917364 0.005572976824502511 0.01989247311827957 0.0010822510822510823 0.06567907057359201
0 0.047619047619047616 0.0 1.0 0.0 0.07694213532992611 0.0 0.030107526881720432 0.0 0.01802207393860059
0 0.0625 0.0 1.0 0.0 0.02015497701454332 0.0 0.0 0.0 0.002552097627312028
0 0.027777777777777776 0.0 1.0 0.0 0.05317078182146888 0.0 0.02580645161290323 0.0 0.019268921430413644
0 0.007692307692307693 0.0 1.0 0.0 0.07040626658072896 0.0 0.019354838709677417 0.0 0.05070206243212548
0 0.006060606060606061 0.0 1.0 0.0 0.026175008549938497 0.0 0.012473118279569893 0.0 0.0039522657900586235
0 0.00641025641025641 0.0 1.0 0.0 0.02775468350507674 0.005144286299540779 0.007940446650124071 0.000999000999000999 0.00012194937673824486
0 0.01098901098901099 0.0 1.0 0.0 0.015998003928484238 0.0 0.007373271889400922 0.0 0.00039409746413339236
0 0.004201680672268907 0.0 1.0 0.0 0.09940143688448859 0.007159712995998963 0.024667931688804552 0.0011459129106187928 0.026305561694610582
1 0.25 0.0 1.0 0.0 0.008092346552104657 0.006571715326311682 0.005714285714285714 0.0019083969465648854 0.25
0 0.041666666666666664 0.0 1.0 0.0 0.008861777690586251 0.013298475209947152 0.006507936507936507 0.0031806615776081427 0.00010216586775327643
0 0.02222222222222222 0.0 1.0 0.0 0.004844631032584044 0.0014134594641090287 0.0026666666666666666 0.0019083969465648854 9.856632457495359e-05
0 0.016666666666666666 0.0 1.0 0.0 0.007970168062625023 0.004593125049100596 0.002285714285714286 0.0019083969465648854 6.995120539955729e-05
0 0.008695652173913044 0.0 1.0 0.0 0.04054857749255191 0.007834675452012553 0.011428571428571432 0.002074344507135746 8.040162149034636e-06
0 0.05555555555555555 0.0 1.0 0.0 0.011598255010112392 0.007949163962478916 0.003174603174603175 0.0012722646310432569 0.0008527214582576974
0 0.017857142857142856 0.0 1.0 0.0 0.04306322698591443 0.015748501228044103 0.01261904761904762 0.0028625954198473282 3.4880989448945375e-05
0 0.008333333333333333 0.0 1.0 0.0 0.00502235487446903 0.010580714223812392 0.004952380952380953 0.0021628498727735367 0.025027969581818032
0 0.008547008547008546 0.0 1.0 0.0 0.011033906358088756 0.011381822320018498 0.004542124542124542 0.002201996476805637 7.52149213287544e-05
0 0.009090909090909092 0.0 1.0 0.0 0.00700718177282851 0.005419884519871989 0.003116883116883117 0.001734906315058987 0.00010973210374868313
0 0.01818181818181818 0.0 1.0 0.0 0.007829597838261659 0.0095389967549747 0.002285714285714286 0.0015267175572519084 0.0005384877475251104
0 0.020833333333333332 0.0 1.0 0.0 0.0 0.008942809457788782 0.002380952380952381 0.0014312977099236641 0.0012954119012396049
0 0.038461538461538464 0.0 0.5 1.0 0.0 0.0 0.0 0.0 0.0030896272925231678
0 0.002976190476190476 0.0 1.0 0.0 0.03520062756317454 0.009275054971648317 0.010079365079365082 0.0007156488549618321 7.578515007710013e-06
0 0.002777777777777778 0.0 1.0 0.0 0.01627739381466684 0.00934980109589223 0.006031746031746031 0.0007156488549618321 0.00419020341695604
0 0.005208333333333333 0.0 1.0 0.0 0.018081682791973357 0.010709633787925069 0.005714285714285713 0.0003180661577608142 5.021717512725e-05
0 0.002352941176470588 0.0 1.0 0.0 0.030905212994691834 0.012862627276052667 0.012114285714285718 0.002061068702290076 9.432612003820652e-06
0 0.0027777777777777775 0.0 1.0 0.2 0.03646307065793847 0.007795024496882222 0.011619047619047619 0.0007633587786259542 1.1102862682262138e-05
0 0.004048582995951417 0.0 1.0 0.0 0.020583879242267452 0.0015118704010100759 0.00542124542124542 0.0002935995302407516 2.1673215347242846e-05
0 0.0035714285714285718 0.0 1.0 0.0 0.022974882928196903 0.0035186472672735407 0.007482993197278913 0.0008178844056706652 1.984904389683632e-05
0 0.0023809523809523807 0.0 1.0 0.0 0.03427960432903097 0.002948147281969648 0.009523809523809525 0.0005725190839694657 9.533340717089892e-06
0 0.005050505050505051 0.0 1.0 0.0 0.016473082601802025 0.0019671776768763055 0.00634920634920635 0.00042408821034775233 7.267359925798361e-05
0 0.002898550724637681 0.0 1.0 0.0 0.036787522319575654 0.008613411174427666 0.010666666666666666 0.0016539440203562341 1.6876573821658147e-05
0 0.004629629629629629 0.0 1.0 0.0 0.08469291367212999 0.0021838128014589984 0.023703703703703706 0.00042408821034775233 1.9963035562285635e-05
0 0.04 0.0 1.0 0.0 0.0 0.0 0.0 0.0 0.0061792545850463355
0 0.0022624434389140274 0.0 1.0 0.0 0.02247634209232171 0.008217373006275426 0.007507002801120449 0.0016838796587337224 1.6134057200083847e-05
0 0.0028490028490028487 0.0 1.0 0.0 0.04075269766463142 0.0 0.01098901098901099 0.0 0.0016195932774941725
0 0.002551020408163265 0.0 1.0 0.0 0.01887552646636797 0.002051873623075479 0.00653061224489796 0.0005452562704471102 1.9970145545244348e-05
0 0.0034482758620689655 0.0 1.0 0.0 0.006175086787843869 0.007477413467282408 0.004190476190476191 0.0017175572519083971 0.00015378965519282452
0 0.011111111111111112 0.0 1.0 0.0 0.013077918948165889 0.0 0.0025396825396825397 0.0 0.0007805624649839133
0 0.0020161290322580645 0.0 1.0 0.0 0.013644855198235927 0.004453001183836305 0.007261904761904761 0.0010734732824427481 5.296695865725826e-05
0 0.00390625 0.0 1.0 0.0 0.01011080258452896 0.005315223527290523 0.008333333333333333 0.0011927480916030535 0.00017247836672230316
0 0.007575757575757576 0.0 1.0 0.0 0.01830842904975233 0.010600945980817716 0.0038095238095238095 0.0019083969465648854 0.00043878423777033484
0 0.014705882352941176 0.0 1.0 0.0 0.023681731862550882 0.0 0.006666666666666667 0.0 0.000932869629968455
0 0.0023809523809523807 0.0 1.0 0.0 0.02936970685899253 0.0017668243301362859 0.008412698412698412 0.0003180661577608142 2.3219429903559765e-05
0 0.0009259259259259259 0.0 1.0 0.0 0.03727230767997972 0.003172791234725189 0.009714285714285713 0.0005725190839694657 0.0017857951656643633
0 0.002702702702702703 0.0 1.0 0.0 0.0036593196156650258 0.0 0.0026666666666666666 0.0 0.00021384266425891982
0 0.0018796992481203006 0.0 1.0 0.0 0.023148822641048346 0.004362720018154164 0.006666666666666665 0.0009541984732824427 2.0045499007863932e-05
0 0.003205128205128205 0.0 1.0 0.0 0.0602703308652755 0.0 0.012857142857142857 0.0 2.5143436545327918e-05
0 0.0025 0.0 1.0 0.0 0.02944231540507954 0.0 0.007999999999999998 0.0 2.804999274052718e-05
0 0.0024390243902439024 0.0 1.0 0.0 0.0057190331124819015 0.0028726230723056705 0.002285714285714286 0.0007633587786259542 0.0001537004376293027
0 0.002976190476190476 0.0 1.0 0.0 0.040847747567325746 0.002650236495204429 0.010238095238095237 0.00047709923664122136 3.458801924604932e-05
0 0.0011074197120708748 0.0 1.0 0.0 0.008453077497467659 0.0035606730796582894 0.00417233560090703 0.0008178844056706653 4.684044639998577e-05
0 0.06666666666666667 0.0 1.0 0.0 0.007537864803425643 0.002197782668228876 0.004536489151873768 0.002967359050445103 0.06666666666666667
0 0.045454545454545456 0.0 1.0 0.0 0.01392523716825244 0.004682447872243161 0.005648197955890264 0.0029673590504451035 0.046620469598810346
0 0.016666666666666666 0.0 1.0 0.0 0.02501841541310722 0.009270093285620814 0.006952662721893492 0.0028189910979228476 1.0635029131000076e-05
0 0.025 0.0 1.0 0.0 0.015421102726657018 0.012825747841917918 0.006804733727810651 0.003560830860534125 7.471642767925667e-05
0 0.04 0.0 1.0 0.0 0.07875941997872116 0.014832149256993304 0.016568047337278107 0.002373887240356083 4.3325611533501975e-05
0 0.03333333333333333 0.0 1.0 0.0 0.0378261350114095 0.02012150641459612 0.008284023668639054 0.003560830860534125 0.00014920926719730833
0 0.03571428571428571 0.0 1.0 0.0 0.0989619577992594 0.013905139928431223 0.020710059171597635 0.002225519287833828 5.414519091760359e-05
0 0.03125 0.0 1.0 0.0 0.020990437401869864 0.013905139928431223 0.007396449704142012 0.002225519287833828 0.0002837995397562005
0 0.0101010101010101 0.0 1.0 0.0 0.10710469735795747 0.006149162913595224 0.026358257127487895 0.0029673590504451035 1.1406491219146286e-05
0 0.004347826086956522 0.0 1.0 0.0 0.03304639514310351 0.012943867960864856 0.009647543092359146 0.0016772029415559283 7.543040333737756e-05
0 0.010101010101010102 0.0 1.0 0.0 0.006720936938729623 0.010300103650689793 0.0039447731755424065 0.0 0.00017530732534900683
0 0.005208333333333333 0.0 1.0 0.0 0.03677787154069164 0.017685108914148272 0.01238905325443787 0.001483679525222552 1.329996379826296e-05
0 0.006993006993006993 0.0 1.0 0.0 0.015668107694950518 0.014173402251397972 0.005648197955890263 0.0010790396547073105 7.934339487852844e-05
0 0.004464285714285714 0.0 1.0 0.0 0.029096870289691733 0.010428854946323415 0.008321005917159764 0.0 1.3490096758401489e-05
0 0.011111111111111112 0.0 1.0 0.0 0.06510247169772222 0.009270093285620815 0.019230769230769232 0.0 3.640350738612242e-05
0 0.0021551724137931034 0.0 1.0 0.0 0.033365269380954694 0.002107615097038911 0.010406039583758415 0.0004092909035096695 5.216843922176298e-06
0 0.004524886877828054 0.0 1.0 0.0 0.051965759133598244 0.0 0.012744651797906237 0.0 1.1940085033981935e-05
0 0.003968253968253968 0.0 1.0 0.0 0.031185815817824484 0.003190450381280567 0.008664412510566358 0.000847816871555744 1.55143417819526e-05
0 0.004784688995215311 0.0 1.0 0.0 0.034119251449577816 0.0 0.006993006993006993 0.0 1.9917294775110685e-05
0 0.0071428571428571435 0.0 1.0 0.0 0.01347359153016313 0.006380900762561134 0.00507185122569738 0.001695633743111488 0.00016465503703316808
0 0.0031746031746031746 0.0 1.0 0.0 0.025935435639513386 0.006544590910908867 0.008086785009861933 0.001384767556874382 1.4482365811267008e-05
0 0.004132231404958678 0.0 1.0 0.0 0.045232970081889576 0.002030286606269452 0.012910166756320606 0.0005395198273536552 1.9532949382658943e-05
0 0.007246376811594203 0.0 1.0 0.0 0.07294094249285855 0.0 0.014792899408284025 0.0 3.6051808858744365e-05
0 0.004166666666666667 0.0 1.0 0.0 0.013641009624343923 0.0 0.004733727810650888 0.0 0.01890339751916082
0 0.006666666666666667 0.0 1.0 0.0 0.007191935670693104 0.0 0.002465483234714004 0.0 0.00023442751281305203
1 0.0010683760683760685 0.0 1.0 0.0 0.04326560977655325 0.002726912879545361 0.012738330046022353 0.0005769864820309925 3.0243499674949384e-06
0 0.006172839506172839 0.0 1.0 0.0 0.011353375441440763 0.0 0.007396449704142012 0.0 0.002140090053473729
0 0.004464285714285714 0.0 1.0 0.0 0.04901057300708533 0.0 0.010355029585798817 0.0 2.739912463976395e-05