0 0.14285714285714285 0.0 1.0 0.0 0.11870288381515758 0.050856252420944395 0.03571428571428571 0.01277584204413473 0.14285714285714285
0 0.03571428571428571 0.0 1.0 0.0 0.08302568547610667 0.020494211771030408 0.019585253456221197 0.008130081300813009 0.04712914349746644
0 0.020833333333333332 0.0 1.0 0.0 0.07468908854256405 0.02522393909480041 0.02016129032258064 0.008638211382113823 0.040542905902459375
0 0.03571428571428571 0.0 1.0 0.0 0.0796766751891447 0.0 0.02073732718894009 0.0 0.1312552145420162
0 0.028571428571428574 0.0 1.0 0.0 0.11347885807525904 0.03117975054340268 0.02534562211981567 0.00464576074332172 0.13792110384531692
0 0.027777777777777776 0.0 1.0 0.0 0.019990494102980372 0.0 0.0026881720430107525 0.0 0.00042943856427679573
1 0.023809523809523808 0.0 1.0 0.0 0.05519634649707536 0.0 0.01478494623655914 0.0 0.0413824881125898
1 0.03125 0.0 1.0 0.0 0.17782416862428266 0.041865289315774955 0.03629032258064516 0.008130081300813009 0.24452051292082685
0 0.02222222222222222 0.0 1.0 0.0 0.10974388694289075 0.010159419308143788 0.02258064516129032 0.0 0.18433075623959616
1 0.004 0.0 1.0 0.0 0.04195380495958224 0.02062277315854195 0.01419354838709677 0.002601626016260163 0.036948059041212275
1 0.0033670033670033673 0.0 1.0 0.07407407407407407 0.06744913548468737 0.02015230686920532 0.01732377538829151 0.0012044564890093346 0.0260826403232916
0 0.25 0.0 1.0 0.0 0.1634233536495871 0.02587965968209306 0.036231884057971016 0.004545454545454545 0.25
0 0.03571428571428571 0.0 1.0 0.0 0.09348568154072685 0.026208645379108324 0.019668737060041408 0.005194805194805196 0.049608381644968606
0 0.02222222222222222 0.0 1.0 0.13333333333333333 0.0658445253002075 0.024321920136888116 0.01618357487922705 0.005333333333333332 0.06478379852212832
0 0.016666666666666666 0.0 1.0 0.0 0.08364042850004366 0.010519434973105157 0.019565217391304346 0.004121212121212122 0.04713290458978961
0 0.04 0.0 1.0 0.0 0.11766219792625968 0.013632093544382027 0.02318840579710145 0.002909090909090909 0.1978190758503353
0 0.018518518518518517 0.0 1.0 0.0 0.13244247420796754 0.005048923534956306 0.026972624798711757 0.003232323232323232 0.07772366584038302
0 0.023809523809523808 0.0 1.0 0.0 0.10092874476043963 0.018933463256086146 0.020531400966183572 0.0030303030303030303 0.1648028284459289
0 0.009615384615384616 0.0 1.0 0.0 0.06437438882566104 0.01883697265971268 0.016164994425863992 0.0011188811188811189 0.07559553260431089
0 0.007936507936507936 0.0 1.0 0.14285714285714285 0.06300181021587388 0.026643444452763305 0.015527950310559006 0.0033766233766233766 0.06675118257653388
0 0.02 0.0 1.0 0.0 0.16422273174509283 0.03370536383459118 0.034782608695652174 0.006545454545454546 0.18880634432658452
0 0.015151515151515152 0.0 1.0 0.0 0.03474329665681187 0.018725202130328435 0.009057971014492754 0.003636363636363637 0.00034431148330201015
0 0.007575757575757575 0.0 1.0 0.0 0.07903297233956857 0.03390983839442603 0.017127799736495388 0.004297520661157025 0.08511414911418842
0 0.019230769230769232 0.0 1.0 0.0 0.185886519246966 0.04213170479323898 0.03894927536231884 0.008181818181818182 0.23760914009417153
0 0.007936507936507936 0.0 1.0 0.0 0.14225402388786043 0.01206218990360495 0.029388083735909825 0.0016161616161616162 0.0784463796514488
0 0.008333333333333333 0.0 1.0 0.0 0.06412173138279399 0.010729944153142648 0.015851449275362316 0.0018181818181818182 0.00011052814403968113
0 0.004166666666666667 0.0 1.0 0.0 0.08093341433604027 0.007883259138781715 0.020048309178743957 0.0014545454545454547 0.059163682384358714
0 0.0034602076124567475 0.0 1.0 0.0 0.10169108480413366 0.021622011122102967 0.02301790281329923 0.004064171122994653 0.039348976056054724
0 0.005555555555555555 0.0 1.0 0.2 0.13450062994170273 0.01685268191729559 0.02934782608695652 0.003272727272727273 0.06848673460964513
0 0.004784688995215311 0.0 1.0 0.0 0.05810924426804547 0.0 0.01152832674571805 0.0 0.08958966071252163
0 0.00625 0.0 1.0 0.0 0.10877355277464859 0.026115757572936292 0.025815217391304348 0.005 0.11512465256488436
0 0.004329004329004329 0.0 1.0 0.0 0.03132359957640223 0.007345316620097169 0.009552042160737812 0.001322314049586777 0.00010841204936966217
0 0.005050505050505051 0.0 1.0 0.0 0.14104841456450593 0.0 0.027777777777777776 0.0 0.07722764076082334
0 0.010869565217391304 0.0 1.0 0.0 0.018159216970049318 0.0 0.004528985507246377 0.0 0.0012331979511668125
0 0.0027777777777777775 0.0 1.0 0.0 0.06467826263020317 0.013731814895574186 0.01642512077294686 0.0026666666666666666 0.061123077425759655
0 0.008 0.0 1.0 0.0 0.023850005810035452 0.008079848282106885 0.007971014492753625 0.0014545454545454545 0.00045953171636457644
0 0.007692307692307693 0.0 1.0 0.0 0.11766219792625968 0.0 0.02318840579710145 0.0 0.19773416520140744
0 0.007407407407407407 0.0 1.0 0.0 0.033632315209224856 0.0 0.008695652173913044 0.0 0.0002942233899752275
0 0.001984126984126984 0.0 1.0 0.0 0.08771373467654711 0.01188706283264237 0.018719806763285024 0.0022222222222222222 0.037296555730561114
0 0.006896551724137931 0.0 1.0 0.0 0.10152811940686965 0.007490080852131373 0.02753623188405797 0.0014545454545454545 0.00016290226520255347
0 0.05555555555555555 0.0 1.0 0.0 0.043137378876181486 0.04065293161592071 0.013888888888888886 0.008508508508508508 0.05555555555555555
0 0.03125 0.0 1.0 0.0 0.14170574607861822 0.053262053820073596 0.029575892857142856 0.006756756756756758 0.03175011338808005
1 0.02222222222222222 0.0 1.0 0.26666666666666666 0.10428407152735852 0.012371004410427192 0.022023809523809522 0.0024024024024024023 0.04485994034166403
0 0.027777777777777776 0.0 1.0 0.0 0.06255037432322769 0.02061834068404532 0.02083333333333333 0.004004004004004004 0.10361182665798385
0 0.03333333333333333 0.0 1.0 0.0 0.08429127447060046 0.0 0.01636904761904762 0.0 0.15637613171952158
0 0.016666666666666666 0.0 1.0 0.0 0.08310022714330505 0.013917379961730592 0.016964285714285716 0.002702702702702703 0.08817811394561902
0 0.02040816326530612 0.0 1.0 0.0 0.04149000280222385 0.026509295165201126 0.008928571428571428 0.005148005148005148 0.0001885625422161792
0 0.020833333333333332 0.0 1.0 0.0 0.02585903387104649 0.0 0.007440476190476191 0.0 0.00023433688567110625
0 0.01111111111111111 0.0 1.0 0.2 0.11360224099009746 0.03893943263717421 0.026785714285714284 0.007207207207207207 0.08308717127641084
0 0.006666666666666667 0.0 1.0 0.0 0.08845639616330687 0.016681368450295744 0.022023809523809522 0.003003003003003003 0.052516723556024984