1 0.04 0.0 1.0 0.0 0.03515507453781035 0.09024950818734398 0.021621621621621623 0.014444444444444447 0.04000000000000001
0 0.08333333333333333 0.0 1.0 0.0 0.05543413051256255 0.0 0.018018018018018018 0.0 0.004308856048841191
0 0.05555555555555555 0.0 1.0 0.0 0.04666876948078186 0.0 0.009009009009009009 0.0 0.0005843081498765691
0 0.07142857142857142 0.0 1.0 0.0 0.021395670921799458 0.06878783412770105 0.009070294784580499 0.01612903225806451 0.07142857142857142
0 0.0625 0.0 1.0 0.0 0.03636460809064149 0.08817802443862702 0.011904761904761904 0.010080645161290322 0.00013158022666084679
1 0.041666666666666664 0.0 1.0 0.0 0.06923689073281093 0.03220068528484981 0.025793650793650792 0.004032258064516129 0.049091241253773746
1 0.025 0.0 1.0 0.0 0.08250886431896369 0.02015497701454332 0.025396825396825397 0.0032258064516129032 6.96531951710846e-05
0 0.02 0.0 1.0 0.0 0.05524122948558906 0.0 0.01746031746031746 0.0 8.324910815176306e-05
0 0.01282051282051282 0.0 1.0 0.0 0.06065596241706155 0.0 0.015873015873015872 0.0 5.86576962920796e-05
0 0.1 0.0 1.0 0.0 0.06093557727173181 0.13153774472649324 0.028205128205128206 0.023684210526315787 0.1
0 0.07142857142857142 0.0 1.0 0.0 0.09361404617290646 0.04697776597374759 0.014652014652014652 0.0037593984962406013 0.05923521851207958
0 0.03333333333333333 0.0 1.0 0.0 0.02744699046099693 0.0 0.0 0.0 0.00011105652507592508
0 0.020833333333333332 0.0 1.0 0.0 0.025555096893050827 0.0 0.008547008547008546 0.0 7.486794384258791e-05