0 0.16666666666666666 0.0 1.0 0.0 0.05734074698639314 0.03466188967008813 0.015075376884422108 0.006297229219143577 0.1666666666666667
1 0.017241379310344827 0.0 1.0 0.06896551724137931 0.0212201750141724 0.0172409562093374 0.0068445676659157845 0.003040041692000347 0.018882392607714182
0 0.06666666666666667 0.0 1.0 0.0 0.017779834446532403 0.009442885956435911 0.0065326633165829154 0.0020151133501259445 0.10700519567830533
0 0.05 0.0 1.0 0.0 0.028933574511838568 0.023435066545726805 0.009547738693467336 0.004030226700251889 0.10301715793903021
0 0.03333333333333333 0.0 1.0 0.0 0.018526978750481676 0.013115119383938766 0.005025125628140704 0.0020990764063811922 0.00032315192272537526
0 0.011904761904761904 0.0 1.0 0.0 0.02868533605424916 0.017907901608307908 0.01094759511844939 0.003418495861820799 0.04545419297616522
0 0.012987012987012986 0.0 1.0 0.0 0.008837424776635478 0.013804260171226945 0.004568296025582458 0.0025188916876574302 0.00016948764611808526
0 0.03125 0.0 1.0 0.0 0.020935536534981723 0.01180360744554489 0.0037688442211055275 0.001889168765743073 0.1252000773242116
0 0.01111111111111111 0.0 1.0 0.0 0.01551984908997146 0.014164328934653869 0.006030150753768845 0.0025188916876574307 0.0001087867452492035
0 0.008333333333333333 0.0 1.0 0.0 0.021523673126582158 0.01311511938393877 0.006490787269681743 0.0012594458438287151 7.00537948823893e-05
0 0.004545454545454545 0.0 1.0 0.0 0.02954327207476084 0.01621238346925994 0.00979899497487437 0.0025188916876574307 0.011863340554780511
0 0.009259259259259259 0.0 1.0 0.0 0.017051062947141836 0.0 0.005862646566164155 0.0 0.06654151716604564
0 0.004273504273504274 0.0 1.0 0.0 0.03456678576417216 0.015278078837355415 0.011864879955332216 0.0030786453960257487 3.07287309579627e-05
1 0.0037593984962406013 0.0 1.0 0.0 0.03330444710360652 0.004778737120626042 0.012166093626024863 0.000928012727031685 2.7228874058456463e-05
0 0.004166666666666667 0.0 1.0 0.125 0.02898125783795784 0.010047306764896829 0.010050251256281407 0.0018891687657430732 0.03751453278116575
0 0.004807692307692308 0.0 1.0 0.15384615384615385 0.01812852105464125 0.004988791499554659 0.005991495941244685 0.000968804495252858 6.40297034311558e-05
0 0.0058823529411764705 0.0 1.0 0.0 0.007210894205453693 0.0016384436276848553 0.0030150753768844224 0.0005037783375314861 0.0001991753382342294
0 0.005555555555555555 0.0 1.0 0.0 0.020333006432531393 0.004969090404929955 0.007537688442211055 0.0012594458438287153 0.04290219868678883
0 0.02631578947368421 0.0 1.0 0.0 0.01486981575947632 0.0 0.0037688442211055275 0.0 0.0019270269790967708
0 0.005 0.0 1.0 0.0 0.02762321403882606 0.01345714373284013 0.010552763819095479 0.0027707808564231737 0.07128748329000126
0 0.003663003663003663 0.0 1.0 0.0 0.04719969219040258 0.017989768283213088 0.01468882875918052 0.0036814570819608604 0.03479244327240081
0 0.0026737967914438505 0.0 1.0 0.11764705882352941 0.011646038190719563 0.0010694874929302624 0.004729530002955956 0.000296340198547933 9.374670432751917e-05
0 0.004830917874396135 0.0 1.0 0.0 0.019713725754940053 0.0 0.005862646566164155 0.0 0.00011895234332457983
0 0.005208333333333333 0.0 1.0 0.0 0.025596375885650204 0.003242714474710528 0.010992462311557788 0.0006297229219143577 0.00011158625981580324
0 0.0044444444444444444 0.0 1.0 0.0 0.05642992019071061 0.016468223067892453 0.01591289782244556 0.0030786453960257487 0.05138394216423023
0 0.006410256410256411 0.0 1.0 0.0 0.030222026515605824 0.004664060196430297 0.006281407035175879 0.0008396305625524769 0.00017808088605807346
0 0.001949317738791423 0.0 1.0 0.21052631578947367 0.017383365396769605 0.009521649734969613 0.006479767257339329 0.001988598700782182 4.093569011617358e-05
0 0.0015527950310559005 0.0 1.0 0.08695652173913043 0.023676755905391964 0.0 0.007209962857767095 0.0 2.4051401164622064e-05
0 0.0016420361247947454 0.0 1.0 0.0 0.0224782790657741 0.007891552036238099 0.007059105049054796 0.0015593139018831713 0.02729491607159667
0 0.004166666666666667 0.0 1.0 0.0 0.01572098109913187 0.010494135441968167 0.005339195979899498 0.001889168765743073 0.0002354366098697923
0 0.002150537634408602 0.0 1.0 0.0 0.022313063246726477 0.010249905222320058 0.007035175879396985 0.0018471872376154492 0.04525100256087374
0 0.005208333333333333 0.0 1.0 0.0 0.007951577049377509 0.0 0.0016750418760469012 0.0 0.0005159722908273383
0 0.003787878787878788 0.0 1.0 0.0 0.01548599361943825 0.0 0.007537688442211056 0.0 0.0630811807207243
0 0.004201680672268907 0.0 1.0 0.0 0.008218008666601847 0.0 0.0028715003589375445 0.0 0.000458576023618668
0 0.05263157894736842 0.0 1.0 0.0 0.04644103635122458 0.033677774157771255 0.0167973124300112 0.007599211933577257 0.05263157894736843
0 0.0625 0.0 1.0 0.0 0.029591087272268883 0.011060764736757399 0.011968085106382979 0.0053475935828877 0.07719667834549394
0 0.03333333333333333 0.0 1.0 0.0 0.04030126862718388 0.03091337741573743 0.010106382978723403 0.0074866310160427805 0.04308387918561682
0 0.025 0.0 1.0 0.0 0.028479213030123563 0.01420218350022349 0.011170212765957447 0.00641711229946524 0.05095933354341679
1 0.018181818181818184 0.0 1.0 0.0 0.028031053400632666 0.007510107806281458 0.011605415860735008 0.0038891589693728734 0.05417369018514628
0 0.01515151515151515 0.0 1.0 0.0 0.028382506379762928 0.0050067385375209715 0.012088974854932301 0.0009722897423432182 0.06274931031247438
0 0.012987012987012986 0.0 1.0 0.0 0.04950348196424064 0.03539072747481904 0.017408123791102514 0.005833738454059309 0.05021094929643572
0 0.015625 0.0 1.0 0.0 0.05766479515632522 0.044208222047872496 0.014627659574468085 0.004679144385026738 0.05455089690743987
0 0.013888888888888888 0.0 1.0 0.0 0.0468518618677158 0.029235494733662434 0.012632978723404254 0.0 0.07870329982662382
0 0.005263157894736842 0.0 1.0 0.0 0.030962532205253065 0.017585259990172894 0.007278835386338186 0.0 0.026610542070742205
0 0.008264462809917356 0.0 1.0 0.0 0.024469891088688536 0.007510107806281458 0.013056092843326888 0.002430724355858046 0.05481953998294545
0 0.011904761904761904 0.0 1.0 0.0 0.0362651298849761 0.0 0.0060790273556231 0.0 0.060966058636241674
0 0.007692307692307693 0.0 1.0 0.0 0.032871654554726445 0.008261118586909604 0.01648936170212766 0.0026737967914438505 0.057366249754808564
0 0.03571428571428571 0.0 1.0 0.0 0.12020782563311794 0.0 0.031914893617021274 0.0 0.31209824553279886
0 0.0047619047619047615 0.0 1.0 0.0 0.05559423976056566 0.007428187186231533 0.016717325227963525 0.0015278838808250573 0.06072570840573753
0 0.00625 0.0 1.0 0.0 0.03783383878938718 0.0 0.00851063829787234 0.0 0.06877966418120016
0 0.008403361344537815 0.0 1.0 0.0 0.048128959513296175 0.0 0.018996960486322188 0.0 0.09827402112684668
0 0.01111111111111111 0.0 1.0 0.0 0.016136246122716073 0.011882129826627771 0.005319148936170212 0.0021390374331550803 0.0008804406005601705
0 0.007518796992481203 0.0 1.0 0.0 0.04514125007126467 0.021355306154321418 0.0182370820668693 0.004583651642475172 0.06541699726757702
0 0.09090909090909091 0.0 1.0 0.0 0.04598439641522087 0.04212534526497884 0.017428167687235045 0.00994318181818182 0.09090909090909093
0 0.03333333333333333 0.0 1.0 0.13333333333333333 0.031783671207596884 0.016881618364942782 0.010362694300518135 0.005555555555555555 0.04550658337872227
0 0.02564102564102564 0.0 1.0 0.15384615384615385 0.03186230973454942 0.02990099504671511 0.010761259465922678 0.006410256410256409 0.018953707799432253
1 0.019230769230769232 0.0 1.0 0.0 0.02860959660885393 0.020212997738294682 0.010761259465922678 0.004006410256410256 0.053710605820516226
0 0.0125 0.0 1.0 0.0 0.022823130364443528 0.014482839047111614 0.010362694300518137 0.0016276041666666665 0.044865826532158655
0 0.01515151515151515 0.0 1.0 0.0 0.019933836797803 0.004073989323345753 0.009420631182289212 0.0009469696969696969 0.07033950693205326
0 0.015873015873015872 0.0 1.0 0.0 0.05980018218999558 0.05510229865401836 0.019573978123200924 0.010416666666666668 0.10959560322330722
0 0.009615384615384616 0.0 1.0 0.0 0.03110345103273469 0.02387811507878888 0.011956954962136309 0.003205128205128205 0.05284933298158945
0 0.007407407407407407 0.0 1.0 0.06666666666666667 0.058030253957774273 0.03553050734930817 0.01692573402417962 0.005208333333333333 0.04460921673447106
0 0.016666666666666666 0.0 1.0 0.0 0.0 0.0 0.0017271157167530226 0.0 0.0012891450155325453
0 0.008264462809917356 0.0 1.0 0.0 0.011460082347164568 0.004073989323345753 0.004239284032030146 0.0009469696969696969 0.00028100800556153346
0 0.016666666666666666 0.0 1.0 0.0 0.035751366017374955 0.0 0.012435233160621761 0.0 0.06293774663960676
0 0.004807692307692308 0.0 1.0 0.0 0.015603879815350071 0.003352493870989791 0.0038860103626943004 0.0006510416666666666 0.00014323395836567213
0 0.007936507936507936 0.0 1.0 0.0 0.02683520325512763 0.0 0.004605641911341394 0.0 0.00024242789846985158
0 0.013333333333333332 0.0 1.0 0.0 0.03765766098317293 0.0 0.01450777202072539 0.0 0.15945165825166116
0 0.03125 0.0 1.0 0.0 0.0 0.0 0.01295336787564767 0.0 0.009896875635299224
0 0.004901960784313725 0.0 1.0 0.0 0.0454755066345238 0.016834852030412625 0.015975820379965457 0.003472222222222222 0.0624768546682346
0 0.00505050505050505 0.0 1.0 0.0 0.029010867072550513 0.015013027334876063 0.009420631182289212 0.002840909090909091 0.022072238492187615