0 0.034482758620689655 0.0 1.0 0.06896551724137931 0.05872349320866493 0.06260484683138823 0.02429081025989468 0.013997951519289863 0.034482758620689655
1 0.009433962264150943 0.0 1.0 0.03773584905660377 0.05802765286007252 0.058690924567815744 0.02249279672832048 0.010368017933868864 0.012539575691772147
0 0.02222222222222222 0.0 1.0 0.0 0.048706704181893816 0.04382971642400769 0.021674876847290643 0.008910891089108912 0.06877342606325526
0 0.03571428571428571 0.0 1.0 0.0 0.05243777145542073 0.054626208477796874 0.026038001407459536 0.010608203677510608 0.14549258993636743
0 0.010526315789473684 0.0 1.0 0.0 0.08443046779729366 0.08697575629277084 0.033964220897070255 0.016675351745700888 0.042564918116660896
0 0.01282051282051282 0.0 1.0 0.0 0.019133666229457166 0.01850271747098982 0.011367942402425162 0.004188880426504189 0.02349331872728525
0 0.0049261083743842365 0.0 1.0 0.0 0.04993769467819612 0.048021009160269565 0.024630541871921176 0.009730283373164905 0.026430981001059037
0 0.015625 0.0 1.0 0.0 0.07600329161441317 0.0534589057360633 0.03263546798029557 0.01051980198019802 0.12156165336398495
0 0.018518518518518517 0.0 1.0 0.0 0.07860108166196822 0.07127854098141774 0.02873563218390805 0.014026402640264028 0.18359866565680735
0 0.004166666666666667 0.0 1.0 0.0 0.026364144019933252 0.014715218193405837 0.009852216748768473 0.0030940594059405946 0.022233834326956487
0 0.038461538461538464 0.0 1.0 0.15384615384615385 0.059254412885578096 0.06439090274836287 0.022353714661406968 0.014588859416445622 0.03846153846153847
0 0.016129032258064516 0.0 1.0 0.06451612903225806 0.03779602459233737 0.05667215599698406 0.012406947890818858 0.008342602892102336 0.024613771163938307
0 0.027777777777777776 0.0 1.0 0.0 0.0378070944811832 0.04339574185988789 0.017094017094017092 0.008620689655172415 0.076602061143558
0 0.011363636363636364 0.0 1.0 0.0 0.03809225945209884 0.03486777551154144 0.013986013986013986 0.006269592476489028 0.034646547255706754
0 0.022222222222222223 0.0 1.0 0.0 0.05312446736508439 0.027012581194227628 0.020892687559354223 0.006704980842911877 0.04816476689141184
0 0.00980392156862745 0.0 1.0 0.0 0.04015141961097866 0.028601556558593953 0.022624434389140274 0.007099391480730223 0.0414228440869289
0 0.2 0.0 1.0 0.0 0.05413640637356439 0.03150273718239544 0.023333333333333334 0.006722689075630252 0.2
0 0.021739130434782608 0.0 1.0 0.0 0.05307422706549843 0.05212791141439283 0.023188405797101453 0.013153087321885278 0.02168974722122181
0 0.03333333333333333 0.0 1.0 0.0 0.060852609414440394 0.05561984553340863 0.024166666666666663 0.006722689075630252 0.0638498382765232
0 0.03125 0.0 1.0 0.0 0.04607170167452823 0.0393784214779943 0.012499999999999999 0.0 0.10968787118315895
1 0.1 0.0 1.0 0.0 0.11219561720912564 0.0 0.041666666666666664 0.0 0.47799602979273237
0 0.016666666666666666 0.0 1.0 0.0 0.0580144848082196 0.034618020745145 0.026666666666666665 0.006722689075630252 0.00011104533762453951
0 0.02040816326530612 0.0 1.0 0.0 0.07178044959079131 0.05829727697576991 0.02857142857142857 0.012004801920768306 0.00018038352069216693
1 0.003048780487804878 0.0 1.0 0.0 0.06324170296019568 0.03749087089471001 0.030284552845528452 0.00819840131174421 0.008363975603599217
0 0.007936507936507936 0.0 1.0 0.0 0.05700060446647109 0.024727157675103573 0.02380952380952381 0.004801920768307323 0.042880480306404935