0 0.125 0.0 1.0 0.0 0.02402799451652053 0.013849916676068753 0.008992805755395683 0.0027043269230769234 0.12500000000000003
0 0.05555555555555555 0.0 1.0 0.0 0.0417197547562362 0.027765055392040612 0.02238209432454037 0.00641025641025641 9.034737042260095e-05
0 0.0196078431372549 0.0 1.0 0.0 0.026898557656589092 0.02304140410323792 0.011990407673860913 0.005514705882352942 0.0025335947917537577
0 0.017857142857142856 0.0 1.0 0.0 0.019810935458023756 0.013569253569930178 0.005481329222336416 0.0025755494505494496 6.179883706456219e-05
0 0.02 0.0 1.0 0.0 0.046680675130878056 0.03414708837923552 0.01990407673860911 0.008653846153846154 6.868804778295705e-05
0 0.009259259259259259 0.0 1.0 0.0 0.0061268030409925315 0.011707142109910728 0.0077271516120436985 0.003872863247863247 0.00012033426408149786
0 0.012987012987012986 0.0 1.0 0.0 0.020234074467810403 0.014413435947848108 0.006976237192064528 0.0024038461538461535 0.05749459076682542
0 0.020833333333333332 0.0 1.0 0.0 0.02718741171349083 0.007509666916476479 0.008792965627498 0.0 0.10726659208744789
0 0.015873015873015872 0.0 1.0 0.0 0.0583216472687792 0.04025672455620495 0.020897567660157584 0.008928571428571428 9.641595149292645e-05
0 0.016666666666666666 0.0 1.0 0.0 0.0325679513360058 0.025013701205731074 0.010391686650679457 0.004407051282051283 0.07657804831322403
0 0.015151515151515152 0.0 1.0 0.0 0.007230762829197233 0.012516111527460795 0.003597122302158273 0.0 0.00046050745668258295
0 0.013888888888888888 0.0 1.0 0.0 0.016574038987755127 0.02592384580219348 0.01398880895283773 0.004807692307692308 0.0004318291034659081
0 0.005494505494505495 0.0 1.0 0.0 0.0380361774475861 0.0206936888951321 0.015758821514217196 0.003949175824175824 4.612911788239383e-05
0 0.008928571428571428 0.0 1.0 0.0 0.038490740217214645 0.013707646811839471 0.016786570743405275 0.0033052884615384615 0.0567521967419906
0 0.009523809523809523 0.0 1.0 0.0 0.018221616537423598 0.011064512650167918 0.008221993833504625 0.0024038461538461544 0.0002933967191638803
0 0.003676470588235294 0.0 1.0 0.0 0.04249555990823176 0.021206175647877606 0.016927634363097757 0.005231900452488689 0.023846539764744462
0 0.029411764705882353 0.0 1.0 0.0 0.0337218162983239 0.0 0.007194244604316546 0.0 0.0013827654491747618
0 0.003472222222222222 0.0 1.0 0.0 0.026321434197727898 0.012652885381764446 0.008693045563549159 0.002704326923076923 0.036079419341398355
0 0.004048582995951417 0.0 1.0 0.0 0.038361288007689745 0.021901998986816926 0.01715550636413946 0.00573224852071006 5.196338872931641e-05
0 0.0035714285714285718 0.0 1.0 0.0 0.02214480342656028 0.010355830857856255 0.005823912298732442 0.002232142857142857 7.577958410315658e-05
0 0.009523809523809523 0.0 1.0 0.0 0.014477373096446793 0.0 0.006235011990407674 0.0 0.0004744492966578738
0 0.00909090909090909 0.0 1.0 0.0 0.040682405878610425 0.03043603974823511 0.019664268585131893 0.00625 0.00021164845080548188
0 0.005434782608695652 0.0 1.0 0.0 0.0067570558456850685 0.0024343859958967607 0.007194244604316547 0.0006009615384615385 0.00040905440692985207
0 0.003205128205128205 0.0 1.0 0.0 0.032155820409617376 0.026131637900117816 0.012174875484228003 0.005362426035502959 6.957490132866411e-05
0 0.0022222222222222222 0.0 1.0 0.0 0.031382255614124076 0.014899633308152018 0.012123634425792697 0.003472222222222222 3.67768502980265e-05
0 0.004273504273504274 0.0 1.0 0.0 0.04978824428301091 0.03694050899961865 0.02211564082067679 0.008814102564102564 7.447960421201723e-05
0 0.004115226337448559 0.0 1.0 0.0 0.04423972914641637 0.015142416654268048 0.016786570743405275 0.00373931623931624 0.03820790846840679
0 0.002976190476190476 0.0 1.0 0.16666666666666666 0.033992682242038365 0.012643680669291078 0.01179056754596323 0.00280448717948718 0.03212752793036625
0 0.0022988505747126436 0.0 1.0 0.0 0.017376386720329134 0.0015582527286501725 0.005915267785771382 0.0003205128205128205 0.03408656418349962
0 0.0047619047619047615 0.0 1.0 0.0 0.024503249072670225 0.0 0.0078794107571086 0.0 0.00013034909981451774
0 0.008064516129032258 0.0 1.0 0.0 0.0 0.0 0.0 0.0 0.0026913089303288048
0 0.004464285714285714 0.0 1.0 0.0 0.02638843771245411 0.0 0.007536827680712572 0.0 0.09295421846129096
0 0.0033670033670033673 0.0 1.0 0.0 0.050889566929011205 0.03314773990836871 0.022382094324540365 0.008547008547008548 7.382769370157379e-05
0 0.0024509803921568627 0.0 1.0 0.0 0.018214924346780844 0.003570739908077223 0.007194244604316546 0.0008012820512820514 0.050038863457341314
0 0.0047619047619047615 0.0 1.0 0.0 0.03918770287214147 0.039887342620865365 0.018784972022382097 0.008814102564102564 0.00018845290962290185
0 0.004629629629629629 0.0 1.0 0.0 0.06135474530498711 0.007433661798196039 0.01958433253397282 0.0016025641025641027 0.054862320378231695
0 0.0019305019305019305 0.0 1.0 0.0 0.04197504012402999 0.027446742700766392 0.01541623843782117 0.00686813186813187 3.985805704596037e-05
0 0.0043859649122807015 0.0 1.0 0.0 0.012467089472412892 0.012908598091862572 0.005595523581135092 0.00280448717948718 0.0005581576050950726
0 0.0017094017094017094 0.0 1.0 0.0 0.04668280631225182 0.015104251923210823 0.015027977617905674 0.003205128205128205 3.619150355406388e-05
0 0.0016666666666666668 0.0 1.0 0.0 0.020792521132255812 0.004999035871308112 0.007993605115907274 0.001121794871794872 0.012916029987970314
0 0.001876172607879925 0.0 1.0 0.0 0.04450832051649715 0.024581372233441694 0.019000184467810367 0.00628698224852071 0.022489945409452452
0 0.125 0.0 1.0 0.25 0.00868064086613886 0.0 0.006381381381381382 0.0026355421686746986 0.12500000000000003
0 0.038461538461538464 0.0 1.0 0.0 0.03384748786794416 0.01426353886531059 0.012705012705012704 0.003243744207599629 0.001583455908124142
1 0.041666666666666664 0.0 1.0 0.25 0.03554064696547307 0.020187799377785264 0.010510510510510511 0.0037650602409638554 0.06277618508457235
0 0.027777777777777776 0.0 1.0 0.0 0.04016193910959342 0.03594851250753129 0.018685352018685354 0.008366800535475236 5.970836014029831e-05
0 0.018181818181818184 0.0 1.0 0.18181818181818182 0.029578802750553964 0.010706327375417265 0.009282009282009283 0.0035596933187294635 0.0382647368619585
0 0.018518518518518517 0.0 1.0 0.0 0.03993065876906624 0.03385746736880692 0.018351685018351684 0.008366800535475236 5.9813658327238905e-05
0 0.014285714285714285 0.0 1.0 0.0 0.06717959824774047 0.019132753111998337 0.030630630630630633 0.0051204819277108436 2.325008923095927e-05
0 0.0078125 0.0 1.0 0.125 0.04818392329133999 0.010211507983374588 0.020082582582582584 0.0026355421686746986 0.011249250633472813
0 0.015873015873015872 0.0 1.0 0.0 0.03998068850054903 0.008065459820794013 0.014157014157014158 0.0 5.635135620531077e-05
0 0.025 0.0 1.0 0.0 0.0537706358985783 0.009409703124259683 0.021021021021021023 0.0 0.00010238001322817103
0 0.00909090909090909 0.0 1.0 0.0 0.02227677190309333 0.01129164374911162 0.00930930930930931 0.0 4.036849172768198e-05
0 0.020833333333333332 0.0 1.0 0.0 0.05569192975773333 0.014114554686389523 0.021771771771771774 0.0 0.00010180182607706878
0 0.003663003663003663 0.0 1.0 0.0 0.01937191413967613 0.011594468693079134 0.010296010296010297 0.001721170395869191 1.7633305663836194e-05
0 0.017857142857142856 0.0 1.0 0.0 0.01401353784192761 0.0 0.0037537537537537537 0.0 0.00043538859050909495
0 0.007407407407407408 0.0 1.0 0.0 0.05642024847246005 0.014836379104886348 0.025358692025358693 0.003012048192771084 3.6855061904906425e-05
0 0.015625 0.0 1.0 0.0 0.05097610569572532 0.0 0.01951951951951952 0.0 0.0001032836672569822
0 0.00980392156862745 0.0 1.0 0.0 0.026589137319357147 0.01848119807501429 0.015015015015015015 0.004016064257028113 0.00016983046296765994
0 0.007936507936507936 0.0 1.0 0.2857142857142857 0.026545978597198344 0.00538115490468407 0.011583011583011584 0.0012908777969018932 0.00013370298620857534
0 0.008771929824561403 0.0 1.0 0.0 0.04555395547691374 0.03931093954521673 0.01951951951951952 0.00853413654618474 9.43852519287956e-05
0 0.005 0.0 1.0 0.2 0.037356216648269235 0.005613272240161995 0.010810810810810811 0.0012048192771084338 0.041093639466752194
0 0.005291005291005291 0.0 1.0 0.0 0.04016193910959342 0.0275843319526338 0.018351685018351684 0.0070281124497991974 5.970836014029831e-05
0 0.005050505050505051 0.0 1.0 0.2222222222222222 0.031704276280641056 0.009491151560948763 0.010010010010010012 0.0020080321285140565 0.05084524662579557
0 0.004830917874396135 0.0 1.0 0.0 0.03807717338570005 0.0275843319526338 0.018351685018351684 0.0070281124497991974 5.9813658327238905e-05
0 0.004166666666666667 0.0 1.0 0.0 0.06717959824774047 0.01536887186229446 0.030630630630630633 0.003313253012048193 2.3252597171714263e-05
0 0.002857142857142857 0.0 1.0 0.14285714285714285 0.05387581458651029 0.011858066883500449 0.0235950235950236 0.0025817555938037863 0.012863931124044773
0 0.006410256410256411 0.0 1.0 0.0 0.03989144712470622 0.0 0.014014014014014016 0.0 6.739803328890656e-05
0 0.012345679012345678 0.0 1.0 0.0 0.0 0.0 0.002002002002002002 0.0 0.0014217751372582554
0 0.005952380952380952 0.0 1.0 0.0 0.04892891804989383 0.0 0.01701701701701702 0.0 6.335321344589884e-05
0 0.0034482758620689655 0.0 1.0 0.0 0.0445656292987877 0.025793215379930373 0.021321321321321324 0.005421686746987951 3.840687955362748e-05
0 0.0022222222222222222 0.0 1.0 0.0 0.05313934537334024 0.014525696793524808 0.022022022022022022 0.003012048192771084 1.7968679919779226e-05
0 0.0026881720430107525 0.0 1.0 0.16666666666666666 0.03172856314511884 0.01855000606674959 0.015265265265265266 0.004016064257028112 4.0601202419470345e-05
0 0.00625 0.0 1.0 0.0 0.006030926741681828 0.0 0.006606606606606606 0.0 0.0004287134428517807
0 0.007575757575757576 0.0 1.0 0.0 0.015522409780052749 0.006711270188675263 0.0075075075075075074 0.0015060240963855422 0.00029711601437968445
0 0.007352941176470588 0.0 1.0 0.5 0.028567220394861433 0.0 0.006756756756756757 0.0 0.0002356625935677863
0 0.0047619047619047615 0.0 1.0 0.0 0.03698484479373765 0.0 0.015515515515515518 0.0 6.763819407489681e-05
0 0.004629629629629629 0.0 1.0 0.3333333333333333 0.03504406093749147 0.02612298719935019 0.01151151151151151 0.006024096385542168 0.00010253150981097674
0 0.009009009009009009 0.0 1.0 0.3333333333333333 0.06240768477753517 0.0 0.026026026026026026 0.0 0.0001380063850925415
0 0.008771929824561403 0.0 1.0 0.6666666666666666 0.006254297171680109 0.0 0.0 0.0 0.0010023580402787424
0 0.008547008547008546 0.0 1.0 0.6666666666666666 0.0 0.0 0.0 0.0 0.0011219655319218169
0 0.008333333333333333 0.0 1.0 0.6666666666666666 0.0 0.0 0.0 0.0 0.001145297325991214
0 0.0040650406504065045 0.0 1.0 0.0 0.028744221343533854 0.010051384637779978 0.01001001001001001 0.0020080321285140565 0.00012510556374563568
0 0.003968253968253968 0.0 1.0 0.0 0.02462727680263638 0.005577204511996469 0.009509509509509509 0.0010040160642570282 0.0001413897675131361
0 0.004651162790697674 0.0 1.0 0.0 0.021865880791504273 0.0 0.016216216216216217 0.0 0.00023551506305072184
1 0.03225806451612903 0.0 1.0 0.0 0.024743147894621752 0.01125814086705728 0.008710510961073602 0.002211743103951928 0.03225806451612903
0 0.05555555555555555 0.0 1.0 0.0 0.029440389120044413 0.012678009007989603 0.010048808498420901 0.002443582003737243 0.15773438837027137
0 0.05555555555555555 0.0 1.0 0.3333333333333333 0.024233461124561956 0.009262355472494375 0.0103359173126615 0.0017248814144027599 0.15830569102681066
0 0.03571428571428571 0.0 1.0 0.0 0.027919551859148444 0.018986124039303418 0.013658176448874125 0.004435409351321382 0.0004021124621977834
0 0.025 0.0 1.0 0.0 0.0264364985252223 0.01512041620353697 0.01388888888888889 0.0042043984476067275 0.0003719778969443129
0 0.016666666666666666 0.0 1.0 0.0 0.035857319730026475 0.009071731465741468 0.016537467700258397 0.001811125485122898 0.00015630743331843057
0 0.012987012987012986 0.0 1.0 0.0 0.03634159190979229 0.010912862533596947 0.017148226450552032 0.00258732212160414 0.04916263107782735
0 0.008333333333333333 0.0 1.0 0.0 0.051075341585913314 0.013299018966007508 0.02291128337639965 0.0027598102630444154 0.024504112319403373
0 0.007407407407407407 0.0 1.0 0.13333333333333333 0.037940779040786375 0.008830116468395108 0.016020671834625324 0.002501078050884002 0.015097517444401815
0 0.009090909090909092 0.0 1.0 0.0 0.027069155809693247 0.006890345577675369 0.012567535823349775 0.0014112666117840763 0.06854298329226761
0 0.012987012987012988 0.0 1.0 0.0 0.02273081813212749 0.012416540983058787 0.011997046880767812 0.00258732212160414 0.00048607610862242117
0 0.013888888888888888 0.0 1.0 0.0 0.011411078182391489 0.005839010627249348 0.009905254091300603 0.001509271237602415 0.0012316865932635028
0 0.005494505494505495 0.0 1.0 0.14285714285714285 0.013244829765908562 0.00577346412355242 0.005998523440383906 0.001201256699316208 0.06481768262306856
0 0.006493506493506493 0.0 1.0 0.0 0.02655345018002225 0.010541375106943857 0.013976979093258162 0.0019992943666941082 0.007359443327892435
0 0.007407407407407408 0.0 1.0 0.0 0.04194115462419322 0.009582933243761783 0.016795865633074936 0.0020123616501365534 0.06667363382527264
0 0.008928571428571428 0.0 1.0 0.0 0.014193040518588882 0.00808284977297339 0.005352528608342562 0.00036961744594344855 0.0007645504271021342
0 0.006535947712418301 0.0 1.0 0.0 0.03148407320674219 0.01567451877040342 0.013207005455067472 0.00301854247520483 0.09411200247189125
0 0.027777777777777776 0.0 1.0 0.0 0.0 0.004041424886486695 0.002583979328165375 0.0 0.018781493244234646
0 0.004784688995215311 0.0 1.0 0.18181818181818182 0.02990149672409415 0.008383503559856238 0.008926474042753112 0.0009408444078560508 0.09887978904044648
0 0.01 0.0 1.0 0.4 0.022623934435800734 0.0025157818956732412 0.005167958656330749 0.000517464424320828 0.1407603738689958
0 0.004329004329004329 0.0 1.0 0.0 0.031603835904218655 0.018831811107132047 0.015621329574817948 0.004116194284370222 0.06408054498089565
0 0.005681818181818182 0.0 1.0 0.0 0.027445549377048597 0.017141128646780315 0.01388888888888889 0.0035575679172056922 0.0003716814429974614
0 0.007246376811594203 0.0 1.0 0.0 0.04144872293725525 0.005388566515315593 0.01808785529715762 0.00043122035360068997 0.0002906126697809255
0 0.0018115942028985505 0.0 1.0 0.43478260869565216 0.03385112800294658 0.0019526221117504247 0.016346477923828782 0.00022498453231340347 0.01875036881049623
0 0.02 0.0 1.0 0.0 0.0 0.0 0.0 0.0 0.014431715565298939
0 0.002564102564102564 0.0 1.0 0.13333333333333333 0.017425344188392696 0.010468075769876023 0.005684754521963825 0.0017248814144027599 0.058549318622516486
0 0.004115226337448559 0.0 1.0 0.0 0.05164143420386583 0.009948890515671556 0.02339936836060867 0.00215610176800345 0.00012295957957141737
0 0.0032467532467532465 0.0 1.0 0.9090909090909091 0.018370380960318393 0.0 0.006225041108762039 0.0 0.00017165588916241822
0 0.0028735632183908046 0.0 1.0 0.8333333333333334 0.020253759448306655 0.0026942832576577966 0.006782945736434109 0.00043122035360068997 0.00015386440320461407
0 0.002564102564102564 0.0 1.0 0.0 0.022084750235880433 0.004146220706866552 0.008050089445438282 0.000995123892924669 0.08700910810298314
0 0.0035842293906810036 0.0 1.0 0.0 0.02704400292653468 0.006990295157544025 0.013494114269308067 0.00129366106080207 0.10212113080040713
0 0.002840909090909091 0.0 1.0 0.0 0.013121857801235504 0.004382266191368544 0.004698144233027953 0.0008232388568740445 0.05678003207237366
0 0.004329004329004329 0.0 1.0 0.2857142857142857 0.005597131927113678 0.0 0.002953119232189 0.0 0.001516108106192628
0 0.0032679738562091504 0.0 1.0 0.0 0.026341204739169108 0.017528458447079676 0.014068331897789265 0.004743423889607589 0.00029783637923059647
0 0.0015873015873015873 0.0 1.0 0.0 0.022644939308883498 0.0036447212463370047 0.007464829170255526 0.0007905706482679315 0.030076763086032837
0 0.005555555555555555 0.0 1.0 0.0 0.028222228708327607 0.012874125530200153 0.007751937984496124 0.002328589909443726 0.11835631711989543
0 0.003861003861003861 0.0 1.0 0.2857142857142857 0.018299771592380946 0.005565501585320977 0.006090808416389812 0.0012936610608020697 0.10058723181179176
0 0.0029239766081871343 0.0 1.0 0.0 0.025710912409171546 0.017327795429889967 0.013924777490668965 0.004599683771740692 0.00030110099714657766
0 0.002564102564102564 0.0 1.0 0.0 0.021234855341201876 0.0030538004058103274 0.008268733850129198 0.000517464424320828 0.00018534878407753576
0 0.003125 0.0 1.0 0.0 0.020916442269212927 0.0020207124432433474 0.008397932816537466 0.0003234152652005175 0.00023794451062266562
0 0.001876172607879925 0.0 1.0 0.0 0.0341744803379355 0.00907781278817247 0.009938382031405287 0.0017912230072644046 0.09348053149476096
0 0.003968253968253968 0.0 1.0 0.3333333333333333 0.020645527703500782 0.0038432802115397798 0.0049526270456503015 0.0008624407072013799 0.10687500812076627
0 0.002583979328165375 0.0 1.0 0.0 0.026341204739169108 0.017528458447079676 0.014068331897789265 0.004743423889607589 0.00029813194017946454
0 0.0015151515151515152 0.0 1.0 0.0 0.01468011705723368 0.00407173387441377 0.006718346253229975 0.000689952565761104 0.06295443595253492
0 0.0015873015873015873 0.0 1.0 0.0 0.027299278666360755 0.005840762998572347 0.010335917312661497 0.0012012566993162075 0.0812982612059627
0 0.0036231884057971015 0.0 1.0 0.3333333333333333 0.022647288205937113 0.005220930586007681 0.008613264427217915 0.001078050884001725 0.15830936909052232
0 0.002127659574468085 0.0 1.0 0.0 0.03384296295836124 0.01559501588690097 0.016795865633074936 0.004139715394566623 0.07062600809680358
0 0.0026041666666666665 0.0 1.0 0.0 0.025427447673396004 0.01309970376029362 0.01388888888888889 0.0035575679172056922 0.00037324967844429226
0 0.006802721088435374 0.0 1.0 0.0 0.08318066322314903 0.0 0.034022394487510765 0.0 0.19463625088400197
0 0.0011764705882352942 0.0 1.0 0.11764705882352941 0.06051904853993409 0.005494553365182359 0.024547803617571057 0.0009131725135073435 0.01668928248779473
0 0.0032679738562091504 0.0 1.0 0.0 0.05431888283749672 0.0 0.021963824289405687 0.0 0.00022521580953784766
0 0.0027472527472527475 0.0 1.0 0.2857142857142857 0.03239710319314012 0.0033046526289142284 0.010151347360649685 0.0007392348918868971 0.17112577168296242
0 0.0020964360587002098 0.0 1.0 0.0 0.045256322184513705 0.002000260871959607 0.016078093597473444 0.00043122035360068997 0.059874464609445774
0 0.0020576131687242796 0.0 1.0 0.0 0.02989242207612762 0.009861381687011244 0.014642549526270456 0.002012361650136553 0.0858303599184091
0 0.0036363636363636364 0.0 1.0 0.4 0.005638472591351772 0.003984628824538224 0.009302325581395349 0.001034928848641656 0.002457624405050607
0 0.002551020408163265 0.0 1.0 0.0 0.015074144585771125 0.0020863812001776544 0.008674787744555186 0.0005544261689151728 0.019852556217077943
0 0.002506265664160401 0.0 1.0 0.0 0.03551684011481568 0.0047800657854108275 0.014581026208933185 0.0009240436148586214 0.00812158042777725
0 0.0021551724137931034 0.0 1.0 0.0 0.025941386882785963 0.0017965380640195614 0.011143410852713177 0.0003234152652005175 0.0004895599903751772
0 0.0014124293785310734 0.0 1.0 0.16666666666666666 0.023098543953832668 0.0046159233634276865 0.007536606373815677 0.0008624407072013799 0.0932964059798392
0 0.001851851851851852 0.0 1.0 0.0 0.025710912409171546 0.017327795429889967 0.013924777490668965 0.004599683771740692 0.0003017695316371648
0 0.0020491803278688526 0.0 1.0 0.0 0.02722166462880572 0.01309970376029362 0.014211886304909561 0.0035575679172056922 0.0003686642923503766
0 0.001075268817204301 0.0 1.0 0.0 0.05590616558257131 0.006158831901238743 0.023428079242032725 0.0012936610608020697 5.5997936054820494e-05
1 0.001221001221001221 0.0 1.0 0.15384615384615385 0.03198111424140375 0.003835271071762281 0.012323593718942557 0.0007960991143397354 0.020835676614532166
0 0.0013020833333333333 0.0 1.0 0.0 0.023955269452561923 0.0011976920426797076 0.010012919896640826 0.00021561017680034498 0.000199841424544651
0 0.003076923076923077 0.0 1.0 0.0 0.04030257188497703 0.010659891329440388 0.01808785529715762 0.002328589909443726 0.0003707124165903767
0 0.0025252525252525255 0.0 1.0 0.0 0.016899218963478298 0.004493964351906634 0.007105943152454779 0.001078050884001725 0.025795613989492035
0 0.004975124378109453 0.0 1.0 0.0 0.0 0.0 0.002583979328165375 0.0 0.016153223183821893
0 0.004901960784313725 0.0 1.0 0.0 0.021542901258235162 0.0047907681707188305 0.009905254091300603 0.0008624407072013799 0.06001928709219198
0 0.0024154589371980675 0.0 1.0 0.0 0.01451529899459257 0.0048294954855666785 0.006244616709732989 0.001078050884001725 0.027985389843140588
0 0.0011904761904761904 0.0 1.0 0.0 0.03074661056378968 0.0073366495189705295 0.014211886304909561 0.0014014661492022424 0.0498261668495848
0 0.002012072434607646 0.0 1.0 0.0 0.013972888591850014 0.0043426006931669495 0.008859357696566999 0.0009240436148586214 0.02233671088171607
0 0.0027777777777777775 0.0 1.0 0.0 0.02340975740066236 0.0 0.01111111111111111 0.0 0.19331626026441567
0 0.0027397260273972603 0.0 1.0 0.0 0.008475104458551283 0.00539275722228796 0.003875968992248062 0.00129366106080207 0.007591895692397899
0 0.0022522522522522522 0.0 1.0 0.0 0.011392645381628352 0.00808913583343194 0.004306632213608958 0.0019404915912031048 0.0008016167378573119
0 0.0044444444444444444 0.0 1.0 0.0 0.019143584910930406 0.0 0.009474590869939707 0.0 0.07709185315050708
0 0.0008771929824561403 0.0 1.0 0.13333333333333333 0.016887183734085338 0.010468075769876023 0.005684754521963825 0.0017248814144027599 0.05846755214618462
0 0.001443001443001443 0.0 1.0 0.0 0.05164143420386583 0.012169429793739826 0.023255813953488372 0.0025873221216041395 0.00012292037853607206
0 0.0011655011655011655 0.0 1.0 0.9090909090909091 0.018029053995420003 0.0 0.0061075875029363395 0.0 0.0001722153146962993
0 0.0010548523206751054 0.0 1.0 0.8333333333333334 0.022783458402730477 0.0026942832576577966 0.0074289405684754535 0.00043122035360068997 0.00015245825982542965
0 0.0004032258064516129 0.0 1.0 0.12903225806451613 0.014196418819514188 0.0004820115513554303 0.004834541968825539 0.00012519300588407128 0.020455730571120684
0 0.1111111111111111 0.0 1.0 0.2222222222222222 0.016835694426956246 0.006740067825791185 0.0064516129032258064 0.0028766630708378284 0.11111111111111113
0 0.07142857142857142 0.0 1.0 0.0 0.03666634653481748 0.026355434027129716 0.01566820276497696 0.006010171058714748 7.527359389126086e-05
0 0.02564102564102564 0.0 1.0 0.0 0.03764084921746022 0.01581677374372609 0.01662531017369727 0.004232013940751806 2.9472002561198786e-05
0 0.025 0.0 1.0 0.0 0.0668859092338403 0.020556873893797564 0.030645161290322576 0.005501618122977346 1.9495180819679917e-05
0 0.0125 0.0 1.0 0.125 0.04837966768506157 0.010971587865632244 0.020564516129032255 0.004449838187702266 0.011745779938692722
0 0.018518518518518517 0.0 1.0 0.0 0.044631992151922845 0.007989781652568837 0.015770609318996417 0.003236245954692557 3.30658608263455e-05
0 0.047619047619047616 0.0 1.0 0.0 0.007220798100241429 0.018724740304644442 0.004301075268817204 0.003236245954692557 0.0007993219392905003
0 0.020833333333333332 0.0 1.0 0.0 0.048738414452309524 0.04532162936313707 0.024193548387096777 0.00916936353829558 6.992408831357125e-05
0 0.015873015873015872 0.0 1.0 0.0 0.017647137353579416 0.014443002483838254 0.011059907834101382 0.0 0.00012031043188538442
0 0.0125 0.0 1.0 0.0 0.034348171013387815 0.03135044804788778 0.021774193548387097 0.0052588996763754045 6.125102029992815e-05
0 0.010101010101010102 0.0 1.0 0.0 0.03497096853286537 0.022221143406685816 0.013261648745519715 0.0021574973031283713 3.539058810114206e-05
0 0.010416666666666666 0.0 1.0 0.0 0.009842312516023674 0.010110101738686778 0.00282258064516129 0.0 0.061037169800273676
1 0.019230769230769232 0.0 1.0 0.0 0.056650195960999926 0.010110101738686778 0.021774193548387097 0.0 8.466220258854315e-05
0 0.011904761904761904 0.0 1.0 0.0 0.05683949472177401 0.051876351526846144 0.026344086021505373 0.009169363538295576 6.883916652328002e-05
0 0.006666666666666666 0.0 1.0 0.0 0.038438273838522025 0.013571894315176997 0.014838709677419354 0.0016181229773462782 4.0860831358289704e-05
0 0.010416666666666666 0.0 1.0 0.0 0.06370217371699932 0.006740067825791185 0.024731182795698924 0.0 4.820636929418307e-05
0 0.008403361344537815 0.0 1.0 0.0 0.05545605384030172 0.0057772009935353015 0.022119815668202765 0.0 4.1180693741843664e-05
0 0.004629629629629629 0.0 1.0 0.16666666666666666 0.04438957729281934 0.02891925521402947 0.019086021505376343 0.005933117583603021 3.066580567150488e-05
0 0.005847953216374269 0.0 1.0 0.2222222222222222 0.02922566474451412 0.0 0.009318996415770608 0.0 0.059274532050156016
0 0.005555555555555556 0.0 1.0 0.0 0.03622225899691808 0.019151786230677006 0.018637992831541217 0.0050341603739661985 5.5725524149793236e-05
0 0.004329004329004329 0.0 1.0 0.0 0.06691769070060055 0.015011666543929865 0.029325513196480937 0.003236245954692557 1.7378308143768008e-05
0 0.003246753246753247 0.0 1.0 0.14285714285714285 0.05185065807895312 0.009650357063954913 0.02211981566820276 0.0020804438280166435 0.013484161837921052
0 0.004347826086956522 0.0 1.0 0.0 0.02836666576938421 0.0035954017436559764 0.01096774193548387 0.0006472491909385113 3.268528359189158e-05
0 0.006944444444444444 0.0 1.0 0.0 0.0864129849679574 0.0 0.03494623655913978 0.0 3.8251883028222784e-05
0 0.013333333333333334 0.0 1.0 0.0 0.020340462192713935 0.0 0.005376344086021505 0.0 0.0005021615176308596
0 0.006410256410256411 0.0 1.0 0.0 0.05467888786690128 0.04869166327603266 0.025806451612903226 0.009169363538295576 6.844506970698327e-05
0 0.006172839506172839 0.0 1.0 0.0 0.05269873006203737 0.042734903071013686 0.026881720430107527 0.008629989212513484 6.9341041995672e-05
0 0.0035714285714285713 0.0 1.0 0.0 0.03679014407001109 0.0067421645354932185 0.012903225806451613 0.0012944983818770227 3.130325101545525e-05
0 0.008620689655172414 0.0 1.0 0.0 0.0552835865087625 0.0 0.02338709677419355 0.0 8.51299648814315e-05
0 0.005555555555555556 0.0 1.0 0.0 0.05467888786690128 0.04869166327603266 0.025806451612903226 0.009169363538295576 6.834763989802045e-05
0 0.005376344086021505 0.0 1.0 0.0 0.03963792713072198 0.0 0.015053763440860214 0.0 0.005763886413862069
0 0.002840909090909091 0.0 1.0 0.0 0.026338430637713305 0.01771298360687408 0.018768328445747797 0.00441306266548985 4.544273270199503e-05
0 0.0025252525252525255 0.0 1.0 0.16666666666666666 0.03788070007150746 0.02386420434468608 0.018279569892473115 0.005124056094929881 3.163639922704161e-05
0 0.0058823529411764705 0.0 1.0 0.0 0.004858786947532376 0.0 0.0032258064516129032 0.0 0.04181055402684205
0 0.007142857142857143 0.0 1.0 0.0 0.01754429858450091 0.0 0.004838709677419355 0.0 0.00029298307751503115
0 0.006944444444444444 0.0 1.0 0.5 0.04126906186943875 0.0 0.01129032258064516 0.0 0.00016443236502786313
0 0.0045045045045045045 0.0 1.0 0.0 0.041798853494407456 0.0 0.016129032258064516 0.0 5.591055177193094e-05
0 0.0043859649122807015 0.0 1.0 0.3333333333333333 0.023966257547720343 0.018763333886131415 0.00913978494623656 0.004314994606256742 0.00010517271547879583
0 0.008547008547008546 0.0 1.0 0.3333333333333333 0.07491492349111435 0.0 0.02903225806451613 0.0 0.00011292145895841034
0 0.008333333333333333 0.0 1.0 0.6666666666666666 0.0 0.0 0.0032258064516129032 0.0 0.0008208705272506428
0 0.008130081300813009 0.0 1.0 0.6666666666666666 0.0 0.0 0.0 0.0 0.00106313347026494
0 0.007936507936507936 0.0 1.0 0.6666666666666666 0.017173698818586564 0.0 0.002150537634408602 0.0 0.0005958003447042755