0 0.034482758620689655 0.0 1.0 0.0 0.048519600042682756 0.009805139811376366 0.012638230647709319 0.002073330423395898 0.034482758620689655
0 0.0625 0.0 1.0 0.0 0.05524903152776437 0.010940148510318843 0.015995260663507108 0.001977848101265823 0.23374575737570388
0 0.020833333333333332 0.0 1.0 0.125 0.05347434124154376 0.014560256283720988 0.014514218009478672 0.003065664556962026 0.08242924124777483
0 0.022727272727272728 0.0 1.0 0.0 0.04384563464889218 0.008471937544106472 0.012350998132988652 0.0017261219792865364 0.16654298402413245
0 0.018181818181818184 0.0 1.0 0.0 0.04523578129077641 0.008088663099910222 0.01278184690506965 0.0014384349827387803 0.1645113697574647
0 0.007575757575757575 0.0 1.0 0.0 0.02661333623317043 0.008787994013803858 0.008832399827660492 0.0016542002301495981 0.08150188348888797
0 0.02040816326530612 0.0 1.0 0.0 0.012684035560297865 0.011736934770936541 0.004062288422477996 0.002486437613019892 0.002775477807672184
0 0.025 0.0 1.0 0.0 0.07287918953512147 0.01823991035779544 0.021169036334913113 0.0034810126582278484 0.3807572127283777
0 0.01111111111111111 0.0 1.0 0.2 0.0482856623412863 0.0087722930622306 0.01548183254344392 0.002373417721518987 0.18277321942859281
0 0.0125 0.0 1.0 0.0 0.03787859153448029 0.005052558063186245 0.008886255924170614 0.0021756329113924054 0.24230559470773655
0 0.005050505050505051 0.0 1.0 0.0 0.042162344089274995 0.01452712521601043 0.012462699666491134 0.002812939521800282 0.07419953472650215
0 0.003623188405797101 0.0 1.0 0.0 0.020326849227667473 0.011510103415699488 0.0074867779380451945 0.0012383048981838194 0.0002662257725328959
0 0.038461538461538464 0.0 1.0 0.0 0.016149291647961087 0.00494307189438958 0.005529225908372828 0.0 0.012202748294178868
1 0.0013736263736263735 0.0 1.0 0.038461538461538464 0.048336633329122386 0.010288358603712938 0.0127901324583789 0.001156280428432327 0.014973707544401913
0 0.011111111111111112 0.0 1.0 0.0 0.019805660719281776 0.003295381262926387 0.0071090047393364926 0.0005274261603375527 0.0006693938418509117
0 0.0125 0.0 1.0 0.0 0.03404919556433829 0.008358196403556912 0.01579778830963665 0.0015822784810126584 0.000546849708192981
0 0.008403361344537815 0.0 1.0 0.0 0.016705694913101417 0.01380970487883463 0.004965019183028662 0.0022603978300180833 0.0006379956430800663
0 0.001182033096926714 0.0 1.0 0.0 0.034869357363463804 0.010656035390332467 0.01196598433666095 0.0020199299757608412 0.025916543159744013
0 0.0043859649122807015 0.0 1.0 0.0 0.027295884594754665 0.0023503604458229824 0.01079515534491838 0.0005274261603375527 0.00494739633493405
0 0.002173913043478261 0.0 1.0 0.0 0.04185796451546309 0.007452210041051864 0.010783707672230233 0.001375894331315355 0.05786731270912269
0 0.011904761904761904 0.0 1.0 0.0 0.07693614608411867 0.00494307189438958 0.02290679304897314 0.0007911392405063291 0.48710055150262466
0 0.005050505050505051 0.0 1.0 0.0 0.030351091389363562 0.0021969208419509246 0.010180796910654731 0.00035161744022503517 0.007819219809533281
0 0.0010869565217391304 0.0 1.0 0.0 0.026772532677696297 0.0051497808266521 0.011295418641390201 0.0009493670886075951 0.002186471867068395
0 0.0020833333333333333 0.0 1.0 0.0 0.03649015843735441 0.0028235055822301027 0.011453396524486572 0.0005537974683544304 0.0850165858441229
0 0.003076923076923077 0.0 1.0 0.0 0.033234657112578066 0.0 0.0074128083606756585 0.0 0.141371761006833
0 0.0018315018315018315 0.0 1.0 0.0 0.026042929188260778 0.0025820811800921018 0.006996163394267658 0.0004520795660036167 0.08536951077408547
0 0.0015432098765432098 0.0 1.0 0.0 0.05282956424993337 0.0025080313367936784 0.011650868878357026 0.0005274261603375527 0.0400940509722321
0 0.003968253968253968 0.0 1.0 0.0 0.010010257738148112 0.0 0.0036861506055818846 0.0 0.001787708252275448
0 0.0019157088122605363 0.0 1.0 0.0 0.026977529894368343 0.0010984604209754623 0.009215376513954713 0.00017580872011251758 0.0027364094544088825
0 0.0010416666666666667 0.0 1.0 0.03125 0.01235797948780384 0.0006178839867986975 0.0037519747235387046 9.889240506329114e-05 0.0006463185535031358
0 0.0032258064516129032 0.0 1.0 0.0 0.021131108653178875 0.001977228757755832 0.00726698262243286 0.00031645569620253165 0.00026941068648161676
0 0.004464285714285714 0.0 1.0 0.0 0.020514188106179183 0.004711348703468121 0.006770480704129994 0.0011301989150090416 0.0005013774604438503
0 0.0030303030303030303 0.0 1.0 0.0 0.012823961402992282 0.0 0.004897314375987362 0.0 0.00034847803156817314
0 0.001547987616099071 0.0 1.0 0.0 0.008387207097098353 0.0008576666532045834 0.004406751475846014 0.00016655562958027982 0.00017135689413923
0 0.002857142857142857 0.0 1.0 0.0 0.019906836950660624 0.0016295666410887084 0.008214849921011059 0.00031645569620253165 0.000901087195565767
0 0.0015432098765432098 0.0 1.0 0.0 0.016176736187269992 0.0018321911624598248 0.007284535720554678 0.000439521800281294 0.001400792548759453
0 0.0045045045045045045 0.0 1.0 0.0 0.023413919941673505 0.00842637079431433 0.008162190626645603 0.0018459915611814346 0.000571221206135242
0 0.0043859649122807015 0.0 1.0 0.0 0.016663975598351956 0.0 0.0031595576619273306 0.0 0.0007626517120663208
0 0.0028490028490028487 0.0 1.0 0.0 0.006986824147250264 0.0 0.002281902755836405 0.0 0.0005510224347706896
0 0.002272727272727273 0.0 1.0 0.0 0.01535290936972452 0.002998130993116077 0.0038776389487289965 0.0007192174913693901 0.0003530726532304931
0 0.0016260162601626016 0.0 1.0 0.13333333333333333 0.017127750119181884 0.0032850071556775958 0.005897840968931016 0.0007383966244725738 0.00016774943389030562
0 0.125 0.0 1.0 0.0 0.07190844656240025 0.02364324086066734 0.015817901234567902 0.004256965944272446 0.125
0 0.0625 0.0 1.0 0.0 0.00420012708316708 0.016925812740541408 0.003472222222222222 0.003095975232198143 0.008932801467447666
0 0.0196078431372549 0.0 1.0 0.0 0.12055546981877867 0.018840622544868412 0.027777777777777773 0.004735020943361864 0.028899601354241227
0 0.006756756756756757 0.0 1.0 0.10810810810810811 0.02981221630243291 0.01597577262463312 0.010010010010010015 0.003681700276127519 0.023990930224628913
1 0.028571428571428574 0.0 1.0 0.0 0.06033149197747263 0.01658038799073444 0.015873015873015872 0.003095975232198143 0.13961210662723644
0 0.020833333333333332 0.0 1.0 0.0 0.0024105103682517085 0.009671892994595092 0.0 0.002708978328173375 0.000697972369867992
0 0.007936507936507936 0.0 1.0 0.0 0.016465329231935753 0.011582761826362715 0.005658436213991769 0.0008599931200550396 9.262002673034773e-05
0 0.041666666666666664 0.0 1.0 0.0 0.14579119004178878 0.0064479286630633945 0.03189300411522634 0.0 0.32554596781597517
0 0.013888888888888888 0.0 1.0 0.0 0.05850648249709756 0.007092787336564748 0.015046296296296295 0.0015479876160990713 0.12168158252562658
0 0.0125 0.0 1.0 0.0 0.06002158658504368 0.012089866243243864 0.01427469135802469 0.0 0.12012015219843405
0 0.004784688995215311 0.0 1.0 0.10526315789473684 0.0538786978511533 0.016742869963148697 0.012020792722547108 0.0008147303242626691 0.04773393506029158
0 0.010416666666666666 0.0 1.0 0.0 0.08586728455744502 0.019343785989190183 0.020061728395061727 0.0030959752321981426 0.12072788663412158
0 0.006410256410256411 0.0 1.0 0.0 0.051626778896186665 0.0 0.012860082304526748 0.0 0.07938220451085758
0 0.017857142857142856 0.0 1.0 0.0 0.012058571793044197 0.0 0.0030864197530864196 0.0 0.0011384287924960184
0 0.022222222222222223 0.0 1.0 0.0 0.006316849885103875 0.0 0.006172839506172839 0.002063983488132095 0.0031782454475703065
0 0.002717391304347826 0.0 1.0 0.0 0.029087310645026218 0.0014954625639920537 0.007783145464304882 0.0005384304751648944 0.041541008684142074
0 0.003095975232198142 0.0 1.0 0.0 0.048546572328374935 0.0020361879988621246 0.00958414554905783 0.00032589212970506764 0.03604006695464958
0 0.00326797385620915 0.0 1.0 0.0 0.023832100555826165 0.0 0.005809731299927378 0.0 0.05723384855439055
0 0.004048582995951417 0.0 1.0 0.0 0.07948158433021149 0.002975967075260028 0.017094017094017092 0.00047630388187663733 0.05286478696005795
0 0.0033333333333333335 0.0 1.0 0.0 0.0469092075947187 0.0025791714652253577 0.013991769547325098 0.00041279669762641903 0.06269249511430826
0 0.004329004329004329 0.0 1.0 0.0 0.048507927507635266 0.007817190675413008 0.009259259259259259 0.0014072614691809737 0.08720742635631194
0 0.004132231404958678 0.0 1.0 0.0 0.05991742779323542 0.01973669694066466 0.01515151515151515 0.003377427526034337 0.08792079536932557
0 0.0033444816053511705 0.0 1.0 0.0 0.06159473111607266 0.00529163676489496 0.017331433998100665 0.0009526077637532747 0.0719701373177243
0 0.0026041666666666665 0.0 1.0 0.0 0.04558108084016014 0.0021497274357385773 0.010995370370370369 0.0003869969040247678 0.058453014007657164
0 0.0022222222222222222 0.0 1.0 0.0 0.07602775585451042 0.0031523499273621103 0.017489711934156375 0.0006879944960440317 0.03125688042758537
0 0.3333333333333333 0.0 1.0 0.0 0.03255647808313788 0.007918939004446677 0.007590132827324478 0.0012674271229404308 0.3333333333333333
0 0.038461538461538464 0.0 1.0 0.15384615384615385 0.010696427512408959 0.0072075375982755185 0.00481681506349438 0.0023398654577361797 3.0334682102706448e-05
0 0.027777777777777776 0.0 1.0 0.0 0.0767458340709286 0.017597984375797186 0.01913345983554712 0.0028517110266159697 7.4609648944320615e-06
0 0.08333333333333333 0.0 1.0 0.0 0.055711674468128115 0.025556220229063897 0.02340290955091714 0.005069708491761723 8.028547243612456e-05
0 0.009523809523809525 0.0 1.0 0.0 0.05745912507187755 0.026026745163647808 0.017891027378693407 0.0048886474741988055 3.9748502706601886e-06
0 0.008771929824561403 0.0 1.0 0.0 0.07480501092443904 0.021036245062632613 0.0202736442624588 0.0035021012607564547 3.6755088888064404e-06
0 0.015873015873015872 0.0 1.0 0.0 0.07435445983971542 0.02243904670809299 0.02192705039004849 0.0038022813688212928 1.1164455987297038e-05
0 0.025 0.0 1.0 0.0 0.08287263195843135 0.009502726805336013 0.018216318785578747 0.0019011406844106464 2.362006669396985e-05
0 0.008547008547008546 0.0 1.0 0.0 0.03359257776105286 0.014121102865170912 0.01050941468398774 0.002632348639953203 1.2073436318645603e-05
0 0.008333333333333333 0.0 1.0 0.0 0.03428904602208472 0.014499907880274115 0.011385199240986717 0.002376425855513308 1.479189420079927e-05
0 0.01818181818181818 0.0 1.0 0.0 0.04666367154659697 0.022460777241440348 0.019734345351043642 0.004182509505703422 4.551924795325803e-05
0 0.011904761904761904 0.0 1.0 0.0 0.061495135607917785 0.019421721507686427 0.018704255895906748 0.0032590983161325366 1.701339444726737e-05
0 0.006410256410256411 0.0 1.0 0.0 0.051864113206970784 0.020676441613691 0.018975332068311198 0.0036438529784537394 1.0615220741721865e-05
0 0.0037593984962406013 0.0 1.0 0.0 0.06005066903931488 0.022710405222130105 0.01987416358733646 0.003502101260756454 4.379283649569865e-06
0 0.007407407407407408 0.0 1.0 0.0 0.05747949477006088 0.017281292725598238 0.01454775458570525 0.0021123785382340513 0.010360303372337051
0 0.020833333333333332 0.0 1.0 0.0 0.0 0.0 0.0 0.0 0.0007313634155435553
0 0.003676470588235294 0.0 1.0 0.0 0.05686527007868118 0.009563353095588176 0.014943074003795067 0.001782319391634981 0.0088995904140481
1 0.0016835016835016834 0.0 1.0 0.0 0.025303112494653755 0.003313205176028822 0.008337645908803402 0.0005761032377001959 3.2160741804973887e-06
0 0.013157894736842105 0.0 1.0 0.0 0.012683918610854956 0.00794006751200126 0.0028462998102466793 0.0019011406844106464 0.0001493335512531391
0 0.003125 0.0 1.0 0.0 0.03170088350990613 0.0055067579934128886 0.008420303605313094 0.0010693916349809886 1.016728261210651e-05
0 0.006802721088435374 0.0 1.0 0.0 0.06561378157126657 0.012634059503874988 0.01924640824071564 0.0021727322107550242 0.01387297122048632
0 0.0034965034965034965 0.0 1.0 0.0 0.019321198308299196 0.0031308354138019313 0.0070062764559918255 0.000584966364434045 1.92464998050643e-05
0 0.005434782608695652 0.0 1.0 0.0 0.02311145216765436 0.005280319100711486 0.008064516129032258 0.0009505703422053232 4.568404215086844e-05
0 0.004629629629629629 0.0 1.0 0.0 0.060935621278484814 0.016415840923158075 0.014758591608686486 0.0031685678073510772 1.2497898536684352e-05
0 0.013333333333333334 0.0 1.0 0.0 0.03050496479061386 0.007918939004446677 0.006957621758380772 0.0012674271229404308 0.00013375001424882835
0 0.002564102564102564 0.0 1.0 0.0 0.043648599519487734 0.0022870630829487774 0.010879190385831754 0.0006337135614702154 7.384715471140548e-06
0 0.0026455026455026454 0.0 1.0 0.0 0.016327251839376982 0.0 0.007590132827324479 0.0 0.02853817893869442
0 0.003968253968253968 0.0 1.0 0.0 0.02923366348731112 0.007626101158836224 0.010331014126080541 0.001267427122940431 2.3583718436806843e-05
0 0.003134796238244514 0.0 1.0 0.0 0.004844514356181145 0.0031187223858392416 0.0022425392444367777 0.0008641548565502938 6.560710439660141e-05
0 0.0030303030303030303 0.0 1.0 0.0 0.03494402832937041 0.0062298676289115505 0.00897015697774711 0.0012098167991704113 1.572659755936021e-05
0 0.0024813895781637717 0.0 1.0 0.0 0.07530783603282122 0.009977282827546945 0.017953583418479056 0.0019011406844106464 0.0051853597739864345
0 0.0015625 0.0 1.0 0.0 0.027983777863135623 0.009872194935177867 0.008064516129032258 0.001806083650190114 7.1966170722511156e-06
0 0.0027548209366391185 0.0 1.0 0.0 0.01997673330482279 0.0021597106375763667 0.006037605658099016 0.0003456619426201175 2.7190899182747536e-05
0 0.004201680672268907 0.0 1.0 0.0 0.016614083866971302 0.0 0.003252914068853348 0.0 8.337107168757848e-05
0 0.007142857142857143 0.0 1.0 0.0 0.0696225254318382 0.0 0.015654648956356737 0.0 3.4213493259878905e-05
0 0.0030864197530864196 0.0 1.0 0.0 0.04479771777486802 0.0 0.012017710309930424 0.0 0.011969190394752026
0 0.001589825119236884 0.0 1.0 0.0 0.054613324599232134 0.0057505670510021745 0.011608438441790379 0.0011183180496533215 5.002004085509251e-06
0 0.001644736842105263 0.0 1.0 0.0 0.019002049573343855 0.005196803721668133 0.003320683111954459 0.0008317490494296577 1.8094813466926526e-05
0 0.003663003663003663 0.0 1.0 0.0 0.06646854217641156 0.01657745399210102 0.014367037137435621 0.002987506789788159 2.1093703810600338e-05
0 0.004166666666666667 0.0 1.0 0.0 0.03145469119104817 0.0032632639960965266 0.009171410499683744 0.0006337135614702154 4.411025246790848e-05
0 0.0022172949002217295 0.0 1.0 0.0 0.05807480747470173 0.002669943269533522 0.012075211316198032 0.0005184929139301763 8.498854310083624e-06
0 0.0047619047619047615 0.0 1.0 0.0 0.013132360893629564 0.0 0.0022770398481973433 0.0 0.00011995217367128431
0 0.0012919896640826874 0.0 1.0 0.0 0.045909280271933924 0.004986454824020665 0.01412608053974278 0.0008449514152936206 5.464810448858797e-06
0 0.002840909090909091 0.0 1.0 0.0 0.009667599138056863 0.0 0.004032258064516129 0.0 6.866350596171515e-05
0 0.001388888888888889 0.0 1.0 0.0 0.012355784380835937 0.001484801063333752 0.004032258064516129 0.0002376425855513308 1.836702130890057e-05
0 0.003105590062111801 0.0 1.0 0.0 0.024126321389100463 0.01018149300571716 0.006505828137706696 0.0016295491580662683 5.1664677279846625e-05
0 0.001182033096926714 0.0 1.0 0.0 0.015902239778424906 0.0 0.006325110689437065 0.0 1.3265625493380113e-05