0 0.043478260869565216 0.0 1.0 0.08695652173913043 0.03722061134475745 0.04445247894907182 0.01018409714061888 0.009090909090909092 0.043478260869565216
0 0.03125 0.0 1.0 0.125 0.038512830873719296 0.039050267965677676 0.011824324324324325 0.005681818181818182 0.022581568767324915
0 0.017543859649122806 0.0 1.0 0.0 0.05182667667476772 0.017273666452598414 0.015647226173541962 0.0009569377990430621 0.018156273235955703
0 0.020833333333333332 0.0 1.0 0.0 0.026962451755455585 0.0 0.01051051051051051 0.0 0.03236473106986608
1 0.016666666666666666 0.0 1.0 0.0 0.021909623686279755 0.0 0.01051051051051051 0.0 0.032824341020164134
0 0.01515151515151515 0.0 1.0 0.0 0.044752479464344436 0.0 0.011466011466011465 0.0 0.006543247380791455
0 0.02040816326530612 0.0 1.0 0.0 0.04414656305489416 0.0 0.01673101673101673 0.0 0.031543186153714035
0 0.011363636363636364 0.0 1.0 0.0 0.04560396319586325 0.00918164577512146 0.009828009828009828 0.001652892561983471 9.73513241243622e-05
1 0.02040816326530612 0.0 1.0 0.0 0.036303267639577086 0.016344070193676938 0.01262635895479687 0.002904532599556677 0.02040816326530612
0 0.03125 0.0 1.0 0.0 0.04835125962816445 0.019989035276553872 0.01588785046728972 0.0033941947565543063 0.08672729854991451
0 0.16666666666666666 0.0 1.0 0.0 0.0 0.005850227410588417 0.0 0.0009363295880149813 0.036496504795258136
0 0.011363636363636364 0.0 1.0 0.0 0.06311868455787256 0.029944064325007128 0.020305862361937124 0.005362614913176713 0.047387433460673645
0 0.025 0.0 1.0 0.0 0.034767887985496605 0.023400909642353664 0.012616822429906542 0.003745318352059925 0.04467687649524084
0 0.010416666666666666 0.0 1.0 0.0 0.028732006163587582 0.011375947714173114 0.009813084112149532 0.002340823970037453 0.09144053740299905
0 0.023809523809523808 0.0 1.0 0.0 0.00996891934743756 0.009750379017647361 0.004361370716510903 0.0018726591760299626 0.032299558298934786
0 0.0625 0.0 1.0 0.0 0.0 0.005850227410588417 0.0 0.0009363295880149813 0.07415769859105013
0 0.007407407407407407 0.0 1.0 0.0 0.05175009109984697 0.028118072536324496 0.01545171339563863 0.003620474406991261 0.060078696800328256
0 0.02 0.0 1.0 0.0 0.03595840992883452 0.0070202728927061 0.010093457943925233 0.0 0.14806506578146486
0 0.006060606060606061 0.0 1.0 0.0 0.04782758525370183 0.020803639521721047 0.014205607476635514 0.003620474406991261 0.021744793328475422
0 0.003623188405797101 0.0 1.0 0.0 0.036568304749350675 0.012833131490981711 0.011621292157659488 0.0022797589969060414 0.034336257536239624
1 0.01098901098901099 0.0 1.0 0.0 0.08123952105566776 0.046004869031859345 0.026969292389853135 0.008293204922418406 0.13468329446011226
0 0.007142857142857143 0.0 1.0 0.0 0.06062999655530886 0.03120545928258157 0.017383177570093458 0.0054307116104868915 0.03266971863995475
0 0.006060606060606061 0.0 1.0 0.0 0.05521503692178285 0.021986533081704975 0.0151231945624469 0.003915560095335376 0.029831518522182906
1 0.001736111111111111 0.0 1.0 0.05555555555555555 0.06261661331126368 0.026799305577802867 0.01926272066458982 0.0046816479400749065 0.016822524731065557
0 0.00196078431372549 0.0 1.0 0.0 0.05170059042322692 0.022596625960914423 0.016323987538940807 0.004182272159800249 0.031886714016957016
0 0.003968253968253968 0.0 1.0 0.0 0.02331551596825327 0.0 0.008544726301735648 0.0 0.09536228185302993
0 0.0023923444976076554 0.0 1.0 0.0 0.018614492157000284 0.00407770696751682 0.0065420560747663555 0.0006809669731018046 0.02054988668208997
0 0.0029411764705882353 0.0 1.0 0.0 0.10880123257192291 0.045432788881233616 0.03089609675645959 0.008041418814716898 0.03795338374066026
0 0.0018315018315018315 0.0 1.0 0.0 0.023861478765992837 0.0018000699724887437 0.007692307692307692 0.0002881014116969173 0.034462999404745814
1 0.0011655011655011655 0.0 1.0 0.0 0.04981685357848007 0.01224496901512459 0.015672178289000718 0.0024008450974743107 0.020314389938641313
0 0.0036231884057971015 0.0 1.0 0.0 0.039742845558494305 0.004810213518523746 0.014018691588785047 0.0009363295880149813 0.07471305309649902
0 0.001736111111111111 0.0 1.0 0.0 0.04559323246066336 0.018276790491029486 0.014330218068535827 0.003433208489388265 0.0407026582784347
0 0.0018181818181818182 0.0 1.0 0.0 0.0508295008736505 0.013314744197182567 0.016397621070518266 0.0028089887640449437 0.04701208893635982
0 0.0016025641025641027 0.0 1.0 0.0 0.05249986310821566 0.007300744990313628 0.017211838006230534 0.0014044943820224719 0.03912077256381253
0 0.003367003367003367 0.0 1.0 0.0 0.05667458782911728 0.0056740507599065204 0.0183517417162277 0.0010214504596527069 0.052982100451769716
0 0.002551020408163265 0.0 1.0 0.0 0.09786271898349011 0.05544393559478073 0.029372496662216287 0.009497057249866237 0.05514667551132545
0 0.0021551724137931034 0.0 1.0 0.125 0.07666850380479814 0.030541067191126463 0.025116822429906538 0.0052668539325842695 0.052821465652852014
0 0.004166666666666667 0.0 1.0 0.0 0.05078928606248534 0.032642265096820146 0.012850467289719626 0.005852059925093633 0.020291155011364994
0 0.0024813895781637717 0.0 1.0 0.0 0.06594200250361401 0.02286372523482279 0.02099209202012941 0.004177470469605301 0.0770517380892434
0 0.07142857142857142 0.0 1.0 0.0 0.03141343031324042 0.020637631294825532 0.012725779967159274 0.005367464905037158 0.07142857142857144
0 0.020833333333333332 0.0 1.0 0.0 0.05562417190222573 0.02792394650612245 0.01700191570881226 0.006262042389210017 0.020413226977082855
0 0.03333333333333333 0.0 1.0 0.0 0.03156930750921831 0.031702943069049694 0.011494252873563218 0.0034682080924855487 0.08605285492117942
0 0.011904761904761904 0.0 1.0 0.0 0.0455004536364947 0.024780913678222643 0.013136288998357963 0.002202036884117809 0.0004855458499804119
0 0.015384615384615385 0.0 1.0 0.0 0.06615221697710327 0.017805565316547547 0.020335985853227233 0.0035571365051133837 0.04735732039715261
0 0.013888888888888888 0.0 1.0 0.0 0.08074768886527135 0.021406149109628066 0.023946360153256702 0.0038535645472061657 0.042949427774056685
0 0.02040816326530612 0.0 1.0 0.0 0.07990245985779079 0.009174063904126313 0.02955665024630542 0.0016515276630883566 0.09666576046437422
0 0.008928571428571428 0.0 1.0 0.0 0.04711540199938453 0.007359675318382121 0.014367816091954021 0.0016515276630883566 6.483874472579703e-05
0 0.018518518518518517 0.0 1.0 0.0 0.06368003787888818 0.0 0.02203065134099617 0.0 0.14192400519506856
0 0.0071428571428571435 0.0 1.0 0.14285714285714285 0.030769117249833663 0.010318815647412766 0.009031198686371101 0.0016515276630883566 0.0587145522060729
0 0.005050505050505051 0.0 1.0 0.0 0.025926440771105758 0.008025745503543262 0.007024265644955301 0.0012845215157353885 0.045005888015788954
0 0.003968253968253968 0.0 1.0 0.0 0.05827272989303953 0.011022492815005624 0.01669403393541325 0.002202036884117809 0.023700074255722937