0 0.07142857142857142 0.0 1.0 0.0 0.022155672451275973 0.011248454890494305 0.0078095238095238105 0.002864782276546982 0.07142857142857142
1 0.038461538461538464 0.0 1.0 0.0 0.008750298707359506 0.0 0.0022564102564102567 0.0024681201151789383 8.763407071102969e-05
0 0.015873015873015872 0.0 1.0 0.0 0.015169630681080097 0.016868745854292017 0.0077460317460317455 0.002801120448179271 0.03618929169745627
0 0.041666666666666664 0.0 1.0 0.0 0.0220497508553559 0.013921664158886874 0.004888888888888889 0.0022281639928698753 0.00031741758245628634
0 0.04 0.0 1.0 0.0 0.042291156373369616 0.0133647975925314 0.009066666666666667 0.0021390374331550803 0.10030621623446993
1 0.008771929824561403 0.0 1.0 0.0 0.023755875372280882 0.015826733991155608 0.006736842105263158 0.002533070644525752 0.005249505185874938
0 0.02040816326530612 0.0 1.0 0.0 0.014641956281807549 0.014319425991997927 0.004952380952380952 0.0022918258212375857 0.0002869166322765629
0 0.008928571428571428 0.0 1.0 0.0 0.025909765876185226 0.015512711491331087 0.006666666666666667 0.0009549274255156606 5.376078639393622e-05
0 0.009259259259259259 0.0 1.0 0.0 0.012626334704480631 0.0111373313271095 0.00488888888888889 0.0 0.018497587619718075
0 0.008333333333333333 0.0 1.0 0.0 0.030260028711973096 0.002784332831777375 0.009333333333333334 0.000445632798573975 0.0569943414317921
0 0.011363636363636364 0.0 1.0 0.0 0.03236715448801483 0.011837745305761916 0.016666666666666666 0.002339572192513369 0.00014625782712575562
0 0.005555555555555555 0.0 1.0 0.0 0.026204214544365428 0.010521285399599551 0.008355555555555554 0.00196078431372549 4.392882300220689e-05
0 0.006993006993006993 0.0 1.0 0.0 0.02180516765364672 0.0030374539983025906 0.006545454545454546 0.0004861448711716091 7.749658993562314e-05
0 0.003401360544217687 0.0 1.0 0.0 0.02081681107910079 0.0014145392650747348 0.005968253968253968 0.00025464731347084286 0.011325868392780542
0 0.0047619047619047615 0.0 1.0 0.0 0.01952242263357177 0.00702918799006103 0.006666666666666666 0.001336898395721925 0.025624434813535577
0 0.010416666666666666 0.0 1.0 0.0 0.06793898351152136 0.00902588747141758 0.016888888888888887 0.0022281639928698753 0.04016140408095344
0 0.0034602076124567475 0.0 1.0 0.0 0.024388875672248577 0.005924484827510992 0.007372549019607844 0.001100975149418056 4.4229847778779185e-05
0 0.004629629629629629 0.0 1.0 0.0 0.05044272943482966 0.013523742143809206 0.01311111111111111 0.0026737967914438505 0.017332089997147495
0 0.004048582995951417 0.0 1.0 0.0 0.03197105494683522 0.0066048907526463215 0.00882051282051282 0.0012340600575894696 4.959600161410287e-05
0 0.004166666666666667 0.0 1.0 0.0 0.024537658124952056 0.01290596390801603 0.007333333333333333 0.00267379679144385 8.15046409866949e-05
0 0.0047619047619047615 0.0 1.0 0.0 0.03373888694494737 0.011665303565607363 0.012266666666666665 0.0021390374331550803 8.020052420591458e-05
0 0.001893939393939394 0.0 1.0 0.0 0.02946230182894126 0.009463831163470363 0.008111111111111112 0.0020053475935828875 2.3777074977408006e-05
0 0.0036231884057971015 0.0 1.0 0.0 0.017866846244303815 0.011333962948386947 0.008 0.0022281639928698753 9.289960626392991e-05
0 0.003472222222222222 0.0 1.0 0.0 0.028055207127794496 0.0 0.004888888888888889 0.0 5.7550745885027946e-05
0 0.0033333333333333335 0.0 1.0 0.0 0.024785463648252144 0.0022947551630304454 0.007111111111111111 0.000445632798573975 6.0297551151538995e-05
0 0.0034965034965034965 0.0 1.0 0.0 0.021834090996399196 0.0 0.004606060606060607 0.0 0.00010751380858629655
0 0.003367003367003367 0.0 1.0 0.0 0.030344007890254054 0.008609269313281393 0.009454545454545453 0.0017015070491006319 0.030376577444023247
0 0.005952380952380952 0.0 1.0 0.0 0.01475141446975659 0.0 0.005333333333333333 0.0 0.0002829727847753047
0 0.0024630541871921183 0.0 1.0 0.0 0.023761579266135972 0.004917332492208097 0.007047619047619047 0.000954927425515661 4.49068398676343e-05
0 0.0030303030303030303 0.0 1.0 0.0 0.02182778184522771 0.00824130731856939 0.007272727272727273 0.0014584346135148273 0.05151762453402135
0 0.0625 0.0 1.0 0.0 0.015226323388275934 0.013382586081266993 0.00873015873015873 0.0037818471337579614 0.0625
0 0.05 0.0 1.0 0.0 0.04228713191897176 0.029921881349065184 0.018412698412698415 0.006369426751592357 0.03182271446064374
0 0.05555555555555555 0.0 1.0 0.0 0.03165649065582693 0.010821125961807657 0.010052910052910053 0.003715498938428875 0.018469467473348898
1 0.0078125 0.0 1.0 0.0 0.036315956166811755 0.019671121208983743 0.012698412698412693 0.004578025477707006 0.007055810684489765
0 0.02 0.0 1.0 0.0 0.025249451621623082 0.01761572957585098 0.009523809523809525 0.003821656050955414 0.04768741591655394
0 0.027777777777777776 0.0 1.0 0.0 0.029409561459114497 0.019898225714995 0.01164021164021164 0.003184713375796178 0.00036872938293815963
0 0.007936507936507936 0.0 1.0 0.0 0.0328968113567543 0.018365099421978545 0.010582010582010581 0.002123142250530786 5.6031397590392595e-05
0 0.0125 0.0 1.0 0.0 0.016943948038518737 0.01363608443285198 0.008253968253968255 0.0012738853503184715 0.03658875737261939
0 0.009259259259259259 0.0 1.0 0.0 0.042119023698850434 0.02128281974419026 0.0126984126984127 0.00291932059447983 9.216531122688034e-05
0 0.009090909090909092 0.0 1.0 0.0 0.05227239672528108 0.02539662340635488 0.01702741702741703 0.004342790966994788 9.14857686282222e-05
0 0.010101010101010102 0.0 1.0 0.0 0.011489556082983514 0.008843655873331111 0.00599647266313933 0.0007077140835102619 0.0003446274411408974
0 0.003623188405797101 0.0 1.0 0.0 0.04563110192213194 0.023874872954737322 0.014630779848171151 0.005123234561063417 0.008193938975450043
0 0.009615384615384616 0.0 1.0 0.0 0.02694825117584025 0.004422687654417582 0.005952380952380952 0.0007961783439490446 0.012916130390496515
0 0.002857142857142857 0.0 1.0 0.0 0.037398572174090004 0.013534280702266331 0.010793650793650793 0.003057324840764331 3.435920253529652e-05
0 0.005128205128205128 0.0 1.0 0.0 0.024904348140846497 0.014371306900134816 0.011233211233211231 0.0029397354238118573 0.023031565091728858
0 0.00625 0.0 1.0 0.0 0.0333694056133749 0.0 0.006349206349206349 0.0 0.00014372597022983832
0 0.004901960784313725 0.0 1.0 0.0 0.017411955367887397 0.0 0.004497354497354497 0.0 0.0001363760078012499
0 0.007936507936507936 0.0 1.0 0.0 0.041847578719099256 0.005685207347141429 0.009977324263038548 0.0009099181073703367 0.00020857837024573477
0 0.0043859649122807015 0.0 1.0 0.0 0.03718644995891391 0.009675521410443177 0.010582010582010583 0.0023885350318471337 0.000105600364785572
0 0.004545454545454546 0.0 1.0 0.0 0.03830923569231741 0.01055511426593801 0.01038961038961039 0.0026056745801968733 0.0001074165168942545
0 0.003968253968253968 0.0 1.0 0.0 0.028527867951840036 0.015358240450646744 0.01402116402116402 0.003184713375796179 0.028782026253945995
0 0.0025252525252525255 0.0 1.0 0.0 0.016377821250818676 0.006983254113944067 0.0074074074074074086 0.0014154281670205238 0.037723405275206734
0 0.002288329519450801 0.0 1.0 0.10526315789473684 0.010784155715386276 0.008203180982161119 0.004177109440267335 0.0016761649346295675 0.022609815254683613
0 0.008333333333333333 0.0 1.0 0.4 0.003967011348894241 0.0 0.0 0.0 0.0016399387853151316
0 0.07692307692307693 0.0 1.0 0.0 0.025801485246899472 0.006996387574772742 0.013442867811799847 0.00980392156862745 0.07692307692307693
0 0.03333333333333333 0.0 1.0 0.0 0.046050602909904065 0.041380634782606736 0.012944983818770222 0.011111111111111108 0.040985798881372416
0 0.0303030303030303 0.0 1.0 0.0 0.01905407753384106 0.0111373313271095 0.00794351279788173 0.00089126559714795 0.05608849814283952
0 0.041666666666666664 0.0 1.0 0.0 0.02199287636878668 0.0 0.004854368932038835 0.0 0.00018311737460951062
0 0.016666666666666666 0.0 1.0 0.0 0.054116004185283444 0.05256047587003291 0.009708737864077669 0.0016339869281045752 4.748823607747592e-05
0 0.01515151515151515 0.0 1.0 0.0 0.03365858242897705 0.02784332831777375 0.006178287731685789 0.0 6.442852451909161e-05
0 0.015873015873015872 0.0 1.0 0.0 0.0320849566164617 0.008825312194274966 0.010787486515641855 0.0021786492374727667 0.00269640591191793
0 0.013888888888888888 0.0 1.0 0.0 0.0 0.0 0.0 0.0 0.00014175610497373512
0 0.02222222222222222 0.0 1.0 0.0 0.0 0.0 0.0 0.0 0.0002861054957077487
0 0.008333333333333333 0.0 1.0 0.0 0.016872411545923723 0.018623322647628674 0.0048543689320388345 0.0032679738562091504 7.886173948186018e-05