1 0.03125 0.0 1.0 0.0 0.06558193560026644 0.03982889864805885 0.016203703703703703 0.007695895522388056 0.03125
0 0.03571428571428571 0.0 1.0 0.0 0.025575507891930117 0.02664410607466281 0.010582010582010581 0.0031982942430703624 0.02054179823947605
0 0.05555555555555555 0.0 1.0 0.0 0.0746750520754678 0.015542395210219972 0.01851851851851852 0.0 0.2148024518477255
0 0.016666666666666666 0.0 1.0 0.0 0.067792648735909 0.009961372238038665 0.01777777777777778 0.001990049751243781 0.07628177017827854
0 0.028571428571428574 0.0 1.0 0.0 0.041631588324747684 0.0 0.0074074074074074086 0.0 0.02721354648856678
0 0.00980392156862745 0.0 1.0 0.0 0.048293014906993725 0.0 0.013507625272331156 0.0 0.01739546523749832
0 0.012987012987012986 0.0 1.0 0.0 0.042637576096645355 0.006987015720271803 0.012121212121212121 0.0013568521031207597 0.11298345262564267
0 0.007352941176470588 0.0 1.0 0.0 0.02337789598209558 0.004876993585556175 0.01045751633986928 0.000877963125548727 0.07309753340908429
0 0.013888888888888888 0.0 1.0 0.0 0.06252309568164033 0.0 0.01666666666666667 0.0 0.15879527643750618
0 0.0125 0.0 1.0 0.0 0.036793741036823945 0.0 0.010185185185185186 0.0 0.036128668249384835
0 0.125 0.0 1.0 0.0 0.030320604854790212 0.028926124419020507 0.016605166051660517 0.00648148148148148 0.12499999999999997
1 0.16666666666666666 0.0 1.0 0.0 0.02329889609704881 0.015427266356810937 0.01968019680196802 0.0049382716049382715 0.326196596473562
0 0.047619047619047616 0.0 1.0 0.0 0.06984418122274526 0.03967011348894241 0.016868740115972586 0.007407407407407406 0.0001804267774590198
0 0.041666666666666664 0.0 1.0 0.0 0.06463022559600044 0.023140899535216405 0.025830258302583023 0.006172839506172839 0.00037300405739810485
0 0.02 0.0 1.0 0.0 0.045886175871143124 0.040626734451448876 0.014760147601476014 0.007407407407407407 0.00012259950734934289
0 0.008333333333333333 0.0 1.0 0.0 0.05802789943260438 0.034971669832464934 0.024354243542435428 0.0029629629629629632 0.0029297403211723913
0 0.014285714285714285 0.0 1.0 0.0 0.042233634164594594 0.009256359814086563 0.017712177121771217 0.0014814814814814816 0.0003169883295430511
0 0.017857142857142856 0.0 1.0 0.0 0.0745539170614529 0.0 0.014760147601476014 0.0 0.00016181992398566302
0 0.02222222222222222 0.0 1.0 0.0 0.02520295130507445 0.0 0.004428044280442804 0.0 0.0007333849271695116
0 0.007692307692307693 0.0 1.0 0.0 0.06272022323846974 0.019781007706444895 0.02441101334090264 0.003418803418803419 0.00017040557219077135
0 0.022727272727272728 0.0 1.0 0.0 0.07216974750007882 0.0 0.014760147601476014 0.0 0.0004540979153020609
0 0.008333333333333333 0.0 1.0 0.0 0.020690396705898135 0.0 0.005166051660516605 0.0 0.00025239795261452694
0 0.015384615384615385 0.0 1.0 0.0 0.09707426431320332 0.03497166983246493 0.025092250922509225 0.0059259259259259265 0.00025670045397289937
0 0.008928571428571428 0.0 1.0 0.0 0.07807214503598806 0.0 0.015682656826568265 0.0 0.00013601698321981989
0 0.009523809523809523 0.0 1.0 0.0 0.05537301944514323 0.013223371162980804 0.014760147601476013 0.0021164021164021165 0.00018666769132103357
0 0.005681818181818182 0.0 1.0 0.0 0.043677222389159456 0.006547809445641129 0.029520295202952032 0.0013468013468013469 0.007255590429725673
0 0.0053475935828877 0.0 1.0 0.0 0.022051348985301974 0.021037181395651278 0.012076484401207649 0.004713804713804713 0.09022482205476651
0 0.16666666666666666 0.0 1.0 0.0 0.02329889609704881 0.015427266356810937 0.01968019680196802 0.0049382716049382715 0.326196596473562
0 0.047619047619047616 0.0 1.0 0.0 0.06984418122274526 0.03967011348894241 0.016868740115972586 0.007407407407407406 0.0001804267774590198
0 0.041666666666666664 0.0 1.0 0.0 0.06463022559600044 0.023140899535216405 0.025830258302583023 0.006172839506172839 0.00037300405739810485
0 0.02 0.0 1.0 0.0 0.045886175871143124 0.040626734451448876 0.014760147601476014 0.007407407407407407 0.00012259950734934289
0 0.008333333333333333 0.0 1.0 0.0 0.05802789943260438 0.034971669832464934 0.024354243542435428 0.0029629629629629632 0.0029297403211723913
0 0.014285714285714285 0.0 1.0 0.0 0.042233634164594594 0.009256359814086563 0.017712177121771217 0.0014814814814814816 0.0003169883295430511
0 0.017857142857142856 0.0 1.0 0.0 0.0745539170614529 0.0 0.014760147601476014 0.0 0.00016181992398566302
0 0.02222222222222222 0.0 1.0 0.0 0.02520295130507445 0.0 0.004428044280442804 0.0 0.0007333849271695116
0 0.007692307692307693 0.0 1.0 0.0 0.06272022323846974 0.019781007706444895 0.02441101334090264 0.003418803418803419 0.00017040557219077135
0 0.022727272727272728 0.0 1.0 0.0 0.07216974750007882 0.0 0.014760147601476014 0.0 0.0004540979153020609
0 0.008333333333333333 0.0 1.0 0.0 0.020690396705898135 0.0 0.005166051660516605 0.0 0.00025239795261452694
0 0.015384615384615385 0.0 1.0 0.0 0.09707426431320332 0.03497166983246493 0.025092250922509225 0.0059259259259259265 0.00025670045397289937
0 0.008928571428571428 0.0 1.0 0.0 0.07807214503598806 0.0 0.015682656826568265 0.0 0.00013601698321981989
0 0.009523809523809523 0.0 1.0 0.0 0.05537301944514323 0.013223371162980804 0.014760147601476013 0.0021164021164021165 0.00018666769132103357
0 0.005681818181818182 0.0 1.0 0.0 0.043677222389159456 0.006547809445641129 0.029520295202952032 0.0013468013468013469 0.007255590429725673
0 0.14285714285714285 0.0 1.0 0.2857142857142857 0.02590750634550418 0.03107365161833664 0.01014370245139476 0.006802721088435374 0.14285714285714288
0 0.05 0.0 1.0 0.0 0.00715799253851874 0.02066408840762547 0.014201183431952664 0.005952380952380952 0.00015331502691109852
0 0.047619047619047616 0.0 1.0 0.0 0.03779013532028587 0.03069894803225398 0.01014370245139476 0.005952380952380952 0.09084615732130526
0 0.03125 0.0 1.0 0.0 0.023312615090158834 0.030478951934017277 0.006656804733727811 0.005952380952380952 0.00014578619105115126
0 0.025 0.0 1.0 0.0 0.026056823357700952 0.027893048546912626 0.006656804733727811 0.005208333333333333 0.00012321573835026762
0 0.013888888888888888 0.0 1.0 0.0 0.048726622712732676 0.038445598066707894 0.014792899408284025 0.003968253968253968 0.03756472188445894
0 0.009523809523809523 0.0 1.0 0.0 0.019499675918473725 0.009542273235772633 0.006311637080867851 0.0011904761904761904 0.03953506431860965
0 0.017857142857142856 0.0 1.0 0.0 0.03790769385260847 0.010625923255966715 0.009298393913778529 0.0017006802721088435 0.03262265491932379
0 0.009259259259259259 0.0 1.0 0.0 0.046432812401568 0.020953343737228 0.012820512820512822 0.003968253968253968 0.011877585340682182
0 0.0125 0.0 1.0 0.0 0.03331192866242394 0.009297682848970876 0.008136094674556213 0.001488095238095238 0.00012154713460881134
0 0.010101010101010102 0.0 1.0 0.0 0.02625156946912731 0.0 0.014464168310322156 0.0 0.00010669672833658207
0 0.005952380952380952 0.0 1.0 0.0 0.02147729712558132 0.0 0.012256973795435335 0.0 6.119896521320211e-05
0 0.008547008547008548 0.0 1.0 0.0 0.012698868165603557 0.0 0.013149243918474688 0.0 0.00016721265472294177
0 0.004464285714285714 0.0 1.0 0.0 0.01847189167207351 0.007448793972640519 0.006656804733727811 0.001488095238095238 5.544701352478016e-05
0 0.006060606060606061 0.0 1.0 0.0 0.02532184601514916 0.0 0.010220548682087143 0.0 8.433714949520722e-05
0 0.00390625 0.0 1.0 0.125 0.05092293107181563 0.00878194833962568 0.01701183431952663 0.001488095238095238 0.022385880452889053
0 0.08333333333333333 0.0 1.0 0.0 0.12234768842040968 0.07734689971328672 0.02777777777777778 0.014912280701754385 0.08333333333333333
0 0.05 0.0 1.0 0.0 0.07048720486822287 0.03800206619571651 0.028125 0.010526315789473686 0.02957944175330402
0 0.03333333333333333 0.0 1.0 0.0 0.03947137078738914 0.03800206619571651 0.01875 0.003157894736842105 9.527745582301546e-05
0 0.016666666666666666 0.0 1.0 0.0 0.07833524542052889 0.03410389377891055 0.02847222222222222 0.003508771929824561 0.057993568186281465
1 0.011764705882352941 0.0 1.0 0.0 0.07011609139536065 0.02866424722688784 0.02267156862745098 0.005572755417956657 0.018495006079558743
0 0.01282051282051282 0.0 1.0 0.0 0.055635102135105724 0.032615613334597726 0.018429487179487183 0.006477732793522267 0.0655656976198734
0 0.007518796992481203 0.0 1.0 0.0 0.025884333710974778 0.0 0.0076754385964912285 0.0 0.03895709312914659