0 0.05555555555555555 0.0 1.0 0.0 0.09820223466157865 0.056695444615786524 0.02337164750957855 0.009645061728395065 0.05555555555555555
1 0.029411764705882353 0.0 1.0 0.0 0.05667154332826039 0.04159406850979202 0.017849898580121704 0.008169934640522878 0.05266335798846565
0 0.017543859649122806 0.0 1.0 0.0 0.039735669523501806 0.03370843712365463 0.010163339382940107 0.004385964912280702 0.018666955813515077
0 0.027777777777777776 0.0 1.0 0.0 0.053371062399391926 0.03428947959227459 0.011494252873563218 0.006172839506172839 0.03793818513956112
0 0.007692307692307693 0.0 1.0 0.0 0.05999799271453002 0.0025970878810836207 0.013527851458885938 0.0005341880341880341 0.01684134457546816
0 0.008333333333333333 0.0 1.0 0.0 0.03037908065867969 0.010727980387167333 0.006551724137931034 0.0020833333333333333 0.03542821591091387
0 0.02040816326530612 0.0 1.0 0.0 0.08082240503038074 0.026749551838815562 0.018719211822660096 0.004960317460317461 0.051975039667924224
0 0.0078125 0.0 1.0 0.0 0.056493242798439196 0.008939983655972776 0.009913793103448275 0.001736111111111111 0.05538401091756612
0 0.008547008547008546 0.0 1.0 0.0 0.03444499899669055 0.005501528403675555 0.008488063660477453 0.0010683760683760683 0.028626224075230952
0 0.05 0.0 1.0 0.0 0.0597971732777144 0.038136442477432496 0.01756756756756756 0.008503401360544218 0.049999999999999996
1 0.0625 0.0 1.0 0.0 0.046182356997198665 0.046637832916204054 0.017736486486486486 0.007653061224489796 0.05660511331437478
0 0.041666666666666664 0.0 1.0 0.0 0.028051427434522103 0.02656480813991679 0.01097972972972973 0.005952380952380952 0.0451549586287278
0 0.013888888888888888 0.0 1.0 0.0 0.047866397058935174 0.047096457533132435 0.013888888888888888 0.004535147392290249 0.0397474387253944
0 0.04 0.0 1.0 0.4 0.11055014315339498 0.04203616804767607 0.028378378378378376 0.008163265306122448 0.14784038047381132
0 0.008333333333333333 0.0 1.0 0.0 0.04020748888576965 0.014287882620047238 0.00777027027027027 0.0027210884353741495 0.040349460644556835
0 0.023809523809523808 0.0 1.0 0.0 0.10698880305468245 0.04919803771435235 0.028153153153153154 0.009070294784580499 0.1345105082563082
0 0.017857142857142856 0.0 1.0 0.0 0.01338881103861261 0.0 0.003861003861003861 0.0 0.0004208613499212496
0 0.015873015873015872 0.0 1.0 0.0 0.049779215153995485 0.010796687451794915 0.008687258687258687 0.001943634596695821 0.05135995377706367
0 0.0071428571428571435 0.0 1.0 0.0 0.05504700756730325 0.015012917159884311 0.013996138996138996 0.0029154518950437317 0.05096544612917401
0 0.008264462809917356 0.0 1.0 0.0 0.043891970983226426 0.0 0.012899262899262898 0.0 0.045531303960037926
0 0.013888888888888888 0.0 1.0 0.0 0.029081209426055996 0.0125961353604274 0.006756756756756757 0.0022675736961451248 0.00037113831023484175
0 0.007692307692307693 0.0 1.0 0.0 0.01125992370394963 0.0 0.0 0.0 0.00027491607824599215
0 0.008928571428571428 0.0 1.0 0.0 0.023089450689681525 0.0 0.008445945945945946 0.0 0.03465973796923308
0 0.058823529411764705 0.0 1.0 0.0 0.03919411035662448 0.03447916208502583 0.009377664109121909 0.0068532267275842355 0.0588235294117647
0 0.0625 0.0 1.0 0.0 0.10579433031071293 0.05978546289196998 0.021739130434782605 0.010315533980582521 0.07620294572087911
0 0.018518518518518517 0.0 1.0 0.0 0.032500292642582536 0.029941350753771134 0.008319914117015567 0.0062028047464940655 0.04265530604725614
0 0.017857142857142856 0.0 1.0 0.0 0.03165112286687264 0.03173488853685514 0.008281573498964804 0.004854368932038834 5.1137999324004076e-05
0 0.007692307692307693 0.0 1.0 0.0 0.017513662476709477 0.005832751003088526 0.005945745076179858 0.0 0.015914792590265712
0 0.01282051282051282 0.0 1.0 0.0 0.04563553042339558 0.013460050075012036 0.014121144555927164 0.0026138909634055266 0.05870627247447868
0 0.02040816326530612 0.0 1.0 0.0 0.04715040256828728 0.008665801490302952 0.00966183574879227 0.0013869625520110955 0.07140486841590782
1 0.005 0.0 1.0 0.0 0.032753668184995866 0.0045836654634784126 0.008309178743961351 0.0007766990291262135 0.0133797647620197
0 0.012345679012345678 0.0 1.0 0.0 0.01683093053936504 0.0 0.0042941492216854536 0.0 0.00014416984172244213
0 0.0071428571428571435 0.0 1.0 0.0 0.034101346493593934 0.008665801490302952 0.006901311249137336 0.0013869625520110955 5.1472472962971486e-05
1 0.003134796238244514 0.0 1.0 0.0 0.036764745382012694 0.011941253225744321 0.009328668998833915 0.002176096417810512 0.02242434306189179
0 0.020833333333333332 0.0 1.0 0.0 0.061372325444893044 0.0 0.00966183574879227 0.0 0.12590546832357996
0 0.007692307692307693 0.0 1.0 0.0 0.08355830914242604 0.027611311900755477 0.01980676328502415 0.0053398058252427175 0.09423439591698875
0 0.014285714285714285 0.0 1.0 0.0 0.016101146938981112 0.0 0.004830917874396135 0.0 0.00031277046472367364
0 0.008333333333333333 0.0 1.0 0.0 0.09824838481009888 0.0522028865879549 0.021739130434782608 0.009101941747572813 0.07721738504656737