0 0.16666666666666666 0.0 1.0 0.0 0.07868135715834178 0.05932187364899957 0.031778228532792434 0.01524390243902439 0.16666666666666666
0 0.027777777777777776 0.0 1.0 0.0 0.0336147031570013 0.025111028389280574 0.013297272932161371 0.006887985546522131 0.047870080051144834
0 0.0196078431372549 0.0 1.0 0.0 0.015176532925533314 0.014444245462132663 0.006085192697768763 0.00274988043998087 0.012929354774024085
0 0.008928571428571428 0.0 1.0 0.0 0.011430139543614517 0.01030337356287152 0.0053607649956534335 0.0024680603948896624 0.0001225137546756359
0 0.009090909090909092 0.0 1.0 0.0 0.007103803017247543 0.008658596001258912 0.0034113959063249125 0.0019401330376940128 0.017521874194060125
0 0.00980392156862745 0.0 1.0 0.0 0.012434008303044058 0.008964193507185697 0.0063238277055244 0.0003586800573888092 0.00017020531839558842
0 0.011904761904761904 0.0 1.0 0.0 0.023496908380178566 0.025146228303347687 0.008451656524678837 0.0040650406504065045 0.00023508996639765454
0 0.015625 0.0 1.0 0.0 0.049387703921874616 0.047704156534922895 0.022565922920892496 0.010416666666666668 0.11429368016226597
0 0.006944444444444444 0.0 1.0 0.0 0.03956344019877539 0.024450712052115357 0.016607505070993914 0.005716463414634146 0.05389464742651993
0 0.002702702702702703 0.0 1.0 0.0 0.021119481242652238 0.010414505445361249 0.00899073515706376 0.0024170511975390024 0.019801006283602367
0 0.002932551319648094 0.0 1.0 0.0 0.0408485545805621 0.02528614690100006 0.017404959759209585 0.006031995803829007 0.01801022809911321
0 0.013888888888888888 0.0 1.0 0.0 0.06994362746951857 0.05057770144279403 0.03144016227180527 0.012533875338753386 0.15901945812005283
0 0.0024813895781637717 0.0 1.0 0.0 0.03841828425241101 0.031215477563312954 0.015965451809199765 0.007277734067663256 0.01884087278733874
0 0.0024630541871921183 0.0 1.0 0.0 0.031877475654247034 0.019010820472289757 0.0130097223193677 0.0037846930193439865 0.025541998856349193
0 0.0014814814814814814 0.0 1.0 0.0 0.024106503966961314 0.015829284293741083 0.009285553301780483 0.0034327009936766023 0.001087419556744366
0 0.0012254901960784314 0.0 1.0 0.0 0.028576555974511184 0.01527449323300569 0.0113749353696854 0.003546947234178223 0.012071385525209487
0 0.00267379679144385 0.0 1.0 0.0 0.04146652626926318 0.02616646747574765 0.017149179420984696 0.006836659275683666 0.03347571685046126
1 0.0013550135501355014 0.0 1.0 0.0 0.0298158093725566 0.01943785883534798 0.013011428288725079 0.004610350981558596 0.01358779227562961
0 0.0029239766081871343 0.0 1.0 0.0 0.04272678895983146 0.02772312324497484 0.018706333107955827 0.006436314363143631 0.039219613404958206
0 0.008333333333333333 0.0 1.0 0.0 0.06485743716005421 0.0037634794674447727 0.027383367139959435 0.0006775067750677508 0.06580265399953568
0 0.002506265664160401 0.0 1.0 0.0 0.057198153026824135 0.03627716434424242 0.02252588875840717 0.008985879332477534 0.02994162326864711
0 0.0034965034965034965 0.0 1.0 0.0 0.062030950097629156 0.019219226768593483 0.025120923701045402 0.004065040650406504 0.04957226917509939
0 0.041666666666666664 0.0 1.0 0.08333333333333333 0.03194616896892972 0.021892021330987 0.014444444444444442 0.00668896321070234 0.041666666666666664
0 0.05 0.0 1.0 0.0 0.025033238906581066 0.012537878677943334 0.006666666666666666 0.003010033444816054 0.08193265168292158
0 0.020833333333333332 0.0 1.0 0.0 0.054844693813758096 0.04117827149073377 0.023958333333333335 0.011078595317725752 0.04025963818363694
0 0.03571428571428571 0.0 1.0 0.0 0.07450640840726375 0.050046090912729865 0.032380952380952385 0.011944577161968466 0.11856704657705884
0 0.011111111111111112 0.0 1.0 0.0 0.05188948761023275 0.03542855818714233 0.02185185185185185 0.008175399479747306 0.04592829785554774
0 0.003472222222222222 0.0 1.0 0.0 0.02423267665980508 0.021060532878026287 0.008958333333333332 0.002159977703455964 0.016593920534078085
0 0.005291005291005291 0.0 1.0 0.0 0.03543253229692541 0.02375266803589436 0.014691358024691358 0.005202526941657377 0.0330434774397168
0 0.004032258064516129 0.0 1.0 0.0 0.0413244385216356 0.030007616082576304 0.018064516129032256 0.0069047362174991895 0.019325268740466098
0 0.012345679012345678 0.0 1.0 0.0 0.02670226085400287 0.0 0.00925925925925926 0.0 0.037934567210297594
0 0.002857142857142857 0.0 1.0 0.0 0.031278665323183796 0.011398922118702214 0.01314285714285714 0.0022933588150979454 0.011109225553808284
0 0.004545454545454545 0.0 1.0 0.0 0.03266223432818865 0.01596384952080359 0.013999999999999995 0.003177257525083612 0.010782467223739114
1 0.0015151515151515152 0.0 1.0 0.0 0.032992026918218294 0.013154304533835716 0.013333333333333334 0.0029796290665855874 0.011537057301614216
0 0.07142857142857142 0.0 1.0 0.0 0.05543996717489276 0.04519051182013306 0.023034657650042267 0.010809665112335734 0.07142857142857144
0 0.018518518518518517 0.0 1.0 0.07407407407407407 0.031004199911912753 0.033898889716581955 0.012272627657243039 0.00802285965490713 0.03818077719207705
1 0.006666666666666666 0.0 1.0 0.0 0.022044944277095194 0.018006969581148953 0.009467455621301774 0.003798219584569731 0.015639113685287566
0 0.008064516129032258 0.0 1.0 0.0 0.04513121444399904 0.030080139601550707 0.018896736018324103 0.0070833732171915395 0.02143692378096197
0 0.03333333333333333 0.0 1.0 0.0 0.08501170844736834 0.0693552435839292 0.035502958579881665 0.01632047477744807 0.17709465898777135
0 0.005376344086021505 0.0 1.0 0.0 0.04276640341313322 0.03598709349107818 0.018514983775529677 0.008327749593184648 0.018621217380610518
0 0.002976190476190476 0.0 1.0 0.0 0.02915572361559691 0.024618794211507172 0.01195759368836292 0.005131058358061327 0.004967370556083018
0 0.0024509803921568627 0.0 1.0 0.0 0.030866659530165718 0.01777162444365837 0.01166028541594152 0.004014662244719846 0.014449751197387064
0 0.004830917874396135 0.0 1.0 0.0 0.042990929759680434 0.028377110028660762 0.017751479289940832 0.007095858598890466 0.034347461030323594
0 0.0025 0.0 1.0 0.0 0.030578978732900934 0.02153929914093842 0.013165680473372781 0.005044510385756677 0.014724831415494336
0 0.005347593582887701 0.0 1.0 0.0 0.04374372283735935 0.027964046216243526 0.018969718064740692 0.006632920230406703 0.04291711242915924
0 0.045454545454545456 0.0 1.0 0.0 0.048483250521783705 0.03213667591395265 0.02027972027972028 0.01268498942917548 0.04545454545454545
0 0.03125 0.0 1.0 0.0 0.06134351034964954 0.037628457844554805 0.02836538461538462 0.012596899224806203 0.05369052874577748
0 0.041666666666666664 0.0 1.0 0.0 0.016359810966254967 0.0302715255547889 0.0057692307692307696 0.0 0.0006512013600285852
0 0.014705882352941176 0.0 1.0 0.0 0.03889520798590006 0.04035766653397349 0.0167420814479638 0.0031919744642042863 0.04132599994350173
0 0.008333333333333333 0.0 1.0 0.0 0.03048162075997882 0.01910642381590072 0.013782051282051287 0.002583979328165375 0.00441962821760841
0 0.01515151515151515 0.0 1.0 0.0 0.03442271798918353 0.01223244134066624 0.01188811188811189 0.0014094432699083862 0.01358655963196902
0 0.004464285714285714 0.0 1.0 0.0 0.04692791860708134 0.020048574010104764 0.019711538461538464 0.004602713178294574 0.020409675622591716