1 0.058823529411764705 0.0 1.0 0.0 0.03674787071154049 0.04651182699377948 0.021276595744680854 0.008823529411764707 0.058823529411764705
0 0.03571428571428571 0.0 1.0 0.0 0.03226727488228935 0.03342326316057372 0.018743667679837893 0.007142857142857144 0.00827600617016259
0 0.08333333333333333 0.0 1.0 0.0 0.0 0.03347165825629515 0.012411347517730497 0.005357142857142857 0.017111451028960223
1 0.041666666666666664 0.0 1.0 0.0 0.040208590574174176 0.037190731395883504 0.014184397163120569 0.0 0.1395857090915986
0 0.0125 0.0 1.0 0.0 0.029573290753605295 0.00414161157328065 0.009751773049645389 0.0008928571428571428 0.0007718982485652363
0 0.018518518518518517 0.0 1.0 0.0 0.037911691558968445 0.0584049366134772 0.0252167060677699 0.009523809523809525 0.06562564745484566
0 0.007518796992481203 0.0 1.0 0.0 0.01748625734553483 0.004176613303720664 0.008958566629339306 0.0007518796992481202 0.04506993757724383
0 0.015625 0.0 1.0 0.0 0.005539045101514564 0.0 0.0 0.0 0.0006559447466692833
0 0.007936507936507936 0.0 1.0 0.0 0.041193524529250174 0.04053976217992503 0.019756838905775075 0.0071428571428571435 0.0754587140134541
0 0.016666666666666666 0.0 1.0 0.0 0.0 0.0 0.0035460992907801418 0.0 0.0018866296768106086
1 0.003246753246753247 0.0 1.0 0.0 0.0501230996590356 0.0216071457961424 0.013931104356636272 0.0035714285714285718 0.010908205987219562
1 0.05263157894736842 0.0 1.0 0.05263157894736842 0.033009837402195055 0.03773623824120707 0.014120667522464696 0.007765314926660914 0.05263157894736842
0 0.05 0.0 1.0 0.2 0.023997622754898678 0.035849426329146714 0.005691056910569106 0.007377049180327869 0.030190524636009537
0 0.06666666666666667 0.0 1.0 0.0 0.0 0.040970772947596254 0.0032520325203252037 0.0049180327868852455 0.0010773763403661755
0 0.015625 0.0 1.0 0.125 0.014757616765856673 0.0213406037806758 0.007621951219512195 0.0015368852459016393 0.0019281304295016902
0 0.02 0.0 1.0 0.0 0.010022532165061345 0.0076042704296300475 0.01951219512195122 0.001639344262295082 0.0038972535244944755
0 0.03333333333333333 0.0 1.0 0.0 0.009032350721867454 0.0 0.00975609756097561 0.0 0.0007715585209581265
0 0.015873015873015872 0.0 1.0 0.0 0.0 0.015177310639203507 0.018970189701897018 0.00273224043715847 0.005754549288005364
0 0.017857142857142856 0.0 1.0 0.0 0.02292064590709168 0.010863243470900067 0.015098722415795587 0.00234192037470726 0.005460595712686453
0 0.015873015873015872 0.0 1.0 0.0 0.02822186331878487 0.0 0.0 0.0 0.00036389753132565303
0 0.016666666666666666 0.0 1.0 0.0 0.007526958934889545 0.012673784049383413 0.02032520325203252 0.00273224043715847 0.009926135510705649
0 0.003952569169960474 0.0 1.0 0.043478260869565216 0.022016498761405923 0.0033062045346217597 0.013785790031813364 0.0007127583749109052 0.025362297542022075
0 0.013888888888888888 0.0 1.0 0.0 0.0 0.0 0.0 0.0 0.0009331972561865298