0 0.1111111111111111 0.0 1.0 0.0 0.05836834318756474 0.021526418172294327 0.022222222222222223 0.0068906115417743325 0.11111111111111109
1 0.0625 0.0 1.0 0.0 0.03950573244139654 0.01210861022191556 0.015384615384615385 0.006782945736434108 0.08645531978270735
0 0.020833333333333332 0.0 1.0 0.0 0.09517610470099155 0.0026913254331145755 0.025961538461538463 0.00436046511627907 0.0006509295983801911
0 0.019230769230769232 0.0 1.0 0.0 0.10203561132450353 0.06449556052850865 0.03727810650887574 0.012522361359570662 0.014679977174045514
1 0.0071428571428571435 0.0 1.0 0.0 0.052733189329939735 0.04628287592707465 0.017582417582417586 0.005260243632336656 0.013192606094599154
0 0.01515151515151515 0.0 1.0 0.0 0.022811507003610173 0.0 0.0034965034965034965 0.0 0.05199983889724103
0 0.02040816326530612 0.0 1.0 0.0 0.05199961627151111 0.0 0.01098901098901099 0.0 0.12380088589812159
1 0.006578947368421052 0.0 1.0 0.0 0.07558741407143485 0.03166147269068049 0.027125506072874492 0.006935944512443901 0.011679443530796056
0 0.005847953216374269 0.0 1.0 0.0 0.029746131094394362 0.0 0.012550607287449394 0.0 0.004232770294421418
0 0.058823529411764705 0.0 1.0 0.0 0.0854263471576352 0.052313013986908824 0.02845417236662106 0.010720175920835623 0.05882352941176469
0 0.038461538461538464 0.0 1.0 0.0 0.07884069178303156 0.04012269040299505 0.028622540250447224 0.008986340762041696 0.08900172005163089
0 0.018518518518518517 0.0 1.0 0.0 0.041800797689117764 0.0068651152198716 0.014728682170542635 0.004672897196261682 0.019393792118314934
0 0.0125 0.0 1.0 0.2 0.0768139305795936 0.021750806987116417 0.02325581395348837 0.004205607476635514 0.04303235201307271
0 0.010526315789473684 0.0 1.0 0.0 0.027731946082090994 0.0245864943414006 0.004895960832313341 0.0 0.02238010880471152
0 0.009259259259259259 0.0 1.0 0.0 0.08540056656446912 0.0 0.023255813953488372 0.0 0.0374759763688394
0 0.010989010989010988 0.0 1.0 0.3076923076923077 0.09100524625445829 0.04749126545930086 0.03255813953488372 0.010424155283968367 0.0676496740870264
0 0.015625 0.0 1.0 0.0 0.03364746254648013 0.0 0.0069767441860465115 0.0 0.05744553381079985
0 0.008547008547008546 0.0 1.0 0.0 0.017292851123114447 0.002996837766231914 0.005724508050089445 0.0007189072609633357 0.02081710538948873
0 0.009090909090909092 0.0 1.0 0.0 0.026526589468640324 0.0 0.005919661733615222 0.0 0.04137915905327319
0 0.012987012987012988 0.0 1.0 0.0 0.05952626895466017 0.0 0.014617940199335547 0.0 0.07827501853919498
0 0.004166666666666667 0.0 1.0 0.1 0.04713496304450751 0.014401163949781498 0.01581395348837209 0.003504672897196261 0.05813487764039967
0 0.004048582995951417 0.0 1.0 0.0 0.06527338640234297 0.028877932103284053 0.02276621787025704 0.006394490900147565 0.04510344965982414
0 0.0037593984962406013 0.0 1.0 0.0 0.023650871838256194 0.0 0.009302325581395349 0.0 0.052602616772632504
0 0.058823529411764705 0.0 1.0 0.0 0.08685349702878245 0.014135843607485135 0.03773584905660377 0.015837104072398186 0.058823529411764705
0 0.029411764705882353 0.0 1.0 0.0 0.12729492304950077 0.026703480924110665 0.03329633740288568 0.0 0.03539074597910859
0 0.05555555555555555 0.0 1.0 0.0 0.06184643093362465 0.06028873907473425 0.025157232704402514 0.006410256410256411 0.032746585101186935
0 0.019230769230769232 0.0 1.0 0.0 0.054222189525095485 0.036042873203055575 0.023222060957910014 0.002958579881656805 0.01329964129365012