0 0.1111111111111111 0.0 1.0 0.0 0.025542563282847913 0.03974053390052833 0.012531328320802004 0.007575757575757575 0.11111111111111109
0 0.03571428571428571 0.0 1.0 0.0 0.03752544574786287 0.03719073139588352 0.010741138560687433 0.007034632034632032 3.45038872979468e-05
0 0.017543859649122806 0.0 1.0 0.0 0.038860159763533186 0.03487743231384292 0.007914523149980214 0.004385964912280701 0.007021027329936691
0 0.05 0.0 1.0 0.0 0.061955609004943 0.04681300532582108 0.016541353383458645 0.00909090909090909 0.0637154077417748
0 0.028571428571428574 0.0 1.0 0.0 0.016106936592382496 0.0 0.0032223415682062296 0.0 0.000194120007086059
0 0.08333333333333333 0.0 1.0 0.0 0.10798572923948425 0.0 0.022556390977443608 0.0 0.0003566690321101214
0 0.047619047619047616 0.0 1.0 0.0 0.033221029817966416 0.0 0.005012531328320802 0.0 0.0005493733470413843
0 0.0625 0.0 1.0 0.0 0.08353226607441329 0.0 0.015037593984962405 0.0 0.00036840040424966874
0 0.037037037037037035 0.0 1.0 0.0 0.015659255324582528 0.0 0.0 0.0 0.0008036867058289808
0 0.00625 0.0 1.0 0.0 0.025208994675488428 0.014629064164319089 0.007048872180451127 0.002840909090909091 3.999757828285795e-05
0 0.005347593582887701 0.0 1.0 0.0 0.015392586797297773 0.004134229021456621 0.006191950464396284 0.0008912655971479501 3.627532681438973e-05
0 0.00641025641025641 0.0 1.0 0.0 0.02570054680915139 0.023411301537989846 0.009832272990167727 0.004662004662004662 0.0008209168672720572
0 0.009615384615384616 0.0 1.0 0.0 0.03982238535387856 0.0 0.005639097744360902 0.0 8.056203464925129e-05
0 0.007142857142857143 0.0 1.0 0.0 0.01623297267956849 0.007366285626346271 0.006766917293233083 0.0015151515151515152 0.013404790930176746
0 0.013333333333333332 0.0 1.0 0.0 0.0 0.0 0.0 0.0 0.0004899841827412436
0 0.08333333333333333 0.0 1.0 0.0 0.04869962014554776 0.06379994864506348 0.015873015873015872 0.011986301369863013 0.08333333333333336
1 0.1 0.0 1.0 0.0 0.05045116918459526 0.03423585136716947 0.009523809523809523 0.005479452054794521 0.0003647710758508981
0 0.1111111111111111 0.0 1.0 0.0 0.05393536150380531 0.014264938069653947 0.011337868480725622 0.0045662100456621 0.0006924237713429943
0 0.03125 0.0 1.0 0.0 0.06368166471788078 0.0585486650360381 0.018707482993197275 0.010273972602739725 0.040518807370619095
1 0.008695652173913044 0.0 1.0 0.0 0.04138405476324113 0.03990383942881035 0.012422360248447204 0.006551518761167361 0.03548975015240591
0 0.020833333333333332 0.0 1.0 0.0 0.030269533468773133 0.0 0.00510204081632653 0.0 0.00022950398292576646
0 0.011904761904761904 0.0 1.0 0.16666666666666666 0.04273996948091488 0.03527007250575561 0.012471655328798183 0.00684931506849315 0.06829032259780153
0 0.007352941176470588 0.0 1.0 0.0 0.04772541737739437 0.03911922560405604 0.01800720288115246 0.00765511684125705 0.04317263251248566
0 0.007407407407407407 0.0 1.0 0.0 0.02538173343902174 0.01854798198256575 0.010884353741496596 0.0036529680365296802 0.045727660771670314
0 0.016666666666666666 0.0 1.0 0.0 0.029167064460015837 0.04029766086664757 0.02040816326530612 0.007990867579908675 0.0003009533426087951
0 0.003134796238244514 0.0 1.0 0.13793103448275862 0.018362375214350538 0.017548174546190273 0.009148486980999296 0.003542749173358526 0.026668530379827776
0 0.009259259259259259 0.0 1.0 0.2222222222222222 0.05001929883503972 0.0 0.012849584278155706 0.0 0.020672030473433346
0 0.08333333333333333 0.0 1.0 0.0 0.04043500298315333 0.041787162846746745 0.014260249554367202 0.0076164874551971325 0.08333333333333333
1 0.03571428571428571 0.0 1.0 0.0 0.03750784934738901 0.0287513247726243 0.0106951871657754 0.005760368663594471 0.030539826141212093
0 0.047619047619047616 0.0 1.0 0.0 0.043186393208672014 0.04292531106995056 0.011459129106187932 0.007680491551459293 0.03985950341722322
0 0.015625 0.0 1.0 0.0 0.022034990645125756 0.02201263299553915 0.008355614973262033 0.005376344086021505 0.023806045629741566
0 0.013333333333333334 0.0 1.0 0.0 0.0339897742888357 0.04018678884718691 0.010338680926916219 0.005017921146953405 0.05679830023157183
0 0.00980392156862745 0.0 1.0 0.0 0.01700024324688088 0.010813542182494069 0.006605850896508337 0.0015812776723592662 0.026457519058310813
0 0.07142857142857142 0.0 1.0 0.0 0.03720806119310959 0.0 0.008021390374331552 0.0 0.001015659813959871
0 0.025 0.0 1.0 0.0 0.0133647975925314 0.01343665134302888 0.0042780748663101605 0.002150537634408602 0.00039282300246631094
0 0.027777777777777776 0.0 1.0 0.0 0.050435253364402445 0.02076383300742064 0.02005347593582888 0.004032258064516129 0.12411799933816439
0 0.025 0.0 1.0 0.0 0.026128243618007422 0.0 0.006684491978609626 0.0 0.00044610766518004695
0 0.007575757575757576 0.0 1.0 0.0 0.012417180465308172 0.0 0.004010695187165775 0.0 0.0027027774705601806
0 0.013888888888888888 0.0 1.0 0.0 0.027280660822272845 0.0 0.004456327985739751 0.0 0.00023724475503773002
0 0.006993006993006993 0.0 1.0 0.0 0.02572547378601026 0.0 0.004375303840544482 0.0 0.00010618279767733423
0 0.007142857142857143 0.0 1.0 0.0 0.042445623767337314 0.0 0.010695187165775402 0.0 0.03117501859176109
0 0.009523809523809523 0.0 1.0 0.0 0.014319425991997928 0.0 0.0 0.0 0.0003283316591905524
0 0.003676470588235294 0.0 1.0 0.0 0.025950006876919094 0.002933968982969215 0.00817867253853413 0.0006325110689437065 4.592425751908068e-05
0 0.004201680672268907 0.0 1.0 0.0 0.022648749608280127 0.005932523716405897 0.005729564553093965 0.001152073732718894 6.289728211099759e-05
0 0.006172839506172839 0.0 1.0 0.0 0.012656320720968596 0.0 0.0023767082590612 0.0 0.0001645449770615254
0 0.010526315789473684 0.0 1.0 0.0 0.00823560984323007 0.0 0.0021390374331550803 0.0 0.0005461985788957168