0 0.04 0.0 1.0 0.08 0.0666060034015676 0.03688835772988061 0.0261271676300578 0.008604651162790699 0.039999999999999994
0 0.03571428571428571 0.0 1.0 0.0 0.020877644256483995 0.01548943042849776 0.010734929810074317 0.005813953488372091 0.04645991294850467
0 0.023809523809523808 0.0 1.0 0.0 0.06115179839579165 0.040119106666162134 0.02188274153592073 0.007890365448504983 0.09392112387623738
0 0.027777777777777776 0.0 1.0 0.0 0.07214391885268233 0.04429228556095401 0.02697495183044316 0.008397932816537466 0.12935248038613495
0 0.013333333333333334 0.0 1.0 0.0 0.11604781745964692 0.06797399614295238 0.04932562620423893 0.013178294573643412 0.059497071401374155
0 0.01111111111111111 0.0 1.0 0.0 0.09244260870708768 0.0718223604205893 0.03391136801541426 0.011627906976744186 0.06713775464950449
0 0.008403361344537815 0.0 1.0 0.0 0.037575584434082224 0.015849820544652143 0.014620877252635157 0.0030779753761969904 0.06712321481372445
0 0.0125 0.0 1.0 0.0 0.10553372528239338 0.0665308552247789 0.04393063583815029 0.011627906976744186 0.12306367959416978
0 0.005291005291005291 0.0 1.0 0.0 0.013988185193219002 0.0017298014602736517 0.00495458298926507 0.0 0.023903952403289658
0 0.0058823529411764705 0.0 1.0 0.0 0.057052080681432464 0.015675505527420208 0.023801428085685142 0.0030779753761969904 0.0708828250521955
0 0.005681818181818182 0.0 1.0 0.0 0.051310378199841855 0.021967245086638276 0.023482658959537567 0.004723837209302325 0.040298589759136666
0 0.05 0.0 1.0 0.0 0.0658990217153372 0.06702375429667533 0.02592592592592593 0.016875000000000005 0.05
0 0.027777777777777776 0.0 1.0 0.0 0.1114101239234006 0.07500187955230371 0.04732510288065842 0.013888888888888888 0.036681604442415416
1 0.016666666666666666 0.0 1.0 0.0 0.047382250324278105 0.04141536076618275 0.02037037037037037 0.0043749999999999995 0.040478070837910954
0 0.010869565217391304 0.0 1.0 0.0 0.048212498211232434 0.0190349798116034 0.01932367149758454 0.0038043478260869562 0.032650694037399904
1 0.037037037037037035 0.0 1.0 0.0 0.042990965579273094 0.03574844970018506 0.01654846335697399 0.011111111111111108 0.037037037037037035
0 0.0625 0.0 1.0 0.0 0.03898574060834306 0.022314438837530103 0.01950354609929078 0.0026785714285714286 0.04966262068865559
0 0.027777777777777776 0.0 1.0 0.0 0.014588945917722328 0.01200229628614965 0.010638297872340425 0.0017857142857142857 0.023503398689165025
0 0.017857142857142856 0.0 1.0 0.0 0.0781201013376861 0.0497566834612207 0.02684903748733536 0.009693877551020408 0.05989005129800899
0 0.014285714285714287 0.0 1.0 0.0 0.0606078415683553 0.07424099453977058 0.022289766970618036 0.009183673469387754 0.05769396077670803
0 0.01515151515151515 0.0 1.0 0.0 0.13470084563909193 0.1176719042476184 0.04577691811734364 0.020129870129870133 0.053880598875570736
0 0.008403361344537815 0.0 1.0 0.0 0.11972406118516583 0.06393770703618756 0.03796412181894035 0.01218487394957983 0.03374833532991662
0 0.008928571428571428 0.0 1.0 0.0 0.12267061187905229 0.0765225696011526 0.04711246200607904 0.015306122448979593 0.04298914407967168
0 0.015873015873015872 0.0 1.0 0.0 0.09101074693373322 0.06772166680716386 0.03546099290780142 0.01326530612244898 0.12173431514061427
0 0.0058823529411764705 0.0 1.0 0.0 0.04686022988490053 0.02812714185543031 0.015435961618690026 0.00546218487394958 0.0471249610417327