0 0.0625 0.0 1.0 0.125 0.0169803776983051 0.0273078796962781 0.008680555555555556 0.006555944055944056 0.0625
0 0.05 0.0 1.0 0.0 0.09773640918062006 0.12184017675853767 0.05277777777777778 0.023776223776223775 0.020246649179816507
0 0.05555555555555555 0.0 1.0 0.0 0.12051292238447762 0.13603827193380022 0.06481481481481481 0.03263403263403263 0.00011634860117263024
0 0.041666666666666664 0.0 1.0 0.0 0.0878541434794719 0.08148119051833388 0.04513888888888889 0.019813519813519812 0.04435857821751855
0 0.02 0.0 1.0 0.0 0.11685071137275313 0.13146072615149942 0.05694444444444444 0.02937062937062937 0.0078746811494903
0 0.023809523809523808 0.0 1.0 0.0 0.07710266957451854 0.01664803904280265 0.027777777777777773 0.002997002997002997 0.000586399972855651
0 0.017857142857142856 0.0 1.0 0.0 0.11892278167621127 0.09208594852411199 0.04427083333333332 0.020104895104895108 8.359024616039371e-05
0 0.020833333333333332 0.0 1.0 0.0 0.08633637873929367 0.12627594598562672 0.041666666666666664 0.025641025641025644 0.00015716418428789668
0 0.013888888888888888 0.0 1.0 0.0 0.03295264068691507 0.00849956033809185 0.019097222222222224 0.0017482517482517483 0.002354925455964134
0 0.014285714285714287 0.0 1.0 0.0 0.09344407328794553 0.08049950193346077 0.04662698412698412 0.017982017982017984 0.0012233462271207323
0 0.006993006993006993 0.0 1.0 0.0 0.11080139352056598 0.12983847525938655 0.057692307692307696 0.029585798816568053 0.004835671397563585
0 0.013888888888888888 0.0 1.0 0.0 0.07508233125459797 0.11171174348094508 0.03935185185185185 0.023310023310023312 0.00016036592445718527
1 0.004524886877828055 0.0 1.0 0.0 0.013898088784416195 0.0 0.001633986928104575 0.0 0.012072956216530609
0 0.011904761904761904 0.0 1.0 0.0 0.017190171672933633 0.04612752568554701 0.009259259259259259 0.008158508158508158 0.0005457678659308475
1 0.013333333333333332 0.0 1.0 0.0 0.0 0.02039894481142044 0.025 0.004195804195804196 0.005406617510081582
0 0.010416666666666666 0.0 1.0 0.0 0.02169459331426538 0.0 0.0023148148148148147 0.0 0.0004853003912678668
0 0.008403361344537815 0.0 1.0 0.0 0.008535977629867292 0.03953787915904029 0.012896825396825396 0.006993006993006993 0.0005402801743324105
0 0.08333333333333333 0.0 1.0 0.0 0.10009764645949674 0.07497651449410113 0.032407407407407406 0.013333333333333336 0.08333333333333333
0 0.05555555555555555 0.0 1.0 0.0 0.10214629708465894 0.0863965309065734 0.03880070546737213 0.014222222222222223 0.0501089723430638
0 0.0303030303030303 0.0 1.0 0.0 0.11757456884701249 0.034335821290056474 0.0404040404040404 0.005818181818181819 0.06752875980127158
0 0.03571428571428571 0.0 1.0 0.0 0.06468830727654327 0.0 0.028344671201814057 0.0 0.08937029216539691
0 0.06666666666666667 0.0 1.0 0.0 0.04552521402595889 0.0 0.031746031746031744 0.0 0.0011860241526125582
0 0.01282051282051282 0.0 1.0 0.0 0.03339242255730344 0.0 0.007326007326007326 0.0 0.00014911915177115927
0 0.017857142857142856 0.0 1.0 0.0 0.024702767131581583 0.03334881066262874 0.015873015873015872 0.008 0.00044732497912256225
0 0.010416666666666666 0.0 1.0 0.0 0.07062740752504283 0.07497651449410113 0.02513227513227513 0.013333333333333336 0.06067881387397454
0 0.05555555555555555 0.0 1.0 0.0 0.10214629708465894 0.0863965309065734 0.03880070546737213 0.014222222222222223 0.0501089723430638
0 0.0303030303030303 0.0 1.0 0.0 0.11757456884701249 0.034335821290056474 0.0404040404040404 0.005818181818181819 0.06752875980127158
0 0.03571428571428571 0.0 1.0 0.0 0.06468830727654327 0.0 0.028344671201814057 0.0 0.08937029216539691
0 0.06666666666666667 0.0 1.0 0.0 0.04552521402595889 0.0 0.031746031746031744 0.0 0.0011860241526125582
0 0.01282051282051282 0.0 1.0 0.0 0.03339242255730344 0.0 0.007326007326007326 0.0 0.00014911915177115927
0 0.017857142857142856 0.0 1.0 0.0 0.024702767131581583 0.03334881066262874 0.015873015873015872 0.008 0.00044732497912256225
1 0.0625 0.0 1.0 0.125 0.04291012011323075 0.06584919710380767 0.021634615384615384 0.012987012987012988 0.06250000000000001
0 0.08333333333333333 0.0 1.0 0.0 0.12778987823678895 0.10223201465966557 0.05555555555555555 0.021645021645021644 0.04479377138930587
1 0.015873015873015872 0.0 1.0 0.0 0.11253779972394222 0.06915889552096803 0.04273504273504273 0.01422387136672851 0.009938959148282507
0 0.025 0.0 1.0 0.0 0.18916542688599974 0.06206119275159897 0.05 0.01038961038961039 0.005443326323677149
0 0.018181818181818184 0.0 1.0 0.0 0.13905015641961682 0.02950669598351088 0.038461538461538464 0.004722550177095632 0.00795553182529468
0 0.011904761904761904 0.0 1.0 0.0 0.09756247357398891 0.03477574883770925 0.02838827838827839 0.0055658627087198514 0.0007697107160529392