1 0.25 0.0 1.0 0.0 0.06920931136989253 0.060857560465991195 0.019230769230769232 0.00974025974025974 0.24999999999999997
0 0.03571428571428571 0.0 1.0 0.0 0.06416105515258143 0.07534745581503673 0.01923076923076923 0.013914656771799632 0.011328337972300564
0 0.03333333333333333 0.0 1.0 0.0 0.06992130695892543 0.04868604837279295 0.021794871794871794 0.005194805194805195 0.01829142595248753
0 0.025 0.0 1.0 0.0 0.043809019083927994 0.0 0.0141025641025641 0.0 0.04647207172009772
0 0.018181818181818184 0.0 1.0 0.0 0.06993757909372997 0.02950669598351088 0.016317016317016316 0.004722550177095632 3.7741034737352246e-05
0 0.023809523809523808 0.0 1.0 0.0 0.011443301967964156 0.0 0.003663003663003663 0.0 0.00016314408180140042
0 0.015873015873015872 0.0 1.0 0.0 0.04951238324357002 0.0 0.011396011396011395 0.0 6.238547061172406e-05
0 0.03125 0.0 1.0 0.0 0.04005155688787455 0.0 0.01282051282051282 0.0 0.00020855333364580214
0 0.012345679012345678 0.0 1.0 0.0 0.09186930805641337 0.0 0.02136752136752136 0.0 0.03670303252885722
0 0.05 0.0 1.0 0.1 0.03618827830835021 0.007265166133149335 0.01076923076923077 0.0073643410852713195 0.05
0 0.16666666666666666 0.0 1.0 0.0 0.020285576629724654 0.0 0.007692307692307693 0.00516795865633075 0.05962423845968054
0 0.05555555555555555 0.0 1.0 0.0 0.08326371294551227 0.016144813629220746 0.021794871794871797 0.002583979328165375 0.12482009555348918
0 0.020833333333333332 0.0 1.0 0.0 0.04233622102890839 0.05891772139714929 0.019871794871794874 0.006459948320413436 0.059963444225780614
0 0.05 0.0 1.0 0.0 0.08458640386288556 0.07535711212720811 0.023076923076923078 0.013565891472868217 0.00037308422269247224
0 0.023809523809523808 0.0 1.0 0.0 0.060729939506155996 0.03690960593985703 0.02087912087912088 0.004429678848283499 0.11644991568252612
0 0.05 0.0 1.0 0.0 0.08458640386288556 0.07535711212720811 0.023076923076923078 0.013565891472868217 0.00037308422269247224
0 0.009615384615384616 0.0 1.0 0.0 0.036840563830913914 0.014902904888511457 0.010650887573964497 0.0 0.05198505740441212
0 0.009259259259259259 0.0 1.0 0.0 0.058036853812569705 0.02691011536167905 0.01858974358974359 0.003229974160206718 0.05725619180184995
0 0.01 0.0 1.0 0.0 0.00427299668765268 0.004843444088766224 0.003076923076923077 0.0 0.0002860651884190515
0 0.015151515151515152 0.0 1.0 0.0 0.030236726875854516 0.05862942223524462 0.01794871794871795 0.0103359173126615 0.0003808124907019186
0 0.027777777777777776 0.0 1.0 0.0 0.0 0.0 0.0 0.0 0.0016824550702266201
1 0.004524886877828055 0.0 1.0 0.0 0.04852898587948927 0.0 0.014479638009049774 0.0 0.03541212381069708
0 0.017857142857142856 0.0 1.0 0.0 0.062463211353920266 0.0 0.021153846153846155 0.0 0.20204414861517817
1 0.007407407407407408 0.0 1.0 0.0 0.004374638325460672 0.0 0.0017094017094017094 0.0 0.007145098636833773
0 0.14285714285714285 0.0 1.0 0.0 0.03666273460175619 0.03104617577395493 0.019704433497536946 0.007453416149068323 0.14285714285714288
0 0.041666666666666664 0.0 1.0 0.0 0.01767370513847202 0.03169297110257899 0.010775862068965516 0.007971014492753625 0.00011508179079166391
1 0.02222222222222222 0.0 1.0 0.13333333333333333 0.04558898714675381 0.01368456645618193 0.016666666666666666 0.00811594202898551 0.0020329104123349402
0 0.027777777777777776 0.0 1.0 0.2222222222222222 0.036734077865313554 0.018110269201473708 0.009578544061302683 0.0 0.00014766294891863766
0 0.016666666666666666 0.0 1.0 0.0 0.09257440047698773 0.03924126400644639 0.023706896551724133 0.002173913043478261 4.875571247615656e-05
0 0.023809523809523808 0.0 1.0 0.0 0.05351863288092485 0.0077615439434887325 0.01354679802955665 0.0 0.00012649007701778708
0 0.03571428571428571 0.0 1.0 0.0 0.06320135279725944 0.0362275806127075 0.015086206896551723 0.006521739130434782 0.00039994892639167275
0 0.0125 0.0 1.0 0.0 0.03027579933935672 0.010866161520884226 0.008620689655172414 0.0 0.0031264202949550074
0 0.009259259259259259 0.0 1.0 0.0 0.06434988282865269 0.02012643367372639 0.02370689655172414 0.0036231884057971015 0.012592970500727193
0 0.011111111111111112 0.0 1.0 0.0 0.0194808574113884 0.0 0.005747126436781609 0.0 0.026597991879539103
1 0.004784688995215311 0.0 1.0 0.0 0.05040456312022757 0.0 0.01950998185117967 0.0 0.004801515915117878