0 0.05555555555555555 0.0 1.0 0.0 0.023442786709068672 0.03179665584991567 0.008838383838383836 0.007209499575911789 0.05555555555555555
0 0.03125 0.0 1.0 0.0 0.047321899862055844 0.037179733064220066 0.01231060606060606 0.008110687022900763 0.008977635570659745
0 0.027777777777777776 0.0 1.0 0.0 0.043788090862307366 0.03764923147524171 0.013257575757575754 0.004452926208651399 0.008793058976122566
0 0.013888888888888888 0.0 1.0 0.0 0.06046623596793605 0.013248606604131527 0.01599326599326599 0.0 0.004415941245752448
0 0.010526315789473684 0.0 1.0 0.0 0.03126063339571763 0.006206625856778207 0.010366826156299837 0.0012053033346725592 2.3209408548121228e-05
0 0.01282051282051282 0.0 1.0 0.0 0.028138198300118836 0.0 0.009324009324009324 0.0 0.010554619245538384
0 0.007142857142857143 0.0 1.0 0.0 0.03988957070039141 0.0 0.007954545454545454 0.0 0.009239534211275203
0 0.0078125 0.0 1.0 0.0 0.036492215791102935 0.0 0.007102272727272727 0.0 0.0008710107724658477
0 0.047619047619047616 0.0 1.0 0.09523809523809523 0.08434893279582928 0.07534071657455686 0.026526046660274846 0.014157014157014156 0.04761904761904763
0 0.05555555555555555 0.0 1.0 0.0 0.05626709425661173 0.035051431028575906 0.013422818791946308 0.007507507507507508 0.050714714984997106
0 0.0303030303030303 0.0 1.0 0.0 0.0852832979141238 0.046164700110789596 0.020744356314826115 0.0085995085995086 0.03501425676703858
0 0.025 0.0 1.0 0.2 0.053324328143385405 0.025329903545304445 0.009395973154362415 0.002027027027027027 0.04415488447538339
0 0.03333333333333333 0.0 1.0 0.0 0.01934205144115581 0.0 0.006711409395973154 0.0 0.006462670371458162
0 0.08333333333333333 0.0 1.0 0.0 0.18023846411629751 0.0 0.03691275167785235 0.0 0.23021766648960357
1 0.006802721088435374 0.0 1.0 0.0 0.03204756123325324 0.010051549025914461 0.00798977309044423 0.0006435006435006436 0.023460549803828126
0 0.013888888888888888 0.0 1.0 0.0 0.061448292480714546 0.0 0.018642803877703208 0.0 0.05948879281434585
0 0.007407407407407407 0.0 1.0 0.0 0.021970600784124595 0.0 0.006711409395973154 0.0 0.012419986279569438
0 0.008333333333333333 0.0 1.0 0.0 0.11127253709605185 0.04691634876645679 0.02628635346756152 0.008445945945945946 0.0797906484229023
0 0.004329004329004329 0.0 1.0 0.0 0.09614443752389643 0.060767842211791656 0.026526046660274846 0.010939510939510939 0.027966092172758653
0 0.006944444444444444 0.0 1.0 0.0 0.09202749793906344 0.06568288827303952 0.030760626398210294 0.011824324324324323 0.06872212105658211
0 0.1111111111111111 0.0 1.0 0.0 0.04764787447923995 0.020115628005925677 0.014571948998178506 0.00411522633744856 0.1111111111111111
0 0.041666666666666664 0.0 1.0 0.0 0.05046114749065603 0.024285881828100642 0.011270491803278689 0.005144032921810701 0.06944362196966823
0 0.023809523809523808 0.0 1.0 0.0 0.03288657891529131 0.03612320229216864 0.009953161592505854 0.006466784244562021 0.00535536136275513
0 0.022727272727272728 0.0 1.0 0.0 0.06474414223508713 0.00852785144807239 0.01639344262295082 0.004115226337448561 0.07704853440990571
0 0.013333333333333334 0.0 1.0 0.0 0.019110611835126766 0.005873430057497286 0.005737704918032787 0.0035665294924554195 0.0018350732752756304
0 0.016666666666666666 0.0 1.0 0.2 0.07252258510819434 0.028002075180453372 0.020901639344262292 0.00411522633744856 0.08428661194203038
0 0.011904761904761904 0.0 1.0 0.0 0.020770129969506865 0.03088655639218064 0.01605191256830601 0.0030864197530864196 8.67938962577717e-05
1 0.017857142857142856 0.0 1.0 0.0 0.05066027940393232 0.046534293989652364 0.019320843091334892 0.007054673721340388 0.0010201862882240995
0 0.008547008547008546 0.0 1.0 0.0 0.038846437934173965 0.01582283728903686 0.007566204287515763 0.0 0.06923331376045007
0 0.008333333333333333 0.0 1.0 0.0 0.05894514373019546 0.013334797619217896 0.012636612021857922 0.0024005486968449933 0.06873532622656563
0 0.010101010101010102 0.0 1.0 0.0 0.046802318162791776 0.005713802354374421 0.011839708561020037 0.0009144947416552356 0.10253382552773592
0 0.008333333333333333 0.0 1.0 0.0 0.050242419396576775 0.004571930612303279 0.013114754098360656 0.000823045267489712 0.08475895601537636
0 0.025641025641025644 0.0 1.0 0.0 0.0 0.0 0.009562841530054643 0.0 0.015003850922895426
0 0.011904761904761904 0.0 1.0 0.0 0.01474195090665467 0.008570703531561632 0.006147540983606557 0.0013717421124828533 0.011408526489203442
0 0.011111111111111112 0.0 1.0 0.0 0.010543100974578215 0.0 0.0047814207650273225 0.0 0.00044777845097863705
0 0.005681818181818182 0.0 1.0 0.0 0.08491910946356011 0.00831260111327869 0.021236959761549924 0.0014964459408903855 0.05693138476133735
1 0.00196078431372549 0.0 1.0 0.0 0.03380179302170006 0.01315143596576379 0.011065573770491806 0.002606310013717422 0.021551469716042805
0 0.009259259259259259 0.0 1.0 0.0 0.017559294985779753 0.015239768707677598 0.00819672131147541 0.0027434842249657067 0.00027329876431145034
0 0.006578947368421052 0.0 1.0 0.0 0.01669280070674083 0.0 0.0035860655737704914 0.0 0.00019897134978531973
0 0.004545454545454546 0.0 1.0 0.0 0.021874013418635072 0.004428123211576188 0.007078986587183308 0.0011223344556677889 0.00010557195671717438
0 0.002976190476190476 0.0 1.0 0.0 0.03816902677512271 0.014413573257412104 0.01255122950819672 0.002829218106995885 0.054284500659154675
0 0.0034965034965034965 0.0 1.0 0.0 0.03570049622187651 0.0 0.008196721311475409 0.0 0.06945404921503416