0 0.058823529411764705 0.0 1.0 0.0 0.06771341019748638 0.04130397783613832 0.02557544757033248 0.01393188854489164 0.05882352941176469
0 0.017857142857142856 0.0 1.0 0.0 0.05140896884566889 0.04369579738292535 0.02142857142857143 0.007832080200501253 0.02922112524307124
0 0.041666666666666664 0.0 1.0 0.0 0.07427984159907433 0.059573530550751985 0.01956521739130435 0.013157894736842105 0.09335517264186644
0 0.009259259259259259 0.0 1.0 0.07407407407407407 0.0452159492903696 0.029228508820664606 0.015780998389694045 0.00682261208576998 0.02167290916767632
0 0.018181818181818184 0.0 1.0 0.0 0.025635433082619827 0.007753984869838179 0.011067193675889328 0.001594896331738437 0.029780635780561913
0 0.027777777777777776 0.0 1.0 0.0 0.06013803390923137 0.050851663855238684 0.02608695652173913 0.011695906432748537 0.043073831896968263
0 0.007936507936507936 0.0 1.0 0.0 0.05747204989938001 0.0298446131443971 0.021256038647342997 0.007309941520467836 0.04325456286388324
0 0.07692307692307693 0.0 1.0 0.15384615384615385 0.07843835549288306 0.06295800072173557 0.02611585944919279 0.01337792642140468 0.07692307692307691
1 0.00909090909090909 0.0 1.0 0.03636363636363636 0.064074801325375 0.03812075677206521 0.021661054994388324 0.008243929983060418 0.009786986716507573
0 0.023809523809523808 0.0 1.0 0.0 0.06654635449467937 0.03859660630305821 0.028218694885361557 0.008429458740017744 0.013123424928309412
1 0.041666666666666664 0.0 1.0 0.0 0.04252930720363383 0.0 0.021604938271604937 0.0 0.0003756654777507502
0 0.010526315789473684 0.0 1.0 0.0 0.04512917447975992 0.024392459445107238 0.016894087069525665 0.005230467473030402 0.023695826960587304
0 0.01515151515151515 0.0 1.0 0.0 0.021372029516371963 0.0054903992246059154 0.0101010101010101 0.001129305477131564 0.03142543199212778
0 0.023809523809523808 0.0 1.0 0.0 0.07577102270872159 0.0638448867401012 0.03292181069958847 0.014492753623188406 0.04333160173214279
0 0.007352941176470588 0.0 1.0 0.0 0.028953741821642596 0.009131228168810273 0.011982570806100218 0.0014614541468761417 9.623024543807879e-05
0 0.005291005291005291 0.0 1.0 0.0 0.05596866758931488 0.026319794489063467 0.0223398001175779 0.005915409642117716 0.03523631769735348
0 0.037037037037037035 0.0 1.0 0.14814814814814814 0.03042969409465242 0.02262323237324137 0.010973936899862827 0.00801547816473189 0.037037037037037035
0 0.0625 0.0 1.0 0.0 0.07367067049787654 0.06651126612814923 0.02777777777777778 0.016791044776119403 0.0278423631723842
0 0.05555555555555555 0.0 1.0 0.0 0.027382047669546175 0.0 0.017283950617283952 0.0 0.05387422175358018
1 0.011363636363636364 0.0 1.0 0.0 0.03605247422433456 0.02668499041375687 0.01851851851851852 0.005766621438263228 0.003500279763129628
0 0.018181818181818184 0.0 1.0 0.0 0.024880147729377633 0.009895010542853197 0.012121212121212123 0.0020352781546811396 0.019703833386043514
0 0.027777777777777776 0.0 1.0 0.0 0.07801077141775918 0.06689458336804603 0.03333333333333333 0.014925373134328358 0.007432769271574935
0 0.0047619047619047615 0.0 1.0 0.0 0.03212134839687115 0.045991064827462326 0.016049382716049387 0.004228855721393035 0.003455551834654683
0 0.0125 0.0 1.0 0.0 0.04128943512923679 0.006045997458465985 0.00888888888888889 0.0014925373134328358 0.024905541505058103
0 0.013888888888888888 0.0 1.0 0.0 0.01591511869860643 0.0 0.0 0.0 0.0003907396528252715
0 0.014285714285714287 0.0 1.0 0.0 0.03163125855993744 0.0 0.015873015873015872 0.0 0.025399742584574992