1 0.047619047619047616 0.0 1.0 0.0 0.03285570729984363 0.01673491624734779 0.01855742296918767 0.008465608465608466 0.047619047619047616
0 0.03333333333333333 0.0 1.0 0.0 0.030274268399465943 0.024718960738836684 0.011274509803921568 0.005432098765432099 0.0035338570087708227
0 0.011494252873563218 0.0 1.0 0.0 0.03708360778196487 0.019378003237791524 0.015720081135902637 0.004086845466155811 0.012194869382584114
0 0.020833333333333332 0.0 1.0 0.0 0.05657496251204308 0.04621509241229241 0.01838235294117647 0.0030864197530864196 0.05402562827439889
0 0.009523809523809525 0.0 1.0 0.0 0.04333492767169228 0.03569689066366412 0.012955182072829132 0.006349206349206349 0.018258913638848948
0 0.006944444444444444 0.0 1.0 0.0 0.031901666989215954 0.02973423966608001 0.014399509803921571 0.004629629629629629 0.01737885252418186
0 0.01020408163265306 0.0 1.0 0.0 0.05883265117025015 0.030157188122334748 0.022584033613445378 0.0037037037037037034 0.025828256449002617
0 0.1111111111111111 0.0 1.0 0.0 0.06279064830362217 0.038386404826802285 0.024769992922859165 0.010683760683760684 0.11111111111111113
0 0.017241379310344827 0.0 1.0 0.0 0.028609823196667827 0.018773595227294774 0.018010103228640457 0.006852343059239614 0.0033113681704268066
1 0.008547008547008546 0.0 1.0 0.0 0.028284512551315606 0.02799714361590872 0.010942348521966355 0.0026298487836949372 0.018031466268505648
0 0.022727272727272728 0.0 1.0 0.0 0.051203967538548875 0.03642183289278678 0.01795020266357846 0.005827505827505827 0.08758660055958571
0 0.011764705882352941 0.0 1.0 0.0 0.02679513965961741 0.02103344277031982 0.01161483701760959 0.0030165912518853692 0.00011683015859630198
0 0.023809523809523808 0.0 1.0 0.0 0.08471855351860773 0.06104280982360972 0.02911737943585077 0.01098901098901099 0.11636222857761476
0 0.005494505494505494 0.0 1.0 0.0 0.03446121956878319 0.024642925438101947 0.014698677119059284 0.004930966469428007 0.030184958756098113
0 0.006578947368421052 0.0 1.0 0.0 0.03393967560838066 0.022337062308938633 0.014079785450888367 0.004723346828609986 0.04151098188342364
0 0.06666666666666667 0.0 1.0 0.0 0.04781867128581881 0.03767181296526537 0.020754716981132074 0.012063492063492061 0.06666666666666667
0 0.021739130434782608 0.0 1.0 0.0 0.049068990798002365 0.029498426597879112 0.021739130434782605 0.009109730848861283 0.023942324049619254
0 0.027777777777777776 0.0 1.0 0.0 0.08045456356948454 0.07058743282046324 0.02122641509433962 0.007142857142857143 0.049668947309008595
0 0.00625 0.0 1.0 0.0 0.04862043596313714 0.0302022598628502 0.020283018867924527 0.005 0.013261723177994279
0 0.0125 0.0 1.0 0.0 0.042664858171670185 0.024331344565011574 0.020047169811320754 0.005357142857142857 0.016534780391479043
0 0.038461538461538464 0.0 1.0 0.0 0.06350376901956133 0.034638012207853244 0.019829059829059827 0.008585164835164838 0.038461538461538464
0 0.045454545454545456 0.0 1.0 0.0 0.05668001142057341 0.03692083523756494 0.02181818181818182 0.008928571428571426 0.0996174307846621
0 0.016666666666666666 0.0 1.0 0.0 0.02500506335195788 0.010590064187774773 0.015111111111111112 0.004687499999999999 0.00930116405263871
0 0.027777777777777776 0.0 1.0 0.0 0.040654088661784986 0.024899501517072414 0.019753086419753086 0.003968253968253968 0.08293354772059675
0 0.007407407407407408 0.0 1.0 0.0 0.03589688965594479 0.017299918757965754 0.014979423868312755 0.003637566137566137 0.034984368447374285
0 0.020833333333333332 0.0 1.0 0.0 0.029055546384944623 0.012399320745420724 0.015 0.0011160714285714285 0.03808937033787408
0 0.017857142857142856 0.0 1.0 0.0 0.06128496548390265 0.04801631224563599 0.016666666666666666 0.007254464285714285 0.1320878500630671
0 0.0078125 0.0 1.0 0.0 0.031156473444485282 0.013659956252085988 0.009722222222222222 0.002232142857142857 0.041382003100601215
0 0.008547008547008546 0.0 1.0 0.0 0.0350047777026249 0.029006447967239134 0.01811965811965812 0.0034340659340659336 0.04939710413026846
0 0.004761904761904762 0.0 1.0 0.0 0.026475760476145617 0.019410563130934373 0.011640211640211642 0.0019132653061224487 0.014259650064841402
0 0.002932551319648094 0.0 1.0 0.0 0.035120627915951184 0.013609749814379712 0.013333333333333332 0.0030241935483870967 0.0385489860498136
0 0.006944444444444444 0.0 1.0 0.0 0.039500307004489976 0.018574111392393636 0.01888888888888889 0.004092261904761904 0.021778462501448367
0 0.003344481605351171 0.0 1.0 0.0 0.05225832480462501 0.02798774654777132 0.01835748792270531 0.005822981366459627 0.03828938674558341