0 0.16666666666666666 0.0 1.0 0.0 0.04192430053275633 0.024369666733777134 0.023631840796019894 0.010025062656641603 0.16666666666666666
0 0.1 0.0 1.0 0.0 0.04349670065204216 0.057430259664781116 0.022388059701492536 0.010526315789473684 0.10703454407790129
0 0.02564102564102564 0.0 1.0 0.0 0.03601852516164655 0.018068371528364456 0.01320321469575201 0.006940427993059572 9.320473206403085e-05
0 0.017857142857142856 0.0 1.0 0.0 0.031161728183641633 0.020133328274463253 0.009061833688699361 0.0053705692803437165 9.113668827472887e-05
0 0.022222222222222223 0.0 1.0 0.0 0.04086966512151064 0.04234520336348897 0.01741293532338308 0.003341687552213868 0.036731038736761056
0 0.01515151515151515 0.0 1.0 0.0 0.05206326742784297 0.022227234413858217 0.016282225237449117 0.0027341079972658918 0.030816857753741135
1 0.009523809523809523 0.0 1.0 0.0 0.02729693973090126 0.025054808519332047 0.010945273631840795 0.0 0.029700925504674677
0 0.009615384615384616 0.0 1.0 0.0 0.026336728454590192 0.010309504697004914 0.01148105625717566 0.002313475997686524 0.024976904011956905
0 0.01111111111111111 0.0 1.0 0.0 0.04023815096701603 0.02236530468062766 0.02313432835820895 0.006015037593984962 0.03604781932253019
0 0.02 0.0 1.0 0.0 0.04779621134860365 0.0 0.014925373134328356 0.0 0.0004171487553729183
0 0.00909090909090909 0.0 1.0 0.0 0.01337272466993621 0.00731090002013314 0.003731343283582089 0.0015037593984962405 0.0002171799130493267
0 0.005555555555555555 0.0 1.0 0.26666666666666666 0.016166765227651758 0.0 0.008457711442786068 0.0010025062656641604 0.004289090835250451
0 0.009615384615384616 0.0 1.0 0.0 0.017062975096002957 0.0 0.0046641791044776115 0.0 0.0003684936570025794
0 0.08333333333333333 0.0 1.0 0.0 0.0463534808720222 0.043794693045619816 0.012345679012345678 0.008566978193146417 0.08333333333333333
0 0.125 0.0 1.0 0.0 0.027464751895983443 0.029196462030413216 0.004629629629629629 0.007009345794392522 0.0005774619124764953
0 0.037037037037037035 0.0 1.0 0.0 0.05558536069971842 0.025952410693700637 0.01954732510288066 0.007268951194184838 0.09588428714696044
0 0.019230769230769232 0.0 1.0 0.0 0.06879329393615684 0.06455319433621141 0.019230769230769232 0.007189072609633357 0.05157373042635812
1 0.022222222222222223 0.0 1.0 0.0 0.025611230344227985 0.023670765234369156 0.014403292181069957 0.004153686396677051 0.00018119841759173429
0 0.016666666666666666 0.0 1.0 0.0 0.01187677856205907 0.0 0.008333333333333333 0.0 0.0001812845938511817
0 0.02857142857142857 0.0 1.0 0.0 0.05722600809751797 0.0 0.02037037037037037 0.0 0.0966198841170445
1 0.008333333333333333 0.0 1.0 0.26666666666666666 0.05248857955678258 0.0417436426174284 0.01728395061728395 0.007476635514018692 0.04499607605200882
0 0.00505050505050505 0.0 1.0 0.0 0.01687379775160591 0.0 0.008417508417508417 0.0 0.016384311510511583
0 0.011111111111111112 0.0 1.0 0.2222222222222222 0.043892731883274805 0.0 0.012345679012345678 0.0 0.06477530934938631
1 0.05 0.0 1.0 0.0 0.03988580569844275 0.04534739226256514 0.017938931297709928 0.009003831417624524 0.05
0 0.03125 0.0 1.0 0.0 0.03457758076464355 0.01645796734185649 0.012166030534351146 0.003591954022988505 0.03882361200756698
0 0.020833333333333332 0.0 1.0 0.0 0.0509616508025231 0.05853790314454238 0.023854961832061067 0.01245210727969349 0.034913922234092676
0 0.020833333333333332 0.0 1.0 0.0 0.02324498847269275 0.04589522960139513 0.012404580152671756 0.008939974457215836 0.05836430148065505
0 0.02 0.0 1.0 0.0 0.06605884059940545 0.06412611982659816 0.025954198473282442 0.012643678160919542 0.08085382321891278
0 0.03333333333333333 0.0 1.0 0.0 0.07372972639269607 0.08142191713756243 0.03511450381679389 0.013793103448275862 0.1295390103267903
0 0.011904761904761904 0.0 1.0 0.3333333333333333 0.05152715018765409 0.05121911380679565 0.02194656488549619 0.007662835249042145 0.06584734707079254
0 0.017857142857142856 0.0 1.0 0.14285714285714285 0.057700085204234204 0.05473867487137961 0.02944383860414395 0.010946907498631636 0.09280599481038447
0 0.018518518518518517 0.0 1.0 0.16666666666666666 0.024275145264012945 0.005924144268294161 0.015267175572519083 0.0012771392081736908 0.034917607914572046
0 0.016666666666666666 0.0 1.0 0.0 0.06327191066904013 0.06297654190861472 0.03244274809160305 0.012771392081736908 0.11568429506084575
0 0.010101010101010102 0.0 1.0 0.2222222222222222 0.0441028121239255 0.03725477788037194 0.020356234096692113 0.007662835249042145 0.07088598488803421
0 0.005208333333333333 0.0 1.0 0.0 0.023156117153947695 0.009645661510591043 0.006679389312977099 0.0019157088122605363 0.028373163303358342
0 0.007692307692307693 0.0 1.0 0.0 0.02519005232573669 0.0 0.008396946564885497 0.0 0.00418432893273983
0 0.01020408163265306 0.0 1.0 0.0 0.030410962885414783 0.0 0.009269356597600873 0.0 0.0005785238248009634
0 0.0047619047619047615 0.0 1.0 0.0 0.04306662294271267 0.03193266675460452 0.016357688113413305 0.006568144499178982 0.05824289494370015
0 0.004464285714285714 0.0 1.0 0.0 0.04025442860455003 0.038270813999893356 0.0188113413304253 0.007662835249042145 0.05235113966502606
0 0.0034602076124567475 0.0 1.0 0.0 0.022698280185484 0.02121223372361453 0.013022002694207455 0.004507550146495379 0.04311149136190648
0 0.0037037037037037034 0.0 1.0 0.0 0.03222362846559267 0.022352866728223165 0.015521628498727737 0.004597701149425287 0.051074793713238524
0 0.003289473684210526 0.0 1.0 0.0 0.05226435389131993 0.03365527293717414 0.022185114503816796 0.006944444444444444 0.04739862388111197
0 0.0029411764705882353 0.0 1.0 0.0 0.029633616885089017 0.022227014791275784 0.01324651998203862 0.004507550146495379 0.04558087683067587
0 0.0047619047619047615 0.0 1.0 0.0 0.03238140885950503 0.03352930009233475 0.018702290076335875 0.006896551724137931 0.072715097287088
0 0.006493506493506494 0.0 1.0 0.0 0.04278496912987134 0.04789900013190678 0.022355507088331512 0.009852216748768473 0.10038204750015256