0 0.05 0.0 1.0 0.0 0.03680194525061465 0.013463391717828463 0.013709677419354837 0.0027827648114901256 0.049999999999999996
0 0.025 0.0 1.0 0.0 0.043493077105518516 0.010884846493673815 0.015412186379928316 0.0026032315978456004 0.0355624819307693
0 0.06666666666666667 0.0 1.0 0.0 0.012636708765238236 0.006730387297495614 0.0064516129032258064 0.001436265709156194 0.06376494223240242
0 0.0125 0.0 1.0 0.0 0.06424336527734262 0.007783126861137961 0.023028673835125444 0.002692998204667863 0.0298687306322388
0 0.016666666666666666 0.0 1.0 0.0 0.05221810390664324 0.0 0.016875746714456394 0.001645721125074805 0.05031531544340697
0 0.023809523809523808 0.0 1.0 0.0 0.09751426245229437 0.021086800693030296 0.03200204813108039 0.0043600923313670175 0.09656432151089743
0 0.010989010989010988 0.0 1.0 0.0 0.02769687338603444 0.013034323595348804 0.011717673007995592 0.004143074161027481 0.06495823242104298
0 0.03125 0.0 1.0 0.0 0.014860199853171763 0.013025667737764049 0.006720430107526882 0.0031418312387791743 0.013398001050353773
0 0.008547008547008546 0.0 1.0 0.0 0.04226177216112504 0.011046371571426968 0.015164047422111939 0.0023477420245822393 0.07483559699453204
0 0.014285714285714287 0.0 1.0 0.0 0.0564458293125734 0.009051303582896731 0.017665130568356373 0.0017953321364452424 0.12375193304168364
0 0.015151515151515152 0.0 1.0 0.0 0.012413503633306101 0.007746879694233849 0.007765830346475507 0.0020945541591861163 0.007849083456675437
0 0.011904761904761904 0.0 1.0 0.0 0.0025390522647831637 0.005490805991171481 0.0028161802355350742 0.0017953321364452424 0.002247831678103996
0 0.015384615384615385 0.0 1.0 0.0 0.010398101527559033 0.008973849729994153 0.002867383512544803 0.0 0.002128607152112984
0 0.005494505494505494 0.0 1.0 0.0 0.03139981176420504 0.013043432553751207 0.012958367797077474 0.002900151912719238 0.06461660470928618
0 0.005555555555555556 0.0 1.0 0.0 0.038716050515438076 0.023136286541921177 0.01612903225806452 0.0043387193297426685 0.0718374282126362
0 0.020833333333333332 0.0 1.0 0.0 0.0 0.00907277659190256 0.004181600955794504 0.0011968880909634949 0.009569081123904255
0 0.008403361344537815 0.0 1.0 0.0 0.025407154031606767 0.009614838996422306 0.009472606246799796 0.0012823800974608875 0.024087612813478775
0 0.004629629629629629 0.0 1.0 0.0 0.06190661458843134 0.007793677331860267 0.02075866188769415 0.0016457211250748055 0.05615453500968184
0 0.005847953216374269 0.0 1.0 0.0 0.03410100801476593 0.008979559085675529 0.01513341298287535 0.0007979253939756633 0.0942958359963835
0 0.01 0.0 1.0 0.0 0.030193625237409753 0.0 0.014695340501792114 0.0 0.0737752040997825
0 0.005952380952380952 0.0 1.0 0.0 0.05506620528072016 0.01028399010608343 0.01881720430107527 0.0011220825852782765 0.11461839676790918
0 0.00909090909090909 0.0 1.0 0.0 0.026822247736726 0.008973849729994153 0.011827956989247313 0.0 0.06702074160499744
0 0.002173913043478261 0.0 1.0 0.0 0.03737042336321316 0.022865256481615283 0.015591397849462368 0.0037701974865350096 0.029857314045036477
0 0.004629629629629629 0.0 1.0 0.0 0.007640958384245561 0.003971147216500555 0.006571087216248506 0.0007979253939756633 0.0009254436575980742
0 0.008 0.0 1.0 0.0 0.007631923613006758 0.007148064989700999 0.005376344086021505 0.001436265709156194 0.0023097361150655115
0 0.0027472527472527475 0.0 1.0 0.0 0.02918446871535935 0.01610948339657128 0.01241679467485919 0.0024365221851756864 0.059821906612451
0 0.012345679012345678 0.0 1.0 0.0 0.028588553328338925 0.007478208108328461 0.01075268817204301 0.0 0.09253901692445293
0 0.0035714285714285713 0.0 1.0 0.0 0.07178978263332084 0.014366285695653305 0.026702508960573478 0.002513464991023339 0.08608816894646472
0 0.0038314176245210726 0.0 1.0 0.0 0.09230245685368255 0.02899636119758701 0.0350457984866587 0.006183921803311391 0.07206840783749856
0 0.004166666666666667 0.0 1.0 0.0 0.04789185867733863 0.0046753340248370835 0.017921146953405017 0.0008976660682226212 0.10496894295514933
0 0.0024813895781637717 0.0 1.0 0.0 0.04956849794997772 0.018118503482854462 0.01929969671905156 0.0038668692169589835 0.046269732396403654
0 0.0026041666666666665 0.0 1.0 0.0 0.008545418414509037 0.0032044241186484934 0.006571087216248506 0.0007480550568521844 0.0005820298938671055
0 0.005050505050505051 0.0 1.0 0.0 0.12227808219376261 0.060188837603432306 0.05017921146953405 0.012866546977857572 0.11196238036200222
0 0.007352941176470588 0.0 1.0 0.0 0.038407418627034694 0.0 0.01478494623655914 0.0 0.08176806894030315
0 0.009523809523809523 0.0 1.0 0.0 0.13858529202284456 0.029094844484671086 0.05794504181600956 0.005984440454817475 0.3058470739243306
0 0.005555555555555555 0.0 1.0 0.0 0.03559694721323774 0.00369797528606127 0.02724014336917563 0.000718132854578097 0.0628313405507391
1 0.009009009009009009 0.0 1.0 0.0 0.025666184714646472 0.0 0.008363201911589008 0.0 0.002518234845885531
0 0.005263157894736842 0.0 1.0 0.0 0.006037385078175546 0.0 0.001075268817204301 0.0 0.013280839877170205
0 0.0018315018315018315 0.0 1.0 0.0 0.01079900540603418 0.0 0.004608294930875576 0.0 0.02327975703223198
0 0.002777777777777778 0.0 1.0 0.0 0.07440116967078128 0.024067811335904018 0.0296694544006372 0.004987033712347895 0.06662774724736045
0 0.0013550135501355014 0.0 1.0 0.0 0.009583662378585562 0.003376258301243813 0.0035842293906810036 0.0006981847197287054 0.000552847255466867
0 0.005952380952380952 0.0 1.0 0.0 0.011417982330091076 0.009220534004953894 0.00492831541218638 0.002244165170556553 0.002523451490957266
0 0.0029069767441860465 0.0 1.0 0.0 0.05376513802876605 0.026765180400755595 0.02060931899641577 0.005610412926391382 0.11107355899930546
0 0.0011961722488038277 0.0 1.0 0.0 0.05327299070132355 0.024983509670059224 0.02216562912657989 0.005385996409335727 0.025721882635131952
0 0.003703703703703704 0.0 1.0 0.0 0.013042792392146202 0.004087168797668717 0.013142174432497015 0.0011968880909634949 0.0012023588062409182
0 0.005434782608695652 0.0 1.0 0.0 0.0063161086869973964 0.004622469107576588 0.004480286738351255 0.0008976660682226212 0.003126362292359719
0 0.00425531914893617 0.0 1.0 0.0 0.014541091940023157 0.0 0.004659498207885305 0.0 0.0015476672091932014
0 0.003472222222222222 0.0 1.0 0.0 0.056612955297757096 0.0335402972988934 0.025089605734767026 0.007480550568521843 0.1412024725795898
0 0.00510204081632653 0.0 1.0 0.0 0.010477001687338493 0.0 0.004480286738351255 0.0 0.0027724151672716725
0 0.006666666666666667 0.0 1.0 0.0 0.02232655260209938 0.0 0.00896057347670251 0.0 0.05498757936965343
0 0.00196078431372549 0.0 1.0 0.0 0.010446515070879677 0.0 0.0064516129032258064 0.0 0.0006640257543916071
0 0.004807692307692308 0.0 1.0 0.0 0.08227408706087928 0.03955722364426044 0.03539426523297491 0.008527827648114902 0.21206722439477224
0 0.0037735849056603774 0.0 1.0 0.0 0.01056617126757565 0.0 0.005734767025089606 0.0 0.0017045827529169981
0 0.006172839506172839 0.0 1.0 0.0 0.03500186931524172 0.0 0.014336917562724016 0.0 0.04027863896150823
0 0.0015151515151515152 0.0 1.0 0.0 0.006702837847940012 0.0 0.0049283154121863805 0.0 0.0005487959940700158
0 0.0011160714285714285 0.0 1.0 0.0 0.040896324072627874 0.006998694340091656 0.013104838709677422 0.0012342908438061043 0.056807962657512236
0 0.0012531328320802004 0.0 1.0 0.0 0.029395444661075833 0.003184115687550943 0.010112647209421404 0.0007694280584765325 0.06095777778179669
0 0.004310344827586207 0.0 1.0 0.0 0.023124378461458678 0.009350668049674167 0.00492831541218638 0.0017953321364452424 0.07584396729542602
0 0.002421307506053269 0.0 1.0 0.0 0.08121125728876841 0.014427243490513901 0.02867383512544803 0.0028212362144139527 0.13586992066491094
0 0.001388888888888889 0.0 1.0 0.0 0.037520313349570907 0.01986009723202131 0.01807048984468339 0.004338719329742669 0.07608158454132728
0 0.0006830601092896175 0.0 1.0 0.0 0.05567003723597744 0.013190334863217907 0.01963859020310633 0.002692998204667864 0.023332630794305295
0 0.0032258064516129032 0.0 1.0 0.0 0.05420242791504265 0.0 0.02114695340501792 0.0 0.05392947493888021
0 0.058823529411764705 0.0 1.0 0.0 0.06301887282971907 0.02009734205604831 0.019251336898395713 0.0038858367948546154 0.05882352941176469
0 0.011904761904761904 0.0 1.0 0.09523809523809523 0.06949263079909637 0.015916493455183218 0.02126623376623376 0.002982969953357196 0.01270960570905288
0 0.02222222222222222 0.0 1.0 0.13333333333333333 0.04284488150165431 0.02305339752589799 0.013484848484848485 0.0041002277904328005 0.08975432820077746
0 0.041666666666666664 0.0 1.0 0.0 0.010524316939095203 0.011860369921238475 0.0022727272727272726 0.0018982536066818525 0.0017093890297973805
0 0.04 0.0 1.0 0.0 0.09936976648816642 0.031311376592069576 0.030909090909090907 0.005466970387243736 0.27261772191165656
1 0.010416666666666666 0.0 1.0 0.0 0.036253345098374384 0.02161256018052937 0.012642045454545456 0.002135535307517084 0.08434034675819205
0 0.01020408163265306 0.0 1.0 0.0 0.010102255712737412 0.003049809408318465 0.0034090909090909094 0.0 0.014220543129647828
0 0.020833333333333332 0.0 1.0 0.0 0.0 0.0 0.0 0.0 0.003387106400171235
0 0.015873015873015872 0.0 1.0 0.0 0.07458547976034516 0.018298856449910795 0.022727272727272728 0.00292873413602343 0.19423110409117614
0 0.011111111111111112 0.0 1.0 0.0 0.016657456750181415 0.0 0.0060606060606060615 0.0 0.0006762953121002747
0 0.09090909090909091 0.0 1.0 0.0 0.10881867209456728 0.0 0.029545454545454545 0.0 0.21037486125038843
0 0.009259259259259259 0.0 1.0 0.0 0.05754815560558454 0.00632553062466052 0.01919191919191919 0.0010124019235636548 0.15114223813556518
0 0.015384615384615385 0.0 1.0 0.0 0.09384236486273867 0.005692977562194468 0.028636363636363637 0.0009111617312072892 0.27325161674041853
0 0.007142857142857143 0.0 1.0 0.0 0.05246032787763566 0.017078932686583406 0.015454545454545453 0.002733485193621868 0.1365181129072014
0 0.006060606060606061 0.0 1.0 0.0 0.10713867549358874 0.008645153170153026 0.033057851239669415 0.0018637399047421828 0.07158953462536323
0 0.005681818181818182 0.0 1.0 0.0 0.07297472989614949 0.04201482252904821 0.020867768595041324 0.006833712984054669 0.1148906122869048
0 0.0053475935828877 0.0 1.0 0.0 0.0642128504217632 0.030891599409416482 0.020867768595041324 0.0051770552909505075 0.11622868312461251
0 0.00326797385620915 0.0 1.0 0.0 0.10177991723285627 0.011383704924062531 0.03235294117647057 0.002009915583545491 0.03979806758328977
0 0.007518796992481203 0.0 1.0 0.0 0.07681238475737458 0.01626565017769848 0.025974025974025976 0.0026033192320208264 0.18888067507943102
0 0.01 0.0 1.0 0.0 0.08982334848070302 0.006339778991445552 0.02909090909090909 0.001366742596810934 0.26827743204064763
0 0.004329004329004329 0.0 1.0 0.18181818181818182 0.037855687524163004 0.0 0.011776859504132231 0.0 0.12338397755792668
0 0.003787878787878788 0.0 1.0 0.16666666666666666 0.04723811034124659 0.009225142109898927 0.01515151515151515 0.001518602885345482 0.10959840562843592
0 0.021739130434782608 0.0 1.0 0.0 0.007100048721032305 0.0 0.0 0.0 0.013874764413282184
0 0.003472222222222222 0.0 1.0 0.0 0.039633987695328575 0.008390964214175229 0.013068181818181819 0.001518602885345482 0.11320563034108437
0 0.01 0.0 1.0 0.0 0.0035500243605161527 0.0 0.0 0.0 0.0055318285708207
0 0.019230769230769232 0.0 1.0 0.0 0.21205139250611232 0.01584944747861388 0.06818181818181818 0.003416856492027335 0.6724075574209292
0 0.0021786492374727667 0.0 1.0 0.0 0.06340234979482745 0.011103769269346097 0.02125668449197861 0.0018759212113091247 0.0543053008336753
0 0.002551020408163265 0.0 1.0 0.0 0.04950934581511935 0.005083015680530775 0.01704545454545454 0.0008135372600065082 0.09216181056043417
0 0.017241379310344827 0.0 1.0 0.0 0.18019657610956302 0.0 0.05454545454545454 0.0 0.6827683040722416
0 0.005555555555555556 0.0 1.0 0.0 0.015089082195992544 0.0 0.006060606060606061 0.0 0.001175371468588329
0 0.0017921146953405018 0.0 1.0 0.0 0.026390001209691774 0.00158138265616513 0.009469696969696968 0.0002531004808909137 0.07488156828723377
0 0.004464285714285714 0.0 1.0 0.0 0.07766474263049829 0.00813282508884924 0.02435064935064935 0.0013016596160104132 0.18690293217252377
0 0.005681818181818182 0.0 1.0 0.0 0.07297472989614949 0.04201482252904821 0.020867768595041324 0.006833712984054669 0.1148906122869048
0 0.0053475935828877 0.0 1.0 0.0 0.0642128504217632 0.030891599409416482 0.020867768595041324 0.0051770552909505075 0.11622868312461251
0 0.002857142857142857 0.0 1.0 0.0 0.03679302262251453 0.004876686232250025 0.012954545454545455 0.0009111617312072892 0.0003061509229713605
0 0.006944444444444444 0.0 1.0 0.0 0.035816631248983294 0.005075493627881975 0.014204545454545454 0.0011389521640091116 0.0011782556563563538
0 0.002079002079002079 0.0 1.0 0.0 0.05354660273178496 0.004653597887755024 0.017132867132867134 0.0008761170492377781 0.09992750449660476
0 0.0023923444976076554 0.0 1.0 0.0 0.109206675412991 0.010734714581881015 0.033057851239669415 0.0018637399047421828 0.07103207366721516
0 0.0028490028490028487 0.0 1.0 0.0 0.08487226798962721 0.0 0.025757575757575753 0.0 0.10701268712254798
0 0.003125 0.0 1.0 0.0 0.07507431712044094 0.024906776834600797 0.021306818181818184 0.003986332574031891 0.1612063129092017
0 0.0027100271002710027 0.0 1.0 0.0 0.10848000270893043 0.028464887810972346 0.031818181818181815 0.004555808656036446 0.10709075843248689
0 0.0010351966873706003 0.0 1.0 0.0 0.011993435371065859 0.0012376038178683625 0.004940711462450593 0.00019807863721897593 0.00022099214913789554
0 0.07692307692307693 0.0 1.0 0.0 0.0433665831002662 0.009198542831521394 0.017065715741212427 0.004088934321492461 0.07692307692307693
0 0.08333333333333333 0.0 1.0 0.0 0.08259436327837491 0.02338977905551033 0.025386313465783666 0.0049833887043189366 0.16085770937365138
0 0.05555555555555555 0.0 1.0 0.0 0.07624406298922158 0.02338977905551033 0.02262693156732892 0.004983388704318937 0.16306277109355038
0 0.025 0.0 1.0 0.0 0.07973871533717539 0.0116186866618642 0.02450331125827815 0.004318936877076412 0.06706883026586072
0 0.028571428571428574 0.0 1.0 0.0 0.10810095261047177 0.018587833275584786 0.035477767265846734 0.004746084480303748 0.09734947300526207
0 0.01282051282051282 0.0 1.0 0.0 0.03353647044419907 0.017781516593691524 0.01502801833927662 0.006644518272425246 0.0696075881658532
0 0.015873015873015872 0.0 1.0 0.0 0.014416095828546012 0.006919205841094606 0.005886681383370126 0.002953119232189 0.0379683973379119
0 0.0625 0.0 1.0 0.0 0.17056702658063577 0.0 0.051324503311258284 0.0016611295681063123 0.4615635360627135
0 0.013888888888888888 0.0 1.0 0.0 0.052433398900615116 0.006632699294553781 0.018625827814569538 0.003322259136212625 0.11836931358328479
0 0.02 0.0 1.0 0.0 0.020017810066518326 0.006460795366629286 0.007284768211920529 0.0019933554817275745 0.001323599012638439
0 0.015151515151515152 0.0 1.0 0.0 0.06737627431201211 0.01377857514498685 0.027593818984547464 0.002768549280177187 0.15190552274416985
0 0.011904761904761904 0.0 1.0 0.0 0.06223158937454316 0.012853028613755325 0.020813623462630087 0.0014238253440911248 0.13533152431777265
0 0.006410256410256411 0.0 1.0 0.0 0.0360439167219235 0.03137191986508137 0.017384105960264903 0.004152823920265781 0.0755496946973261
0 0.003968253968253968 0.0 1.0 0.0 0.03680014904842668 0.015148608375808746 0.016004415011037526 0.0027685492801771874 0.04671428323349039
0 0.022222222222222223 0.0 1.0 0.0 0.015520968428698751 0.0 0.002207505518763797 0.0 0.00317985277766861
0 0.015625 0.0 1.0 0.0 0.02227524462143409 0.010378808761641909 0.012417218543046357 0.0 0.0037693269891650757
0 0.0053475935828877 0.0 1.0 0.0 0.010243339250811374 0.01252935758498906 0.005117399157134256 0.000906070673512534 0.0012452338679538701
0 0.027777777777777776 0.0 1.0 0.0 0.044029021561690876 0.010378808761641909 0.016556291390728478 0.0 0.12879394344151587
0 0.008771929824561403 0.0 1.0 0.0 0.08632082679520302 0.0519345240802982 0.0369757174392936 0.01107419712070875 0.1529252848975226
0 0.0038461538461538464 0.0 1.0 0.0 0.057999133036755204 0.008163322208681576 0.01986754966887417 0.0010222335803731152 0.04989703514337197
0 0.006802721088435374 0.0 1.0 0.0 0.061572312709576534 0.04159457718251029 0.02885525070955535 0.009017560512577124 0.1297233899076222
0 0.004132231404958678 0.0 1.0 0.0 0.017280384714884512 0.0119533123038959 0.010836845273931368 0.0006040471156750226 0.0004326264227342447
0 0.008695652173913044 0.0 1.0 0.0 0.16075899353205778 0.0993069834112362 0.06887417218543047 0.0212624584717608 0.13530365172425746
0 0.013888888888888888 0.0 1.0 0.0 0.024486762984685915 0.0 0.008830022075055188 0.0 0.0025205418301578464
0 0.01 0.0 1.0 0.0 0.004598423587705698 0.0051894043808209545 0.0 0.0 0.003387477447737245
0 0.0027472527472527475 0.0 1.0 0.0 0.021179940778238905 0.0059307478637953765 0.006622516556291391 0.00047460844803037496 0.00017339834519712935
0 0.004629629629629629 0.0 1.0 0.0 0.09392259988049653 0.04701300239472029 0.04014900662251656 0.008305647840531562 0.08081568085198118
0 0.008928571428571428 0.0 1.0 0.0 0.016095304181316036 0.008508711454615148 0.006622516556291391 0.0024916943521594683 0.0017583816432359635
0 0.008620689655172414 0.0 1.0 0.0 0.016095304181316036 0.017062582859665512 0.008278145695364239 0.00415282392026578 0.001686308287440501
0 0.0014492753623188406 0.0 1.0 0.0 0.04741292976130444 0.021588474654616566 0.020875323927440247 0.004622273580817565 0.02674468418426027
0 0.008064516129032258 0.0 1.0 0.0 0.006668663476527052 0.008553871405050364 0.004966887417218543 0.0016611295681063123 0.002638748684532263
0 0.003472222222222222 0.0 1.0 0.0 0.05779698989220421 0.030297216751617492 0.022810890360559236 0.006275378368401624 0.09726667473872269
0 0.006060606060606061 0.0 1.0 0.0 0.028800494492105127 0.0 0.012582781456953643 0.0 0.03881906077588903
0 0.003676470588235294 0.0 1.0 0.0 0.06325130216269192 0.03744883586979909 0.026076158940397352 0.007890365448504983 0.10943291083271466
0 0.007142857142857143 0.0 1.0 0.0 0.023001238317445268 0.008553871405050364 0.008278145695364239 0.0016611295681063123 0.06802566379062365
0 0.0021367521367521365 0.0 1.0 0.0 0.06639149022731367 0.038194993619706234 0.029291900152827306 0.008177868642984922 0.04866423072276233
0 0.0033783783783783786 0.0 1.0 0.0 0.05742164988665936 0.028894964464748724 0.023592715231788082 0.006229235880398671 0.11311068401478354
0 0.02631578947368421 0.0 1.0 0.0 0.016168082018133176 0.0 0.006622516556291391 0.0 0.02086507779244803
0 0.004273504273504273 0.0 1.0 0.0 0.004824043057886767 0.0 0.004966887417218543 0.0 0.0016709072954352
0 0.041666666666666664 0.0 1.0 0.08333333333333333 0.07103815875981015 0.014479726980653874 0.023646071700991606 0.003918195718654435 0.04166666666666668
0 0.041666666666666664 0.0 1.0 0.0 0.050988183719583254 0.007165186782693153 0.01754385964912281 0.0021024464831804284 0.14078342829550686
0 0.047619047619047616 0.0 1.0 0.0 0.0568032022447729 0.0061415886708798455 0.017979731938542003 0.0019659239842726084 0.23334409584489887
0 0.027777777777777776 0.0 1.0 0.0 0.053844896523353815 0.031162688174161218 0.023646071700991617 0.007645259938837921 0.17910517397480682
0 0.014285714285714287 0.0 1.0 0.0 0.056588367250120106 0.004094392447253231 0.018633540372670808 0.0021297509829619923 0.0824238584472736
0 0.023809523809523808 0.0 1.0 0.0 0.08975793613692076 0.015905013056978733 0.02844066688460281 0.003931847968545217 0.2395796407476191
0 0.015873015873015872 0.0 1.0 0.0 0.015086214490967063 0.009553582376924203 0.005847953216374269 0.0020387359836901123 0.0018955869403029712
0 0.008928571428571428 0.0 1.0 0.0 0.03430159023613651 0.01622217269265973 0.015201046093494605 0.004423328964613368 0.11473367376496511
0 0.009259259259259259 0.0 1.0 0.0 0.048183326804358516 0.02830380162646381 0.02021357742181541 0.005351681957186545 0.13385057159292102
0 0.016666666666666666 0.0 1.0 0.0 0.07905206755707535 0.017476068473440482 0.02517162471395881 0.0030581039755351682 0.2726049258148841
0 0.0036363636363636364 0.0 1.0 0.0 0.09815105637785024 0.026159072544101977 0.03569794050343248 0.004678899082568808 0.03124231287369913
0 0.0027777777777777775 0.0 1.0 0.13333333333333333 0.05329461958589287 0.027304841862968297 0.020823798627002284 0.004357798165137614 0.03357280086833584
0 0.019230769230769232 0.0 1.0 0.0 0.0045431647539293215 0.007165186782693153 0.0034324942791762016 0.0 0.006817602539208548
0 0.003968253968253968 0.0 1.0 0.0 0.05223893060135762 0.03160354577319794 0.023900330536486145 0.0050968399592252805 0.06723863976084582
0 0.013333333333333332 0.0 1.0 0.0 0.005752329870365593 0.002866074713077261 0.0036613272311212816 0.0 0.005683265168307082
0 0.003472222222222222 0.0 1.0 0.0 0.05360515526423967 0.006424635398793603 0.01601830663615561 0.0011467889908256881 0.06446294397712139
0 0.004524886877828054 0.0 1.0 0.0 0.07418686704675043 0.012437369938131429 0.022707269846857947 0.0024700070571630206 0.08954670620253045
0 0.0018518518518518517 0.0 1.0 0.0 0.08600160371083015 0.023988698065114247 0.036994660564454614 0.00489296636085627 0.02559261359085243
0 0.010526315789473684 0.0 1.0 0.0 0.07822224490516219 0.0 0.02425629290617849 0.0 0.3270557158087781
0 0.005555555555555556 0.0 1.0 0.0 0.0102511741823312 0.0 0.004830917874396135 0.0 0.008740224117926057
1 0.0010131712259371832 0.0 1.0 0.0 0.07558625057699288 0.03143023282511549 0.031160231754223677 0.006636736287331642 0.01471907164403823
0 0.0016835016835016836 0.0 1.0 0.0 0.044517783324517834 0.02252517260602174 0.020171200949232988 0.004672103295956508 0.041496996756822
0 0.0024154589371980675 0.0 1.0 0.0 0.03752643786093438 0.018918140892225332 0.017925247902364605 0.004077471967380225 0.0871371700134692
1 0.000744047619047619 0.0 1.0 0.0 0.061039476594364386 0.022919969468372745 0.025784570120954566 0.004710026212319791 0.01104809280982486
0 0.004 0.0 1.0 0.0 0.023147520718956975 0.004299112069615892 0.015331807780320367 0.0006880733944954129 0.03738622090889225
0 0.004807692307692308 0.0 1.0 0.0 0.005255608586824891 0.00478050611562912 0.002860411899313501 0.0011467889908256881 0.0027167548678002917
0 0.1111111111111111 0.0 1.0 0.0 0.04114839363778813 0.038368286255078585 0.01884920634920635 0.011011011011011011 0.1111111111111111
0 0.1 0.0 1.0 0.0 0.011054017919400092 0.042338400631939395 0.014285714285714285 0.01081081081081081 0.03715216230874142
0 0.027777777777777776 0.0 1.0 0.0 0.03525564905934708 0.03546003493236886 0.011904761904761904 0.010510510510510515 0.0001432073427536063
0 0.014705882352941176 0.0 1.0 0.0 0.06402561753882449 0.009565967908301718 0.022058823529411763 0.003709591944886062 0.030471588211131405
0 0.016666666666666666 0.0 1.0 0.0 0.052269409053660974 0.016681368450295747 0.020089285714285712 0.0 0.05370234465654624
0 0.041666666666666664 0.0 1.0 0.0 0.04662528664226095 0.02502205267544362 0.015624999999999998 0.0 0.000688002129805252
0 0.015873015873015872 0.0 1.0 0.0 0.022617800303724532 0.006254297171680109 0.012896825396825398 0.0 0.009727663443991116
0 0.03125 0.0 1.0 0.0 0.08018456493960258 0.02089461694628076 0.033482142857142856 0.0045045045045045045 0.2401644546301404
0 0.02222222222222222 0.0 1.0 0.0 0.03087820355070231 0.0 0.007142857142857143 0.0 0.0006477764229123955
0 0.007692307692307693 0.0 1.0 0.0 0.029935779698235167 0.004329898041932383 0.012362637362637362 0.0 0.00014832431854747187
0 0.005681818181818182 0.0 1.0 0.0 0.06106593848108841 0.020339513030415743 0.020647321428571428 0.0033783783783783786 0.03746060174024893
0 0.013888888888888888 0.0 1.0 0.0 0.03330632287001278 0.009381445757520163 0.01636904761904762 0.0 0.000402686152832228