1 0.16666666666666666 0.0 1.0 0.0 0.07808397156022771 0.045111109494073244 0.03785103785103785 0.008868501529051989 0.1666666666666667
0 0.02 0.0 1.0 0.16 0.03279536233447335 0.020715728218016087 0.01641025641025641 0.004697247706422019 0.03336718612265688
1 0.011494252873563218 0.0 1.0 0.06896551724137931 0.056020275969612336 0.017297768525248166 0.020272830617658194 0.003669724770642202 0.013377237629196253
0 0.019230769230769232 0.0 1.0 0.0 0.008801521615824997 0.0035274765699412442 0.004930966469428009 0.0016937191249117856 0.00036147264544727337
0 0.006666666666666667 0.0 1.0 0.0 0.060403195627359 0.03431808555707473 0.026068376068376066 0.007033639143730887 0.01814927937410692
0 0.00641025641025641 0.0 1.0 0.0 0.054116073229136905 0.030669960235626445 0.02345731191885038 0.006422018348623854 0.023491936938893492
0 0.008928571428571428 0.0 1.0 0.0 0.01772905961474556 0.010335131851181456 0.010760073260073262 0.0011467889908256881 0.00135437058415451
0 0.0078125 0.0 1.0 0.0 0.017803880656683327 0.01559034514392317 0.008699633699633698 0.0020642201834862386 0.0012167875313340375
0 0.012345679012345678 0.0 1.0 0.0 0.04321066465349349 0.03283251530319407 0.022792022792022793 0.005912334352701326 0.09196097196292624
0 0.008333333333333333 0.0 1.0 0.0 0.026418390769444567 0.023558343578217417 0.0115995115995116 0.003211009174311927 0.06990185070619888
0 0.006060606060606061 0.0 1.0 0.0 0.042567745850547324 0.016147780028800057 0.01807081807081807 0.002446483180428135 0.04686979309532123
1 0.0021367521367521365 0.0 1.0 0.0 0.05589633736231884 0.028828326541896338 0.02423217807833192 0.0057398259233121625 0.01147510560322265
0 0.002849002849002849 0.0 1.0 0.0 0.02466900736355448 0.015455716088307557 0.015194681861348525 0.0032619775739041795 0.0019013916696766996
0 0.0017006802721088435 0.0 1.0 0.0 0.025429759488717455 0.010249161101993993 0.010422117564974706 0.0020969855832241153 0.013189968562313314
0 0.0035087719298245615 0.0 1.0 0.0 0.023948724510890602 0.004001063327671205 0.011181800655484866 0.0007725736359246741 0.023262349718235688
0 0.00625 0.0 1.0 0.0 0.0032715653628891373 0.0015297619570013186 0.002380952380952381 0.0003669724770642202 0.0014646898421491585
0 0.0018975332068311196 0.0 1.0 0.0 0.05282604011018501 0.024188593980374682 0.02339595887982985 0.004853506954720332 0.018703876493842246
0 0.005555555555555555 0.0 1.0 0.0 0.031611611680751286 0.0032706667194718347 0.01465201465201465 0.0007339449541284404 0.08059737459488503
0 0.006578947368421052 0.0 1.0 0.0 0.014830933241550433 0.006370293227005142 0.007554945054945056 0.0011467889908256881 0.004170076733697134
0 0.0038461538461538464 0.0 1.0 0.0 0.02322852212074628 0.005683918732358402 0.009016624401239785 0.0009880028228652082 0.0070161530277025146
0 0.0021645021645021645 0.0 1.0 0.0 0.05141050859017482 0.031924928482840724 0.020812520812520805 0.00633861551292744 0.03041780640971701
0 0.0014204545454545455 0.0 1.0 0.0 0.05079328189132855 0.015658028663300405 0.020375457875457872 0.003268348623853211 0.017947325973433185
0 0.002717391304347826 0.0 1.0 0.0 0.03674888785351449 0.019564023861216022 0.018887362637362636 0.0040137614678899085 0.05898504194990129
0 0.004166666666666667 0.0 1.0 0.0 0.057112511920216366 0.04089949725273921 0.02399267399267399 0.008073394495412844 0.08874757345076398
0 0.0017391304347826088 0.0 1.0 0.0 0.03242472637199664 0.017207875585192652 0.014094601051122788 0.003350618268847228 0.024965695183668323
0 0.0016025641025641027 0.0 1.0 0.0 0.02688228205738406 0.007781964713829906 0.010149572649572648 0.0016819571865443427 0.023908021433720405
0 0.0024691358024691358 0.0 1.0 0.0 0.005234912389360593 0.0 0.00231990231990232 0.0 0.0006457059606682111
0 0.004464285714285714 0.0 1.0 0.0 0.04988238082694263 0.023345894141489718 0.019688644688644688 0.005045871559633028 0.09726067992977201
0 0.05263157894736842 0.0 1.0 0.0 0.04733507014741906 0.016796855764799955 0.0180986061992927 0.004594820384294068 0.05263157894736841
0 0.02 0.0 1.0 0.0 0.07093531560804321 0.036974001529433496 0.03019762845849802 0.00873015873015873 0.027403871148289117
0 0.02222222222222222 0.0 1.0 0.0 0.05194316557737608 0.022577538460833123 0.02476943346508564 0.007142857142857143 0.07035556525930867
0 0.00625 0.0 1.0 0.0 0.06218738353291814 0.03767747159644801 0.02717391304347826 0.006845238095238096 0.013449795893851011
0 0.006060606060606061 0.0 1.0 0.0 0.03262063321869501 0.02418080191144291 0.01736734938315966 0.004208754208754209 0.03115669999762912
0 0.010416666666666666 0.0 1.0 0.0 0.045066304776630366 0.01275709209448887 0.015069169960474312 0.000496031746031746 0.05568613400936777
0 0.03571428571428571 0.0 1.0 0.0 0.08267096391206832 0.0685910934456948 0.038537549407114624 0.010912698412698412 0.3322812517773095
0 0.008928571428571428 0.0 1.0 0.0 0.036723712225708825 0.02446931899627845 0.019198193111236588 0.002551020408163265 0.09066171651134433
0 0.01111111111111111 0.0 1.0 0.0 0.018008998692693127 0.00707346572266726 0.011462450592885375 0.0015873015873015873 0.000556397246742546
0 0.0071428571428571435 0.0 1.0 0.0 0.05888043077721439 0.019204514691649795 0.025409373235460192 0.0036848072562358273 0.06762895267224259
1 0.006993006993006993 0.0 1.0 0.15384615384615385 0.006680474661271385 0.0 0.004256612952265126 0.0 0.005158803258220284
1 0.0016666666666666666 0.0 1.0 0.04 0.04469098193121477 0.009087608588318374 0.016996047430830042 0.001746031746031746 0.013345033670784243
0 0.14285714285714285 0.0 1.0 0.0 0.11473066736699096 0.09821498797940317 0.0410958904109589 0.019704433497536946 0.14285714285714285
0 0.029411764705882353 0.0 1.0 0.0 0.07415217803744585 0.03713550598593047 0.03021756647864625 0.010953346855983778 0.04454636087516057
0 0.037037037037037035 0.0 1.0 0.0 0.08447998415110831 0.07638943509509136 0.0334855403348554 0.01685823754789272 0.1097976354922967
0 0.016666666666666666 0.0 1.0 0.0 0.0480063693490759 0.02367554292340376 0.021917808219178082 0.005977011494252874 0.06487900253590746
0 0.006666666666666667 0.0 1.0 0.0 0.07096250763433581 0.043494232072154485 0.029680365296803644 0.008735632183908045 0.019763065408181197
0 0.03333333333333333 0.0 1.0 0.0 0.05113970307932717 0.008617990171735763 0.0136986301369863 0.0 0.11219791831758057
0 0.007936507936507936 0.0 1.0 0.0 0.04001677743785923 0.04655210998196488 0.014840182648401824 0.007662835249042145 0.02444855887672372
0 0.005681818181818182 0.0 1.0 0.09090909090909091 0.026880431567769633 0.008635934372381998 0.009028642590286426 0.0012539184952978057 0.02395786255570729
0 0.009259259259259259 0.0 1.0 0.0 0.04226698590637681 0.030857201399850237 0.021118721461187217 0.004597701149425287 0.047757477175032426
0 0.009090909090909092 0.0 1.0 0.0 0.023286943839765425 0.003917268259879893 0.0062266500622665 0.0 0.00028970105931488797