1 0.02564102564102564 0.0 1.0 0.0 0.04628748190254385 0.06857917154976463 0.02279202279202279 0.013782051282051285 0.02564102564102564
0 0.038461538461538464 0.0 1.0 0.0 0.05307208215672484 0.016985623274783097 0.021842355175688506 0.0038461538461538464 0.04206445122294496
0 0.041666666666666664 0.0 1.0 0.0 0.07342091430991002 0.05199597006398422 0.035493827160493825 0.0140625 0.15922004425604416
0 0.011904761904761904 0.0 1.0 0.0 0.07391235602024508 0.045717568457339444 0.027630805408583186 0.010714285714285713 0.02380244093840408
0 0.03571428571428571 0.0 1.0 0.0 0.033487355829913565 0.01623702587591343 0.010850819200919806 0.003168202764976958 0.03571428571428571
0 0.041666666666666664 0.0 1.0 0.0 0.023149431058355388 0.009691639482440784 0.010731052984574113 0.0020161290322580645 0.0038375977622928815
0 0.027777777777777776 0.0 1.0 0.0 0.0576262229895918 0.0217462086909459 0.019785378940308518 0.004032258064516128 0.05712226024443296
0 0.011904761904761904 0.0 1.0 0.0 0.03803708881636596 0.014707979000046601 0.013413816230717643 0.003168202764976958 0.03284061673606876
0 0.018181818181818184 0.0 1.0 0.0 0.025149504512093215 0.01313225327768429 0.012621181635266144 0.0025659824046920816 0.06487786582651399
0 0.023809523809523808 0.0 1.0 0.0 0.01801434723935116 0.012596860634089574 0.006323656223052601 0.002304147465437788 0.04298782829556704
0 0.012987012987012986 0.0 1.0 0.0 0.03135832659034438 0.011451691485535976 0.010426193524785075 0.0018328445747800583 0.06422279791540707
0 0.006578947368421052 0.0 1.0 0.0 0.023774780185229664 0.013471112703372048 0.008895478131949594 0.0013794567062818334 0.037883967211492585
0 0.00326797385620915 0.0 1.0 0.0 0.035577041097510274 0.006641263376747732 0.013492721032074809 0.001363851992409867 0.015252127088907223
0 0.005 0.0 1.0 0.0 0.0680972768533488 0.010865185535688255 0.03390342052313885 0.0018145161290322581 0.02527663617675644
0 0.011363636363636364 0.0 1.0 0.0 0.049346290358756796 0.007425591768239702 0.014336016096579477 0.0020161290322580645 0.1038174609266522
0 0.016666666666666666 0.0 1.0 0.0 0.05812749630166719 0.01007748850727166 0.032595573440643864 0.0016129032258064516 0.0003155228451231496
0 0.003344481605351171 0.0 1.0 0.0 0.040154917866677374 0.005194736406049797 0.01784620768086782 0.0008765778401122019 0.020168624542600985
0 0.003401360544217687 0.0 1.0 0.0 0.026962304292615653 0.00279756938433749 0.010635240011497559 0.000576036866359447 0.029374930438876755
0 0.002564102564102564 0.0 1.0 0.07692307692307693 0.038880604785241586 0.0062561975596512566 0.014858381055564156 0.001163151364764268 0.016425362183575206
0 0.002840909090909091 0.0 1.0 0.0 0.038373651091732824 0.004580676594214391 0.019389061642582764 0.0007331378299120235 0.008441562527445658
0 0.0016339869281045752 0.0 1.0 0.05555555555555555 0.038361007993279725 0.004877528372398063 0.01196065280572323 0.0010080645161290322 0.016317996767660756
1 0.013888888888888888 0.0 1.0 0.0 0.037562765540460404 0.0 0.02062374245472837 0.0 0.005371486537251842
1 0.001547987616099071 0.0 1.0 0.0 0.04423709633687998 0.007043333288866932 0.020120724346076452 0.0011859582542694494 0.014376057379296717
0 0.005 0.0 1.0 0.0 0.05755382218668377 0.014673243934831636 0.02253521126760564 0.0024193548387096775 0.07419728060965447
0 0.007936507936507936 0.0 1.0 0.0 0.03500800101096069 0.006298430317044787 0.019450033534540577 0.0010080645161290322 0.005115582394377372
0 0.00909090909090909 0.0 1.0 0.0 0.05532649796509831 0.0 0.01891348088531187 0.0 0.14366089251471142
0 0.006211180124223602 0.0 1.0 0.0 0.0641614741980041 0.011798303974458302 0.03621730382293763 0.0020161290322580645 0.002631991809184358
0 0.008333333333333333 0.0 1.0 0.0 0.049866606627119246 0.01959598735280143 0.022132796780684104 0.0032258064516129032 0.06077417938040708
0 0.0033333333333333335 0.0 1.0 0.0 0.03953239667680574 0.004198953544696525 0.018947015425888666 0.0006720430107526881 0.05133268995412468
0 0.004273504273504274 0.0 1.0 0.0 0.051525304224858744 0.00839790708939305 0.016990833892242346 0.0013440860215053762 0.06878399458478936
0 0.0021786492374727667 0.0 1.0 0.0 0.04671797934626466 0.012888009750226852 0.017635223103325836 0.0026091081593927895 0.05417006434345165
0 0.003968253968253968 0.0 1.0 0.0 0.033824451326004576 0.0027993023631310166 0.012743125419181758 0.00044802867383512545 0.0804225944299118
0 0.0028735632183908046 0.0 1.0 0.0 0.06888983432806645 0.006260485454503819 0.025653923541247486 0.0011760752688172043 0.03501285317282219
0 0.011111111111111112 0.0 1.0 0.0 0.008387527832653103 0.0 0.00335345405767941 0.0 0.030572431949767654
0 0.005376344086021505 0.0 1.0 0.0 0.07714866904385674 0.0 0.03621730382293763 0.0 0.09435560939763547
0 0.0078125 0.0 1.0 0.0 0.007847431114242917 0.00519095825185516 0.009054325955734407 0.0010080645161290322 0.0019919624039728538
0 0.0015151515151515152 0.0 1.0 0.0 0.03982056455157153 0.01098270960167649 0.01609657947686117 0.002318548387096774 0.04423055368460497
0 0.0032679738562091504 0.0 1.0 0.0 0.017727978545253018 0.004198953544696525 0.006483344511513525 0.0006720430107526881 0.07554662475936329
0 0.007142857142857143 0.0 1.0 0.0 0.01939255607885987 0.011199386479734846 0.006539235412474849 0.0020161290322580645 0.15221010299183707
0 0.005555555555555555 0.0 1.0 0.0 0.013870906002319602 0.00503874425363583 0.0028169014084507044 0.0008064516129032258 0.028776018130418385
0 0.5 0.0 1.0 1.0 0.037117052127008374 0.015938884883950073 0.017766497461928935 0.002551020408163265 0.5
0 0.03125 0.0 1.0 0.0 0.0628711047817618 0.03473805006428434 0.030456852791878174 0.007334183673469389 3.4204750783341055e-05
0 0.014492753623188404 0.0 1.0 0.0 0.05398458985727005 0.039695036866930086 0.02361509600529684 0.007320319432120677 0.004220398888843011
0 0.025 0.0 1.0 0.0 0.05017091411262672 0.015938884883950073 0.019796954314720814 0.004591836734693877 0.013154388934589806
0 0.02 0.0 1.0 0.0 0.06761827393124828 0.03477266882068408 0.02842639593908629 0.004591836734693877 6.20443767082724e-05
0 0.016666666666666666 0.0 1.0 0.0 0.02379324057608361 0.022314438837530103 0.010659898477157361 0.001020408163265306 0.02534249478094468
0 0.023809523809523808 0.0 1.0 0.0 0.05721097157908183 0.0188942030406411 0.02622673434856176 0.003401360544217687 0.00017221601048040657
0 0.010416666666666666 0.0 1.0 0.0 0.044036040538381636 0.005312961627983358 0.021996615905245348 0.0008503401360544217 7.015338383218105e-05
0 0.037037037037037035 0.0 1.0 0.0 0.06334768772885636 0.0 0.02538071065989848 0.0 0.0005378225494549824
0 0.006666666666666667 0.0 1.0 0.0 0.06311008907568552 0.00303148530971454 0.02808798646362098 0.0006802721088435374 3.305334417219514e-05
0 0.007575757575757576 0.0 1.0 0.0 0.04127088690479701 0.009102318265126532 0.021150592216582064 0.0017006802721088435 7.775782898132463e-05
0 0.041666666666666664 0.0 1.0 0.0 0.03895925182944776 0.0 0.02030456852791878 0.0 0.0010962742833148613
0 0.004807692307692308 0.0 1.0 0.0 0.04444934030317102 0.003284075628724693 0.018083756345177667 0.0006377551020408163 3.9150274395679656e-05
0 0.011904761904761904 0.0 1.0 0.0 0.037636629938560984 0.0188942030406411 0.017766497461928935 0.003401360544217687 0.00020993177646830294
0 0.011111111111111112 0.0 1.0 0.0 0.03408803164073365 0.0 0.010152284263959392 0.0 0.0001432071461598472
0 0.020833333333333332 0.0 1.0 0.0 0.04900571834652917 0.02125184651193343 0.02538071065989848 0.003401360544217687 0.13283289658018765
0 0.0053475935828877 0.0 1.0 0.0 0.013913414696873988 0.0 0.007383479464697738 0.0 0.029106450227038682
0 0.0022222222222222222 0.0 1.0 0.0 0.06471186108652993 0.015903820510735762 0.02517766497461929 0.0026530612244897956 1.549298136124237e-05
0 0.005847953216374269 0.0 1.0 0.0 0.05997732200167442 0.021353670370359915 0.022560631697687534 0.003968253968253968 7.560006349701476e-05