0 0.14285714285714285 0.0 1.0 0.0 0.06999069574930467 0.022886603935928316 0.02300242130750605 0.008547008547008546 0.14285714285714282
0 0.08333333333333333 0.0 1.0 0.0 0.03992763752878444 0.017800691950166467 0.015536723163841809 0.007122507122507123 0.04410493487201166
0 0.023809523809523808 0.0 1.0 0.0 0.032785297540653784 0.04195877388253524 0.015133171912832933 0.007936507936507934 6.180692616060753e-05
0 0.019230769230769232 0.0 1.0 0.15384615384615385 0.06886829127756741 0.04107851988499954 0.021512385919165582 0.006574621959237344 0.04477684988321578
0 0.04 0.0 1.0 0.0 0.009127779027183104 0.02136083034019976 0.006779661016949152 0.0 0.0005111601573090316
0 0.016666666666666666 0.0 1.0 0.0 0.05065439074608162 0.016020622755149823 0.011016949152542374 0.0 0.08380128142412124
0 0.011904761904761904 0.0 1.0 0.0 0.04422054889722713 0.008900345975083233 0.014830508474576272 0.0014245014245014246 0.06172909964374396
1 0.015625 0.0 1.0 0.0 0.012503112890314527 0.0 0.0 0.0 0.00022615771649402738
0 0.007407407407407407 0.0 1.0 0.0 0.01004775592317751 0.0 0.002824858757062147 0.0 0.010324809337307637
0 0.01 0.0 1.0 0.0 0.041692293880206205 0.0 0.011016949152542373 0.0 0.07812472804068714
0 0.005050505050505051 0.0 1.0 0.0 0.01782354523024865 0.0 0.002824858757062147 0.0 6.040183968299165e-05
0 0.125 0.0 1.0 0.0 0.043513409718941964 0.051132024287334384 0.02430555555555556 0.01408450704225352 0.125
1 0.02631578947368421 0.0 1.0 0.0 0.03740785400858935 0.0724769914120079 0.01754385964912281 0.011119347664936993 0.02940160756437792
0 0.047619047619047616 0.0 1.0 0.0 0.03583472161197275 0.012571514838045129 0.007936507936507936 0.0 0.0001886905426529071
0 0.011363636363636364 0.0 1.0 0.09090909090909091 0.03419973537110724 0.0 0.006313131313131313 0.0 0.0019107073703414593
0 0.2 0.0 1.0 0.0 0.0 0.0 0.0 0.0 0.006028984144302012
0 0.016666666666666666 0.0 1.0 0.0 0.034724846871531434 0.0 0.004166666666666667 0.0 0.06835221087718799
0 0.02857142857142857 0.0 1.0 0.0 0.028607947699112884 0.0 0.0 0.0 0.000371537505157904
0 0.05555555555555555 0.0 1.0 0.0 0.03031306629814956 0.022241835392672785 0.011669203450025367 0.0043224002034070695 0.055555555555555546
0 0.020833333333333332 0.0 1.0 0.0 0.035604117349362106 0.023354901216287305 0.01312785388127854 0.004672006102212054 0.024595820186601124
0 0.0303030303030303 0.0 1.0 0.0 0.017402501015332094 0.009098460603611191 0.006019095060190951 0.0020802995631370915 0.004014527238656688
0 0.009615384615384616 0.0 1.0 0.07692307692307693 0.013533718931615524 0.011426034677306558 0.005619950825430277 0.0023763421932758316 0.010156288553232763
0 0.03333333333333333 0.0 1.0 0.0 0.018514595940548353 0.007148790474265937 0.00684931506849315 0.0019069412662090007 0.00031825794424256333
0 0.020833333333333332 0.0 1.0 0.0 0.037988046003302536 0.031140297015396903 0.015125570776255707 0.006006864988558352 0.05101251825878917
0 0.017857142857142856 0.0 1.0 0.0 0.0036038817593037824 0.010723185711398905 0.0017123287671232876 0.002002288329519451 0.0007935055309408917
0 0.0078125 0.0 1.0 0.125 0.025409349709579827 0.01825094493554818 0.0091324200913242 0.003432494279176201 0.04543822180843484
0 0.05555555555555555 0.0 1.0 0.0 0.0071324690348269736 0.007148790474265937 0.00228310502283105 0.0011441647597254005 0.005729167782271189
0 0.02 0.0 1.0 0.0 0.0 0.011438064758825498 0.0013698630136986301 0.0004576659038901602 0.0025953226057183637
0 0.022727272727272728 0.0 1.0 0.0 0.0 0.007148790474265937 0.0017123287671232876 0.0 0.003445412547115466
0 0.004629629629629629 0.0 1.0 0.0 0.014321447320785628 0.00794310052696215 0.004058853373921867 0.0 9.5894989055536e-05
1 0.002958579881656805 0.0 1.0 0.07692307692307693 0.029644391619827872 0.0098701806049153 0.00922023182297155 0.0019362788241506777 0.015788929109095875
0 0.003401360544217687 0.0 1.0 0.09523809523809523 0.01784617514178279 0.0 0.00380517503805175 0.0 0.015358417833704221
0 0.013333333333333332 0.0 1.0 0.2 0.045095025420129525 0.02631388604514428 0.017351598173515982 0.005491990846681922 0.05345059311208309
0 0.03125 0.0 1.0 1.0 0.0 0.0 0.0 0.0 0.008506391892291212
0 0.007352941176470588 0.0 1.0 0.875 0.011459127049972288 0.0 0.0017123287671232876 0.0 0.000617292497293766
0 0.004629629629629629 0.0 1.0 0.0 0.01406298690468645 0.0035743952371329684 0.006278538812785388 0.0005720823798627002 0.0016657829761680678
0 0.002631578947368421 0.0 1.0 0.0 0.018166756097995042 0.006119085744213245 0.005479452054794521 0.0011441647597254007 0.027095506997028517
0 0.002631578947368421 0.0 1.0 0.0 0.014002893682002549 0.002480756635356049 0.004806536890170632 0.0004817535830422739 0.0001042921432127099
0 0.0028011204481792717 0.0 1.0 0.0 0.016798034393536845 0.0014954625639920537 0.00416330915928015 0.00026921523758244715 0.03426647548819526
0 0.002066115702479339 0.0 1.0 0.0 0.02989865022619742 0.012854549598666193 0.011934412619344126 0.002600374453921365 0.015119650573043776
0 0.0036231884057971015 0.0 1.0 0.16666666666666666 0.007315779425608832 0.0 0.003995433789954338 0.0 0.018956180425908794
0 0.010416666666666666 0.0 1.0 0.0 0.027359953235926493 0.0 0.007420091324200913 0.0 0.0007357371480602829
0 0.0044444444444444444 0.0 1.0 0.0 0.001978778926321019 0.0 0.0030441400304414 0.0 0.008828803567883967
0 0.012820512820512822 0.0 1.0 0.0 0.005936336778963058 0.0 0.0060882800608828 0.0 0.030909605384747605
0 0.006172839506172839 0.0 1.0 0.0 0.019064591909559586 0.017691094439642747 0.0091324200913242 0.0038138825324180014 0.0726625882433882
0 0.001152073732718894 0.0 1.0 0.0 0.03150664826892463 0.01089674398397745 0.011489173663278833 0.0021406953569055877 0.01694763772689958
0 0.005747126436781609 0.0 1.0 0.0 0.025243772761309083 0.0 0.0076103500761035 0.0 0.034574201439644126
0 0.0047619047619047615 0.0 1.0 0.0 0.024092053150462995 0.0030327590467959 0.005870841487279843 0.0006538084341288003 0.09286332775079209
0 0.0035842293906810036 0.0 1.0 0.0 0.045599609501398075 0.005649525241747759 0.011922881785895484 0.0010170353419781336 0.058010082562901584
0 0.00390625 0.0 1.0 0.0 0.015307956508598243 0.0 0.005707762557077625 0.0 0.00040197096746867405
0 0.0017825311942959003 0.0 1.0 0.0 0.007865912888997672 0.0 0.0021488047273704003 0.0 0.00016316458964073623
0 0.0058823529411764705 0.0 1.0 0.0 0.005737038125707446 0.0 0.00410958904109589 0.0 0.02930852042261558
0 0.0047619047619047615 0.0 1.0 0.0 0.032860032605893326 0.009531720632354582 0.010273972602739725 0.0015255530129672007 0.03012740154748142
0 0.001633986928104575 0.0 1.0 0.0 0.022678410209047168 0.005046205040658308 0.00846091861402095 0.0008076457127473416 0.030011191393392395