0 0.14285714285714285 0.0 1.0 0.0 0.13833143206650847 0.07908915031023327 0.03928571428571429 0.014466546112115732 0.14285714285714285
1 0.1 0.0 1.0 0.0 0.15373515513989808 0.047453490186139966 0.042499999999999996 0.012658227848101267 0.16818348537482786
0 0.016666666666666666 0.0 1.0 0.1 0.07043186950215125 0.04745349018613998 0.022500000000000006 0.008860759493670888 0.037490119016771004
0 0.03125 0.0 1.0 0.0 0.04844209945160231 0.02965843136633748 0.014062499999999999 0.0 0.038499553268702316
0 0.014285714285714287 0.0 1.0 0.0 0.04577015408124988 0.00564922502215952 0.0026785714285714286 0.0 0.02554468687272937
0 0.020833333333333332 0.0 1.0 0.0 0.05632189703262849 0.0 0.009375 0.0 0.0927365107914095
0 0.07142857142857142 0.0 1.0 0.0 0.0 0.0 0.0 0.0 0.0029307416186057905
1 0.0078125 0.0 1.0 0.0 0.04914951444459136 0.0 0.014062499999999999 0.0 0.04623740059531827
0 0.125 0.0 1.0 0.0 0.05335463764198336 0.051381931533786424 0.029220779220779224 0.011513157894736841 0.125
1 0.023809523809523808 0.0 1.0 0.09523809523809523 0.041340785932676906 0.04697776597374759 0.021026592455163886 0.008771929824561401 0.022024156280086235
0 0.05555555555555555 0.0 1.0 0.0 0.05377311565643336 0.013701848409009712 0.021645021645021648 0.0 0.0919619646223173
0 0.08333333333333333 0.0 1.0 0.0 0.08131967677052708 0.027403696818019425 0.04329004329004329 0.0 0.21728194859748662
0 0.05 0.0 1.0 0.0 0.10432660031310173 0.0 0.022727272727272728 0.0 0.060356817536476995
0 0.013888888888888888 0.0 1.0 0.0 0.03519312115527551 0.0 0.0021645021645021645 0.0 0.0001644941876385223
0 0.012987012987012986 0.0 1.0 0.0 0.019535896158428653 0.0 0.004722550177095632 0.0 0.0002033842056045696
0 0.010416666666666666 0.0 1.0 0.0 0.0457499344537329 0.0 0.015151515151515152 0.0 0.03194785162755296
0 0.05263157894736842 0.0 1.0 0.10526315789473684 0.10730619120667549 0.08343056000658194 0.02599090318388564 0.015131578947368423 0.05263157894736842
0 0.03571428571428571 0.0 1.0 0.0 0.07712568069340599 0.03946749953595991 0.021164021164021163 0.005357142857142858 0.0534823009742579
1 0.06666666666666667 0.0 1.0 0.0 0.15829178924216403 0.0 0.027160493827160494 0.0 0.17502437242662433
0 0.025 0.0 1.0 0.0 0.07386605990624737 0.01388723923487121 0.019753086419753086 0.0025 0.07008337668368864
0 0.016666666666666666 0.0 1.0 0.0 0.1612613595831311 0.06521260129822933 0.0411522633744856 0.012499999999999999 0.03782808501341824
0 0.013888888888888888 0.0 1.0 0.0 0.06023999891885592 0.022300679749560005 0.014403292181069957 0.004166666666666667 0.055975787686486866
0 0.015873015873015872 0.0 1.0 0.0 0.042783677488420074 0.0 0.009602194787379972 0.0 0.009770828715342902