0 0.058823529411764705 0.0 1.0 0.0 0.037429883096912565 0.04858093753156199 0.012734990903577926 0.012867647058823525 0.058823529411764705
0 0.03125 0.0 1.0 0.0 0.07467044787491042 0.07355357178491104 0.032860824742268036 0.011067708333333334 0.005774278657640604
1 0.014492753623188404 0.0 1.0 0.0 0.022886539034450443 0.018561921945383558 0.012550425818018827 0.003623188405797101 0.0018553505080662607
0 0.010869565217391304 0.0 1.0 0.0 0.07275849993678205 0.028639225623302615 0.02510085163603765 0.004981884057971014 0.008955075749536374
0 0.011111111111111112 0.0 1.0 0.0 0.030472573612561074 0.03265799503062955 0.016036655211912942 0.0063657407407407395 0.020975227398156986
0 0.1111111111111111 0.0 1.0 0.0 0.02170971665515833 0.0111373313271095 0.010074074074074072 0.00267379679144385 0.1111111111111111
0 0.018518518518518517 0.0 1.0 0.0 0.026073848005702685 0.029559641563865858 0.011160493827160493 0.005446623093681917 0.024428543655536122
0 0.037037037037037035 0.0 1.0 0.1111111111111111 0.00643371394476474 0.00556866566355475 0.0017777777777777779 0.0023767082590612 0.0005180968876351543
1 0.03571428571428571 0.0 1.0 0.14285714285714285 0.030959502209334498 0.026829042964831355 0.010666666666666666 0.0053475935828877 0.0002477770639937648
1 0.0071428571428571435 0.0 1.0 0.0 0.02807903105654646 0.02490709966835162 0.009428571428571429 0.005156608097784568 0.021331987118378488
0 0.011904761904761904 0.0 1.0 0.0 0.02788341101932171 0.018510012295681177 0.010285714285714287 0.00362872421695951 0.057836809759700625
0 0.015873015873015872 0.0 1.0 0.0 0.03503869674219345 0.021039106182632644 0.01511111111111111 0.0020796197266785502 0.0496215561837596
0 0.006578947368421052 0.0 1.0 0.0 0.033491612405417606 0.035157508290061645 0.013894736842105264 0.004503236701379116 0.01924446195141063
1 0.0101010101010101 0.0 1.0 0.0 0.02040952234647121 0.009112361994907774 0.010666666666666668 0.0014584346135148273 0.05216208423677266
0 0.01 0.0 1.0 0.0 0.017896001812423148 0.00891159736997083 0.007466666666666666 0.0016042780748663104 0.00020534810353298747
0 0.004784688995215311 0.0 1.0 0.0 0.017316049555972185 0.00724659525167509 0.009543859649122806 0.001407261469180974 7.175181467095289e-05
0 0.004901960784313725 0.0 1.0 0.0 0.018627531142475996 0.002840625934638921 0.01003921568627451 0.0006291286568103177 0.025085265961013587
0 0.00591715976331361 0.0 1.0 0.0 0.03949795106369658 0.02258655934186092 0.018666666666666665 0.004113533525298232 0.026298254222979687
0 0.005494505494505494 0.0 1.0 0.0 0.03945294669899118 0.02853779854569031 0.020512820512820513 0.0053475935828877 0.054120172858026845
0 0.007407407407407408 0.0 1.0 0.0 0.05086086687523583 0.03833252510468485 0.021925925925925925 0.0071301247771836 0.08440580825180027
0 0.003125 0.0 1.0 0.0 0.044983642033359264 0.030322773346550296 0.020533333333333334 0.005748663101604278 0.028845617942343256
0 0.00392156862745098 0.0 1.0 0.0 0.033138523487546236 0.006746433479425886 0.013866666666666666 0.0014260249554367203 0.04638653622954773
0 0.0026455026455026454 0.0 1.0 0.09523809523809523 0.011067809367927915 0.0011812082918447489 0.005079365079365079 0.00025464731347084286 0.025882240783742898
0 0.003095975232198142 0.0 1.0 0.0 0.009685558628246261 0.001529332655988845 0.006274509803921568 0.00031456432840515884 0.00012749382541623477
0 0.0035714285714285718 0.0 1.0 0.14285714285714285 0.016613098127206304 0.0017718124377671233 0.006857142857142858 0.0003819709702062643 0.038917639808472085
0 0.005952380952380952 0.0 1.0 0.0 0.01735721638751701 0.0 0.004333333333333334 0.0 0.00025988426651975054
0 0.006493506493506494 0.0 1.0 0.0 0.006399545209396144 0.0 0.004952380952380952 0.0 0.0006275866412463511
0 0.005434782608695652 0.0 1.0 0.0 0.03678635646941969 0.004176499247666062 0.015666666666666666 0.0006684491978609625 0.058075632632520004
0 0.004629629629629629 0.0 1.0 0.0 0.013181557570054068 0.0 0.0038518518518518524 0.0 0.00023308058114695574
0 0.004 0.0 1.0 0.0 0.014024770326063498 0.00557039797183798 0.010666666666666666 0.0010695187165775401 0.0002221488019788782
0 0.005494505494505495 0.0 1.0 0.0 0.016570915732536835 0.0047731419973326425 0.004190476190476191 0.0007639419404125286 0.00032747796793960104
0 0.0037037037037037034 0.0 1.0 0.0 0.03253592003595202 0.010582197069037255 0.0128 0.0018716577540106953 0.00013460713102859178
0 0.008928571428571428 0.0 1.0 0.0 0.01666144766535581 0.0 0.004 0.0 0.0009456190054775592
0 0.003134796238244514 0.0 1.0 0.0 0.03753088232548396 0.028662491034144925 0.016484848484848484 0.0053475935828877 0.04301576982357799
0 0.043478260869565216 0.0 1.0 0.0 0.08496223078042424 0.08741035660994603 0.026350461133069828 0.016304347826086956 0.043478260869565216
0 0.05 0.0 1.0 0.0 0.014157696176244142 0.0 0.030303030303030304 0.0 0.015330877363262631