0 0.05263157894736842 0.0 1.0 0.10526315789473684 0.03965262656631563 0.0307883767624582 0.01843781428092524 0.007422402159244268 0.05263157894736842
0 0.1 0.0 1.0 0.0 0.05499915592901681 0.04688366954441896 0.020382165605095544 0.008974358974358974 0.008159093644458552
0 0.0303030303030303 0.0 1.0 0.0 0.030074741608133317 0.027207754155048426 0.013317892298784018 0.006993006993006993 0.04523636079664837
0 0.041666666666666664 0.0 1.0 0.0 0.03393510685403752 0.013350518962624848 0.008492569002123142 0.005341880341880341 0.015331083463646734
0 0.028571428571428574 0.0 1.0 0.0 0.03441083634916039 0.022886603935928312 0.020018198362147407 0.003663003663003663 0.09408347101388463
0 0.020833333333333332 0.0 1.0 0.0 0.024889272464107777 0.020025778443937273 0.013535031847133757 0.0 0.07122531855356518
0 0.008403361344537815 0.0 1.0 0.0 0.02299010877470506 0.02321321031021135 0.007118771075309104 0.0015082956259426846 0.00016387737812730693
0 0.041666666666666664 0.0 1.0 0.0 0.09813819886311233 0.03808789235282371 0.04246284501061571 0.008547008547008546 0.14445412410317218
0 0.006944444444444444 0.0 1.0 0.0 0.024055194501903493 0.006189219454134999 0.010748407643312101 0.001201923076923077 0.028850812842567936
0 0.0125 0.0 1.0 0.0 0.040863378599220075 0.0 0.016719745222929936 0.0 0.05766425152946906
0 0.005681818181818182 0.0 1.0 0.0 0.04627626221323441 0.004451038216304874 0.013535031847133757 0.0008012820512820513 0.02849280967609471
0 0.008333333333333333 0.0 1.0 0.0 0.05388067215656957 0.0 0.02101910828025478 0.0 0.03548741504275358
0 0.006993006993006993 0.0 1.0 0.0 0.029064690970188715 0.0 0.012159814707585408 0.0 0.03783192195366622
0 0.0035714285714285713 0.0 1.0 0.0 0.028655677797777945 0.012247479145245871 0.011146496815286625 0.002564102564102564 0.0256445481825849
0 0.05263157894736842 0.0 1.0 0.0 0.07186311036019187 0.07702051974881415 0.02631578947368421 0.014447884416924666 0.05263157894736841
0 0.05 0.0 1.0 0.0 0.08439776464704869 0.02178390468215092 0.03653846153846154 0.00392156862745098 0.049640669803850845
0 0.014492753623188404 0.0 1.0 0.0 0.04849616237476575 0.04459099409600982 0.02006688963210702 0.008525149190110827 0.02769991454903922
0 0.14285714285714285 0.0 1.0 0.0 0.0524198669496018 0.05446778589982614 0.023496240601503755 0.010406811731315043 0.14285714285714288
1 0.02631578947368421 0.0 1.0 0.0 0.05438888290306297 0.039284148929252 0.02042936288088643 0.008713837574067622 0.02912434183538286
0 0.06666666666666667 0.0 1.0 0.0 0.05898913011984843 0.03126606243299844 0.021052631578947368 0.006622516556291392 0.00044134527046237076
0 0.013888888888888888 0.0 1.0 0.0 0.03815245243465843 0.03746220739954778 0.013523391812865496 0.004415011037527594 8.069663513717754e-05
0 0.013333333333333334 0.0 1.0 0.0 0.03834454834700774 0.0175007731959414 0.014912280701754384 0.0030905077262693157 0.05070201393345838
0 0.027777777777777776 0.0 1.0 0.0 0.016771315824707617 0.0 0.013157894736842105 0.0 0.07947053987224387
0 0.014285714285714285 0.0 1.0 0.0 0.043020824519574855 0.02191642920025042 0.0125 0.003973509933774834 0.00022219501094282345
0 0.03125 0.0 1.0 0.0 0.025156973737061425 0.0 0.01644736842105263 0.0 0.11702030005198058
0 0.0101010101010101 0.0 1.0 0.0 0.02487747405133728 0.006688616127571925 0.01255980861244019 0.0012040939193257074 0.02912695383454411
0 0.0125 0.0 1.0 0.0 0.016813215968728343 0.0 0.009868421052631578 0.0 0.05484880826471708
1 0.0036363636363636364 0.0 1.0 0.0 0.034900308987420685 0.015665791084370977 0.016578947368421047 0.0031788079470198675 0.025375640573376854
0 0.006944444444444444 0.0 1.0 0.0 0.03606684075307301 0.012296587762914942 0.013706140350877192 0.0027593818984547464 0.0703035700336241
0 0.009615384615384616 0.0 1.0 0.0 0.04498715161212495 0.023132762836537927 0.011513157894736841 0.0041390728476821195 0.00023645419452951558
0 0.017857142857142856 0.0 1.0 0.5 0.010276386306757285 0.0 0.0 0.0 0.0017910861168013506