1 0.041666666666666664 0.0 1.0 0.0 0.05408181751380206 0.03698971607165028 0.015921409214092144 0.008538251366120221 0.041666666666666664
1 0.125 0.0 1.0 0.0 0.0 0.0 0.0 0.006147540983606557 0.0016875042605540048
0 0.1111111111111111 0.0 1.0 0.0 0.0227543814253139 0.017071155394831772 0.021680216802168025 0.0 0.04140895939670132
0 0.041666666666666664 0.0 1.0 0.0 0.01505391786977909 0.02560673309224766 0.005420054200542006 0.0 0.000840488719492653
0 0.03333333333333333 0.0 1.0 0.0 0.06312636414433652 0.0626030873124423 0.02845528455284553 0.00819672131147541 0.010058516361348439
0 0.018518518518518517 0.0 1.0 0.0 0.05416108042263877 0.005690385131610591 0.01806684733514002 0.0 0.003919334474396063
0 0.011904761904761904 0.0 1.0 0.0 0.055538107559229805 0.03213932134930746 0.02913279132791328 0.0068306010928961755 0.10435517389843413
0 0.009615384615384616 0.0 1.0 0.0 0.049049868961883694 0.01620115821441525 0.023764853033145714 0.003152585119798235 0.004699756615473191
0 0.01111111111111111 0.0 1.0 0.0 0.09486106645124495 0.03756185238746538 0.034959349593495934 0.006557377049180328 0.11826163629481638
0 0.016666666666666666 0.0 1.0 0.3333333333333333 0.08134114120387985 0.017071155394831772 0.02439024390243903 0.00273224043715847 0.2571027683261004
0 0.00909090909090909 0.0 1.0 0.0 0.06489189823672514 0.03230953214734246 0.029268292682926828 0.00737704918032787 0.1362633596262749
0 0.010416666666666666 0.0 1.0 0.0 0.041393356347484915 0.0 0.012195121951219514 0.0 0.19270748830603476
0 0.006410256410256411 0.0 1.0 0.0 0.039679352347754555 0.0 0.012195121951219514 0.0 0.0001319754161234175
0 0.1 0.0 1.0 0.0 0.07610003386602876 0.059794758266642954 0.02815126050420168 0.012236286919831222 0.10000000000000002
0 0.03125 0.0 1.0 0.0 0.007223579851232431 0.026141851261063137 0.010241596638655462 0.006065400843881857 0.0002139188061704768
0 0.027777777777777776 0.0 1.0 0.0 0.021387264337172765 0.03246636735460849 0.009103641456582632 0.005274261603375526 0.03401293431099891
0 0.05 0.0 1.0 0.0 0.07230475168828765 0.021090440082728874 0.016806722689075633 0.004219409282700422 0.1663544233583346
0 0.05 0.0 1.0 0.0 0.015319493827605172 0.01977228757755832 0.011554621848739495 0.003164556962025316 0.0017086403392308173
0 0.08333333333333333 0.0 1.0 0.0 0.012562799733138431 0.013181525051705546 0.004201680672268907 0.002109704641350211 0.004932592522769863
0 0.012987012987012986 0.0 1.0 0.0 0.05773657477193118 0.02804004862497236 0.014132925897631777 0.0034522439585730727 0.038782587384293674
0 0.0125 0.0 1.0 0.0 0.03976761342855821 0.009960285711777985 0.012605042016806723 0.0016877637130801686 0.08186681798192287
0 0.027777777777777776 0.0 1.0 0.0 0.061529938035687695 0.0 0.014705882352941176 0.0 0.1717191838465892
0 0.1 0.0 1.0 0.0 0.0 0.0 0.0 0.0 0.013244493800475944
0 0.010101010101010102 0.0 1.0 0.0 0.026106218438879357 0.01692543970273356 0.008870214752567693 0.002812939521800281 0.000284086808693435
0 0.005208333333333333 0.0 1.0 0.0 0.038015424488211505 0.013181525051705546 0.008403361344537815 0.002109704641350211 0.026680406007309098
0 0.009615384615384616 0.0 1.0 0.0 0.04412973475808791 0.01245035713972248 0.015756302521008403 0.002109704641350211 0.07783576127717824
1 0.004464285714285714 0.0 1.0 0.0 0.03677239313651549 0.033772880551983075 0.01838235294117647 0.007120253164556962 0.03471309264885569
0 0.008333333333333333 0.0 1.0 0.0 0.05019308411958944 0.010988021315756352 0.01680672268907563 0.002109704641350211 0.07986495076582414
0 0.010416666666666666 0.0 1.0 0.0 0.03305892767502804 0.0 0.010504201680672268 0.0 0.01457375645055277
0 0.008403361344537815 0.0 1.0 0.0 0.05042576466100936 0.0 0.01140456182472989 0.0 0.10886072303056468
0 0.009259259259259259 0.0 1.0 0.0 0.05600293885310026 0.0 0.012605042016806725 0.0 0.1049268926319802
0 0.0037593984962406013 0.0 1.0 0.0 0.04038037970342175 0.03517824158948466 0.017106842737094837 0.00753465943339361 0.02138432553767972
0 0.0035714285714285718 0.0 1.0 0.0 0.055281403161376204 0.04296861408647231 0.020108043217286913 0.007836045810729355 0.058351604064241704
0 0.0026455026455026454 0.0 1.0 0.0 0.027260585276423045 0.005418674113744847 0.008403361344537816 0.0011720581340834504 0.03360348480831519
0 0.005050505050505051 0.0 1.0 0.0 0.03411389957454114 0.041088380128758296 0.017740429505135387 0.008907641819034223 0.04201839289352046
0 0.002070393374741201 0.0 1.0 0.09523809523809523 0.04148979762359755 0.025097586098097688 0.017006802721088437 0.005826803295157725 0.03331700890586706
0 0.0037878787878787876 0.0 1.0 0.0 0.04285770811500675 0.030998026756324137 0.01680672268907563 0.00652090525508247 0.07319489979132655
0 0.125 0.0 1.0 0.0 0.02826098542937091 0.04470664882600746 0.01463963963963964 0.009090909090909092 0.125
0 0.045454545454545456 0.0 1.0 0.0 0.021741196373987127 0.04130937437691524 0.009828009828009828 0.008264462809917357 0.001601756959694911
0 0.037037037037037035 0.0 1.0 0.0 0.01599237960011995 0.03155577209347691 0.003003003003003003 0.008080808080808083 0.0001299742181303917
0 0.05 0.0 1.0 0.0 0.011257734909024196 0.011360077953651689 0.0036036036036036037 0.0036363636363636364 0.0003312963771415488
0 0.02 0.0 1.0 0.0 0.035190647200515665 0.034080233860955066 0.01081081081081081 0.0 8.873329922109418e-05
0 0.01111111111111111 0.0 1.0 0.0 0.02780793319493181 0.0 0.0072072072072072065 0.0 5.769786913028991e-05
0 0.010989010989010988 0.0 1.0 0.0 0.02259199744133404 0.0 0.004851004851004851 0.0 6.794991864676492e-05
0 0.005208333333333333 0.0 1.0 0.0 0.019989445552877183 0.006751944553455112 0.00900900900900901 0.0015151515151515152 0.0169666027674972
0 0.006944444444444444 0.0 1.0 0.0 0.031566332223333084 0.014275049678191654 0.011824324324324325 0.003409090909090909 4.795688077066777e-05