1 0.05 0.0 1.0 0.1 0.02273531720269631 0.018094743633352308 0.008905852417302799 0.003954081632653062 0.05
0 0.0625 0.0 1.0 0.0 0.035873787403960716 0.011089764915630972 0.013040712468193386 0.00350765306122449 0.08625743852568549
0 0.1111111111111111 0.0 1.0 0.0 0.017532817984175584 0.005312961627983358 0.007633587786259542 0.0017006802721088435 0.09947437495785687
0 0.041666666666666664 0.0 1.0 0.3333333333333333 0.014607933726587067 0.010625923255966715 0.004664970313825276 0.002125850340136054 0.04475168734685766
0 0.014285714285714287 0.0 1.0 0.0 0.035407929108919364 0.017056919152338704 0.013449654671028715 0.0041909620991253645 0.06755910844355742
0 0.16666666666666666 0.0 1.0 0.0 0.0 0.0 0.005089058524173028 0.0 0.10254147869532727
0 0.02857142857142857 0.0 1.0 0.0 0.04324183882284175 0.01798204190517083 0.01628498727735369 0.004591836734693877 0.15072505287902074
0 0.009615384615384616 0.0 1.0 0.0 0.025439048976887133 0.014440781030804796 0.008220786846741046 0.002551020408163265 0.031262320681214595
0 0.007936507936507936 0.0 1.0 0.0 0.025018281885037703 0.006391199543975844 0.008542348237004727 0.003279883381924199 0.05384539203064769
0 0.03333333333333333 0.0 1.0 0.0 0.0 0.0 0.003392705682782019 0.0017006802721088435 0.00378017759436588
0 0.005681818181818182 0.0 1.0 0.0 0.01729858902077875 0.002638218119609226 0.007474554707379135 0.0023915816326530613 0.026170717129934802
0 0.007575757575757575 0.0 1.0 0.0 0.020144067737010548 0.00338247809373043 0.007633587786259542 0.0006957328385899814 0.04810185565973346
0 0.007692307692307693 0.0 1.0 0.0 0.013741667629945983 0.013817005759786973 0.0068702290076335885 0.0012755102040816328 0.012231443813599792
0 0.005494505494505494 0.0 1.0 0.0 0.010148150294174308 0.009808544543969277 0.006850655705617538 0.0007849293563579277 0.004976199164430127
0 0.006666666666666666 0.0 1.0 0.0 0.027766378758157913 0.019794593850656614 0.01475826972010178 0.0022959183673469385 0.07294904426179658
0 0.004464285714285714 0.0 1.0 0.0 0.015650484791947264 0.016572167346098145 0.00836059614685569 0.0007288629737609329 0.00017366667692627447
0 0.0196078431372549 0.0 1.0 0.0 0.0 0.005312961627983358 0.0 0.0 0.003384668040734034
0 0.009259259259259259 0.0 1.0 0.0 0.010101426354837075 0.020073024776287265 0.008905852417302799 0.0017006802721088435 0.0007893666227722812
0 0.05263157894736842 0.0 1.0 0.0 0.030831216790231337 0.0 0.010178117048346057 0.0 0.00611177568369226
0 0.0125 0.0 1.0 0.0 0.011177557551016154 0.014170652280480825 0.012086513994910942 0.002551020408163265 0.0013355691856535936
0 0.006802721088435374 0.0 1.0 0.0 0.020573724060858174 0.009257464987381999 0.013449654671028719 0.0018221574344023325 0.0003783897407015586
0 0.004545454545454545 0.0 1.0 0.0 0.012461721490199217 0.0031877769767900146 0.004580152671755725 0.000510204081632653 0.0002851696473743219
0 0.006211180124223602 0.0 1.0 0.0 0.016908135569085377 0.0 0.01708469647400945 0.0 0.0004023377264265946
0 0.006944444444444444 0.0 1.0 0.0 0.007949163962478918 0.0 0.0021204410517387615 0.0 0.0007617279808112389
0 0.01 0.0 1.0 0.0 0.017995098395288428 0.00823112128594346 0.016539440203562343 0.001913265306122449 0.0008056390525238607
0 0.007692307692307693 0.0 1.0 0.0 0.014119353989449324 0.0 0.006615776081424937 0.0 0.0006499207715452243
0 0.004629629629629629 0.0 1.0 0.0 0.009060251742012592 0.003100604919252894 0.004452926208651399 0.0006377551020408163 0.010974307620547526
0 0.017857142857142856 0.0 1.0 0.0 0.01281553861302391 0.0 0.003816793893129771 0.0 0.0036083704684963616
0 0.006896551724137931 0.0 1.0 0.0 0.03253006591550406 0.0 0.012213740458015267 0.0 0.09353582983412118
0 0.001851851851851852 0.0 1.0 0.0 0.021368884166668198 0.0 0.008764489680520217 0.0 0.01712479055506025
0 0.004608294930875576 0.0 1.0 0.0 0.012953472687202951 0.004553967109700021 0.006543075245365322 0.0007288629737609329 0.0003494400198431842
0 0.005208333333333333 0.0 1.0 0.0 0.03294476191416156 0.007969442441975037 0.008905852417302797 0.0012755102040816326 0.00037534298722695234
0 0.004329004329004329 0.0 1.0 0.0 0.0354368796939624 0.01138491777425005 0.013813158851326791 0.0018221574344023325 0.06139744419360021
0 0.001547987616099071 0.0 1.0 0.0 0.01499986736411151 0.00885551596366178 0.005356903709655819 0.0014769065520945218 0.008043541639256474
0 0.009523809523809523 0.0 1.0 0.0 0.005299442641652612 0.0 0.0 0.0 0.003245188209731509
0 0.027777777777777776 0.0 1.0 0.0 0.02740656298238184 0.0 0.010178117048346057 0.0 0.006875487495397136
0 0.0045045045045045045 0.0 1.0 0.0 0.03676660043791378 0.0 0.011450381679389313 0.0 0.06721404358408321
0 0.0037593984962406013 0.0 1.0 0.0 0.03643766167874877 0.0 0.017811704834605598 0.0 0.05274942662785427
0 0.004273504273504273 0.0 1.0 0.0 0.015056797464618027 0.0 0.004240882103477524 0.0 0.00042027333525519153
0 0.002777777777777778 0.0 1.0 0.0 0.009498315471043873 0.0062980676802137 0.0036754311563471868 0.0011337868480725622 0.00042475526261783397
0 0.0022172949002217295 0.0 1.0 0.0 0.009008321667581034 0.0 0.003469812630117973 0.0004638218923933209 0.00030022484730391727
0 0.0047619047619047615 0.0 1.0 0.0 0.017053781118600432 0.006375553953580029 0.004580152671755725 0.001020408163265306 0.0008448628049685322
0 0.0021141649048625794 0.0 1.0 0.0 0.018980141937723835 0.003874281550382804 0.009021512838306732 0.0009276437847866418 0.052861639383367846
0 0.003246753246753247 0.0 1.0 0.0 0.004038455611740083 0.004553967109700021 0.001817520901490367 0.0007288629737609329 0.0007165571194722758
0 0.005555555555555556 0.0 1.0 0.0 0.022070824141834238 0.019402570432287197 0.02099236641221374 0.004464285714285714 0.0007953680406045602
0 0.021739130434782608 0.0 1.0 0.0 0.031060819144250754 0.0 0.01272264631043257 0.0 0.18584409028473328
0 0.0019342359767891683 0.0 1.0 0.0 0.013811347981184085 0.004509970791640574 0.006014341892204487 0.0009276437847866418 0.00026391920780821567
0 0.002976190476190476 0.0 1.0 0.0 0.022439311459324023 0.0 0.008360596146855689 0.0 0.04117163496362549
0 0.00510204081632653 0.0 1.0 0.0 0.02857529662378764 0.005166860072923737 0.015903307888040712 0.0012755102040816326 0.13135178550913146
0 0.0033333333333333335 0.0 1.0 0.0 0.014517615434976663 0.0 0.008905852417302799 0.0 0.0007020052266942978
0 0.0024509803921568627 0.0 1.0 0.0 0.018734163789792736 0.009927343618097793 0.016221374045801526 0.001913265306122449 0.00028558257573844866
0 0.125 0.0 1.0 0.0 0.042430157807422715 0.023761446632905033 0.021153846153846155 0.005462724935732647 0.12499999999999999
0 0.125 0.0 1.0 0.0 0.017872070639720086 0.022292314335484932 0.017948717948717947 0.009640102827763494 0.0019521139620938684
0 0.06666666666666667 0.0 1.0 0.4 0.026437526608743406 0.017833851468387944 0.01641025641025641 0.008226221079691514 0.0010672008141542973
0 0.08333333333333333 0.0 1.0 0.0 0.01632650450087387 0.005353935625114335 0.022222222222222223 0.0017137960582690659 0.050686167856342064
0 0.028571428571428574 0.0 1.0 0.0 0.023266973055430757 0.025489016597465684 0.021611721611721615 0.008079324274697024 0.010913127992853789
0 0.027777777777777776 0.0 1.0 0.0 0.019764704119252925 0.023787544781786032 0.014529914529914529 0.007712082262210796 0.0010929734937754195
0 0.023809523809523808 0.0 1.0 0.16666666666666666 0.04527530327201696 0.023651025406201873 0.023504273504273504 0.005569837189374464 0.1615162314409786
0 0.015625 0.0 1.0 0.125 0.041140124890871564 0.023082840143508934 0.0266025641025641 0.007712082262210797 0.11698330829662543
0 0.027777777777777776 0.0 1.0 0.0 0.02354938988684336 0.0282050706870354 0.01858974358974359 0.010925449871465294 0.0018371789431828628
0 0.0125 0.0 1.0 0.25 0.01652345413046463 0.017169334745996093 0.011217948717948718 0.0061053984575835454 0.0006562024768559387
0 0.015151515151515152 0.0 1.0 0.0 0.02589137486969906 0.01873877468790017 0.007692307692307693 0.002999143101970865 0.0009119393292215989
0 0.013888888888888888 0.0 1.0 0.0 0.0374145626115771 0.013722635209852728 0.017094017094017092 0.003427592116538132 0.16013864494057137
0 0.019230769230769232 0.0 1.0 0.0 0.02354938988684336 0.0282050706870354 0.01858974358974359 0.010925449871465294 0.0018540569844896985
0 0.011904761904761904 0.0 1.0 0.0 0.02581615167203502 0.024157316083137936 0.01581196581196581 0.008140531276778062 0.0008494571034900262
0 0.011111111111111112 0.0 1.0 0.0 0.059829056984193794 0.011045667397295558 0.021367521367521364 0.003427592116538132 0.14901744336620834
0 0.008928571428571428 0.0 1.0 0.0 0.00890289735642244 0.006883631518004145 0.0032967032967032967 0.0022034520749173703 0.0009478818332337065
0 0.014705882352941176 0.0 1.0 0.0 0.017872070639720086 0.024363624354085133 0.01858974358974359 0.010282776349614395 0.0019379013718136006
0 0.009259259259259259 0.0 1.0 0.0 0.02547799891600829 0.02212009821018765 0.017094017094017092 0.007283633247643531 0.0008941159369639856
0 0.002631578947368421 0.0 1.0 0.2 0.026465898749548362 0.01319317842900464 0.015384615384615385 0.0008997429305912595 0.03459636680244989
0 0.005555555555555556 0.0 1.0 0.0 0.0250448360983211 0.01427716166697156 0.014245014245014247 0.0014281633818908881 0.007008776637130065
0 0.0021645021645021645 0.0 1.0 0.0 0.01952807528593053 0.007659410493220365 0.00955710955710956 0.0011684973124561813 0.04000977054101008
0 0.006493506493506494 0.0 1.0 0.0 0.04307969798882237 0.010923927736039217 0.02344322344322344 0.0022034520749173703 0.139004111879164
0 0.0036231884057971015 0.0 1.0 0.0 0.02410943189374047 0.01010773925771881 0.012606837606837605 0.0034275921165381317 0.00031690341397239033
0 0.008333333333333333 0.0 1.0 0.0 0.019632251425695538 0.0 0.006666666666666666 0.0 0.011275721694230212
0 0.008 0.0 1.0 0.0 0.02015408602591865 0.0 0.007179487179487179 0.0 0.0012761705021424384
1 0.0013736263736263737 0.0 1.0 0.0 0.03954127933307983 0.019652278377094146 0.01804029304029304 0.004223283143591626 0.020166707451453585
0 0.001610305958132045 0.0 1.0 0.0 0.02931679416194576 0.012082004832080773 0.017279821627647712 0.002794232703699564 0.02908639536872566
0 0.0013736263736263735 0.0 1.0 0.0 0.03834083815656472 0.016860793699468687 0.022386587771203153 0.003856041131105398 0.0207919431716728
0 0.0019157088122605363 0.0 1.0 0.0 0.03520967754472817 0.008148398602957893 0.01823361823361823 0.0018566123964581546 0.03738524140446384
0 0.001851851851851852 0.0 1.0 0.0 0.024626353420940786 0.0036864890535159515 0.017236467236467237 0.0008568980291345329 0.051048712098225056
0 0.004608294930875576 0.0 1.0 0.0 0.03590424616597825 0.009479543280469589 0.016483516483516484 0.0022034520749173703 0.13695927883253026
0 0.001838235294117647 0.0 1.0 0.0 0.026098854416683616 0.010699632096403858 0.013122171945701358 0.0024194767881445638 0.05392620969362501
0 0.0016835016835016836 0.0 1.0 0.0 0.0033785830878710075 0.0 0.0015669515669515669 0.0 0.00042775064375624825
0 0.0017301038062283738 0.0 1.0 0.11764705882352941 0.02840999586853843 0.0018896243382756476 0.008446455505279034 0.00030243459851807047 0.039551530355450705
0 0.0019047619047619048 0.0 1.0 0.0 0.039869175952136536 0.0030548643737997425 0.014358974358974357 0.0006855184233076263 0.043113778884431
0 0.003968253968253968 0.0 1.0 0.0 0.06751188802609434 0.00458908767866943 0.020512820512820513 0.0007344840249724568 0.09635848567499003
0 0.0045045045045045045 0.0 1.0 0.0 0.015442323135508198 0.02249145031496233 0.014957264957264958 0.008140531276778063 0.0011868392818541083
0 0.0043859649122807015 0.0 1.0 0.0 0.01766131560144267 0.0 0.012393162393162393 0.0 0.014557226788439667
0 0.1 0.0 1.0 0.0 0.026623000746917 0.006646854121817478 0.013227513227513227 0.0047872340425531915 0.1
0 0.125 0.0 1.0 0.0 0.0 0.01670484536809662 0.007936507936507936 0.006648936170212766 0.00225381611812427
0 0.08333333333333333 0.0 1.0 0.0 0.0 0.01670484536809662 0.007936507936507936 0.006648936170212766 0.002103494927058292
0 0.041666666666666664 0.0 1.0 0.0 0.03994359076911604 0.022156180406058257 0.013227513227513227 0.004432624113475178 0.0002689400401917497
0 0.013333333333333334 0.0 1.0 0.0 0.031083114194582612 0.028999333134058693 0.013051146384479717 0.005319148936170212 0.0332887931556156
0 0.023809523809523808 0.0 1.0 0.0 0.017991838265234705 0.011083013328393324 0.011337868480725623 0.001519756838905775 0.07799792903536394
0 0.0047619047619047615 0.0 1.0 0.0 0.03391107512528315 0.016417800703826466 0.01181657848324515 0.0023049645390070925 0.007507350625505214
0 0.017857142857142856 0.0 1.0 0.0 0.020725924060348407 0.009495505888310682 0.008314436885865457 0.0 0.056727808825830124
0 0.009259259259259259 0.0 1.0 0.0 0.02827672635689024 0.0028832540788603176 0.010141093474426807 0.0008865248226950354 0.03951413261787698
0 0.014285714285714287 0.0 1.0 0.0 0.04535699773955922 0.006335260384237983 0.021164021164021163 0.001519756838905775 0.027041048478645805
0 0.010101010101010102 0.0 1.0 0.0 0.03638034818674997 0.009130196074184962 0.015873015873015872 0.0017730496453900709 0.03336330425434054
0 0.005952380952380952 0.0 1.0 0.0 0.0447491587518283 0.01178726626146171 0.017006802721088433 0.0026595744680851063 0.019642701259033755
0 0.019230769230769232 0.0 1.0 0.0 0.006811416118836401 0.0 0.005291005291005291 0.0 0.0018429843640193468
0 0.00510204081632653 0.0 1.0 0.0 0.023127761676947835 0.005869411761976047 0.006424792139077853 0.0011398176291793312 0.00010619778500643196
0 0.0047619047619047615 0.0 1.0 0.0 0.009787207313324263 0.0 0.005668934240362812 0.0 0.021263277087407096
0 0.004807692307692308 0.0 1.0 0.0 0.06212373976980789 0.048223859823354746 0.018315018315018312 0.009410801963993454 0.01134432472025199
0 0.003095975232198142 0.0 1.0 0.0 0.047277569517406075 0.031174269934594098 0.015873015873015872 0.00587905935050392 0.01381537481710529
0 0.03571428571428571 0.0 1.0 0.0 0.045189891876340045 0.032171880253941375 0.01698841698841699 0.006678281068524972 0.035714285714285705
0 0.020833333333333332 0.0 1.0 0.0 0.048918314378896606 0.022705736040251678 0.018130630630630633 0.0060975609756097554 0.028878524371501818
0 0.037037037037037035 0.0 1.0 0.0 0.04124483415642946 0.023028821709879 0.021921921921921925 0.0060222824450466735 0.12165388767230806
0 0.0625 0.0 1.0 0.0 0.004158142359989446 0.005928454915886206 0.005405405405405406 0.0040650406504065045 0.004669943141362669
1 0.03333333333333333 0.0 1.0 0.3333333333333333 0.018767194020907135 0.00395230327725747 0.007657657657657658 0.0036133694670280043 0.04329224550314178
0 0.027777777777777776 0.0 1.0 0.0 0.05655688582842089 0.023616330103688687 0.02657657657657658 0.004968383017163506 0.18113576887023308
0 0.023809523809523808 0.0 1.0 0.0 0.012801664752800828 0.01241848603404396 0.005855855855855856 0.0036133694670280043 0.001456097850664247
0 0.03125 0.0 1.0 0.0 0.05193569480192527 0.008466182756786489 0.018243243243243244 0.002032520325203252 0.2850024607841005
0 0.02222222222222222 0.0 1.0 0.0 0.003326513887991557 0.011515710138138156 0.005945945945945946 0.0027100271002710027 0.0035529996187013734
0 0.0058823529411764705 0.0 1.0 0.0 0.06687572244579207 0.012304952900840277 0.03211446740858506 0.002869440459110474 0.03567122873290439
0 0.010101010101010102 0.0 1.0 0.0 0.0445595838756033 0.015071070329993885 0.014114114114114115 0.001806684733514002 0.05620306809333876
0 0.0043859649122807015 0.0 1.0 0.0 0.025416970381075682 0.012972194322548371 0.007396870554765292 0.0005705320211096848 0.017249854698072515
0 0.0024813895781637717 0.0 1.0 0.0 0.04828888706304146 0.022261867403353577 0.019529206625980816 0.004720692368214005 0.0201908916304953
0 0.006493506493506493 0.0 1.0 0.0 0.0171543775526128 0.008868870514653253 0.011793611793611795 0.001970928800197093 0.007730989799175867
0 0.002777777777777778 0.0 1.0 0.0 0.023483582993451158 0.0065868695339705964 0.014864864864864866 0.0015808491418247514 0.03311057415497561
0 0.0020833333333333333 0.0 1.0 0.13333333333333333 0.017421248802011517 0.0033350296809129634 0.013513513513513516 0.0007226738934056008 0.035518804009441726
0 0.006535947712418301 0.0 1.0 0.2222222222222222 0.018665447845342114 0.010035945246519394 0.015015015015015017 0.001806684733514002 0.0005984727818136647
0 0.0016835016835016834 0.0 1.0 0.0 0.014578160151087727 0.0006653228705218379 0.006633906633906634 0.00016424406668309106 0.03249551684277101
0 0.007518796992481203 0.0 1.0 0.0 0.07251535570263996 0.019134565453423263 0.03281853281853282 0.004258614014711576 0.11538380586780786
0 0.003125 0.0 1.0 0.0 0.011512419912961465 0.0015713431443341221 0.005236486486486487 0.00033875338753387534 0.0024614584336389296
0 0.0026455026455026454 0.0 1.0 0.0 0.007061912439634477 0.0 0.0031531531531531535 0.0 0.0019040414013500291
0 0.0022727272727272726 0.0 1.0 0.0 0.046695875841857665 0.01499224036902746 0.017702702702702706 0.003929539295392954 0.03385439997684948
0 0.001278772378516624 0.0 1.0 0.0 0.042300805195128424 0.027523215762799435 0.01661367249602544 0.005738880918220947 0.02857868013473609
0 0.038461538461538464 0.0 1.0 0.0 0.027479357358961395 0.022372385627271955 0.01158841158841159 0.007011217948717947 0.03846153846153847
0 0.125 0.0 1.0 0.0 0.011188043180708202 0.024406417478548548 0.005194805194805195 0.00390625 0.00150301174889703
0 0.0196078431372549 0.0 1.0 0.11764705882352941 0.01314774380417501 0.020746317050528117 0.01436210847975554 0.005208333333333334 0.003292906254247922
0 0.03125 0.0 1.0 0.125 0.05432100189120857 0.005274502991109648 0.01948051948051948 0.0013020833333333333 0.08791659956255979
1 0.00625 0.0 1.0 0.03125 0.03092077345154528 0.012593643849860395 0.014123376623376626 0.0034179687500000004 0.015355419352516773
0 0.007246376811594202 0.0 1.0 0.0 0.03422526735531656 0.017762403485753017 0.014906832298136649 0.004076086956521739 0.010898526553351386
0 0.007518796992481203 0.0 1.0 0.0 0.05697147583444054 0.023991554684885584 0.025427204374572798 0.004111842105263158 0.019781778147437423
0 0.013888888888888888 0.0 1.0 0.0 0.03958224848092385 0.03129982320955657 0.015584415584415583 0.005208333333333332 0.016224787100969185
0 0.015873015873015872 0.0 1.0 0.0 0.019012451506182974 0.011695717364552657 0.0074211502782931356 0.002232142857142857 0.0005096556149330068
0 0.014285714285714287 0.0 1.0 0.0 0.06165688513343157 0.03251061884506962 0.025231910946196662 0.00744047619047619 0.03591814006444209
0 0.011363636363636364 0.0 1.0 0.0 0.053571136220868086 0.0072329371014954215 0.016233766233766232 0.0013020833333333333 0.00016430588761809896
0 0.0043859649122807015 0.0 1.0 0.0 0.04186312302263253 0.014469870193726416 0.01667805878332194 0.0030153508771929823 0.00039665360266715437
0 0.00591715976331361 0.0 1.0 0.0 0.052417486763438347 0.01572255786465065 0.02357642357642358 0.0032051282051282055 0.010399965515633674
0 0.0026455026455026454 0.0 1.0 0.0 0.026461603382703563 0.021543778752187808 0.01115921115921116 0.006751543209876542 0.03694906992230348
0 0.125 0.0 1.0 0.0 0.011188043180708202 0.024406417478548548 0.005194805194805195 0.00390625 0.00150301174889703
0 0.0196078431372549 0.0 1.0 0.11764705882352941 0.01314774380417501 0.020746317050528117 0.01436210847975554 0.005208333333333334 0.003292906254247922
0 0.03125 0.0 1.0 0.125 0.05432100189120857 0.005274502991109648 0.01948051948051948 0.0013020833333333333 0.08791659956255979
0 0.00625 0.0 1.0 0.03125 0.03092077345154528 0.012593643849860395 0.014123376623376626 0.0034179687500000004 0.015355419352516773
0 0.007246376811594202 0.0 1.0 0.0 0.03422526735531656 0.017762403485753017 0.014906832298136649 0.004076086956521739 0.010898526553351386
0 0.007518796992481203 0.0 1.0 0.0 0.05697147583444054 0.023991554684885584 0.025427204374572798 0.004111842105263158 0.019781778147437423
0 0.013888888888888888 0.0 1.0 0.0 0.03958224848092385 0.03129982320955657 0.015584415584415583 0.005208333333333332 0.016224787100969185
0 0.015873015873015872 0.0 1.0 0.0 0.019012451506182974 0.011695717364552657 0.0074211502782931356 0.002232142857142857 0.0005096556149330068
0 0.014285714285714287 0.0 1.0 0.0 0.06165688513343157 0.03251061884506962 0.025231910946196662 0.00744047619047619 0.03591814006444209
0 0.011363636363636364 0.0 1.0 0.0 0.053571136220868086 0.0072329371014954215 0.016233766233766232 0.0013020833333333333 0.00016430588761809896
0 0.0043859649122807015 0.0 1.0 0.0 0.04186312302263253 0.014469870193726416 0.01667805878332194 0.0030153508771929823 0.00039665360266715437
0 0.00591715976331361 0.0 1.0 0.0 0.052417486763438347 0.01572255786465065 0.02357642357642358 0.0032051282051282055 0.010399965515633674