0 0.05 0.0 1.0 0.0 0.03905080654298189 0.042629013673014735 0.014690721649484534 0.008290155440414507 0.05000000000000001
0 0.05555555555555555 0.0 1.0 0.1111111111111111 0.013934998377662088 0.03237327914253072 0.0057273768613974796 0.006332757628094415 0.038438163860332566
0 0.020833333333333332 0.0 1.0 0.0625 0.030143400447319203 0.02832976635122634 0.011275773195876288 0.006152849740932643 0.024825271873058535
0 0.016666666666666666 0.0 1.0 0.0 0.049786175435522176 0.03771283354909026 0.01821305841924398 0.004490500863557859 0.02716242987250876
0 0.016666666666666666 0.0 1.0 0.0 0.0519155037803915 0.018884412833142922 0.017182130584192438 0.0017271157167530226 0.033650442635779806
0 0.01515151515151515 0.0 1.0 0.0 0.036029267432013394 0.02344239916330311 0.01358950328022493 0.004710315591144607 0.05369273354320918
0 0.014285714285714285 0.0 1.0 0.0 0.04042998816705793 0.009711983742759216 0.01288659793814433 0.0015544041450777201 0.04046128733402527
0 0.011363636363636364 0.0 1.0 0.0 0.01228654526217537 0.007090223692360676 0.005154639175257731 0.0018841262364578427 0.002750134891824577
0 0.008547008547008546 0.0 1.0 0.0 0.030565747529862877 0.015037747622129467 0.012688342585249802 0.0031885213232363493 0.02100881934344862
0 0.011111111111111112 0.0 1.0 0.0 0.05994891949706074 0.014388124063346988 0.018900343642611686 0.002302820955670697 0.07284782588325106
0 0.008264462809917356 0.0 1.0 0.0 0.037874437834347116 0.02802247312787074 0.012183692596063729 0.005652378709373528 0.009696785544036076
0 0.005208333333333333 0.0 1.0 0.0 0.049020270072975644 0.02788083683013829 0.015786082474226804 0.004857512953367876 0.053951443188401726
0 0.006410256410256411 0.0 1.0 0.0 0.0566463303613435 0.013193776097345044 0.01847079037800687 0.0025906735751295338 0.03787224508536574
0 0.0047619047619047615 0.0 1.0 0.0 0.06184766765015153 0.024843567932631806 0.02096219931271478 0.0048359240069084635 0.0225515925836581
0 0.0047619047619047615 0.0 1.0 0.0 0.02647034984826837 0.0137942737508052 0.010677466863033874 0.002960769800148039 0.02948670944469978
0 0.09090909090909091 0.0 1.0 0.0 0.06995948677115935 0.08158106574685496 0.023341523341523344 0.0136986301369863 0.09090909090909088
1 0.041666666666666664 0.0 1.0 0.0 0.06295145554068418 0.06765017456645674 0.014639639639639641 0.012557077625570776 0.0676515659737041
0 0.027777777777777776 0.0 1.0 0.0 0.03127756584430453 0.0 0.007882882882882884 0.0 0.03939930415619031
0 0.017857142857142856 0.0 1.0 0.0 0.031590408519223644 0.011046388135187168 0.015444015444015444 0.0029354207436399216 0.035154912503233104
0 0.04 0.0 1.0 0.0 0.028702643297888263 0.03092988677852407 0.016216216216216217 0.00821917808219178 0.0003228308868759033
0 0.011904761904761904 0.0 1.0 0.0 0.04150172512401347 0.011046388135187168 0.011583011583011584 0.0029354207436399216 7.56004051924511e-05
0 0.023809523809523808 0.0 1.0 0.0 0.04699712430351415 0.0 0.009009009009009009 0.0 0.0002366128120178546
0 0.045454545454545456 0.0 1.0 0.0 0.06471864760403402 0.0362965620643941 0.02378435517970402 0.007442849548112706 0.04545454545454546
1 0.0125 0.0 1.0 0.0 0.06436245109281807 0.03718300699561957 0.022383720930232567 0.005701754385964912 0.018262415548309246
0 0.017543859649122806 0.0 1.0 0.0 0.017831353054825402 0.0 0.004283965728274174 0.0 0.00017452462480696863
0 0.016666666666666666 0.0 1.0 0.0 0.02957064067257074 0.0156119752034758 0.009689922480620155 0.0031189083820662767 0.012295734066418708
0 0.03333333333333333 0.0 1.0 0.0 0.014908996383157258 0.0 0.003875968992248062 0.0 0.0011774171267250743
1 0.007246376811594202 0.0 1.0 0.0 0.04256300033812794 0.016581872662398543 0.011627906976744184 0.0033053648614289346 0.04314316477371403
0 0.010989010989010988 0.0 1.0 0.0 0.024090926822433086 0.0 0.00894454382826476 0.0 0.09850142964393366
0 0.009615384615384616 0.0 1.0 0.0 0.061564973385036685 0.021399455171550286 0.020572450805008944 0.00449842555105713 0.07170874546148036
0 0.027777777777777776 0.0 1.0 0.0 0.02864484730382022 0.0 0.010174418604651164 0.0 0.0015783809671761821
0 0.011111111111111112 0.0 1.0 0.0 0.02425980236546009 0.008119613872005755 0.006459948320413437 0.001299545159194282 0.0004780125515302712
0 0.011363636363636364 0.0 1.0 0.0 0.00743942854765841 0.0 0.0029069767441860465 0.0 0.0008324911144388759