0 0.05555555555555555 0.0 1.0 0.0 0.04220584013477712 0.03423635949192387 0.015359477124183011 0.006903353057199213 0.05555555555555555
0 0.08333333333333333 0.0 1.0 0.0 0.03336494077815664 0.01232355596549986 0.008823529411764706 0.004930966469428008 0.00030061527094992873
0 0.041666666666666664 0.0 1.0 0.0 0.021139503118594118 0.01848533394824979 0.007352941176470588 0.005177514792899409 0.03855836560203173
1 0.017857142857142856 0.0 1.0 0.0 0.08813609245065947 0.04189728785372026 0.028571428571428574 0.009298393913778529 0.039713574839592716
0 0.06666666666666667 0.0 1.0 0.0 0.0893286417805466 0.01232355596549986 0.02156862745098039 0.0 0.007664606436782518
0 0.018518518518518517 0.0 1.0 0.2222222222222222 0.0445654686149237 0.01232355596549986 0.016993464052287584 0.0 0.09391290355526923
0 0.014285714285714285 0.0 1.0 0.0 0.04271813594053582 0.029576534317199664 0.015294117647058824 0.0 0.08415512979349746
0 0.020833333333333332 0.0 1.0 0.0 0.04109583001538163 0.0 0.010784313725490194 0.0 0.00029274338112507604
0 0.006172839506172839 0.0 1.0 0.0 0.05574839422298951 0.026829347403141017 0.021895424836601306 0.005917159763313609 0.03261466327719552
0 0.006666666666666667 0.0 1.0 0.0 0.013195064118511589 0.0 0.004705882352941176 0.0 0.009470702951876553
1 0.003134796238244514 0.0 1.0 0.0 0.06346426592223453 0.01581395652518865 0.021298174442190662 0.0034686798612528057 0.012757158304510711
0 0.002976190476190476 0.0 1.0 0.21428571428571427 0.05068249409543912 0.015607150524007048 0.0180672268907563 0.00338123415046492 0.017091558652909764
0 0.012820512820512822 0.0 1.0 0.3333333333333333 0.10228278733355782 0.03202192774607525 0.028431372549019607 0.006903353057199212 0.09333681961094951
0 0.125 0.0 1.0 0.0 0.1187203942321308 0.0650888415310612 0.030864197530864196 0.0140625 0.125
1 0.03571428571428571 0.0 1.0 0.14285714285714285 0.07282742963347012 0.09678015220183232 0.029982363315696647 0.01964285714285715 0.00012814387315363096
0 0.037037037037037035 0.0 1.0 0.0 0.11280704798156388 0.060217892459865356 0.03840877914951989 0.011111111111111112 5.1734084694183656e-05
0 0.027777777777777776 0.0 1.0 0.0 0.17057612498432745 0.1146595584150645 0.05761316872427983 0.025 0.0029949482823931855
0 0.018181818181818184 0.0 1.0 0.0 0.1427496639055323 0.08004342484123356 0.04264870931537598 0.01590909090909091 0.06552086089401973
0 0.027777777777777776 0.0 1.0 0.0 0.13492600840379562 0.09756736817369105 0.04938271604938271 0.025000000000000005 9.357852281902428e-05
0 0.014285714285714285 0.0 1.0 0.0 0.07800359738710264 0.04456283405280374 0.03209876543209876 0.01 6.334361167948674e-05
0 0.008928571428571428 0.0 1.0 0.0 0.17369238620654182 0.08962501399997137 0.05114638447971781 0.019642857142857146 0.04079775275003095
0 0.08333333333333333 0.0 1.0 0.0 0.07585412938523788 0.04788242757965042 0.024853801169590642 0.009212730318257955 0.08333333333333333
0 0.045454545454545456 0.0 1.0 0.18181818181818182 0.06222574648986621 0.015603495996745258 0.025518341307814992 0.0031978072179077205 0.0469211387026713
0 0.023809523809523808 0.0 1.0 0.0 0.08844198669265366 0.03703496528327871 0.032402434658073756 0.007896625987078246 0.04551254548354365
0 0.03125 0.0 1.0 0.0 0.05699422725048 0.012430093290891748 0.023809523809523808 0.002826633165829146 0.0877716719480148
0 0.03333333333333333 0.0 1.0 0.0 0.1023761916933779 0.0697164264698677 0.03968253968253968 0.015075376884422108 0.1407390044422467
0 0.016666666666666666 0.0 1.0 0.0 0.0477616325347061 0.0268642196725307 0.016791979949874684 0.004522613065326633 0.04565239497271374
0 0.02857142857142857 0.0 1.0 0.0 0.10185150996849272 0.06921528629398177 0.036591478696741855 0.01507537688442211 0.1755493986844574
0 0.017857142857142856 0.0 1.0 0.0 0.0933877118216171 0.06277209121126134 0.02756892230576441 0.013280689160086146 0.120946576160628
0 0.018518518518518517 0.0 1.0 0.0 0.0968459842428676 0.060295838609519335 0.03341687552213868 0.013400335008375208 0.14497107745428403
0 0.011111111111111112 0.0 1.0 0.0 0.07421168338394585 0.04853165343689403 0.025898078529657476 0.00977107761027359 0.09340007509582121
0 0.015151515151515152 0.0 1.0 0.0 0.09684598424286761 0.06552870533858836 0.034252297410192145 0.012144053601340033 0.14492525081124766
0 0.008333333333333333 0.0 1.0 0.0 0.059761771300303 0.047166523296756566 0.02080200501253133 0.00778894472361809 0.08786588151062999
0 0.015384615384615385 0.0 1.0 0.0 0.012128223985223374 0.012558880149765686 0.003007518796992481 0.0 0.0019302069450771995
0 0.007936507936507936 0.0 1.0 0.0 0.0767760191780778 0.049308400218498916 0.0303536619326093 0.010050251256281407 0.09309061460152843
0 0.009523809523809523 0.0 1.0 0.0 0.09288933782730555 0.054674682435459206 0.03186537773003938 0.01148600143575018 0.12191175408994795
0 0.00390625 0.0 1.0 0.125 0.07527433033559221 0.03536757823769012 0.024592731829573933 0.006909547738693468 0.05895607416019046
1 0.00267379679144385 0.0 1.0 0.0 0.03610549861949541 0.004995009150474989 0.010936431989063567 0.0007994518044769301 0.014042109315055036
0 0.009259259259259259 0.0 1.0 0.0 0.16075116812158474 0.07192669224006473 0.059314954051796154 0.014656616415410386 0.10932560259775302
0 0.003289473684210526 0.0 1.0 0.125 0.0737541103160792 0.03622139618026111 0.02662907268170426 0.007066582914572864 0.04964499766562341
0 0.002777777777777778 0.0 1.0 0.0 0.06463447525413817 0.02077724889906766 0.02199944305207463 0.004327191513121161 0.035872541849709616
0 0.004329004329004329 0.0 1.0 0.0 0.020086534017304855 0.005391931735247562 0.010252904989747095 0.0009136592051164915 0.0002997426888037446
0 0.002840909090909091 0.0 1.0 0.0 0.0196986199801233 0.0034892560891636205 0.007675438596491228 0.000628140703517588 0.030648982110928782
0 0.002898550724637681 0.0 1.0 0.0 0.09318188213817144 0.02830462882706296 0.03241436925647452 0.005695142378559464 0.050558519545521735
0 0.003472222222222222 0.0 1.0 0.0 0.02746721701451853 0.003924650046801777 0.010442773600668337 0.000628140703517588 0.0380015139221495
0 0.0026666666666666666 0.0 1.0 0.0 0.07096014621294142 0.02479686447180978 0.02472848788638262 0.005192629815745393 0.04345012099168159
0 0.007692307692307693 0.0 1.0 0.0 0.0772106343426048 0.011454747196330401 0.02606516290726817 0.0020100502512562816 0.14430356957740104
0 0.004629629629629629 0.0 1.0 0.0 0.05055020677172083 0.011083867044508276 0.018483709273182956 0.0018844221105527637 0.09020446465433943
0 0.001984126984126984 0.0 1.0 0.0 0.023037470553876213 0.0031015609681454403 0.009328877749930381 0.0005583472920156337 0.0009587676946370899
0 0.017241379310344827 0.0 1.0 0.0 0.2546287749212318 0.15733961554774734 0.08646616541353383 0.03391959798994975 0.4391462629053204
0 0.0022222222222222222 0.0 1.0 0.0 0.08015541158735946 0.04899347451506744 0.025563909774436087 0.010385259631490788 0.040802457321766676
0 0.0064516129032258064 0.0 1.0 0.0 0.020999920063560752 0.011862249817544636 0.011027568922305764 0.0020100502512562816 0.0008362372637874119
0 0.005208333333333333 0.0 1.0 0.0 0.10112270279626202 0.06538480631953468 0.03216374269005848 0.013819095477386934 0.14147654736417056
0 0.0033670033670033673 0.0 1.0 0.0 0.09691105469191512 0.002714544116911523 0.03007518796992481 0.0005583472920156337 0.05518963064327137
0 0.00267379679144385 0.0 1.0 0.0 0.023304952719957753 0.002854290943128565 0.008885850991114148 0.00045682960255824577 0.0002920653641259001
0 0.0025974025974025974 0.0 1.0 0.0 0.07240569823500483 0.03851873075378384 0.023923444976076555 0.0079945180447693 0.07374389763236608
0 0.0030864197530864196 0.0 1.0 0.0 0.14133995623673337 0.08475735182659119 0.04706209969367864 0.017867113344500276 0.06635416469960863
0 0.001422475106685633 0.0 1.0 0.0 0.09594569489572975 0.04115778517303331 0.03297717979158422 0.008595609627082784 0.025001044774817915
0 0.0029239766081871343 0.0 1.0 0.0 0.08185022130666716 0.05140682405992045 0.028682818156502365 0.010329424902289223 0.11439933338222552
0 0.0625 0.0 1.0 0.0 0.025672641857554135 0.030830738627801037 0.013425925925925928 0.005808550185873604 0.06250000000000001
0 0.041666666666666664 0.0 1.0 0.0 0.04696891636456086 0.056073572607514444 0.022530864197530864 0.010842627013630729 0.07264708013079367
0 0.037037037037037035 0.0 1.0 0.0 0.04377914944957377 0.04678560161067299 0.016460905349794237 0.009087154068566708 0.09481919611537581
0 0.025 0.0 1.0 0.2 0.03597345325426287 0.02713295874766212 0.016296296296296295 0.006319702602230482 0.09307213437477611
0 0.05 0.0 1.0 0.0 0.03090742415989404 0.005806731296011551 0.012962962962962964 0.0027881040892193307 0.0009455992230872633
0 0.041666666666666664 0.0 1.0 0.0 0.021904186172137487 0.011613462592023102 0.015740740740740743 0.0027881040892193307 0.0009993536118881687
0 0.011904761904761904 0.0 1.0 0.0 0.041529188914486516 0.04025174367449961 0.02037037037037037 0.008364312267657992 0.06993303777874187
0 0.015625 0.0 1.0 0.0 0.04792483279550522 0.019035181877007073 0.021296296296296292 0.0018587360594795538 0.09402688498905581
0 0.041666666666666664 0.0 1.0 0.0 0.04696891636456086 0.056073572607514444 0.022530864197530864 0.010842627013630729 0.07264708013079367
0 0.007692307692307693 0.0 1.0 0.0 0.02447422550726378 0.01727222968355861 0.011396011396011398 0.001429796968830426 0.0001771174690557897
0 0.015151515151515152 0.0 1.0 0.0 0.015913943027955454 0.0 0.0030864197530864196 0.0 0.0010128117136268557
0 0.011904761904761904 0.0 1.0 0.0 0.01167011387428672 0.0 0.0047619047619047615 0.0 0.002533973495590664
0 0.008547008547008548 0.0 1.0 0.0 0.018973047068441693 0.0 0.0032921810699588477 0.0 0.0005166506718677099
0 0.005952380952380952 0.0 1.0 0.0 0.03646337443594247 0.034230282768649166 0.01790123456790124 0.00681536555142503 0.07414248900767063
0 0.03333333333333333 0.0 1.0 0.0 0.05308769109687811 0.023226925184046204 0.03518518518518519 0.0037174721189591076 0.04928416230342326
0 0.008928571428571428 0.0 1.0 0.0 0.05605005361166091 0.028806973132068935 0.02486772486772487 0.005841741901221454 0.1370757115227256
0 0.006535947712418301 0.0 1.0 0.0 0.06330369856305212 0.020940490159258657 0.0242798353909465 0.004130524576621231 0.05923280384684507
0 0.009259259259259259 0.0 1.0 0.0 0.04419795019478537 0.0 0.014197530864197531 0.0 0.13225769200002657
0 0.008771929824561403 0.0 1.0 0.0 0.0444110729918277 0.006024471515970927 0.018518518518518517 0.0012391573729863693 0.1297758767941053
0 0.0071428571428571435 0.0 1.0 0.0 0.05096750933210897 0.017105758145416917 0.024338624338624347 0.003186404673393521 0.11826285131645928
0 0.006802721088435374 0.0 1.0 0.0 0.043886593738674394 0.01807341454791278 0.020105820105820103 0.003717472118959108 0.10431275253803887
0 0.003787878787878788 0.0 1.0 0.0 0.02027273120361441 0.005162542466494873 0.007407407407407408 0.0009293680297397769 0.006235489249764646
0 0.008695652173913044 0.0 1.0 0.0 0.03609395073104081 0.008260067946391798 0.017777777777777778 0.001486988847583643 0.0007020876791967546
0 0.004629629629629629 0.0 1.0 0.0 0.03194308554250365 0.003554012990874114 0.014403292181069957 0.0008261049153242461 0.0057324247631437295
0 0.006666666666666667 0.0 1.0 0.0 0.04181262471911587 0.0 0.011111111111111112 0.0 0.0003404098202947827
0 0.0034965034965034965 0.0 1.0 0.0 0.02098728739142439 0.0 0.0047138047138047135 0.0 0.00023751607246437227
0 0.004115226337448559 0.0 1.0 0.0 0.027284604485308395 0.0 0.009465020576131687 0.0 0.00033392285534603636
0 0.005952380952380952 0.0 1.0 0.0 0.045669441308318605 0.0 0.011111111111111112 0.0 0.00033604852081947607
0 0.0049261083743842365 0.0 1.0 0.0 0.06155399583896252 0.0 0.0164021164021164 0.0 0.0002311587735967701
0 0.0047619047619047615 0.0 1.0 0.0 0.05610438226286494 0.028806973132068935 0.026984126984126982 0.005841741901221454 0.13273266531977318
0 0.005376344086021505 0.0 1.0 0.0 0.026585215647804406 0.007742308394682068 0.009259259259259259 0.0012391573729863693 0.0005969764020307852
0 0.005208333333333333 0.0 1.0 0.0 0.03373621943512201 0.015484616789364136 0.007407407407407408 0.0024783147459727386 0.0005811569032037706
0 0.015151515151515152 0.0 1.0 0.0 0.018956766076996243 0.0 0.007407407407407408 0.0 0.004439681443512351
0 0.004901960784313725 0.0 1.0 0.0 0.059727075752607585 0.0 0.01790123456790123 0.0 0.11861978887566414