0 0.2 0.0 1.0 0.0 0.027318802739882242 0.011733413848842121 0.012149532710280372 0.003755868544600939 0.19999999999999998
0 0.0625 0.0 1.0 0.0 0.025933616757871175 0.03710221078227045 0.016939252336448597 0.009976525821596244 0.00012660070170765687
0 0.016666666666666666 0.0 1.0 0.0 0.011398914112517271 0.013200090579947385 0.00514018691588785 0.004460093896713614 0.04067549877469305
0 0.016666666666666666 0.0 1.0 0.0 0.021139434011468287 0.020823551499923786 0.009034267912772585 0.00406885758998435 0.03513308854485383
0 0.02 0.0 1.0 0.0 0.003623035000674303 0.020533474235473713 0.005607476635514018 0.0 0.00019767232086462494
0 0.010416666666666666 0.0 1.0 0.0 0.015673632166301386 0.022046805309026623 0.008469626168224298 0.0011737089201877935 0.04602678827328668
0 0.017857142857142856 0.0 1.0 0.0 0.01716687237816348 0.0 0.009929906542056074 0.0 0.00017031147792927667
0 0.007352941176470588 0.0 1.0 0.0 0.054941708998042814 0.008064619661493374 0.018691588785046728 0.0016570008285004144 0.018263182191203924
1 0.003367003367003367 0.0 1.0 0.06060606060606061 0.03267738087246446 0.016211160705215655 0.013310676862078732 0.0039834969412434204 1.1594836579860409e-05
1 0.0038461538461538464 0.0 1.0 0.0 0.03674116634631747 0.022966065867439916 0.01689432063263839 0.006319971108703503 1.770560198565956e-05
0 0.005681818181818182 0.0 1.0 0.0 0.07549936455826255 0.03710221078227045 0.029205607476635514 0.008802816901408451 0.017565637827163316
0 0.0020833333333333333 0.0 1.0 0.0 0.049888030834698754 0.03562640893429296 0.020443925233644855 0.007629107981220658 8.143510653394187e-06
0 0.16666666666666666 0.0 1.0 0.0 0.018519427603190447 0.0 0.015151515151515154 0.008503401360544217 0.16666666666666666
0 0.03333333333333333 0.0 1.0 0.0 0.03542715419932582 0.0 0.010774410774410775 0.009523809523809523 0.019100206769342102
0 0.037037037037037035 0.0 1.0 0.2222222222222222 0.06046772488118636 0.06297633124214898 0.017957351290684626 0.007936507936507936 0.00011246311980686695
0 0.011904761904761904 0.0 1.0 0.0 0.04603642107354796 0.05746696036809131 0.020202020202020204 0.0063168124392614195 3.4946326092349704e-05
0 0.03333333333333333 0.0 1.0 0.0 0.042580718329041145 0.05354024814526257 0.02693602693602694 0.008503401360544218 0.026351940310288483
0 0.018518518518518517 0.0 1.0 0.0 0.05272304047157723 0.007083948837311144 0.022446689113355782 0.0 0.013824917404530804
0 0.023809523809523808 0.0 1.0 0.0 0.023396133755394982 0.0 0.010101010101010102 0.0 0.0002908664965994614
0 0.010416666666666666 0.0 1.0 0.0 0.03368079388001092 0.0 0.010942760942760943 0.0 0.0064891911223232185
0 0.027777777777777776 0.0 1.0 0.0 0.03901083777151757 0.0 0.012626262626262628 0.0 0.00041493185288377435
0 0.009090909090909092 0.0 1.0 0.0 0.049507740651389825 0.043482383007316244 0.022956841138659322 0.01020408163265306 9.420717847135289e-05
1 0.05263157894736842 0.0 1.0 0.0 0.031793008715317816 0.04675185069395931 0.01519262072707542 0.010416666666666664 0.05263157894736842
0 0.08333333333333333 0.0 1.0 0.0 0.047233559218960976 0.0 0.022336769759450172 0.008680555555555554 0.036006861895361515
0 0.02222222222222222 0.0 1.0 0.0 0.0717646918928185 0.007151986924778221 0.02199312714776632 0.0013888888888888887 0.033462448094237436
0 0.027777777777777776 0.0 1.0 0.0 0.0674033007495985 0.057852248838041 0.01718213058419244 0.0 0.012027283760803706
0 0.014285714285714287 0.0 1.0 0.0 0.06484906871165656 0.05113725566933981 0.016936671575846836 0.005952380952380952 0.026882577192581764
0 0.041666666666666664 0.0 1.0 0.0 0.07699318688237139 0.0 0.01804123711340206 0.0 0.15948656427428806
1 0.0047619047619047615 0.0 1.0 0.13333333333333333 0.04168330065392835 0.0 0.008247422680412371 0.0 2.6228919231423944e-05