0 0.07142857142857142 0.0 1.0 0.14285714285714285 0.0414309485752822 0.01282756915401507 0.011278195488721804 0.0037704231252618345 0.07142857142857142
0 0.07142857142857142 0.0 1.0 0.0 0.010782287532463948 0.019099243335314202 0.005012531328320802 0.0033514872224549644 0.0004274928036152829
0 0.027777777777777776 0.0 1.0 0.0 0.04991917723390945 0.019879820593798985 0.016812865497076022 0.0039100684261974585 0.07763370023745282
0 0.0625 0.0 1.0 0.0 0.03908921060997325 0.013742029782643172 0.008771929824561403 0.00219941348973607 0.251268086386389
0 0.025 0.0 1.0 0.0 0.016126582484956457 0.016032368079750368 0.0043859649122807015 0.0025659824046920824 0.10177999688726252
0 0.023809523809523808 0.0 1.0 0.0 0.03988713791474313 0.013087647412041117 0.014619883040935672 0.0025136154168412237 0.07623156246274192
0 0.008928571428571428 0.0 1.0 0.0 0.031042743980842915 0.020698693383406862 0.012426900584795321 0.003482404692082111 0.03937669892481952
0 0.008928571428571428 0.0 1.0 0.0 0.02601043500697739 0.019959479422918026 0.009816207184628237 0.003770423125261834 0.05607628857065844
0 0.003367003367003367 0.0 1.0 0.0 0.017078241080468296 0.012323755801037005 0.007974481658692184 0.0014218430640718033 0.02073714422152864
0 0.02 0.0 1.0 0.0 0.06322801302152894 0.016040113826646052 0.027485380116959064 0.002932551319648094 0.00020108869660928762
0 0.010101010101010102 0.0 1.0 0.0 0.0499079762042822 0.006975774701719651 0.01397011046133853 0.0013033561420658195 0.11135253708611431
0 0.007575757575757575 0.0 1.0 0.0 0.043718328542897734 0.009408433129755893 0.01674641148325359 0.0015995734470807784 0.05671287954621573
1 0.00591715976331361 0.0 1.0 0.0 0.03069599462647724 0.005637755808263866 0.009446693657219972 0.0009023234829686443 0.05159515451628695
0 0.005494505494505494 0.0 1.0 0.0 0.02171423992423663 0.0 0.008771929824561403 0.0 8.567594495724554e-05
0 0.013333333333333332 0.0 1.0 0.0 0.044627540755495236 0.006040387783976914 0.015789473684210527 0.0011730205278592375 0.00026473718011807835
0 0.008928571428571428 0.0 1.0 0.0 0.018484615715562893 0.0 0.005847953216374269 0.0 0.0003623339630865351
0 0.004901960784313725 0.0 1.0 0.0 0.010282822222184742 0.0 0.0024366471734892786 0.0 0.00019390399318068154
0 0.003968253968253968 0.0 1.0 0.0 0.03439767541606057 0.01329158649049741 0.013784461152882205 0.0031420192710515287 7.098946489269223e-05
0 0.002631578947368421 0.0 1.0 0.0 0.04424371856580929 0.023188159366898366 0.016520467836257307 0.00498533724340176 0.017713714909120163
0 0.00625 0.0 1.0 0.0 0.046883991879318854 0.010014162845900917 0.01864035087719298 0.002932551319648094 0.00013022848334649702
0 0.007936507936507936 0.0 1.0 0.0 0.016081305133055952 0.005430005565932047 0.009746588693957114 0.0009775171065493646 0.0005033471713889913
0 0.005050505050505051 0.0 1.0 0.0 0.00602807662387827 0.0033557709910982856 0.004873294346978557 0.0006516780710329097 0.00030152921726552884
0 0.006211180124223602 0.0 1.0 0.0 0.03547367975861131 0.01667981650298892 0.012949039264828738 0.0041893590280687055 0.00020893933108925145
0 0.0027777777777777775 0.0 1.0 0.0 0.026070781316404286 0.005340886851147156 0.007992202729044834 0.0015640273704789834 7.018777220511162e-05
0 0.0023529411764705885 0.0 1.0 0.0 0.035857023606622594 0.009425094443200863 0.013415892672858616 0.0027600483008452647 4.949281926108479e-05
0 0.0019230769230769232 0.0 1.0 0.0 0.027690452859953973 0.007542156438322551 0.010818713450292398 0.001466275659824047 0.022178382772353514
0 0.0028490028490028487 0.0 1.0 0.0 0.012003936317963981 0.0 0.005398110661268556 0.0 0.0001066097009549681
0 0.0035714285714285713 0.0 1.0 0.0 0.01137353890841231 0.0 0.006432748538011695 0.0 0.000275926577270225
0 0.005747126436781609 0.0 1.0 0.0 0.012004951722185603 0.005430005565932047 0.005847953216374269 0.0009775171065493646 0.0005630222611385398
0 0.0047619047619047615 0.0 1.0 0.0 0.054607018985888836 0.015378323224294449 0.018379281537176273 0.0033514872224549644 0.15716437993911891
0 0.058823529411764705 0.0 1.0 0.0 0.04685050564852122 0.022656190875546055 0.017839922854387655 0.01118133203694701 0.05882352941176472
0 0.016129032258064516 0.0 1.0 0.0 0.04323037048571081 0.03508232718084861 0.019037546271813862 0.008264462809917357 0.023565485574685935
0 0.017543859649122806 0.0 1.0 0.0 0.04282209471360206 0.03696825777484337 0.016824849007765316 0.002174858634188778 0.045288299355672336
0 0.010869565217391304 0.0 1.0 0.0 0.022910164205898483 0.004490149388795135 0.011047754811119031 0.0 0.02623931404514792
0 0.03333333333333333 0.0 1.0 0.0 0.052372573070940454 0.009407243885543285 0.02185792349726776 0.0027548209366391185 0.07578807474943777
0 0.00980392156862745 0.0 1.0 0.0 0.03373688833038474 0.003320203724309395 0.015429122468659592 0.0009722897423432184 0.02225232500660768
0 0.015873015873015872 0.0 1.0 0.0 0.04865485911961176 0.014932555559937733 0.017304189435336976 0.004591368227731864 0.09695741160148172
1 0.027777777777777776 0.0 1.0 0.05555555555555555 0.02519655851707447 0.014352965919733222 0.011263841160748378 0.0038314176245210743 0.027777777777777776
0 0.08333333333333333 0.0 1.0 0.0 0.02872447776792122 0.01699438701222869 0.012027491408934707 0.005172413793103448 0.00576368794985161
0 0.018518518518518517 0.0 1.0 0.0 0.0291779134170988 0.026147476570488524 0.009927453226422299 0.004980842911877397 0.025006209674087898
0 0.08333333333333333 0.0 1.0 0.0 0.009280225193979861 0.00718165847644647 0.002290950744558992 0.0011494252873563218 0.0050974365113681105
0 0.03333333333333333 0.0 1.0 0.0 0.022959815358108666 0.01436331695289294 0.010309278350515464 0.0 0.14857935315491963
0 0.011904761904761904 0.0 1.0 0.0 0.03123120324960357 0.023598473622851036 0.009081983308787433 0.0019704433497536944 0.0001745182796045116
0 0.015873015873015872 0.0 1.0 0.0 0.011763470987283732 0.016117363659116774 0.004581901489117985 0.0019157088122605363 0.0006929279477795265
0 0.004032258064516129 0.0 1.0 0.0 0.031668905924706364 0.024372657076312768 0.01141780290433433 0.005005561735261401 0.005645367070458694
0 0.0037037037037037034 0.0 1.0 0.0 0.035915380717565344 0.013838195778769722 0.010538373424971364 0.002758620689655172 0.021745674867739463
0 0.0071428571428571435 0.0 1.0 0.0 0.03582577496270136 0.005273067132900888 0.01055473735886107 0.0009852216748768472 0.034065942620798484
0 0.006993006993006993 0.0 1.0 0.0 0.03411629641508905 0.014548034883144819 0.011895321173671687 0.0023872679045092837 0.038265775280831235
0 0.011904761904761904 0.0 1.0 0.0 0.0245064713613103 0.009233560898288319 0.008836524300441826 0.0014778325123152708 0.0006315874149642154
0 0.009615384615384616 0.0 1.0 0.0 0.04282305885095541 0.0261570962295052 0.01288659793814433 0.00603448275862069 0.04100504652445112
0 0.002747252747252747 0.0 1.0 0.0 0.03417541981407441 0.01117909023731643 0.01070578905630452 0.0023872679045092837 0.027665808277422592
0 0.008333333333333333 0.0 1.0 0.0 0.023036018042978036 0.010772487714669704 0.009879725085910653 0.0017241379310344827 0.11148784971170042
1 0.0010080645161290322 0.0 1.0 0.0 0.011252535760204135 0.0027765807254579895 0.004156967076820751 0.0006674082313681868 0.0035302701845440496