0 0.024390243902439025 0.0 1.0 0.0 0.031204911760812876 0.020857139292137474 0.010054753608760576 0.004898040783686529 0.024390243902439025
0 0.022727272727272728 0.0 1.0 0.0 0.020072089361929737 0.02170558681786958 0.008348794063079777 0.003912071535022355 0.04785144639139652
1 0.013888888888888888 0.0 1.0 0.0 0.043762268985848125 0.020315811636451603 0.013775510204081631 0.0017076502732240439 0.03578825212859616
0 0.0625 0.0 1.0 0.0 0.027788452779289704 0.0 0.011224489795918367 0.0 0.020090079256928527
0 0.009090909090909092 0.0 1.0 0.0 0.035429169916737585 0.00564851329548032 0.012244897959183675 0.0011177347242921013 0.025405525527793002
0 0.016666666666666666 0.0 1.0 0.0 0.04982770519589932 0.004553193191761053 0.015102040816326528 0.000819672131147541 0.04053858979599427
0 0.007518796992481203 0.0 1.0 0.0 0.026320184955618064 0.010560242279438347 0.009237379162191195 0.0021570319240724763 0.03673462595851486
0 0.006578947368421052 0.0 1.0 0.0 0.019158513687636717 0.005091863058005571 0.01288936627282492 0.0008628127696289905 0.009501383192712886
0 0.002525252525252525 0.0 1.0 0.0 0.021863536517019336 0.004097697321996968 0.008905380333951761 0.0007451564828614009 0.006867129663632932
0 0.004761904761904762 0.0 1.0 0.0 0.03136586524146951 0.007345193362268455 0.010884353741496596 0.00156128024980484 0.027062946253951864
0 0.004784688995215311 0.0 1.0 0.0 0.015006630039000888 0.0026954455886576485 0.00644468313641246 0.0004314063848144953 0.002122233812477923
1 0.02127659574468085 0.0 1.0 0.0 0.04173253953754681 0.027608662449646604 0.015175219023779723 0.005024731098374816 0.021276595744680847
0 0.018518518518518517 0.0 1.0 0.0 0.03996773821533283 0.03531011329427601 0.023420479302832243 0.006970069700697005 0.03320325262989528
0 0.02564102564102564 0.0 1.0 0.0 0.01761019919976128 0.004730254635777874 0.007352941176470589 0.0008515469770082316 0.00037037579935466123
0 0.007352941176470588 0.0 1.0 0.0 0.018930727438717616 0.01537626590993744 0.01384083044982699 0.0031473844150206208 0.0012583512561535175
0 0.005555555555555556 0.0 1.0 0.0 0.042055486069955676 0.02443180397539543 0.019709967320261437 0.004715047150471503 0.0255934462053931
1 0.003205128205128205 0.0 1.0 0.0 0.027050790104689235 0.012974741166490184 0.013362556561085974 0.002554640931024695 0.015613169558412061
0 0.004464285714285714 0.0 1.0 0.0 0.059560217698237196 0.03571232411431609 0.02217371323529412 0.006111623616236164 0.02331062276260629
0 0.004032258064516129 0.0 1.0 0.0 0.046269259177156366 0.03628608010830497 0.01577324478178368 0.006070705868349004 0.025533619411363905
0 0.022727272727272728 0.0 1.0 0.0 0.033895561425954214 0.022755086963164226 0.010895883777239709 0.004137246248896733 0.02272727272727273
0 0.027777777777777776 0.0 1.0 0.0 0.04553665780674196 0.01878644218021714 0.014258810868980362 0.0036407766990291255 0.04848360353223159
0 0.016666666666666666 0.0 1.0 0.0 0.03600829708461823 0.023144457410754306 0.011864406779661017 0.00436893203883495 0.003206014538997841
0 0.027777777777777776 0.0 1.0 0.0 0.017690575059445372 0.011795118695134575 0.0053806833467850415 0.00026968716289104636 0.00032681379681474094
0 0.02 0.0 1.0 0.0 0.06307341946707218 0.04718257149024033 0.0188861985472155 0.00703883495145631 0.11794918477981439
0 0.01515151515151515 0.0 1.0 0.0 0.056739434001683714 0.008680902684661644 0.020250935505172794 0.0015445719329214474 0.07613377083485402
0 0.004608294930875576 0.0 1.0 0.0 0.031469055385756256 0.022647694527456828 0.009607123330469423 0.0038365173817726268 0.021845941526022216
0 0.007352941176470588 0.0 1.0 0.0 0.038111587714960836 0.02514496934251584 0.010682238997293833 0.004283266704740148 0.013765855504475209
0 0.006944444444444444 0.0 1.0 0.0 0.029564386915160765 0.008606359224116837 0.011349878934624698 0.0016686893203883494 0.00010313792162032655
0 0.0029411764705882353 0.0 1.0 0.0 0.049851992842679965 0.037930297164264166 0.014527845036319612 0.006424900057110221 0.017519085028825238
0 0.011363636363636364 0.0 1.0 0.0 0.015327214015427991 0.0 0.005447941888619854 0.0 0.0004739129887152984
0 0.016666666666666666 0.0 1.0 0.0 0.03356085389335696 0.016184025443281465 0.01162227602905569 0.0033980582524271844 0.00045892902798922797
0 0.003344481605351171 0.0 1.0 0.0 0.022109849307086208 0.005987032503733452 0.010527423939362039 0.0011608273533136343 0.002122194525227883
0 0.005494505494505494 0.0 1.0 0.0 0.015065486667564059 0.004931273456915579 0.007822685788787484 0.0009335324869305452 0.000308809081944301
0 0.006060606060606061 0.0 1.0 0.0 0.021064555408615068 0.004135950711280955 0.006383447061413164 0.0006619593998234775 0.09289906151814349
0 0.00625 0.0 1.0 0.0 0.04302299431531299 0.0 0.012832929782082326 0.0 0.10029325169709472
0 0.006535947712418301 0.0 1.0 0.0 0.03396779156984936 0.0025019444239883105 0.012375571697605595 0.0005393743257820927 0.11218761092344079
0 0.0011337868480725624 0.0 1.0 0.0 0.035472711948597295 0.01451912301790983 0.011908879774670162 0.0026253219734495735 0.014883875661515384
0 0.013157894736842105 0.0 1.0 0.0 0.04080214208049061 0.02022413480806487 0.009079903147699759 0.0036407766990291263 0.013661015812588712
0 0.0014705882352941176 0.0 1.0 0.0 0.025856243437249796 0.00940215266075099 0.009685230024213076 0.001784694460308395 0.0006477505410231225
0 0.001763668430335097 0.0 1.0 0.0 0.041494274995230875 0.019536530114624404 0.01300331808806385 0.0034160373966199203 0.032378360868651805
0 0.004545454545454545 0.0 1.0 0.0 0.017395452573169098 0.003033030521606033 0.00387409200968523 0.0004854368932038835 0.06388997887677417