0 0.02564102564102564 0.0 1.0 0.05128205128205128 0.02729855494040853 0.03524182699528118 0.00854700854700855 0.007348342714196375 0.025641025641025647
0 0.07142857142857142 0.0 1.0 0.2857142857142857 0.01794131372466413 0.03265527634760503 0.005194805194805195 0.005226480836236933 0.013936905556524758
0 0.016666666666666666 0.0 1.0 0.1 0.03577680281263325 0.019481755451917816 0.008484848484848484 0.0009146341463414634 0.025867642973932948
0 0.009615384615384616 0.0 1.0 0.0 0.011915472901343614 0.0022803698468051308 0.005827505827505826 0.00046904315196998124 0.0059020428127797685
0 0.03333333333333333 0.0 1.0 0.0 0.024759186111783293 0.03216516951207788 0.013131313131313131 0.0060975609756097554 0.060656302999710365
0 0.023809523809523808 0.0 1.0 0.0 0.02122215952438568 0.027570145296066752 0.009523809523809523 0.005226480836236933 0.050548868436353256
0 0.006802721088435374 0.0 1.0 0.0 0.03912642497376019 0.0025878533131709494 0.009523809523809521 0.0005807200929152149 0.00013651779165553055
1 0.003205128205128205 0.0 1.0 0.05128205128205128 0.023486358890855055 0.0013934594763228187 0.007148407148407149 0.00031269543464665416 0.0037649205639361796
0 0.02631578947368421 0.0 1.0 0.0 0.028725062634468973 0.0324417487908675 0.012534818941504182 0.00727727139076742 0.02631578947368421
0 0.02 0.0 1.0 0.08 0.015942991144097828 0.014259819153767705 0.00467966573816156 0.0030167597765363113 0.0059717302682977015
0 0.047619047619047616 0.0 1.0 0.0 0.0377413081589783 0.017452633727677178 0.011142061281337047 0.002793296089385475 0.0003785014077879676
0 0.011363636363636364 0.0 1.0 0.0 0.02115033565989297 0.028371510299044455 0.011015446948594581 0.005840528186896902 0.05005239660697414
0 0.025 0.0 1.0 0.0 0.02998971647339707 0.010140708727376371 0.010445682451253482 0.0006983240223463687 0.05374604429244757
0 0.01515151515151515 0.0 1.0 0.0 0.016944731558513816 0.026761721966970232 0.008103317295517852 0.004316912138141189 0.05274053316798954
0 0.012987012987012986 0.0 1.0 0.0 0.0338594311160296 0.026780650958390315 0.01392757660167131 0.006094464195022854 0.07184062862456686
0 0.008333333333333333 0.0 1.0 0.0 0.020937528248763427 0.0 0.007613741875580315 0.0 0.007864890536316619
0 0.018518518518518517 0.0 1.0 0.0 0.031244834650370673 0.0 0.010677808727948004 0.0 0.04269532058224187
0 0.01 0.0 1.0 0.0 0.018113933662772246 0.013980785627999976 0.010863509749303621 0.0027932960893854745 0.035021970018638854
1 0.006993006993006993 0.0 1.0 0.0 0.020208402999949783 0.018656239715686126 0.008142275551746304 0.004297378599054576 0.07126237683626299
0 0.010416666666666666 0.0 1.0 0.0 0.048966626220791266 0.004363158431919294 0.013231197771587745 0.0006983240223463687 0.01914894329045492
0 0.0038461538461538464 0.0 1.0 0.0 0.027462868927268614 0.007232711408330915 0.007799442896935934 0.0013966480446927375 0.02653101306941042
0 0.014285714285714285 0.0 1.0 0.0 0.037754054568858664 0.006206587367540205 0.012813370473537606 0.00111731843575419 0.0005879650782257136
0 0.0030303030303030303 0.0 1.0 0.0 0.04426853531222739 0.02699057191026674 0.01709293492023297 0.005586592178770948 0.032421778140898035
0 0.002840909090909091 0.0 1.0 0.0 0.0063414726227243815 0.005707506628540982 0.005950873638895923 0.0012696800406297613 0.011699827671014821
0 0.004201680672268907 0.0 1.0 0.0 0.028126511552669868 0.00998627544857141 0.01432550736171906 0.0019952114924181963 0.019472018386620365
0 0.013888888888888888 0.0 1.0 0.0 0.031486603334504475 0.0 0.009749303621169917 0.0 0.0009061671170723862
0 0.013157894736842105 0.0 1.0 0.0 0.011686954203267253 0.0 0.004178272980501393 0.0 0.002679061047837808
0 0.004545454545454546 0.0 1.0 0.0 0.02655556565447995 0.012340794473069462 0.009875917953912383 0.0020314880650076183 0.00023856953536573083
0 0.003401360544217687 0.0 1.0 0.0 0.02154573095645244 0.0 0.007958615200955034 0.0 0.027485824495619197
0 0.006493506493506494 0.0 1.0 0.0 0.007984015032673795 0.0 0.00238758456028651 0.0 0.014000649476932086
0 0.010869565217391304 0.0 1.0 0.0 0.00989200306777785 0.0 0.0 0.0 0.0028496532891970467
0 0.008333333333333333 0.0 1.0 0.0 0.045577272105399955 0.018619762102620615 0.014484679665738163 0.0033519553072625698 0.038292475247291985
0 0.0025 0.0 1.0 0.0 0.03100570497280283 0.011150556500903215 0.009575208913649024 0.0022695530726256985 0.017330209780596097
0 0.004807692307692308 0.0 1.0 0.0 0.008952923950748306 0.0 0.00766016713091922 0.0 0.0201928697632277
0 0.005291005291005291 0.0 1.0 0.0 0.02886562718965385 0.03464730232913138 0.013927576601671309 0.007980845969672785 0.1396807041722525
0 0.004464285714285714 0.0 1.0 0.0 0.03138270415991923 0.004363158431919294 0.010793871866295265 0.0006983240223463687 0.0003473721918572585
0 0.011494252873563218 0.0 1.0 0.0 0.01671326727546701 0.0 0.004642525533890437 0.0 0.0033784463028850337
0 0.0030303030303030303 0.0 1.0 0.0 0.02694194103910317 0.00881555828461422 0.006330716637123323 0.0015236160487557134 0.01665457878136534
0 0.125 0.0 1.0 0.0 0.04251502539408883 0.03795460841797974 0.014737991266375546 0.00712719298245614 0.125
0 0.020833333333333332 0.0 1.0 0.16666666666666666 0.043380874927432096 0.02809296359512366 0.016739446870451234 0.007675438596491231 0.007567765297210119
0 0.02564102564102564 0.0 1.0 0.0 0.03758978703307317 0.0339571651191638 0.012764528048370843 0.007085020242914979 0.062025326732787225
0 0.010869565217391304 0.0 1.0 0.0 0.016461332048722684 0.013510882186656694 0.009493070058857035 0.003623188405797101 0.022736714035834316
0 0.028571428571428574 0.0 1.0 0.0 0.03451697148638907 0.02718838926319472 0.017467248908296942 0.0037593984962406013 0.00017484613640731254
0 0.009259259259259259 0.0 1.0 0.0 0.04131958094318991 0.0229103999168535 0.017952450266860747 0.003654970760233918 3.07671472799048e-05
0 0.047619047619047616 0.0 1.0 0.0 0.05189267429729694 0.0 0.011644832605531294 0.0 0.00032790269500866144
1 0.004807692307692308 0.0 1.0 0.0 0.0409451930195222 0.016786826484571995 0.015283842794759826 0.0015182186234817814 0.013625221915944062
0 0.018518518518518517 0.0 1.0 0.0 0.028232957910908896 0.0075284072892402324 0.013100436681222708 0.0014619883040935672 0.016281620411946616
0 0.004545454545454546 0.0 1.0 0.0 0.02306491206984579 0.018161118637580666 0.011710996427153631 0.004186602870813397 3.606112719026626e-05
0 0.015151515151515152 0.0 1.0 0.0 0.05727876008608642 0.019413803468872753 0.02328966521106259 0.003654970760233918 0.0001328707080045112
0 0.006944444444444444 0.0 1.0 0.0 0.020449209324262852 0.0 0.011280931586608443 0.0 9.923423229501624e-05
0 0.006410256410256411 0.0 1.0 0.0 0.046816172282751055 0.019732796329554134 0.021106259097525476 0.00402046783625731 0.022725279607322773
0 0.0047619047619047615 0.0 1.0 0.0 0.04278069786455347 0.020558475725732557 0.02066957787481805 0.0043859649122807015 4.0645282492064966e-05
0 0.008333333333333333 0.0 1.0 0.0 0.021543736523582498 0.0 0.013646288209606987 0.0 0.06034040920731911
0 0.010416666666666666 0.0 1.0 0.0 0.020979752436950844 0.0 0.00727802037845706 0.0 0.00025092706257892947
0 0.008403361344537815 0.0 1.0 0.0 0.01672899201067265 0.010782287532463948 0.006862133499688085 0.002506265664160401 0.00026938117423932107
0 0.006172839506172839 0.0 1.0 0.0 0.044535925869523665 0.023408189696475637 0.021834061135371174 0.005360623781676413 9.710474710208104e-05
1 0.013157894736842105 0.0 1.0 0.5 0.01212859321822813 0.0 0.0 0.0 0.000974842764216317