0 0.0625 0.0 1.0 0.25 0.04130273844715389 0.023398721413253252 0.00915948275862069 0.004226618705035971 0.0625
0 0.016129032258064516 0.0 1.0 0.06451612903225806 0.04650218563673324 0.029870075506434588 0.012374860956618463 0.0054304943142260385 0.02078981082485121
0 0.014492753623188404 0.0 1.0 0.0 0.04757676791553894 0.025043181062909852 0.013430784607696152 0.0047544573037222385 0.031233801468851526
0 0.05 0.0 1.0 0.0 0.0037339937856725137 0.0035959958989976574 0.0017241379310344827 0.0011510791366906475 0.002385391740153165
0 0.022222222222222223 0.0 1.0 0.0 0.006985270852569739 0.006992214248050999 0.002075351213282248 0.0012789768185451638 0.0003251642391929623
0 0.01515151515151515 0.0 1.0 0.0 0.08091750240184803 0.0486957666849015 0.0219435736677116 0.008894702419882276 0.08061623006109925
0 0.017857142857142856 0.0 1.0 0.0 0.08238281676555134 0.034374489824807924 0.020833333333333336 0.006654676258992805 0.12419023016852537
0 0.0125 0.0 1.0 0.0 0.001037372004148831 0.006292992823245899 0.002011494252873563 0.0012949640287769782 0.0012246849230641232
0 0.01111111111111111 0.0 1.0 0.0 0.07977239159353908 0.05573408117739294 0.022557471264367815 0.009640287769784171 0.08734895638040747
0 0.009090909090909092 0.0 1.0 0.0 0.058699568687724676 0.027417255752256165 0.018416927899686523 0.004708960104643557 0.049293056116567764
0 0.012987012987012988 0.0 1.0 0.0 0.11107270593152184 0.04051569053997565 0.028119868637110013 0.006783144912641315 0.12479643412263723
0 0.00641025641025641 0.0 1.0 0.15384615384615385 0.03486611670078054 0.024044190089831403 0.01171529619805482 0.004316546762589927 6.959818342693359e-05
0 0.015384615384615385 0.0 1.0 0.0 0.09741142245235053 0.008989989747494143 0.02557471264367816 0.0014388489208633094 0.13075044499876734
0 0.005952380952380952 0.0 1.0 0.0 0.07408525659601924 0.02155958621098616 0.020354406130268194 0.003717026378896882 0.07566340304024488
0 0.008333333333333333 0.0 1.0 0.0 0.04212560892353333 0.008740656229307111 0.01149425287356322 0.0007194244604316547 0.08485088578893497
0 0.015625 0.0 1.0 0.0 0.037300001609354067 0.004494994873747072 0.014008620689655173 0.0 0.0003766835967869717
0 0.0032679738562091504 0.0 1.0 0.1111111111111111 0.019712898981751714 0.013641858145156789 0.0065453384418901655 0.0019984012789768186 0.01003576436534362
0 0.003968253968253968 0.0 1.0 0.0 0.07774235808364738 0.037432077665246 0.019807060755336618 0.006372045220966084 0.05330083979149275
0 0.007518796992481203 0.0 1.0 0.0 0.005641285079798662 0.007705705497852122 0.002052545155993432 0.0 0.0010617450159459947
0 0.0038461538461538464 0.0 1.0 0.0 0.04779464950663924 0.030427749391979113 0.013925729442970824 0.005312672938572219 0.044044096646041704
0 0.011904761904761904 0.0 1.0 0.0 0.0356784516925352 0.0 0.01185344827586207 0.0 0.0003763261334111396
0 0.005681818181818182 0.0 1.0 0.0 0.03788455470255955 0.0 0.01023706896551724 0.0 0.08345201413945748
0 0.021739130434782608 0.0 1.0 0.0 0.005531821266824797 0.0 0.0014367816091954023 0.0 0.008133322552984434
0 0.008333333333333333 0.0 1.0 0.0 0.1595449024058208 0.0 0.03620689655172414 0.0 0.1566361669708005
0 0.005 0.0 1.0 0.0 0.035061546131381086 0.0 0.007722701149425287 0.0 0.08613464598103716
0 0.009615384615384616 0.0 1.0 0.0 0.14133605746688216 0.049954097967162624 0.0326867816091954 0.008992805755395683 0.23925453804225552
0 0.004115226337448559 0.0 1.0 0.0 0.034734188894903706 0.00477280895466383 0.010057471264367814 0.0007993605115907275 0.0742331269071055
0 0.00510204081632653 0.0 1.0 0.0 0.04296131516282607 0.0 0.01087848932676519 0.0 0.0957289058384186
0 0.0024630541871921183 0.0 1.0 0.0 0.022784544582557607 0.014543534513311205 0.007286535303776682 0.0028776978417266183 8.785240580545068e-05
0 0.003703703703703704 0.0 1.0 0.0 0.06552625084343268 0.02655955106760964 0.017879948914431672 0.005275779376498801 0.10618507189966112
0 0.004608294930875576 0.0 1.0 0.0 0.006725151776734405 0.0026048004191203712 0.004720853858784894 0.0010277492291880781 0.0008452253540022018
0 0.00390625 0.0 1.0 0.0 0.025134616677965103 0.022474974368735356 0.00951867816091954 0.0035971223021582736 0.00015597752617987825
0 0.005050505050505051 0.0 1.0 0.0 0.006769968707763732 0.006536594623306048 0.005028735632183908 0.0019184652278177458 0.00144730520893927
0 0.029411764705882353 0.0 1.0 0.0 0.0 0.0 0.005747126436781609 0.0 0.0518755807584963
0 0.002197802197802198 0.0 1.0 0.0 0.07012321300093662 0.042405498983753426 0.021220159151193633 0.007636967349197564 0.06472168290324878
0 0.0030864197530864196 0.0 1.0 0.0 0.029014571112196314 0.025740507048928985 0.01053639846743295 0.004316546762589928 0.0001281884063440383
0 0.009009009009009009 0.0 1.0 0.0 0.015136823162974343 0.0 0.004789272030651341 0.0 0.0021415222713158113
0 0.0021929824561403508 0.0 1.0 0.0 0.08308676804210817 0.022135821190403433 0.022988505747126436 0.003717026378896882 0.03490503368623966
0 0.0021367521367521365 0.0 1.0 0.0 0.04192946660028921 0.017647534804072246 0.016522988505747124 0.0028776978417266188 6.64095675486077e-05
0 0.002777777777777778 0.0 1.0 0.0 0.06733778743933974 0.001997775499443143 0.015485312899106004 0.000319744204636291 0.10574169462458097
0 0.0040650406504065045 0.0 1.0 0.0 0.011649573736006892 0.0 0.006704980842911878 0.0 0.0008420148475789686
0 0.001488095238095238 0.0 1.0 0.0 0.05820321950141145 0.0295794139400296 0.014098419540229886 0.005575539568345323 0.05917354072681907
0 0.002325581395348837 0.0 1.0 0.0 0.04711309589527292 0.0035959958989976574 0.010344827586206896 0.0005755395683453237 0.06241378132094294
0 0.001893939393939394 0.0 1.0 0.0 0.02466117758710341 0.020227576365694 0.007662835249042144 0.0038369304556354913 0.00013907536142519455
0 0.007407407407407408 0.0 1.0 0.0 0.004591258463175522 0.0 0.0023946360153256703 0.0 0.004081024541352994
0 0.0018115942028985507 0.0 1.0 0.0 0.05725178526991254 0.019312088774112623 0.017600574712643677 0.003117505995203837 0.04836494911195164
0 0.02127659574468085 0.0 1.0 0.0 0.0 0.0 0.0 0.0 0.05494247009370395
0 0.0018939393939393938 0.0 1.0 0.0 0.0310278388091758 0.0012718766549087086 0.009665621734587251 0.0002616088947024199 0.06211005202358302
0 0.0017006802721088435 0.0 1.0 0.0 0.03517853536829102 0.014983316245823572 0.011853448275862067 0.0023980815347721825 0.04834220747380854
0 0.0022222222222222222 0.0 1.0 0.0 0.07549183554949984 0.03125757454723511 0.018518518518518517 0.0057553956834532375 0.10110836913637863
0 0.00196078431372549 0.0 1.0 0.0 0.005986577130653461 0.0 0.0005747126436781609 0.0 0.0004749631689793957
0 0.0008361204013377927 0.0 1.0 0.08695652173913043 0.017531562898113057 0.0 0.004185407296351824 0.0 0.02813448426444946
0 0.003144654088050314 0.0 1.0 0.0 0.12226046400367356 0.05331561326567616 0.029932950191570884 0.010071942446043166 0.1577637163054599
0 0.009259259259259259 0.0 1.0 0.0 0.013056754524311329 0.0 0.004310344827586207 0.0 0.0036046510757958305
0 0.0022727272727272726 0.0 1.0 0.0 0.01341571774616379 0.0033712461553103033 0.003771551724137931 0.000539568345323741 0.00034434641223938064
0 0.001488095238095238 0.0 1.0 0.08333333333333333 0.01674588200436095 0.015732581491946927 0.005507662835249041 0.003117505995203837 0.00017179101959926353
0 0.0009233610341643582 0.0 1.0 0.15789473684210525 0.03130931764046758 0.013962742289648786 0.008696309739866908 0.0027262400605831123 0.030225561659197354
0 0.0021551724137931034 0.0 1.0 0.0 0.08318290960015973 0.037412268802513034 0.020474137931034482 0.006834532374100719 0.11368391785081837
0 0.0018832391713747645 0.0 1.0 0.0 0.0064690268570944025 0.002996663249164714 0.0030332056194125163 0.00047961630695443646 0.0005904101994043342
0 0.0020833333333333333 0.0 1.0 0.0 0.09619108202099592 0.04378173714348789 0.024245689655172414 0.008273381294964029 0.11816864491402655
0 0.00273224043715847 0.0 1.0 0.0 0.12402439768042017 0.05331561326567616 0.03041187739463602 0.010071942446043166 0.1577170328496188
0 0.0016129032258064516 0.0 1.0 0.0 0.06772525279434158 0.03085169142669676 0.017816091954022988 0.0057553956834532375 0.0910165825831282
0 0.001221001221001221 0.0 1.0 0.0 0.10077098842706302 0.03737117557440136 0.025309460654288237 0.006862202545655782 0.05356922435250066
0 0.0014204545454545455 0.0 1.0 0.0 0.0814050401598033 0.04884415111676857 0.023380355276907003 0.008502289077828646 0.07663492955715402
0 0.0015384615384615385 0.0 1.0 0.0 0.09024318386483296 0.05176734540389281 0.025143678160919537 0.00920863309352518 0.08860131922102339
0 0.0030303030303030303 0.0 1.0 0.0 0.08341275172592437 0.019896351710290756 0.023563218390804597 0.003741007194244604 0.12049836533120091
0 0.0013568521031207597 0.0 1.0 0.0 0.09352041043563002 0.050478694707222056 0.026776384535005228 0.008763897972531066 0.0733756979624225
1 0.0021008403361344537 0.0 1.0 0.0 0.04715553668410535 0.04837354547139402 0.015394088669950737 0.008633093525179856 0.00015593099601994803
0 0.0013175230566534915 0.0 1.0 0.0 0.07208523586925655 0.029081243599459725 0.018808777429467086 0.005493786788750818 0.08585029371636242
0 0.0023809523809523807 0.0 1.0 0.0 0.02858605238521414 0.023472507309147836 0.009339080459770116 0.004796163069544365 0.0003538497414526164
0 0.0011737089201877935 0.0 1.0 0.0 0.06661508367631357 0.010891625518619873 0.016762452107279696 0.0020383693045563545 0.07431796910621187
0 0.0011574074074074073 0.0 1.0 0.0 0.06696561443785441 0.028156138257420433 0.016882183908045977 0.005275779376498801 0.07852049009200163
1 0.023255813953488372 0.0 1.0 0.046511627906976744 0.05975719122415079 0.032594836577945666 0.014534883720930236 0.00616990982439487 0.023255813953488372
0 0.03333333333333333 0.0 1.0 0.0 0.049403204736715785 0.024424435941729335 0.012984496124031004 0.004664723032069972 0.0491523460416142
0 0.017543859649122806 0.0 1.0 0.0 0.0375550578930714 0.026302678045543034 0.013310893512851895 0.005370569280343717 0.053767314091006435
0 0.011363636363636364 0.0 1.0 0.09090909090909091 0.07752253924199067 0.03221005999561492 0.018498942917547567 0.004638218923933211 0.048076247286944464
0 0.015384615384615385 0.0 1.0 0.0 0.06570149719404624 0.0272493473507149 0.01498211091234347 0.004036779546983628 0.10312033453742142
0 0.011904761904761904 0.0 1.0 0.0 0.03721266742073274 0.011428472779163309 0.012666112956810633 0.0018742190753852563 0.07578815641526755
0 0.00510204081632653 0.0 1.0 0.07142857142857142 0.0658574818789767 0.016920240109563018 0.01588455149501661 0.0030195751770095793 0.034332021788243496
0 0.025 0.0 1.0 0.0 0.0336850141040376 0.004053007757747694 0.01395348837209302 0.0011661807580174927 0.003004330818592133
0 0.027777777777777776 0.0 1.0 0.0 0.021517292537962397 0.0 0.011627906976744186 0.0 0.009936906702452043
0 0.014285714285714287 0.0 1.0 0.0 0.08905112288937521 0.023135758825274817 0.01744186046511628 0.004164931278633903 0.1963540133008223
0 0.012987012987012988 0.0 1.0 0.0 0.04340627570534983 0.005795841268730939 0.010797342192691031 0.0012494793835901709 0.00023785597269514004
0 0.013888888888888888 0.0 1.0 0.0 0.01640480419585122 0.01811084921024084 0.006298449612403101 0.003887269193391642 0.008288591720420272
0 0.008547008547008548 0.0 1.0 0.0 0.05776453836797727 0.0 0.015503875968992248 0.0 0.1360825572623975
0 0.002551020408163265 0.0 1.0 0.0 0.02320300797945502 0.0038808962593373233 0.005917774086378736 0.0008329862557267805 0.024346231915551457
0 0.009523809523809523 0.0 1.0 0.0 0.006431710018389365 0.0 0.0033222591362126247 0.0 0.000900884716026515
0 0.002717391304347826 0.0 1.0 0.0 0.048598323242727746 0.0152509179959647 0.013144590495449946 0.0029154518950437317 0.05050611007755054
0 0.011764705882352941 0.0 1.0 0.0 0.08370738783686202 0.03239006235538474 0.018604651162790697 0.0058309037900874635 0.23201050849709967
0 0.01111111111111111 0.0 1.0 0.0 0.016440649345973484 0.0 0.002325581395348837 0.0 0.01991318567766207
0 0.0037593984962406013 0.0 1.0 0.14285714285714285 0.03996428551329567 0.008415110268742887 0.01121262458471761 0.001665972511453561 0.06101824858475196
0 0.001388888888888889 0.0 1.0 0.1111111111111111 0.010435362222142981 0.004953110134121872 0.003310723514211886 0.0009718172983479106 0.007534311271088949
0 0.0026455026455026454 0.0 1.0 0.1111111111111111 0.041237851174218805 0.01922118875634032 0.009528423772609821 0.0035633300939423387 0.05705301056322994
0 0.005050505050505051 0.0 1.0 0.0 0.05230843356839424 0.03375378645523372 0.01711886304909561 0.006478781988986071 0.13115857624297458
0 0.006211180124223602 0.0 1.0 0.0 0.04610780050911052 0.0052045338396571675 0.00872093023255814 0.0008329862557267805 0.034094251070418004
0 0.08333333333333333 0.0 1.0 0.0 0.11904404756749426 0.1136735668460646 0.033868715083798885 0.020512820512820513 0.08333333333333336
0 0.015625 0.0 1.0 0.0625 0.04959141913702854 0.050404769091077516 0.01654155027932961 0.008959790209790208 0.016444288102950896
0 0.011494252873563218 0.0 1.0 0.0 0.04634981815364759 0.04299798898554361 0.013725679059911386 0.007427055702917774 0.021455117946293737
0 0.013157894736842105 0.0 1.0 0.0 0.058186879057464704 0.05198185206973693 0.015657159658923846 0.008980493191019507 0.03158584261205199
0 0.008695652173913044 0.0 1.0 0.0 0.07330293669658407 0.07063357645005193 0.020524653874180225 0.011675281240498629 0.028302246659854025
0 0.007936507936507936 0.0 1.0 0.0 0.10280764153758087 0.09779853273596702 0.029462623038042035 0.017382617382617385 0.038043216340193815
0 0.012987012987012986 0.0 1.0 0.0 0.13092492508994058 0.11748971785991534 0.0366937531742001 0.021233312142403052 0.09084802155270488
0 0.00625 0.0 1.0 0.0 0.07844228247174571 0.051759732574205006 0.02094972067039106 0.009300699300699303 0.03904882329644911
0 0.01111111111111111 0.0 1.0 0.0 0.07231929734224166 0.04058633275511839 0.018016759776536315 0.006573426573426573 0.0740889220242866
0 0.009090909090909092 0.0 1.0 0.0 0.03128377045094447 0.007503457449750103 0.007998984255967496 0.0012714558169103626 0.04443532453080685
0 0.0030303030303030303 0.0 1.0 0.0 0.0766815756504668 0.06981309281051566 0.023556797020484167 0.012773892773892773 0.027645864539341404
0 0.006944444444444444 0.0 1.0 0.16666666666666666 0.12071416854850599 0.10915532828872392 0.0335195530726257 0.0196969696969697 0.08317850161307633
1 0.002849002849002849 0.0 1.0 0.0 0.09834695253512189 0.08636535129852352 0.029484792054624447 0.015643615643615643 0.028891436798325152
0 0.007142857142857143 0.0 1.0 0.0 0.14478061054446673 0.1379772111487159 0.040223463687150844 0.024755244755244755 0.09974243102920989
0 0.0044444444444444444 0.0 1.0 0.0 0.11424353959731566 0.0903184797721788 0.031005586592178773 0.016317016317016316 0.06335651796604175
0 0.006944444444444444 0.0 1.0 0.0 0.04693789987544717 0.017261612646469592 0.0111731843575419 0.002797202797202797 0.035481561127435945
0 0.0034602076124567475 0.0 1.0 0.11764705882352941 0.07557482501043085 0.07912558718197026 0.022182057180414057 0.014068284656519955 0.05489771588129092
0 0.004273504273504273 0.0 1.0 0.15384615384615385 0.07950311169321353 0.057813908386774575 0.01944563816072196 0.01000537923614847 0.06197180084392002
0 0.0037593984962406013 0.0 1.0 0.0 0.12425243869734469 0.08812964817545009 0.033419792498004794 0.015584415584415586 0.061805091280277634
0 0.00625 0.0 1.0 0.0 0.09879573855814765 0.07384378010667837 0.030202513966480448 0.013636363636363636 0.07188234264094003
0 0.0026455026455026454 0.0 1.0 0.0 0.07273572199253116 0.05995666308445772 0.02188081936685289 0.010722610722610723 0.05135230179214597
0 0.003246753246753247 0.0 1.0 0.0 0.06797182093666236 0.05065280580699145 0.019253790901835596 0.008991008991008992 0.05843612435168668
0 0.0008525149190110827 0.0 1.0 0.0 0.06652473267491696 0.0538954554303174 0.018841055975462814 0.009543397778691896 0.012443790988683848
0 0.0021929824561403508 0.0 1.0 0.0 0.013178006096299938 0.0006829009881596362 0.004630990885033814 0.0001472211998527788 0.013806688367442806
0 0.0015384615384615385 0.0 1.0 0.0 0.034006334179739736 0.03449881237154921 0.013912763214439192 0.006186121570736956 0.011542839290950421
0 0.002958579881656805 0.0 1.0 0.0 0.11126732315315392 0.09772849328226076 0.030941125913192955 0.01721355567509414 0.07217285435728002
0 0.0021786492374727667 0.0 1.0 0.058823529411764705 0.12311011826108184 0.10454641057775851 0.03606638186000658 0.0188399835458659 0.05012355742858595
0 0.002551020408163265 0.0 1.0 0.0 0.08021429805452789 0.07074882623440086 0.023543495610534714 0.012187812187812189 0.06102093770254828
0 0.004310344827586207 0.0 1.0 0.0 0.12823301392824626 0.1241756836359268 0.03718575418994413 0.021503496503496502 0.10738864347846096
0 0.0015151515151515152 0.0 1.0 0.0 0.09003822456566903 0.08669435907976673 0.028631284916201115 0.015448188175460903 0.03504482537623203
0 0.0017921146953405018 0.0 1.0 0.0 0.03750312557461314 0.031363037574722225 0.011716325263811299 0.005827505827505828 0.03347689537204804
0 0.003472222222222222 0.0 1.0 0.0 0.07553520592888119 0.046433580132095205 0.023277467411545624 0.008391608391608392 0.06669995228416038
0 0.0012121212121212121 0.0 1.0 0.0 0.0837123448611222 0.061336489646741627 0.024636871508379888 0.010853146853146851 0.03480347138754101
0 0.0014705882352941176 0.0 1.0 0.0 0.0742872684289594 0.06671632593047841 0.021298882681564248 0.011958041958041959 0.049790540028577586
0 0.007142857142857143 0.0 1.0 0.0 0.16028807829555294 0.148810816659094 0.039455307262569836 0.025174825174825173 0.18640856874997322
0 0.0013227513227513227 0.0 1.0 0.0 0.08542810790551664 0.08484884058857942 0.026336791699920193 0.015251415251415252 0.043549945261145216
0 0.003003003003003003 0.0 1.0 0.0 0.03746130329965796 0.04057188774134868 0.014432029795158289 0.007303807303807304 0.0480368595091731
0 0.0011441647597254005 0.0 1.0 0.0 0.09149191835789298 0.08003723726169933 0.02677920816128249 0.014290057768318636 0.03484297765509274
0 0.004273504273504273 0.0 1.0 0.0 0.10883349399355609 0.09920721110606266 0.02793296089385475 0.016783216783216783 0.12417721211117279
0 0.006944444444444444 0.0 1.0 0.0 0.04693789987544717 0.017261612646469592 0.0111731843575419 0.002797202797202797 0.035481561127435945
0 0.0017421602787456446 0.0 1.0 0.0 0.08860644722111448 0.09189923274766111 0.026037509976057454 0.016283716283716287 0.06675219132173987
0 0.004273504273504273 0.0 1.0 0.15384615384615385 0.07950311169321353 0.057813908386774575 0.01944563816072196 0.01000537923614847 0.06197180084392002