0 0.09090909090909091 0.0 1.0 0.0 0.05690343906152365 0.053270246745804384 0.012265512265512264 0.010909090909090912 0.09090909090909091
0 0.027777777777777776 0.0 1.0 0.0 0.01865334100252605 0.0444305271076155 0.006613756613756613 0.0071111111111111115 3.8482066660384523e-05
0 0.02222222222222222 0.0 1.0 0.0 0.06483448510691688 0.0554770689542971 0.013756613756613755 0.008533333333333334 3.0947094932919314e-05
0 0.025 0.0 1.0 0.0 0.048474007413294 0.01647817787468902 0.010317460317460317 0.0032 0.07351056688751198
0 0.016666666666666666 0.0 1.0 0.0 0.084038522061635 0.033945961142333086 0.02314814814814815 0.006666666666666667 0.06426375712009685
1 0.01515151515151515 0.0 1.0 0.0 0.044515293648988756 0.006481866771316908 0.011544011544011544 0.0014545454545454547 0.026306433772206407
1 0.014285714285714285 0.0 1.0 0.0 0.040839940417508644 0.03998747439685395 0.015079365079365078 0.0064 6.675798473035165e-05
0 0.009615384615384616 0.0 1.0 0.0 0.07379001693390447 0.06016705317833762 0.017704517704517704 0.009846153846153846 3.554132468910587e-05
0 0.02222222222222222 0.0 1.0 0.0 0.028664409752571274 0.0 0.007936507936507936 0.0 0.0002294855681570329
0 0.009090909090909092 0.0 1.0 0.0 0.06646059624835655 0.014980161704262746 0.011544011544011544 0.0029090909090909093 0.05417748170890601
0 0.00909090909090909 0.0 1.0 0.0 0.0 0.0 0.0015873015873015873 0.0 0.0001664676632731303
1 0.034482758620689655 0.0 1.0 0.06896551724137931 0.05678236474248982 0.02437589516280762 0.01203789996893445 0.004125476765003501 0.034482758620689655
0 0.05555555555555555 0.0 1.0 0.0 0.04140219207366901 0.02664076470194213 0.01126126126126126 0.004263857536995234 0.07331642609460037
0 0.02222222222222222 0.0 1.0 0.0 0.01908821066624298 0.011283147403175488 0.005705705705705706 0.002106847253574116 0.0033302080550393436
0 0.013888888888888888 0.0 1.0 0.0 0.03775341618971782 0.02438478938311127 0.007882882882882882 0.004013042387760219 0.07115898012911645
0 0.014285714285714287 0.0 1.0 0.0 0.018949181440955223 0.01475708135122383 0.004987129987129988 0.002579812963560142 9.628886261796763e-05
1 0.005747126436781609 0.0 1.0 0.0 0.033093862294393026 0.009618943187440542 0.006290773532152843 0.0010897485794348876 0.015466304344670763
0 0.005494505494505494 0.0 1.0 0.0 0.026452453639813706 0.005655925740678643 0.0071032571032571025 0.0009550269143948602 0.025206841402597564
0 0.010416666666666666 0.0 1.0 0.0 0.014930590105957752 0.004701311417989788 0.0028153153153153156 0.0007524454477050414 0.008277831910517107
0 0.01111111111111111 0.0 1.0 0.2 0.024315823828894554 0.012255512088820647 0.006981981981981982 0.0024830699774266367 0.08168759730009117
0 0.004347826086956522 0.0 1.0 0.0 0.054925215927280786 0.014041974009592877 0.010967489228358792 0.0023554814015114343 0.024960106636826303
0 0.0027548209366391185 0.0 1.0 0.06060606060606061 0.027975008616465687 0.00968817498033884 0.005733005733005733 0.0017101032902387305 0.021440427814521146
0 0.004629629629629629 0.0 1.0 0.1111111111111111 0.029828706840101353 0.0113360774315784 0.007382382382382384 0.0021319287684976175 0.029497683670218693
0 0.004524886877828055 0.0 1.0 0.0 0.03204328131372275 0.008296431914099626 0.007419183889772124 0.0013278449077147787 0.033481824138177636
0 0.011904761904761904 0.0 1.0 0.0 0.020776195910171963 0.018805245671959153 0.00487987987987988 0.0030097817908201654 0.0072742620655520335
0 0.0022222222222222222 0.0 1.0 0.0 0.02243327053555334 0.004388378153628639 0.005705705705705705 0.0007524454477050412 0.0013544469272266473
0 0.005681818181818182 0.0 1.0 0.0 0.06738752925109383 0.02512210179670267 0.013923013923013925 0.004309460291401601 0.06343320234674639
0 0.008403361344537815 0.0 1.0 0.0 0.02288066913354838 0.011380532947344197 0.0077220077220077205 0.0019348597226701064 0.0003189592080924266
0 0.0024154589371980675 0.0 1.0 0.0 0.06617684742306607 0.0175004995438529 0.012338425381903642 0.0029443517518892926 1.386473731025388e-05
0 0.002288329519450801 0.0 1.0 0.0 0.020464166636943594 0.006421889758915339 0.004700352526439483 0.0010795956423594072 0.015516927263889996
0 0.005 0.0 1.0 0.2 0.00842238420341717 0.005203544961835964 0.00563063063063063 0.0013544018058690745 0.00024510408539719886
0 0.0019047619047619048 0.0 1.0 0.0 0.027247004266327708 0.0020582344849388256 0.006036036036036035 0.00036117381489841985 0.020160299564230388
0 0.0022727272727272726 0.0 1.0 0.0 0.05898558825786725 0.010657280874453192 0.010698198198198196 0.0018058690744920994 0.01285718845017939
0 0.005434782608695652 0.0 1.0 0.0 0.032399406503977976 0.009795617529574151 0.005067567567567567 0.001693002257336343 0.06246632984456721
0 0.0037878787878787876 0.0 1.0 0.0 0.011771731518859668 0.0051287033650797694 0.0042997542997543 0.0008208495793145906 0.00021420959321452447
0 0.005714285714285714 0.0 1.0 0.0 0.020308866850589025 0.007350837446210091 0.002895752895752896 0.0012899064817800709 0.0002721480890809665
0 0.0038461538461538464 0.0 1.0 0.0 0.011597816634775493 0.005328640437226596 0.004054054054054054 0.0009029345372460496 0.00012106620726380133
1 0.041666666666666664 0.0 1.0 0.0 0.06827842063677204 0.04868601045160489 0.015547263681592038 0.010651629072681704 0.04166666666666668
0 0.022727272727272728 0.0 1.0 0.0 0.08170709268815736 0.0359869220315241 0.015943012211668925 0.006151742993848256 0.03141554178824711
0 0.023809523809523808 0.0 1.0 0.0 0.023114511283437934 0.020133328274463253 0.005863539445628998 0.0 8.240180673134507e-05
0 0.022727272727272728 0.0 1.0 0.0 0.10600316399729842 0.03836248877948625 0.02103120759837178 0.00683526999316473 0.06682573102257393
0 0.010526315789473684 0.0 1.0 0.0 0.058031896520902175 0.02454639220474737 0.014139827179890024 0.004748713889988128 0.056002143083818866
0 0.008333333333333333 0.0 1.0 0.0 0.06980943972463109 0.023492536464117746 0.014925373134328354 0.004135338345864661 0.03358773577415148
0 0.03571428571428571 0.0 1.0 0.0 0.011656796407664979 0.0 0.0 0.0 0.0008446441501704853
0 0.011363636363636364 0.0 1.0 0.0 0.02527978929796929 0.0 0.0047489823609226595 0.0 0.02982836001778357
0 0.012345679012345678 0.0 1.0 0.0 0.0 0.0 0.0 0.0 0.00036780431326886696