1 0.09090909090909091 0.0 1.0 0.18181818181818182 0.046702260362353525 0.09817787603019705 0.02371541501976284 0.020202020202020204 0.09090909090909091
0 0.03571428571428571 0.0 1.0 0.0 0.030885779911295215 0.02975258511670681 0.007763975155279503 0.0031746031746031746 6.185072796528499e-05
0 0.015873015873015872 0.0 1.0 0.0 0.025231139842733192 0.0 0.002070393374741201 0.0 0.0007973357199130601
1 0.07142857142857142 0.0 1.0 0.0 0.0792186389991069 0.085833338229527 0.033549783549783545 0.02087912087912088 0.07142857142857142
0 0.03571428571428571 0.0 1.0 0.0 0.04860007024924672 0.06179383062700644 0.01948051948051948 0.0032967032967032967 0.04348042778040117
1 0.008771929824561403 0.0 1.0 0.0 0.04065969119191498 0.03401325903071975 0.016347687400318976 0.006477732793522268 0.020034819703759525
0 0.14285714285714285 0.0 1.0 0.0 0.10237624188594441 0.061691250047428405 0.03341013824884793 0.012775842044134728 0.14285714285714285
0 0.03571428571428571 0.0 1.0 0.14285714285714285 0.08202724684261019 0.04898744521682811 0.025345622119815663 0.010452961672473867 0.05992267541764551
0 0.06666666666666667 0.0 1.0 0.0 0.04993220927262088 0.020318838616287575 0.025806451612903226 0.006504065040650407 0.017521331780515383
0 0.022727272727272728 0.0 1.0 0.18181818181818182 0.04390974689006115 0.03694334293870469 0.014662756598240472 0.007390983000739099 0.005892533949121543
0 0.022222222222222223 0.0 1.0 0.0 0.0152459763261286 0.03386473102714596 0.011648745519713262 0.0 0.01390122688850804
0 0.0045045045045045045 0.0 1.0 0.0 0.03125941481674261 0.01020035955036234 0.009154315605928508 0.0017578554163920016 0.02007550718620995
0 0.010989010989010988 0.0 1.0 0.0 0.0511796527752277 0.0 0.013027295285359801 0.0 0.03809458967238806
0 0.011363636363636364 0.0 1.0 0.0 0.03697656299115083 0.00685677008436708 0.01686217008797654 0.0014781966001478199 0.046663893991038825
0 0.02222222222222222 0.0 1.0 0.0 0.06634739016267857 0.0 0.030645161290322583 0.0 0.1344188554476235
0 0.016666666666666666 0.0 1.0 0.0 0.038488147780528746 0.0 0.02150537634408602 0.0 0.016696998551591558
0 0.015151515151515152 0.0 1.0 0.0 0.015064199845592438 0.0 0.0026881720430107525 0.0 0.000622838125936859