1 0.043478260869565216 0.0 1.0 0.0 0.07253979737785503 0.04647638457791932 0.02484472049689441 0.013633014001473834 0.043478260869565216
0 0.029411764705882353 0.0 1.0 0.0 0.0902677457472534 0.05703166584052492 0.03163618388531883 0.01296111665004985 0.06045482612604357
1 0.008771929824561403 0.0 1.0 0.05263157894736842 0.06321574196938333 0.03656969538324996 0.017912428129146396 0.004014272970561998 0.02295929842571745
0 0.022727272727272728 0.0 1.0 0.0 0.14885160766255678 0.06553100623529035 0.03896103896103897 0.01078582434514638 0.08767893704787225
0 0.0125 0.0 1.0 0.0 0.09690227017286174 0.04324450539817063 0.030462184873949583 0.00847457627118644 0.06788797497347068
0 0.011904761904761904 0.0 1.0 0.0 0.06834806923913718 0.015585443661744306 0.01680672268907563 0.003026634382566586 0.08508902290535467
0 0.08333333333333333 0.0 1.0 0.0 0.05978807499961944 0.03318549890189667 0.014272559852670348 0.007407407407407405 0.08333333333333333
0 0.041666666666666664 0.0 1.0 0.0 0.0579934518871432 0.04575627843396118 0.020257826887661142 0.00925925925925926 0.042594313668083604
0 0.017543859649122806 0.0 1.0 0.10526315789473684 0.10225198433747806 0.0541768968822931 0.031404478045943575 0.01023391812865497 0.03189559827474775
0 0.010869565217391304 0.0 1.0 0.0 0.061517621538689206 0.02595145160785683 0.016574585635359115 0.004106280193236715 0.03135444889180029
0 0.01 0.0 1.0 0.1 0.05293166955425407 0.023129857395605226 0.01657458563535912 0.004444444444444444 0.04154903566525353
0 0.01111111111111111 0.0 1.0 0.0 0.03459675498414341 0.03715848909802352 0.013259668508287293 0.006666666666666667 6.735135243350515e-05
1 0.008928571428571428 0.0 1.0 0.0 0.08661543612762694 0.040847057045656034 0.02486187845303867 0.007986111111111112 0.044680441621319136
0 0.010416666666666666 0.0 1.0 0.0 0.08544385149476842 0.040558327311945745 0.026703499079189685 0.007870370370370371 0.044089937803409564
0 0.004273504273504273 0.0 1.0 0.0 0.0755238629462094 0.02632151746495063 0.022311942201444963 0.004914529914529915 0.0222797441206718
0 0.005555555555555556 0.0 1.0 0.0 0.06991755724536138 0.016412963130075245 0.020257826887661142 0.0033950617283950617 0.041062041668590676
0 0.011363636363636364 0.0 1.0 0.0 0.09327361049999075 0.03857566454130891 0.03038674033149172 0.006944444444444444 0.07421661811499504
0 0.07142857142857142 0.0 1.0 0.0 0.06545949913455625 0.06721080317460794 0.02521008403361345 0.013317191283292982 0.07142857142857144
0 0.025 0.0 1.0 0.0 0.044906964969041965 0.02760379350895619 0.016806722689075633 0.007627118644067797 0.03193186742709553
0 0.03333333333333333 0.0 1.0 0.2 0.0703655834452305 0.05408516319544463 0.022689075630252103 0.007627118644067797 0.059223587283241355
0 0.013157894736842105 0.0 1.0 0.0 0.05405549588588483 0.021314504201039794 0.012826183104820874 0.0008920606601248885 0.02265028031933981
0 0.022222222222222223 0.0 1.0 0.0 0.0731252403915677 0.008392247467571327 0.0196078431372549 0.0018832391713747645 0.010030910256842744
0 0.018518518518518517 0.0 1.0 0.0 0.09533054973136447 0.020158806553274584 0.026143790849673203 0.003766478342749529 0.014599791425959317
0 0.005952380952380952 0.0 1.0 0.0 0.08821858849600704 0.039268372650708754 0.025910364145658265 0.007768361581920904 0.016792588567524854
0 0.008928571428571428 0.0 1.0 0.0 0.047090745607126235 0.023749265242553937 0.013805522208883552 0.004842615012106538 0.039055595393224625