0 0.1 0.0 1.0 0.0 0.03317176860342635 0.025625821238670653 0.012043795620437957 0.005494505494505494 0.1
0 0.029411764705882353 0.0 1.0 0.0 0.01966524749805971 0.021805366592138133 0.006225848003434951 0.004740357681534153 0.050475603763169265
0 0.05555555555555555 0.0 1.0 0.0 0.03442863132854801 0.023773204869329833 0.013381995133819954 0.004884004884004884 0.14252811271479757
0 0.013157894736842105 0.0 1.0 0.0 0.026278288167882826 0.02138465459434936 0.007683442182097579 0.004819741661846925 0.04291863677913216
0 0.03333333333333333 0.0 1.0 0.0 0.048138329883721055 0.029573732988892435 0.015815085158150853 0.007326007326007327 0.14313078173768487
0 0.013888888888888888 0.0 1.0 0.0 0.028225442584117046 0.017608253418646993 0.009428223844282239 0.001526251526251526 0.0776948600291571
0 0.012987012987012986 0.0 1.0 0.0 0.025932203095048987 0.019421094126448425 0.007962840079628402 0.001332001332001332 0.00012393563181034044
0 0.008333333333333333 0.0 1.0 0.13333333333333333 0.028220699909672287 0.014032333634323324 0.00827250608272506 0.002197802197802198 0.05887948854941243
0 0.012345679012345678 0.0 1.0 0.4444444444444444 0.01364075816923784 0.005085911985761847 0.00608272506082725 0.000814000814000814 0.0002595885526968846
0 0.016666666666666666 0.0 1.0 0.0 0.025482187095174188 0.007628867978642771 0.0042579075425790746 0.001221001221001221 0.00034904607980990515
0 0.011363636363636364 0.0 1.0 0.0 0.0370735201014826 0.014867323596392078 0.012317518248175181 0.003205128205128205 0.09717810967077059
1 0.0014619883040935672 0.0 1.0 0.0 0.017596260886052918 0.0030339794533659563 0.006210782430528876 0.000514105777263672 0.00032521054480913177
0 0.005494505494505495 0.0 1.0 0.0 0.022548017850457545 0.036300739104032 0.009906152241918667 0.006279434850863423 0.00010124288786100568
1 0.0017421602787456446 0.0 1.0 0.0 0.027215575935256357 0.018077710102428774 0.009969734733843688 0.003305637451978916 0.012741733712466447
0 0.003703703703703704 0.0 1.0 0.0 0.009349325178550113 0.0 0.0032441200324412 0.0 8.417391198695928e-05
0 0.0125 0.0 1.0 0.0 0.024156185278758992 0.007544953239326475 0.010948905109489052 0.0014652014652014652 0.0003435013052671595
0 0.0058823529411764705 0.0 1.0 0.0 0.012085160570545758 0.0 0.00510948905109489 0.0 0.00015904663904071076
0 0.013888888888888888 0.0 1.0 0.0 0.006703303743337796 0.0 0.009124087591240875 0.0 0.0011250115034557363
0 0.008771929824561403 0.0 1.0 0.3333333333333333 0.0 0.0 0.0 0.0 0.0006782574327760632
0 0.02857142857142857 0.0 1.0 0.0 0.022407126119711615 0.024666193335931855 0.009729064039408868 0.005565862708719849 0.02857142857142857
0 0.02631578947368421 0.0 1.0 0.0 0.021611938616831302 0.022305528070158117 0.007940108892921962 0.0047846889952153126 0.061352063681135036
0 0.0303030303030303 0.0 1.0 0.0 0.02266150385975688 0.019671130655673927 0.0054858934169279 0.002754820936639118 0.014956619078109789
0 0.020833333333333332 0.0 1.0 0.0 0.008397999035585482 0.022539837209626375 0.0014367816091954023 0.0 0.00026710323965357995
0 0.006896551724137932 0.0 1.0 0.0 0.03201806140996985 0.010078281433990614 0.009066587395957193 0.0017913121361397225 0.028373884163576297
0 0.01111111111111111 0.0 1.0 0.0 0.02676774749829286 0.006615425167625628 0.008045977011494253 0.0014430014430014432 0.01885373736899474
0 0.007142857142857143 0.0 1.0 0.0 0.011082782703964598 0.0 0.0036637931034482754 0.0 0.00010861863394401288
0 0.004032258064516129 0.0 1.0 0.0 0.025854221738088795 0.013232544397967737 0.009872080088987763 0.002653260717776847 0.028523178688178948
0 0.006172839506172839 0.0 1.0 0.0 0.04040151184228335 0.01874243663627709 0.014846743295019156 0.003607503607503607 0.05381669646172925
0 0.0058823529411764705 0.0 1.0 0.11764705882352941 0.02630923892405849 0.002622577329177652 0.009127789046653144 0.0005092946269416857 0.06594063348030829
0 0.0036363636363636364 0.0 1.0 0.0 0.02731845629503417 0.0 0.008275862068965516 0.0 0.03435794971309213
0 0.09090909090909091 0.0 1.0 0.0 0.031045831559873224 0.037345703679423435 0.017655897821187073 0.007544322897019992 0.09090909090909091
0 0.038461538461538464 0.0 1.0 0.0 0.02571479171511187 0.019942683927572386 0.011125238397965672 0.003830194701563996 0.0060797516771881974
0 0.027777777777777776 0.0 1.0 0.0 0.05771028414042176 0.04817813830415435 0.026859504132231402 0.01037344398340249 0.04481304335885216
0 0.019230769230769232 0.0 1.0 0.0 0.04587318953429023 0.04556008955496666 0.01938970120788303 0.008298755186721992 0.05153994792480233
0 0.02 0.0 1.0 0.0 0.04064314800592773 0.04309759708196683 0.020661157024793386 0.00995850622406639 0.08127456392374074
0 0.01282051282051282 0.0 1.0 0.0 0.007315198589627651 0.01595414714205791 0.003178639542275906 0.0015959144589849984 0.0005820344294717608
0 0.015873015873015872 0.0 1.0 0.0 0.006696623296678427 0.01728365940389607 0.0009182736455463728 0.0 0.0011016313346911618
0 0.015625 0.0 1.0 0.0 0.034927321444991284 0.0 0.016012396694214878 0.0 0.10314309281534265
0 0.008547008547008546 0.0 1.0 0.3076923076923077 0.02043417921898267 0.007977073571028954 0.009218054672600128 0.0012767315671879987 0.00790641648434975
0 0.02 0.0 1.0 0.0 0.0 0.0 0.003305785123966942 0.0 0.00367008568327664
0 0.010101010101010102 0.0 1.0 0.0 0.02937384774212379 0.025649650658416668 0.02662993572084481 0.006454587367450438 0.09772154589789848
0 0.007575757575757575 0.0 1.0 0.0 0.033845342161811946 0.010498540087682372 0.014650638617580765 0.0022632968691059974 0.06462136509218351
0 0.004273504273504274 0.0 1.0 0.0 0.013217668549034962 0.0015248904610469423 0.008953168044077135 0.0006915629322268326 0.0002779305731182185
0 0.007142857142857143 0.0 1.0 0.0 0.034371368862617144 0.02494975470787597 0.017768595041322312 0.0053941908713692945 0.08363365035611557
0 0.004166666666666667 0.0 1.0 0.0 0.04058794596347951 0.028031888382539477 0.019369834710743803 0.005705394190871369 0.033573979323641194
0 0.004166666666666667 0.0 1.0 0.0 0.018473671533256523 0.015389790395050002 0.020110192837465565 0.0038727524204702625 0.057254158495460866
0 0.0029411764705882353 0.0 1.0 0.0 0.04641732163486797 0.022425510706031583 0.02004132231404959 0.004564315352697095 0.02561863935218984
0 0.005555555555555555 0.0 1.0 0.0 0.03932004437388111 0.0046098719451854635 0.0243801652892562 0.0008298755186721991 0.06531950247338632
0 0.0020242914979757085 0.0 1.0 0.23076923076923078 0.05353623793002712 0.03256384807367639 0.025905912269548633 0.007022023619533992 0.014573223774173678
0 0.05263157894736842 0.0 1.0 0.10526315789473684 0.05303732340414705 0.04592414053085697 0.01933404940923738 0.010093727469358327 0.05263157894736842
0 0.03125 0.0 1.0 0.0 0.061903429406564035 0.03468957559648186 0.016156462585034014 0.006421232876712328 0.040183214668892554
0 0.02222222222222222 0.0 1.0 0.13333333333333333 0.03827262735647463 0.030779970422951886 0.018140589569160998 0.0027397260273972603 0.03176371702308655
0 0.020833333333333332 0.0 1.0 0.0 0.048272206778724625 0.0 0.018707482993197275 0.0 0.056625072431793676
0 0.008695652173913044 0.0 1.0 0.0 0.04529285131066531 0.02392835606381494 0.020703933747412008 0.005062537224538415 0.034125430395457665
0 0.011904761904761904 0.0 1.0 0.0 0.033347772508734545 0.004078866274783359 0.014577259475218656 0.0009784735812133072 0.01410989207953414
1 0.008403361344537815 0.0 1.0 0.0 0.01927002548395802 0.01037912767762062 0.015606242496998797 0.0032232070910556 0.009885641336133339
1 0.0078125 0.0 1.0 0.0 0.05084461785306213 0.045963701898176175 0.02380952380952381 0.008561643835616438 0.04994539844191544
0 0.007407407407407407 0.0 1.0 0.0 0.06090331488288471 0.027427887943092758 0.02630385487528344 0.005479452054794521 0.03157520287234724
0 0.14285714285714285 0.0 1.0 0.0 0.02511694523924513 0.0164334407893103 0.00591715976331361 0.003391267486222976 0.14285714285714285
0 0.05 0.0 1.0 0.0 0.011048455606098026 0.01297813059986914 0.005029585798816569 0.0026706231454005935 5.916023541426093e-05
0 0.0196078431372549 0.0 1.0 0.0 0.04177390977230747 0.02508378183167985 0.010093978419770274 0.0048874149066154655 8.17112416186515e-06
0 0.05 0.0 1.0 0.0 0.04582743119193288 0.013528158409909494 0.016568047337278107 0.002967359050445104 5.6630677780300294e-05
0 0.014285714285714287 0.0 1.0 0.0 0.02610590154546511 0.015425877472820034 0.0084530853761623 0.004239084357778719 0.0022514456568899456
0 0.018518518518518517 0.0 1.0 0.0 0.03220252166634551 0.018540186571241627 0.008547008547008548 0.0046158918562479384 2.4520546605242716e-05
0 0.006493506493506493 0.0 1.0 0.0 0.0072034135017128124 0.01618438686142333 0.003496503496503496 0.0021580793094146205 0.033382239764296176
0 0.017857142857142856 0.0 1.0 0.0 0.04752955704980504 0.03443177506087731 0.016483516483516484 0.004662992793556592 3.0479381682702805e-05
0 0.015873015873015872 0.0 1.0 0.0 0.013382858639349186 0.016777200948791576 0.008453085376162298 0.000847816871555744 8.898406988289851e-05
0 0.05 0.0 1.0 0.0 0.0 0.0 0.0 0.0 0.0016316826489562316
0 0.006993006993006993 0.0 1.0 0.0 0.009027542153660152 0.007291275919326868 0.009786071916249433 0.0013695503309746635 4.322681785827254e-05
0 0.005555555555555555 0.0 1.0 0.0 0.02382487862830294 0.021699739469616605 0.013609467455621303 0.0029673590504451035 0.01390962772942575
0 0.005494505494505495 0.0 1.0 0.14285714285714285 0.015550673083499047 0.0023547671445309387 0.012256973795435335 0.000423908435777872 2.039110602628213e-05
0 0.006493506493506493 0.0 1.0 0.0 0.022162173943519905 0.0 0.010220548682087145 0.0 2.6520089113846426e-05
0 0.009523809523809523 0.0 1.0 0.14285714285714285 0.02699860905805541 0.010594392326423788 0.011411665257819103 0.001695633743111488 4.190860468529139e-05
0 0.0078125 0.0 1.0 0.25 0.025373708065725954 0.0179706028465707 0.011094674556213019 0.003338278931750742 0.0507597713238048
0 0.00980392156862745 0.0 1.0 0.3333333333333333 0.027323252184752105 0.0239608037954276 0.013806706114398423 0.004451038575667656 7.991466634932824e-05
0 0.009259259259259259 0.0 1.0 0.3333333333333333 0.027829726270030376 0.017780741605013726 0.014299802761341225 0.003461918892185955 7.538311161643504e-05
0 0.0012531328320802004 0.0 1.0 0.2619047619047619 0.027638703894525992 0.014402877166863563 0.012538743307974078 0.0025434506146672317 4.208075750150538e-06
0 0.0029411764705882353 0.0 1.0 0.0 0.035855135894360096 0.01733029447740336 0.016185172293769576 0.002967359050445104 1.0702774463649102e-05
0 0.003663003663003663 0.0 1.0 0.15384615384615385 0.0156380300719808 0.004755372840601243 0.006372325898953118 0.0009130335539831089 3.5620940859244546e-05
0 0.0030303030303030303 0.0 1.0 0.0 0.04097380509484941 0.009296859485945148 0.014201183431952662 0.0019782393669634025 1.3170253268561713e-05
0 0.002557544757033248 0.0 1.0 0.0 0.026213094322712207 0.008586638030858606 0.011138183083884439 0.0017455053237912376 1.4529185439672147e-05
0 0.003205128205128205 0.0 1.0 0.0 0.01401763977167861 0.010409129861762123 0.006372325898953118 0.0022825838849577723 3.646169180539671e-05
0 0.0033333333333333335 0.0 1.0 0.0 0.012952036806104364 0.008186526255035362 0.009368836291913216 0.0019782393669634025 4.267649812746963e-05
1 0.0022624434389140274 0.0 1.0 0.0 0.009909165858723397 0.005778724415319079 0.00591715976331361 0.0013964042590329901 0.008184042268111194
0 0.0030864197530864196 0.0 1.0 0.0 0.014055482068111158 0.008186526255035362 0.008875739644970416 0.0019782393669634025 4.39483159023636e-05