0 0.125 0.0 1.0 0.0 0.06928365997298067 0.08345283622900544 0.030844155844155847 0.018092105263157895 0.125
0 0.1 0.0 1.0 0.0 0.14672269136735175 0.11708231987559706 0.04415584415584416 0.023684210526315787 0.18671782217942
0 0.02564102564102564 0.0 1.0 0.0 0.04113737761709149 0.05059144027942048 0.008991008991008992 0.009109311740890687 0.00012305678027467354
0 0.022727272727272728 0.0 1.0 0.0 0.0717727865843322 0.06069297180291305 0.014167650531286895 0.005980861244019139 0.0840547951827947
0 0.028571428571428574 0.0 1.0 0.0 0.0 0.0 0.0 0.0 0.0005910174987209964
0 0.016666666666666666 0.0 1.0 0.0 0.10248425874535776 0.0503200508923927 0.02857142857142857 0.009210526315789473 0.07559817139308597
0 0.012987012987012986 0.0 1.0 0.0 0.03743508114670395 0.0 0.004722550177095632 0.0 0.0001343164096872773
0 0.010416666666666666 0.0 1.0 0.0 0.07045820086672201 0.02823152733465087 0.022727272727272724 0.005482456140350877 0.06444252063386767
1 0.02702702702702703 0.0 1.0 0.05405405405405406 0.05895521671685463 0.05290679435554975 0.01697045883092395 0.008903020667726554 0.027027027027027032
0 0.03333333333333333 0.0 1.0 0.0 0.03282946182979776 0.0 0.002325581395348837 0.0 0.01829653133134547
0 0.041666666666666664 0.0 1.0 0.0 0.04616311159908259 0.012260592155378214 0.020348837209302327 0.0029411764705882353 0.1693300904733144
0 0.041666666666666664 0.0 1.0 0.0 0.022873911954373865 0.0 0.0 0.0 0.000653849778116056
1 0.0125 0.0 1.0 0.0 0.04096348038536365 0.0 0.010174418604651164 0.0 0.07905260676126942
0 0.041666666666666664 0.0 1.0 0.5 0.025012399566587882 0.0 0.005813953488372093 0.0 0.03450014977335456
0 0.125 0.0 1.0 0.0 0.0553048428331039 0.0551303494182461 0.01767241379310345 0.009948096885813149 0.12499999999999999
0 0.038461538461538464 0.0 1.0 0.0 0.048887985042141285 0.046123723121557804 0.015384615384615382 0.008517434122970454 0.062262881734170224
0 0.037037037037037035 0.0 1.0 0.0 0.03650716752863774 0.03016223323582076 0.010344827586206896 0.005382545174932718 0.00015238230375851474
0 0.03571428571428571 0.0 1.0 0.0 0.08155457064217761 0.05579640252833385 0.02512315270935961 0.009886307464162135 0.11981019548154144
0 0.04 0.0 1.0 0.0 0.055386249699071154 0.0388403606120335 0.013103448275862068 0.006920415224913495 0.00027735125424096883
0 0.027777777777777776 0.0 1.0 0.0 0.06856193367142745 0.06030454117506861 0.021264367816091954 0.012110726643598614 0.1519564466871215
0 0.017857142857142856 0.0 1.0 0.0 0.030306708270142146 0.02792802272328419 0.008189655172413792 0.005190311418685121 0.0001700712173235583
0 0.008333333333333333 0.0 1.0 0.13333333333333333 0.015283115011195511 0.020178223816174855 0.002988505747126437 0.0034602076124567466 9.678583961283728e-05
0 0.008547008547008546 0.0 1.0 0.0 0.027973478418772603 0.02657988320626761 0.007161803713527851 0.0037263774287995743 9.961998492039983e-05
0 0.0125 0.0 1.0 0.0 0.03480857365508524 0.013512203448331376 0.007758620689655172 0.0021626297577854673 0.00017503503739983616
0 0.006060606060606061 0.0 1.0 0.0 0.05531145731064589 0.028445721573493486 0.01586206896551724 0.005536332179930796 0.05173322898920595
0 0.00641025641025641 0.0 1.0 0.0 0.065386121841518 0.03504109813328492 0.02042440318302387 0.006920415224913494 0.059103158233830236
0 0.00591715976331361 0.0 1.0 0.0 0.042039636477668334 0.01615038648648995 0.014323607427055704 0.003460207612456747 0.02986157727631514
0 0.017857142857142856 0.0 1.0 0.0 0.038757397337450844 0.021619525517330204 0.010344827586206896 0.0034602076124567475 0.0004070805853647623
0 0.016666666666666666 0.0 1.0 0.0 0.045440259640282483 0.0 0.008620689655172414 0.0 0.00038240305220950665
0 0.0125 0.0 1.0 0.0 0.01503911235033199 0.0 0.008275862068965517 0.0 0.0005365515073580167
0 0.006535947712418301 0.0 1.0 0.0 0.016157382629378214 0.0025008155332214062 0.007662835249042145 0.0007689350249903883 0.0002550965306293161
0 0.00326797385620915 0.0 1.0 0.23529411764705882 0.013008997218105238 0.004522609968612647 0.004665314401622718 0.0008141664970486464 0.0001393501116982623
0 0.010526315789473684 0.0 1.0 0.0 0.008381003373459744 0.0 0.002758620689655172 0.0 0.0010816067661991566
0 0.0125 0.0 1.0 0.0 0.0 0.0 0.002586206896551724 0.0 0.003108689764107492
0 0.003401360544217687 0.0 1.0 0.0 0.012858477517930981 0.004632755467999329 0.0024630541871921183 0.0007414730598121601 0.0001499755811000773
0 0.00909090909090909 0.0 1.0 0.0 0.046062527077907166 0.012971715310398122 0.00896551724137931 0.002076124567474048 0.0003932799406149533
0 0.002717391304347826 0.0 1.0 0.0 0.053809800531857035 0.018471582007001733 0.017241379310344827 0.0034602076124567475 0.046914105813281946
0 0.010416666666666666 0.0 1.0 0.0 0.06544339366309802 0.025242395614013972 0.01810344827586207 0.006055363321799308 0.13723387911406873
0 0.004 0.0 1.0 0.0 0.06627531594561131 0.042665219644161013 0.018275862068965514 0.00795847750865052 0.08094629200502015
0 0.004273504273504274 0.0 1.0 0.0 0.014859853653467493 0.0 0.006130268199233717 0.0 0.00025799171977817077
0 0.0028490028490028487 0.0 1.0 0.0 0.06707145181119237 0.04789625265261348 0.01936339522546419 0.009049773755656108 0.05002127380458866
0 0.0016233766233766233 0.0 1.0 0.0 0.027706061227933353 0.016116576967120363 0.011442006269592476 0.002988361119849009 0.041309163055267537
0 0.0034482758620689655 0.0 1.0 0.0 0.0519129990380327 0.036182724705041164 0.01482758620689655 0.00726643598615917 0.08681810213296513
0 0.005555555555555556 0.0 1.0 0.0 0.04638815726766008 0.007206508505776734 0.016091954022988506 0.0011534025374855825 0.11095743730117837