0 0.09090909090909091 0.0 1.0 0.0 0.015401669576783683 0.01734203079592843 0.013196480938416421 0.005405405405405406 0.09090909090909088
0 0.05 0.0 1.0 0.0 0.015357215326606295 0.01907623387552127 0.008602150537634409 0.005405405405405406 0.04495581067677968
0 0.02564102564102564 0.0 1.0 0.0 0.01763952895598931 0.02222860588288402 0.005376344086021506 0.005405405405405406 0.0002628588522788316
0 0.022727272727272728 0.0 1.0 0.0 0.034988409002681915 0.04724507874505981 0.024437927663734114 0.009336609336609337 0.009287794543266463
0 0.025 0.0 1.0 0.0 0.03416397289679613 0.02110825295442037 0.01478494623655914 0.0006756756756756757 0.011372157086704535
0 0.013888888888888888 0.0 1.0 0.0 0.0377113565434316 0.02532990354530444 0.007168458781362008 0.0 0.0001739144124888059
0 0.014285714285714285 0.0 1.0 0.0 0.02013776366497726 0.0 0.00967741935483871 0.0 0.006482586909885925
0 0.007352941176470588 0.0 1.0 0.0 0.014954512094528171 0.0 0.003478810879190386 0.0 0.00020705993276885879
0 0.006944444444444444 0.0 1.0 0.0 0.02502312662728915 0.009466668428268226 0.009744623655913979 0.0016891891891891893 0.0001335792219509168
0 0.0125 0.0 1.0 0.0 0.05065602540484875 0.013775000886517315 0.026881720430107527 0.002702702702702703 0.006652210643290271
0 0.006493506493506494 0.0 1.0 0.0 0.032492010533405453 0.010918114623580846 0.016897081413210446 0.002316602316602317 0.012707727405476984
0 0.005208333333333333 0.0 1.0 0.0625 0.04122868776539424 0.026983681683640518 0.02016129032258064 0.00472972972972973 0.0025503438940065546
0 0.025641025641025644 0.0 1.0 1.0 0.011197209452524066 0.0 0.003584229390681004 0.0 0.0039186641269785836
0 0.007142857142857143 0.0 1.0 0.0 0.038147708802992134 0.011787421864460409 0.01935483870967742 0.002702702702702703 0.015520983618695536
0 0.008333333333333333 0.0 1.0 0.0 0.03303498495774973 0.015972508049324367 0.025537634408602152 0.0033783783783783786 0.0004521456469709571
0 0.015625 0.0 1.0 0.0 0.020595864715286412 0.025073540335536913 0.026881720430107527 0.005405405405405406 0.04020354281218187
0 0.00392156862745098 0.0 1.0 0.13333333333333333 0.013129545771116448 0.011107693054666726 0.011111111111111108 0.002162162162162162 0.011551445639350202
0 0.0625 0.0 1.0 0.125 0.02315895886746253 0.05578609709382526 0.01864035087719298 0.016741071428571425 0.0625
0 0.038461538461538464 0.0 1.0 0.0 0.0514433034693418 0.04291238237986558 0.014844804318488529 0.0 0.0021733159891136286
0 0.023809523809523808 0.0 1.0 0.0 0.03130586467302012 0.007969442441975037 0.011278195488721804 0.0 0.00212760454967198
1 0.017857142857142856 0.0 1.0 0.0 0.022702931592427488 0.0 0.020050125313283207 0.0 0.00691496766345734
0 0.07692307692307693 0.0 1.0 0.0 0.03333950481115224 0.03353153599915078 0.013609467455621303 0.007751937984496124 0.07692307692307693
1 0.03571428571428571 0.0 1.0 0.2857142857142857 0.027100163958304647 0.038055632126020325 0.016483516483516484 0.007751937984496124 0.01961218493172697
0 0.018518518518518517 0.0 1.0 0.3333333333333333 0.017894499477709762 0.03697241601692739 0.01452991452991453 0.004737295434969853 0.00010333075149077883
0 0.016666666666666666 0.0 1.0 0.0 0.008401482294847773 0.01768616760037087 0.018974358974358972 0.004134366925064599 0.011136840790593844
1 0.009090909090909092 0.0 1.0 0.0 0.015316391536310862 0.003628915141536518 0.005244755244755245 0.0007047216349541931 0.0008458498020021712
0 0.010416666666666666 0.0 1.0 0.0 0.04347450674497866 0.011044063430570492 0.010096153846153847 0.001937984496124031 0.01304643439918712
0 0.010989010989010988 0.0 1.0 0.0 0.033171718987025235 0.010503525694577128 0.015384615384615385 0.002385211687537269 0.018945732993116426
0 0.017857142857142856 0.0 1.0 0.0 0.03555955652889693 0.010767992277715478 0.015384615384615385 0.0022148394241417496 0.05487130118254926
0 0.009259259259259259 0.0 1.0 0.16666666666666666 0.01400596408769924 0.0 0.007051282051282051 0.0 0.04904502687311163