0 0.041666666666666664 0.0 1.0 0.08333333333333333 0.060310762164816255 0.07908915031023331 0.021874999999999995 0.013185654008438824 0.041666666666666664
0 0.045454545454545456 0.0 1.0 0.0 0.039467354817999095 0.007189922755475753 0.025 0.0 0.039552727955452484
0 0.037037037037037035 0.0 1.0 0.0 0.03471134930282461 0.0 0.012499999999999999 0.0 0.04206948381483241
0 0.03571428571428571 0.0 1.0 0.0 0.05578609709382526 0.0 0.008928571428571428 0.0 0.05104810612873835
1 0.006896551724137932 0.0 1.0 0.06896551724137931 0.10208898324340218 0.04908981743393789 0.021551724137931036 0.00785683107813182 0.022868555013020535
0 0.043478260869565216 0.0 1.0 0.08695652173913043 0.029106708145773232 0.030514264256172038 0.009767718880285886 0.005852842809364547 0.04347826086956521
0 0.041666666666666664 0.0 1.0 0.0 0.054668678774051606 0.03571441071551378 0.01598173515981735 0.007097069597069597 0.048398920484616005
0 0.08333333333333333 0.0 1.0 0.0 0.04854566360908401 0.012044952986723706 0.010958904109589041 0.0034340659340659344 0.1081619755718026
0 0.017857142857142856 0.0 1.0 0.0 0.036569613318821255 0.020916588159023024 0.011154598825831702 0.003924646781789639 0.0605531269954675
1 0.014285714285714287 0.0 1.0 0.0 0.039053687378935664 0.03587044171492244 0.015264187866927594 0.00608320251177394 0.05413151212293039
0 0.023809523809523808 0.0 1.0 0.0 0.05946408076793942 0.04648230120656489 0.016829745596868884 0.00902668759811617 0.11232774136393421
0 0.011904761904761904 0.0 1.0 0.0 0.034924790919781394 0.010972013905484544 0.010045662100456623 0.0025183150183150185 0.04170836971035616
1 0.006578947368421052 0.0 1.0 0.0 0.03749596993608638 0.0393412199101993 0.015140591204037487 0.007663389242336611 0.04385039942436042
0 0.008547008547008546 0.0 1.0 0.0 0.007810214256835289 0.0 0.004425711275026343 0.0 0.00446318878769865
0 0.009090909090909092 0.0 1.0 0.0 0.019488648532117035 0.008241936345005014 0.011457036114570362 0.001998001998001998 0.003530628146629024
0 0.004784688995215311 0.0 1.0 0.0 0.028632856377071535 0.02429045981919525 0.011824080749819754 0.004916136495083863 0.04546971349883056
0 0.005952380952380952 0.0 1.0 0.0 0.004844582310634247 0.0 0.003718199608610567 0.0 0.000407972818680328
0 0.00591715976331361 0.0 1.0 0.0 0.028035182042793212 0.0017120956454658538 0.008008429926238144 0.000422654268808115 0.05393999619334517
0 0.007142857142857143 0.0 1.0 0.0 0.0066052919293824106 0.0 0.000547945205479452 0.0 0.0006009282970981333
0 0.00392156862745098 0.0 1.0 0.0 0.013576551897671135 0.016329307662233644 0.00950846091861402 0.003232062055591467 0.0023629557627435002
0 0.005681818181818182 0.0 1.0 0.0 0.0870223336079326 0.05969211994973486 0.02914072229140722 0.012237762237762234 0.06269183615543195
0 0.008403361344537815 0.0 1.0 0.2857142857142857 0.05946408076793942 0.04648230120656489 0.016829745596868884 0.00902668759811617 0.11232774136393421
0 0.003472222222222222 0.0 1.0 0.0 0.040950675322437124 0.044779269956177384 0.01678082191780822 0.008585164835164834 0.05267210495747269
0 0.004784688995215311 0.0 1.0 0.0 0.0460315583266816 0.03293977453137454 0.017185554171855542 0.006993006993006992 0.08416324475558395
0 0.0038461538461538464 0.0 1.0 0.0 0.0067091707094591255 0.0018183147613918494 0.001053740779768177 0.000422654268808115 0.0002825720852857738
0 0.0023809523809523807 0.0 1.0 0.0 0.01160617098201955 0.003432990590389247 0.006027397260273972 0.0005494505494505495 0.001819756477476478
0 0.0017482517482517483 0.0 1.0 0.0 0.01755485241778012 0.0035499193733030377 0.00684931506849315 0.0006339814032121725 0.00021618378132461433
0 0.002173913043478261 0.0 1.0 0.0 0.03740840596593931 0.015778620103719866 0.011232876712328768 0.0032967032967032967 0.04700799573127455
0 0.0037878787878787876 0.0 1.0 0.0 0.03468722795057632 0.0020822184479663305 0.011955168119551683 0.0004995004995004995 0.04614445289984486
0 0.002857142857142857 0.0 1.0 0.0 0.013934693852967616 0.0032258318799061234 0.003718199608610567 0.0007849293563579278 0.01994968547298261
0 0.006410256410256411 0.0 1.0 0.0 0.05365746564988766 0.004715595774579047 0.014611872146118721 0.0009157509157509159 0.08955404959257103
0 0.004629629629629629 0.0 1.0 0.0 0.04891870812917954 0.026525226232007138 0.015410958904109588 0.005151098901098901 0.09934092109117425
0 0.25 0.0 1.0 0.0 0.1419765391406418 0.08789888957063194 0.036885245901639344 0.016483516483516484 0.25000000000000006
0 0.08333333333333333 0.0 1.0 0.0 0.10035743678101877 0.08011740289207546 0.031876138433515486 0.0173992673992674 0.15273487370444644
0 0.02222222222222222 0.0 1.0 0.0 0.052665698413908064 0.02797744050192287 0.018214936247723135 0.009890109890109891 0.055849640701831356
0 0.016666666666666666 0.0 1.0 0.13333333333333333 0.07019963902229098 0.05832626953730814 0.022222222222222223 0.01098901098901099 0.048106480875095683
0 0.028571428571428574 0.0 1.0 0.0 0.030609388754329954 0.02452136135992319 0.0078064012490242 0.004709576138147567 0.00017588842812412924
0 0.05555555555555555 0.0 1.0 0.0 0.018645999419996305 0.0 0.007285974499089253 0.0036630036630036634 0.0010755370399021453
0 0.023809523809523808 0.0 1.0 0.0 0.03019839049080851 0.032745725300760496 0.010018214936247723 0.005494505494505495 0.00035221216218809696
0 0.011363636363636364 0.0 1.0 0.0 0.06034486575572798 0.04508531102916393 0.017883755588673618 0.005994005994005994 0.08151150577737319
0 0.02222222222222222 0.0 1.0 0.0 0.0 0.0 0.004371584699453552 0.0 0.0013799314732283016
0 0.008333333333333333 0.0 1.0 0.0 0.050584195291666995 0.04434906221518056 0.01912568306010929 0.008241758241758242 0.07575223263210805
0 0.005347593582887701 0.0 1.0 0.0 0.025587005566286302 0.010097031148203666 0.008036001285760206 0.0 6.356301425936326e-05
0 0.011904761904761904 0.0 1.0 0.2857142857142857 0.09476512404259282 0.0773924610251518 0.027322404371584702 0.014913657770800628 0.1365000845353876
0 0.01098901098901099 0.0 1.0 0.0 0.02697033465722391 0.0 0.010148321623731459 0.0 0.0002859718463258008
0 0.008928571428571428 0.0 1.0 0.0 0.032741959100609605 0.0 0.008879781420765027 0.0 0.00020986254678052098
0 0.011111111111111112 0.0 1.0 0.0 0.03111085361370201 0.0 0.00546448087431694 0.0 0.0003389039907019948
0 0.020833333333333332 0.0 1.0 0.0 0.03186677252392709 0.0 0.012750455373406194 0.0 0.021135106671165322
0 0.004201680672268907 0.0 1.0 0.0 0.02017516641996358 0.0 0.00585480093676815 0.0 0.0026606202039158905
0 0.009259259259259259 0.0 1.0 0.0 0.028067193460209344 0.009431191549158094 0.007285974499089253 0.0018315018315018317 0.00032523246591536576
0 0.003289473684210526 0.0 1.0 0.25 0.07056275550304172 0.03536696830934285 0.019125683060109287 0.006868131868131868 0.03983134341346626
0 0.0033333333333333335 0.0 1.0 0.0 0.05259451715555496 0.040227742485599745 0.016757741347905284 0.00805860805860806 0.05630969645862959
0 0.06666666666666667 0.0 1.0 0.0 0.03152788424988375 0.012595903948917658 0.01283950617283951 0.005442176870748298 0.06666666666666667
0 0.03333333333333333 0.0 1.0 0.0 0.02197586904983493 0.021009708053996674 0.00691358024691358 0.005194805194805196 0.059791734357562736
0 0.041666666666666664 0.0 1.0 0.0 0.042724196551473616 0.024903307252198244 0.008333333333333333 0.006493506493506494 0.11007875864752299
0 0.022727272727272728 0.0 1.0 0.0 0.03650310228999377 0.02908078069934694 0.009427609427609427 0.006409175240344071 0.07616456570809875
0 0.1 0.0 1.0 0.0 0.0 0.0 0.0 0.0018552875695732839 0.004598010921159897
0 0.027777777777777776 0.0 1.0 0.0 0.0050583599711506175 0.0077279441861576115 0.008024691358024692 0.0030921459492888066 0.015975075131685074
0 0.02040816326530612 0.0 1.0 0.0 0.020488067038267273 0.018954853977434648 0.0074074074074074086 0.004770739464617015 0.0004081554819682612
0 0.041666666666666664 0.0 1.0 0.0 0.09638688935070892 0.05095293096688009 0.024691358024691357 0.011131725417439703 0.2967479677681564
0 0.015873015873015872 0.0 1.0 0.0 0.0 0.003311976079781834 0.005291005291005291 0.0031804929764113437 0.0008848025842901815
0 0.05 0.0 1.0 0.0 0.04361097842938033 0.011591916279236418 0.009259259259259259 0.0018552875695732839 0.0015612411506708437
0 0.022727272727272728 0.0 1.0 0.0 0.049467463536458624 0.021145590835526435 0.010185185185185186 0.0018552875695732839 0.061423738439386075
0 0.004901960784313725 0.0 1.0 0.0 0.02595708215695028 0.02791396818054804 0.01503267973856209 0.003928844264978719 0.04897824499667317
0 0.012820512820512822 0.0 1.0 0.0 0.007501515365133722 0.0038639720930788058 0.001851851851851852 0.0 0.0006175528111580384
0 0.011904761904761904 0.0 1.0 0.0 0.008470735982527912 0.014598563473663466 0.0049382716049382715 0.0012368583797155227 0.0007529790765056872
0 0.009523809523809523 0.0 1.0 0.0 0.00706030356566366 0.0 0.005820105820105821 0.0 0.013586532645594108
0 0.020833333333333332 0.0 1.0 0.0 0.03663681521705262 0.0077279441861576115 0.014814814814814814 0.0 0.0008130181348977684
0 0.014705882352941176 0.0 1.0 0.0 0.025455225663449037 0.017387874418854626 0.004629629629629629 0.0 0.0008056565788977063
0 0.006944444444444444 0.0 1.0 0.0 0.012033670455211904 0.011591916279236418 0.006481481481481482 0.0 0.002028571137055501
0 0.017543859649122806 0.0 1.0 0.0 0.030520511100263242 0.018370202010407743 0.02098765432098765 0.0024737167594310453 0.00457769614735478
0 0.008333333333333333 0.0 1.0 0.0 0.011807371109536243 0.005321128912125065 0.007407407407407407 0.0012368583797155227 0.003753825215472097
0 0.007936507936507936 0.0 1.0 0.0 0.02687142011267303 0.0077279441861576115 0.008641975308641974 0.0 0.0003769341959312848
0 0.015151515151515152 0.0 1.0 0.0 0.0 0.015455888372315223 0.0 0.0 0.0034115909213481726
0 0.007246376811594203 0.0 1.0 0.0 0.021086245227064693 0.0 0.0049382716049382715 0.0 0.0004937669048218438
0 0.006944444444444444 0.0 1.0 0.3333333333333333 0.061095512535599215 0.04716179934112125 0.020987654320987658 0.008658008658008658 0.16150147784952826
0 0.008 0.0 1.0 0.0 0.013962121252691192 0.006884756901037965 0.013333333333333332 0.001484230055658627 0.0027508750218951466
0 0.007692307692307693 0.0 1.0 0.0 0.009389409655763835 0.0 0.0014814814814814816 0.0 0.0010038753344041704
0 0.018518518518518517 0.0 1.0 0.0 0.011570449767608203 0.0 0.0 0.0 0.0042539134930456
0 0.007142857142857143 0.0 1.0 0.0 0.014555798419582067 0.0 0.00814814814814815 0.0 0.0007272598253102179
0 0.034482758620689655 0.0 1.0 0.0 0.0 0.0 0.0 0.0 0.5446796350689638
0 0.004166666666666667 0.0 1.0 0.0 0.012221779600569607 0.0 0.005092592592592593 0.0 0.0004535670058940996
0 0.016129032258064516 0.0 1.0 0.0 0.0 0.0 0.0 0.0 0.0039609891633724074
0 0.003472222222222222 0.0 1.0 0.0 0.011773575257658566 0.0 0.0028806584362139915 0.0 0.0003538295748962693
0 0.010101010101010102 0.0 1.0 0.0 0.023270202087818655 0.0 0.013580246913580249 0.0 0.0009226331421475262
0 0.00980392156862745 0.0 1.0 0.0 0.01054387219572694 0.0 0.003703703703703704 0.0 0.0016507213353325542
0 0.014285714285714285 0.0 1.0 0.0 0.011570449767608203 0.0 0.003703703703703704 0.0 0.003721874585988202
0 0.009259259259259259 0.0 1.0 0.0 0.0 0.0 0.0024691358024691358 0.0 0.0038388928000460585
0 0.006756756756756757 0.0 1.0 0.0 0.017037497931504685 0.0 0.009259259259259259 0.0 0.004861223143174257
0 0.0029239766081871343 0.0 1.0 0.0 0.011158646467059524 0.0 0.004115226337448559 0.0 0.0021628798900517917
0 0.02564102564102564 0.0 1.0 0.0 0.020573687755364754 0.0 0.0 0.0 0.009805398068272263
0 0.008333333333333333 0.0 1.0 0.0 0.0 0.0 0.0 0.0 0.0027592341289825618
0 0.0022172949002217295 0.0 1.0 0.18181818181818182 0.01999502404762019 0.0 0.007070707070707071 0.0 0.07456426811327989
0 0.003968253968253968 0.0 1.0 0.0 0.052960442677073026 0.0 0.019135802469135803 0.0 0.1325565412564594
0 0.0021141649048625794 0.0 1.0 0.0 0.008721176343006435 0.0 0.00404040404040404 0.0 0.005476896543854641
0 0.0015151515151515152 0.0 1.0 0.0 0.03262532421397 0.024619140584788292 0.011358024691358024 0.004947433518862091 0.061245764064571204
0 0.0013071895424836603 0.0 1.0 0.0 0.027818721396956254 0.011114032896103816 0.011328976034858391 0.004801920768307322 0.05871960545461821
0 0.03333333333333333 0.0 1.0 0.0 0.02197586904983493 0.021009708053996674 0.00691358024691358 0.005194805194805196 0.059791734357562736
0 0.041666666666666664 0.0 1.0 0.0 0.042724196551473616 0.024903307252198244 0.008333333333333333 0.006493506493506494 0.11007875864752299
0 0.022727272727272728 0.0 1.0 0.0 0.03650310228999377 0.02908078069934694 0.009427609427609427 0.006409175240344071 0.07616456570809875
0 0.1 0.0 1.0 0.0 0.0 0.0 0.0 0.0018552875695732839 0.004598010921159897
0 0.027777777777777776 0.0 1.0 0.0 0.0050583599711506175 0.0077279441861576115 0.008024691358024692 0.0030921459492888066 0.015975075131685074
0 0.02040816326530612 0.0 1.0 0.0 0.020488067038267273 0.018954853977434648 0.0074074074074074086 0.004770739464617015 0.0004081554819682612
0 0.041666666666666664 0.0 1.0 0.0 0.09638688935070892 0.05095293096688009 0.024691358024691357 0.011131725417439703 0.2967479677681564
0 0.015873015873015872 0.0 1.0 0.0 0.0 0.003311976079781834 0.005291005291005291 0.0031804929764113437 0.0008848025842901815
0 0.05 0.0 1.0 0.0 0.04361097842938033 0.011591916279236418 0.009259259259259259 0.0018552875695732839 0.0015612411506708437
0 0.022727272727272728 0.0 1.0 0.0 0.049467463536458624 0.021145590835526435 0.010185185185185186 0.0018552875695732839 0.061423738439386075
0 0.004901960784313725 0.0 1.0 0.0 0.02595708215695028 0.02791396818054804 0.01503267973856209 0.003928844264978719 0.04897824499667317
0 0.012820512820512822 0.0 1.0 0.0 0.007501515365133722 0.0038639720930788058 0.001851851851851852 0.0 0.0006175528111580384
0 0.011904761904761904 0.0 1.0 0.0 0.008470735982527912 0.014598563473663466 0.0049382716049382715 0.0012368583797155227 0.0007529790765056872
0 0.009523809523809523 0.0 1.0 0.0 0.00706030356566366 0.0 0.005820105820105821 0.0 0.013586532645594108
0 0.020833333333333332 0.0 1.0 0.0 0.03663681521705262 0.0077279441861576115 0.014814814814814814 0.0 0.0008130181348977684
0 0.014705882352941176 0.0 1.0 0.0 0.025455225663449037 0.017387874418854626 0.004629629629629629 0.0 0.0008056565788977063
0 0.006944444444444444 0.0 1.0 0.0 0.012033670455211904 0.011591916279236418 0.006481481481481482 0.0 0.002028571137055501
0 0.017543859649122806 0.0 1.0 0.0 0.030520511100263242 0.018370202010407743 0.02098765432098765 0.0024737167594310453 0.00457769614735478
0 0.008333333333333333 0.0 1.0 0.0 0.011807371109536243 0.005321128912125065 0.007407407407407407 0.0012368583797155227 0.003753825215472097
0 0.007936507936507936 0.0 1.0 0.0 0.02687142011267303 0.0077279441861576115 0.008641975308641974 0.0 0.0003769341959312848
0 0.015151515151515152 0.0 1.0 0.0 0.0 0.015455888372315223 0.0 0.0 0.0034115909213481726
0 0.007246376811594203 0.0 1.0 0.0 0.021086245227064693 0.0 0.0049382716049382715 0.0 0.0004937669048218438
0 0.006944444444444444 0.0 1.0 0.3333333333333333 0.061095512535599215 0.04716179934112125 0.020987654320987658 0.008658008658008658 0.16150147784952826
0 0.008 0.0 1.0 0.0 0.013962121252691192 0.006884756901037965 0.013333333333333332 0.001484230055658627 0.0027508750218951466
0 0.007692307692307693 0.0 1.0 0.0 0.009389409655763835 0.0 0.0014814814814814816 0.0 0.0010038753344041704
0 0.018518518518518517 0.0 1.0 0.0 0.011570449767608203 0.0 0.0 0.0 0.0042539134930456
0 0.007142857142857143 0.0 1.0 0.0 0.014555798419582067 0.0 0.00814814814814815 0.0 0.0007272598253102179
0 0.034482758620689655 0.0 1.0 0.0 0.0 0.0 0.0 0.0 0.5446796350689638
0 0.004166666666666667 0.0 1.0 0.0 0.012221779600569607 0.0 0.005092592592592593 0.0 0.0004535670058940996
0 0.016129032258064516 0.0 1.0 0.0 0.0 0.0 0.0 0.0 0.0039609891633724074
0 0.003472222222222222 0.0 1.0 0.0 0.011773575257658566 0.0 0.0028806584362139915 0.0 0.0003538295748962693
0 0.010101010101010102 0.0 1.0 0.0 0.023270202087818655 0.0 0.013580246913580249 0.0 0.0009226331421475262
0 0.00980392156862745 0.0 1.0 0.0 0.01054387219572694 0.0 0.003703703703703704 0.0 0.0016507213353325542
0 0.014285714285714285 0.0 1.0 0.0 0.011570449767608203 0.0 0.003703703703703704 0.0 0.003721874585988202
0 0.009259259259259259 0.0 1.0 0.0 0.0 0.0 0.0024691358024691358 0.0 0.0038388928000460585
0 0.006756756756756757 0.0 1.0 0.0 0.017037497931504685 0.0 0.009259259259259259 0.0 0.004861223143174257
0 0.0029239766081871343 0.0 1.0 0.0 0.011158646467059524 0.0 0.004115226337448559 0.0 0.0021628798900517917
0 0.02564102564102564 0.0 1.0 0.0 0.020573687755364754 0.0 0.0 0.0 0.009805398068272263
0 0.008333333333333333 0.0 1.0 0.0 0.0 0.0 0.0 0.0 0.0027592341289825618
0 0.0022172949002217295 0.0 1.0 0.18181818181818182 0.01999502404762019 0.0 0.007070707070707071 0.0 0.07456426811327989
0 0.003968253968253968 0.0 1.0 0.0 0.052960442677073026 0.0 0.019135802469135803 0.0 0.1325565412564594
0 0.0021141649048625794 0.0 1.0 0.0 0.008721176343006435 0.0 0.00404040404040404 0.0 0.005476896543854641
0 0.0015151515151515152 0.0 1.0 0.0 0.03262532421397 0.024619140584788292 0.011358024691358024 0.004947433518862091 0.061245764064571204