0 0.08333333333333333 0.0 1.0 0.0 0.02695404242697187 0.005198231596198134 0.007874015748031496 0.001976284584980237 0.08333333333333333
0 0.041666666666666664 0.0 1.0 0.0 0.12281619752382926 0.08250584417330768 0.03576115485564304 0.015480895915678526 0.013606074571754815
0 0.03333333333333333 0.0 1.0 0.0 0.11239071056790376 0.04904652955883382 0.03267716535433071 0.008695652173913044 0.043253337551706406
0 0.014705882352941176 0.0 1.0 0.0 0.07540017945308045 0.043494276369155135 0.025011579434923575 0.007905138339920948 0.00040463606899954625
0 0.03333333333333333 0.0 1.0 0.0 0.1552231177261778 0.10062256535532273 0.04396325459317585 0.017127799736495388 0.0339305501141403
0 0.01515151515151515 0.0 1.0 0.0 0.1369215241482252 0.06431080284544044 0.04259126700071582 0.013295005389867049 4.180621529903223e-05
0 0.02857142857142857 0.0 1.0 0.0 0.175005180810136 0.10757341274903909 0.047244094488188976 0.01818181818181818 0.041081174967569065
0 0.025 0.0 1.0 0.0 0.12456203510149308 0.06421681867041779 0.03464566929133859 0.012648221343873518 0.00013471744819625113
0 0.01111111111111111 0.0 1.0 0.0 0.1227853900964099 0.093700768343586 0.03976377952755906 0.016996047430830042 5.255855898026173e-05
0 0.02 0.0 1.0 0.0 0.05893913303119287 0.09867606522341485 0.03464566929133858 0.020553359683794466 0.09134056923042863
0 0.03333333333333333 0.0 1.0 0.0 0.1552231177261778 0.10062256535532273 0.04396325459317585 0.017127799736495388 0.0339305501141403
0 0.007575757575757575 0.0 1.0 0.0 0.13645976853592423 0.059820653456645306 0.04259126700071582 0.012576356449874234 4.184375642676519e-05
1 0.02857142857142857 0.0 1.0 0.0 0.175005180810136 0.10757341274903909 0.047244094488188976 0.01818181818181818 0.041081174967569065
0 0.025 0.0 1.0 0.0 0.12456203510149308 0.06421681867041779 0.03464566929133859 0.012648221343873518 0.00013471744819625113
0 0.02 0.0 1.0 0.0 0.05893913303119287 0.09867606522341485 0.03464566929133858 0.020553359683794466 0.09134056923042863
0 0.005208333333333333 0.0 1.0 0.0 0.11503452248965117 0.05158832038400767 0.03772965879265092 0.00922266139657444 3.760047273610667e-05
0 0.014705882352941176 0.0 1.0 0.0 0.03540199713777122 0.012347910819186618 0.023622047244094488 0.0 0.16217277885542852
0 0.005555555555555555 0.0 1.0 0.0 0.08886532242108815 0.023873907985535354 0.026377952755905515 0.0031620553359683794 6.315854385668416e-05
0 0.014705882352941176 0.0 1.0 0.0 0.03540199713777122 0.012347910819186618 0.023622047244094488 0.0 0.16217277885542852
0 0.0033333333333333335 0.0 1.0 0.0 0.1174625803006048 0.03138976684830772 0.03648293963254594 0.005006587615283267 0.010483799181364838
0 0.02 0.0 1.0 0.0 0.05893913303119287 0.09867606522341485 0.03464566929133858 0.020553359683794466 0.09134056923042863
0 0.00909090909090909 0.0 1.0 0.0 0.14653067409247958 0.049399325687393844 0.04251968503937008 0.007114624505928854 0.00012859901490660882
0 0.010869565217391304 0.0 1.0 0.0 0.07367391628899109 0.06290930688881712 0.0374015748031496 0.01383399209486166 0.11633220415275627
0 0.004629629629629629 0.0 1.0 0.0 0.10141298696596095 0.02507911740772952 0.025809273840769906 0.0026350461133069825 0.025474301603820165
0 0.02 0.0 1.0 0.0 0.05893913303119287 0.09867606522341485 0.03464566929133858 0.020553359683794466 0.09134056923042863
0 0.0038461538461538464 0.0 1.0 0.0 0.11741610476652509 0.07641369319672474 0.03937007874015748 0.014229249011857709 5.271586791103758e-05
0 0.02 0.0 1.0 0.0 0.05893913303119287 0.09867606522341485 0.03464566929133858 0.020553359683794466 0.09134056923042863
0 0.00510204081632653 0.0 1.0 0.0 0.08975827887581214 0.051745455435317105 0.017435320584926885 0.006211180124223602 0.00011660285727643575
0 0.0038314176245210726 0.0 1.0 0.0 0.13099822921790458 0.0903920639159993 0.044181977252843396 0.0158102766798419 5.854006999109654e-05
0 0.02 0.0 1.0 0.0 0.05893913303119287 0.09867606522341485 0.03464566929133858 0.020553359683794466 0.09134056923042863
0 0.0016129032258064516 0.0 1.0 0.0 0.06690986988652425 0.0062378779154377605 0.019094488188976376 0.001976284584980237 0.020519601922437843
0 0.0625 0.0 1.0 0.125 0.02192672574403686 0.024172144607641693 0.007415254237288136 0.004261363636363636 0.06250000000000001
0 0.1 0.0 1.0 0.0 0.04412815844990394 0.02765052169722728 0.014689265536723164 0.005681818181818182 0.06972680302227664
0 0.027777777777777776 0.0 1.0 0.0 0.07065725088545097 0.025533663118869402 0.022598870056497175 0.004734848484848485 0.008170200963652676
1 0.019230769230769232 0.0 1.0 0.0 0.019808097117749328 0.0067518757681472715 0.022598870056497175 0.001311188811188811 0.03192674920444243
0 0.025 0.0 1.0 0.0 0.02002084076854619 0.00840651515947667 0.0077683615819209035 0.002130681818181818 0.06684155361235189
0 0.016666666666666666 0.0 1.0 0.0 0.049132133791932917 0.01341243019142831 0.014124293785310734 0.0022727272727272726 0.012289145171474234
0 0.006493506493506493 0.0 1.0 0.0 0.05667654919009497 0.059617922582323395 0.028248587570621476 0.011105371900826442 0.00954362376854117
0 0.005681818181818182 0.0 1.0 0.0 0.05653208111264338 0.048559734276756444 0.02953261427837699 0.009039256198347105 0.007813306389848361
0 0.006172839506172839 0.0 1.0 0.0 0.058714349603177264 0.06422714105969758 0.031701192718141875 0.01199494949494949 0.009930246844823827
0 0.0058823529411764705 0.0 1.0 0.0 0.07197499523058068 0.03778600922496112 0.03456297773346627 0.007018716577540108 0.0034445243692589516
0 0.006993006993006993 0.0 1.0 0.0 0.06172149427408795 0.041118827661781064 0.0343328987396784 0.007430069930069931 3.817386236202828e-05
0 0.008333333333333333 0.0 1.0 0.0 0.03507941658305341 0.04546470471236023 0.02937853107344633 0.007954545454545454 7.995136165799814e-05
0 0.006993006993006993 0.0 1.0 0.0 0.045031711525804825 0.023670175574745746 0.028248587570621472 0.004132231404958678 6.672257800842465e-05
0 0.25 0.0 1.0 0.5 0.01972728890757192 0.04193317365441899 0.01 0.006711409395973154 0.25
1 0.020833333333333332 0.0 1.0 0.0 0.031753504420288854 0.0017472155689341245 0.008333333333333333 0.0 0.009457693252686033
0 0.041666666666666664 0.0 1.0 0.0 0.12654335399879887 0.07638677992579676 0.035833333333333335 0.015100671140939596 2.5576509945185336e-05
0 0.015625 0.0 1.0 0.0 0.08195233801325008 0.0676339597954443 0.03791666666666667 0.013003355704697985 1.1544894634631123e-05
0 0.01 0.0 1.0 0.0 0.0664773115804154 0.041466941482894065 0.033666666666666664 0.008053691275167784 9.20483595461042e-06
0 0.008771929824561403 0.0 1.0 0.0 0.08610913086899043 0.054754503180107224 0.039649122807017545 0.010243730130695865 0.0010149438397321496
0 0.03571428571428571 0.0 1.0 0.0 0.0 0.0 0.0 0.003355704697986577 0.0004693379132438321
0 0.00625 0.0 1.0 0.0 0.10039533604081081 0.0479595227724748 0.03766666666666667 0.009060402684563758 7.396406143066447e-06
0 0.0101010101010101 0.0 1.0 0.0 0.0629044173401364 0.030502782944195454 0.03333333333333333 0.005491153142159853 2.8188651978557634e-05
0 0.007692307692307693 0.0 1.0 0.0 0.06629459213502581 0.052423498135770775 0.034358974358974365 0.009292720702116673 0.014491080663956164
0 0.022727272727272728 0.0 1.0 0.0 0.010413404790847382 0.0 0.0 0.003355704697986577 0.0005679231952014415
0 0.011904761904761904 0.0 1.0 0.0 0.04469515789303119 0.031955296417728575 0.0419047619047619 0.005752636625119846 6.141603919411885e-05