1 0.038461538461538464 0.0 1.0 0.07692307692307693 0.05246359589968004 0.05020606770512072 0.018500486854917234 0.009279609279609278 0.038461538461538464
0 0.029411764705882353 0.0 1.0 0.0 0.04230798585223467 0.04084952760484826 0.014892032762472078 0.007282913165266107 0.0711073942725933
1 0.00980392156862745 0.0 1.0 0.0 0.030504843270920283 0.02620684380767795 0.010889798957557706 0.005228758169934641 0.03230832908679837
0 0.017857142857142856 0.0 1.0 0.0 0.02720314401345985 0.028335795349244575 0.006781193490054249 0.004308390022675738 0.0002504342553213702
0 0.0125 0.0 1.0 0.0 0.02371959571670694 0.00867783732570615 0.008109177215189873 0.0 0.056809697296004796
0 0.009259259259259259 0.0 1.0 0.0 0.016091141127826225 0.003429804947716782 0.004571026722925458 0.0007054673721340388 0.0015146583982132205
0 0.017857142857142856 0.0 1.0 0.0 0.020492171781372137 0.014876292558353403 0.005933544303797468 0.002380952380952381 0.0006303921028562331
0 0.008333333333333333 0.0 1.0 0.13333333333333333 0.042345555930397086 0.007003980548651457 0.012447257383966246 0.00126984126984127 0.056889668925064904
0 0.013888888888888888 0.0 1.0 0.0 0.00494307189438958 0.0 0.001977848101265823 0.0 0.0013211880258934114
0 0.006666666666666667 0.0 1.0 0.0 0.026880413215618296 0.0 0.0063291139240506345 0.0 0.0001664754055329386
0 0.010101010101010102 0.0 1.0 0.0 0.05124163865793848 0.02361290921196619 0.017229254571026725 0.004585537918871252 0.16930357017778486
0 0.027777777777777776 0.0 1.0 0.0 0.022280900739427716 0.0 0.00949367088607595 0.0 0.003392877028988464
0 0.00591715976331361 0.0 1.0 0.0 0.018550763110048517 0.01571038399631753 0.005598831548198637 0.002686202686202686 0.0002580355896958711
0 0.0037593984962406013 0.0 1.0 0.0 0.03886994713171038 0.01250351097392697 0.011658894070619586 0.002506265664160401 0.061471404831902
0 0.002898550724637681 0.0 1.0 0.0 0.02686353707845137 0.01710558521982994 0.00798018712162906 0.003174603174603174 0.06867690952511349
0 0.008928571428571428 0.0 1.0 0.0 0.03318110975809465 0.008500738604773374 0.007685352622061483 0.001360544217687075 0.000636116955421029
0 0.007352941176470588 0.0 1.0 0.0 0.05100669163800123 0.007438146279176702 0.012262658227848102 0.0011904761904761906 0.0003087607037127294
0 0.004629629629629629 0.0 1.0 0.0 0.07464964694910918 0.045536622727530875 0.02294303797468354 0.008730158730158729 0.09410802227280611
0 0.005263157894736842 0.0 1.0 0.0 0.04453996839271935 0.021251618290769568 0.014873417721518989 0.0041269841269841265 0.16565571514736893
0 0.0071428571428571435 0.0 1.0 0.0 0.02605528207356427 0.0 0.0054249547920434 0.0 0.0033801167726829613
0 0.003401360544217687 0.0 1.0 0.0 0.03490563800742618 0.029204470165772434 0.012432188065099459 0.0054421768707483 0.12395282156446472
0 0.015151515151515152 0.0 1.0 0.0 0.0 0.0 0.004219409282700422 0.0 0.0060476309365961834
0 0.004830917874396135 0.0 1.0 0.0 0.06097304932355869 0.04785575634409765 0.018987341772151903 0.008465608465608466 0.15693587464336642
0 0.005208333333333333 0.0 1.0 0.0 0.002536197401505282 0.0 0.0023734177215189874 0.0 0.0023209334259317546
1 0.125 0.0 1.0 0.0 0.0 0.03944471511684615 0.01125 0.00883838383838384 0.12500000000000003
0 0.08333333333333333 0.0 1.0 0.0 0.02128811130622471 0.05941251291197704 0.013333333333333334 0.010101010101010102 0.00022027584447403004
0 0.0196078431372549 0.0 1.0 0.0 0.022060484009266954 0.03712443775703168 0.004705882352941177 0.0071301247771836 4.6776365453530374e-05
0 0.016666666666666666 0.0 1.0 0.0 0.01203398762864356 0.016829745116521022 0.0 0.0 7.366158384073926e-05
0 0.06666666666666667 0.0 1.0 0.0 0.029158383643332255 0.0 0.01 0.0 0.0004544105637704521
0 0.008333333333333333 0.0 1.0 0.0 0.024745403470462272 0.005201445036202343 0.010499999999999999 0.00101010101010101 3.3674322870558336e-05
0 0.01020408163265306 0.0 1.0 0.0 0.025672909308484742 0.007430635766003347 0.005714285714285714 0.0014430014430014432 5.85122470741548e-05
0 0.007352941176470588 0.0 1.0 0.0 0.028085300941373854 0.013544234652820855 0.007058823529411765 0.0023767082590612004 0.0003825836649420209
0 0.06666666666666667 0.0 1.0 0.13333333333333333 0.01674226815496325 0.0173556746514123 0.004835924006908463 0.005555555555555554 0.06666666666666667
0 0.014285714285714285 0.0 1.0 0.05714285714285714 0.021512156351764188 0.0234901283929613 0.008290155440414509 0.0031249999999999997 1.3724212806209477e-05
0 0.015873015873015872 0.0 1.0 0.0 0.037115538898520935 0.015496138081618125 0.009375771033802122 0.002232142857142857 2.3479833005279596e-05
0 0.009615384615384616 0.0 1.0 0.0 0.021048136540249465 0.0 0.007174172977281785 0.0 0.012959661452970414
0 0.018181818181818184 0.0 1.0 0.0 0.028362505870743456 0.005260317891996671 0.010362694300518135 0.0009469696969696969 0.044918185065618
1 0.003623188405797101 0.0 1.0 0.0 0.04065749433808524 0.03391573532814055 0.01779680108132462 0.007133152173913046 0.005282068558792347
0 0.003663003663003663 0.0 1.0 0.0 0.028696549822793533 0.052683037423610836 0.022053939152384745 0.01135149572649573 9.024388061971614e-06