1 0.16666666666666666 0.0 1.0 0.0 0.025474753168631164 0.014625568526471044 0.007002801120448179 0.0023408239700374533 0.1666666666666667
0 0.03333333333333333 0.0 1.0 0.0 0.008296509190826244 0.016380636749647574 0.005415499533146592 0.0026217228464419473 6.710540699296178e-05
0 0.08333333333333333 0.0 1.0 0.0 0.019067548891599742 0.013163011673823938 0.004201680672268907 0.002106741573033708 0.0004482550593219683
0 0.019230769230769232 0.0 1.0 0.0 0.009617367067798924 0.016200629752398697 0.0019392372333548805 0.0025929127052722557 9.457485573208292e-05
0 0.03333333333333333 0.0 1.0 0.0 0.021915781546355328 0.011700454821176834 0.0056022408963585435 0.0023408239700374533 0.00011681073508506786
0 0.027777777777777776 0.0 1.0 0.0 0.02662138796632582 0.012380348233588674 0.012138188608776844 0.0028089887640449437 0.09351787150590744
0 0.009523809523809523 0.0 1.0 0.0 0.012372639942113598 0.01872072771388294 0.00392156862745098 0.00299625468164794 6.813451697818126e-05
0 0.020833333333333332 0.0 1.0 0.0 0.01193920993670855 0.014625568526471044 0.0009337068160597573 0.0023408239700374533 0.0002965907090031877
0 0.0101010101010101 0.0 1.0 0.0 0.007150948459196111 0.01595516566524114 0.004329004329004329 0.002553626149131767 0.02311681320117878
0 0.014285714285714287 0.0 1.0 0.0 0.015334213573171104 0.015043441912941645 0.003201280512204882 0.002407704654895666 0.00016127095768192888
0 0.022727272727272728 0.0 1.0 0.0 0.023845711549480123 0.013163011673823938 0.0056022408963585435 0.002106741573033708 0.0002961229881646906
0 0.010416666666666666 0.0 1.0 0.0 0.0 0.01316301167382394 0.0017507002801120447 0.0014044943820224719 0.00027992622530547204
0 0.012820512820512822 0.0 1.0 0.0 0.019120817408986274 0.005850227410588417 0.004668534080298786 0.0009363295880149813 0.00018367483938587246
0 0.005952380952380952 0.0 1.0 0.0 0.009811172495708965 0.0 0.004435107376283847 0.0 9.219787640207283e-05
0 0.013333333333333332 0.0 1.0 0.0 0.0117545108996566 0.0 0.003361344537815126 0.0 0.0002906845407028189
0 0.006944444444444444 0.0 1.0 0.0 0.019231272737230826 0.0039001516070589445 0.004668534080298786 0.0006242197253433209 9.953964870971145e-05
0 0.00980392156862745 0.0 1.0 0.0 0.0062222353974420485 0.0 0.0018674136321195146 0.0 0.0003511277042148313
0 0.006172839506172839 0.0 1.0 0.0 0.016321330449028757 0.002299059623624777 0.010582010582010581 0.0006242197253433209 9.782266206242978e-05
0 0.004048582995951417 0.0 1.0 0.0 0.009765056537685134 0.0 0.001077354018530489 0.0 8.832057527272707e-05
0 0.016666666666666666 0.0 1.0 0.6666666666666666 0.01923223374730278 0.0 0.013071895424836602 0.0 0.0005170723427156883
0 0.002976190476190476 0.0 1.0 0.0 0.017905314458262756 0.001293221038288937 0.006127450980392157 0.00035112359550561797 3.237790356554384e-05
0 0.045454545454545456 0.0 1.0 0.0 0.09335959149493249 0.0 0.01680672268907563 0.0 0.0007348707231530222
0 0.014492753623188406 0.0 1.0 0.0 0.031119863831644164 0.0 0.0056022408963585435 0.0 0.00024259803499547498
0 0.013888888888888888 0.0 1.0 0.6666666666666666 0.0691175867053927 0.011700454821176834 0.013071895424836602 0.0018726591760299626 0.00017113348995850773
0 0.0033333333333333335 0.0 1.0 0.0 0.019536364402407618 0.0039009098974357326 0.009103641456582632 0.0007022471910112359 5.083503646307871e-05
0 0.038461538461538464 0.0 1.0 0.0 0.0 0.0 0.0 0.0 0.2449278129390918
0 0.009259259259259259 0.0 1.0 0.0 0.026646090541103 0.011702729692307198 0.009103641456582634 0.002106741573033708 0.00021959728728622896
0 0.017857142857142856 0.0 1.0 0.0 0.053292181082206 0.023405459384614396 0.015406162464985995 0.004213483146067416 0.00044505990068841527
0 0.0038314176245210726 0.0 1.0 0.0 0.012535465198978763 0.0 0.00778089013383131 0.0 0.00011636238148600208
0 0.004166666666666667 0.0 1.0 0.0 0.0021876900821107947 0.0 0.004901960784313725 0.0 0.00023645137528829037
0 0.008064516129032258 0.0 1.0 0.0 0.01005755150688916 0.0 0.0028011204481792717 0.0 0.000542018705022578
0 0.00625 0.0 1.0 0.0 0.015847414635598495 0.01755068223176525 0.006162464985994398 0.0028089887640449437 0.00022197623365793792
0 0.006060606060606061 0.0 1.0 0.0 0.015847414635598495 0.01755068223176525 0.006162464985994398 0.0028089887640449437 0.00022197623365793792
0 0.004901960784313725 0.0 1.0 0.0 0.023490900618631783 0.008775341115882625 0.005135387488328665 0.0014044943820224719 0.0001481602048621751
0 0.0023809523809523807 0.0 1.0 0.0 0.006326042901055162 0.0 0.0035014005602240898 0.0 8.121072693192906e-05
0 0.006944444444444444 0.0 1.0 0.0 0.00632789587659427 0.005854777152849147 0.004201680672268907 0.0014044943820224719 0.000491207763755666
0 0.003003003003003003 0.0 1.0 0.0 0.02075564988353208 0.0 0.004668534080298787 0.0 7.896014195201364e-05
0 0.0023923444976076554 0.0 1.0 0.0 0.008595128436840271 0.0 0.0038197097020626434 0.0 0.05693684585694714
1 0.0007541478129713423 0.0 1.0 0.0 0.00649673819287783 0.0006361777266540084 0.004036908881199539 0.00016523463317911433 0.011405761001742941
0 0.0016666666666666668 0.0 1.0 0.0 0.017809902992291356 0.001561273907426439 0.006349206349206349 0.0003745318352059925 0.03473203116256153
0 0.0013550135501355014 0.0 1.0 0.0 0.009577088588444239 0.0 0.0038904450669156546 0.0 0.028535247180221282
0 0.0021645021645021645 0.0 1.0 0.0 0.012424997353200655 0.0 0.005092946269416858 0.0 0.0489971549786554
0 0.2 0.0 1.0 0.0 0.06996626061633164 0.0245021289196409 0.032467532467532464 0.006535947712418301 0.2
0 0.05 0.0 1.0 0.0 0.09442449865564222 0.061255322299102244 0.029870129870129873 0.009803921568627454 0.05318496803137358
0 0.06666666666666667 0.0 1.0 0.0 0.12176726163498897 0.06533901045237574 0.03636363636363636 0.010457516339869282 0.09865106937977372
0 0.08333333333333333 0.0 1.0 0.0 0.03708825167549243 0.027224587688489888 0.015151515151515152 0.004357298474945534 0.0012098700768973572
0 0.028571428571428574 0.0 1.0 0.0 0.1313456194881915 0.0583384021896212 0.03617810760667904 0.011204481792717089 0.07450093285420055
0 0.05555555555555555 0.0 1.0 0.0 0.06175207770759805 0.013612293844244944 0.010822510822510822 0.004357298474945534 0.0006624994467007372
0 0.007518796992481203 0.0 1.0 0.0 0.04029577966711038 0.027941024206608052 0.014012303485987698 0.0041279669762641896 0.0003039951428172705
0 0.020833333333333332 0.0 1.0 0.0 0.07863287416455517 0.020418440766367417 0.020562770562770564 0.0 0.0001588340647135006
0 0.007936507936507936 0.0 1.0 0.0 0.03423804372324908 0.020418440766367417 0.016697588126159558 0.0032679738562091504 0.00047193709422111725
0 0.016666666666666666 0.0 1.0 0.0 0.037637586077839826 0.01815325390179243 0.01298701298701299 0.0032679738562091504 0.0003466806614639886
0 0.005347593582887701 0.0 1.0 0.0 0.0366652163335425 0.0 0.011077158135981665 0.0 0.03279678404507802
0 0.004166666666666667 0.0 1.0 0.1 0.03384115521645542 0.0 0.007792207792207792 0.0 0.026638373732217217
0 0.025641025641025644 0.0 1.0 0.0 0.14524216457597508 0.0 0.04112554112554113 0.0 0.00032014097140465144
0 0.006493506493506493 0.0 1.0 0.0 0.039409359844076404 0.0 0.015938606847697757 0.0 0.0006547531222215096
0 0.008333333333333333 0.0 1.0 0.0 0.03668551913699429 0.013614940426344323 0.00974025974025974 0.0024509803921568627 0.00023185402500263913
0 0.00625 0.0 1.0 0.0 0.025291244611862683 0.01089195234107546 0.00909090909090909 0.00196078431372549 0.00018679893744445974
0 0.008403361344537815 0.0 1.0 0.0 0.09838376845252016 0.029169201094810592 0.02782931354359926 0.004668534080298786 0.00011810554745558065