1 0.25 0.0 1.0 0.0 0.13650372943205763 0.13970320842100895 0.06 0.030612244897959183 0.25
1 0.03125 0.0 1.0 0.25 0.0663450443566751 0.07172498197777531 0.019999999999999997 0.011479591836734693 0.03342599263535302
0 0.02564102564102564 0.0 1.0 0.0 0.02151147064121935 0.021845863243678154 0.016923076923076923 0.004709576138147566 0.021957183374668603
0 0.041666666666666664 0.0 1.0 0.0 0.020826809581694763 0.0 0.0 0.0 0.0004994739919516135
0 0.018181818181818184 0.0 1.0 0.0 0.04764024290498803 0.03920925041931229 0.018181818181818184 0.00927643784786642 0.039616062863960994
0 0.1111111111111111 0.0 1.0 0.0 0.03580417277084999 0.0 0.018518518518518517 0.011544011544011546 0.11111111111111113
0 0.0625 0.0 1.0 0.0 0.026706229297829245 0.02028585348866373 0.0016025641025641025 0.011363636363636366 0.00015991594718319508
1 0.01515151515151515 0.0 1.0 0.0 0.037824581196621784 0.0184416849896943 0.00874125874125874 0.002361275088547816 0.004764743379350073
0 0.0625 0.0 1.0 0.0 0.03697047553500762 0.02028585348866373 0.00641025641025641 0.0 0.00045307850730073824
0 0.04 0.0 1.0 0.0 0.016189745749487762 0.03245736558186197 0.005128205128205128 0.0 0.06903478543715615
0 0.020833333333333332 0.0 1.0 0.0 0.010012889221968637 0.07591796618701174 0.00641025641025641 0.003246753246753247 0.00016295635891848425
0 0.02857142857142857 0.0 1.0 0.0 0.03239713087374595 0.0 0.005128205128205128 0.0 0.00031812202610849075
0 0.013888888888888888 0.0 1.0 0.0 0.055592455901270516 0.0 0.014245014245014244 0.0 0.01967941502693794
0 0.013888888888888888 0.0 1.0 0.0 0.019702912046994522 0.015060405721020548 0.017628205128205125 0.003246753246753247 0.02968643394247594
0 0.05263157894736842 0.0 1.0 0.0 0.05828044552199324 0.023955386783227617 0.015615962984384037 0.011695906432748536 0.05263157894736842
1 0.022727272727272728 0.0 1.0 0.0 0.03589069984412147 0.026999897549664687 0.00949050949050949 0.00404040404040404 0.029684074488324937
0 0.023809523809523808 0.0 1.0 0.0 0.06106406450963469 0.06080903744652499 0.026687598116169543 0.0031746031746031746 0.017153056328103145
1 0.03125 0.0 1.0 0.0 0.02074023688056006 0.008677837325706152 0.012362637362637364 0.0 0.0002215445936706289
0 0.014285714285714287 0.0 1.0 0.0 0.042811242092148385 0.01618015977146478 0.019623233908948195 0.0031746031746031746 0.03136500828323653
0 0.03333333333333333 0.0 1.0 0.0 0.015560407355631734 0.0 0.008791208791208791 0.0 0.026506631645807827
0 0.015873015873015872 0.0 1.0 0.0 0.051505377855728965 0.0 0.013431013431013432 0.0 0.01983351622023997