0 0.07692307692307693 0.0 1.0 0.0 0.04819595698178953 0.022766148125739214 0.011276681433749495 0.0048582995951417015 0.07692307692307691
0 0.0625 0.0 1.0 0.0 0.03390077636352595 0.03197240041772865 0.01112565445026178 0.005263157894736843 0.028102237300424677
1 0.05555555555555555 0.0 1.0 0.0 0.006712533478167954 0.016908071917076523 0.012216404886561954 0.008771929824561405 0.0005727752348600281
0 0.0625 0.0 1.0 0.0 0.061762481667978805 0.02466332713621748 0.01963350785340314 0.005263157894736842 0.3207137748688281
0 0.025 0.0 1.0 0.0 0.053417187086957016 0.02086020640214358 0.017670157068062825 0.007236842105263158 8.876188383982236e-05
0 0.023809523809523808 0.0 1.0 0.0 0.07797408905909256 0.016706453214882656 0.022438294689603587 0.0067669172932330835 0.01701634159917571
0 0.023809523809523808 0.0 1.0 0.0 0.05065307954448175 0.015226170405618767 0.009598603839441536 0.0017543859649122807 0.036799140156971506
1 0.005 0.0 1.0 0.0 0.051715558922639175 0.013193236052531788 0.016125654450261782 0.0027368421052631573 0.025259777678462835
0 0.013888888888888888 0.0 1.0 0.0 0.04787721926663858 0.0067755665603162095 0.01832460732984293 0.0013157894736842105 0.15280510537545494
0 0.02 0.0 1.0 0.2 0.01777794598772414 0.018090570730861556 0.018848167539267015 0.005263157894736842 0.0005030090262894613
1 0.022727272727272728 0.0 1.0 0.5 0.06036166259524215 0.04567851121685631 0.02486910994764398 0.005263157894736842 0.00021858421210729163
0 0.013888888888888888 0.0 1.0 0.5 0.06100211383388942 0.04689455890204919 0.024432809773123912 0.005263157894736842 0.0001332984141064238
0 0.012820512820512822 0.0 1.0 0.3333333333333333 0.05848267987566833 0.04141381953844531 0.022687609075043632 0.005263157894736842 0.00013487858832943333
0 0.0037593984962406013 0.0 1.0 0.10526315789473684 0.07209616542373852 0.03609720709649886 0.021217966381923394 0.0038781163434903044 0.032815630942279496
0 0.003333333333333333 0.0 1.0 0.1 0.023049556357621966 0.005756841747268447 0.010471204188481676 0.002631578947368421 0.057776477320596056
0 0.008928571428571428 0.0 1.0 0.0 0.030470127368668148 0.006975345807630569 0.011967090501121916 0.0015037593984962405 0.0002222149762697702
0 0.003676470588235294 0.0 1.0 0.0 0.021540210369623877 0.004110554522702914 0.0071989528795811525 0.0006578947368421052 0.07518495315746072
1 0.0024154589371980675 0.0 1.0 0.0 0.02116852598352782 0.0028595161897063746 0.004552697473252903 0.00045766590389016015 0.0443473335019123
1 0.058823529411764705 0.0 1.0 0.0 0.10974653081054958 0.04055613736811045 0.03529411764705882 0.017156862745098037 0.058823529411764705
0 0.0625 0.0 1.0 0.25 0.1543273988499529 0.11933713518934312 0.025 0.0 0.13788710526577566
0 0.14285714285714285 0.0 1.0 0.0 0.11843753105707022 0.07289157617975751 0.030612244897959186 0.012048192771084336 0.14285714285714285
0 0.1 0.0 1.0 0.0 0.19815416525155716 0.0770968573583374 0.047619047619047616 0.016867469879518072 0.09774756836753244
1 0.02564102564102564 0.0 1.0 0.0 0.05284675301846956 0.05790586538005958 0.014652014652014652 0.008341056533827617 0.061300964361483565
0 0.03125 0.0 1.0 0.0 0.05656189012918239 0.02326549963482072 0.017857142857142856 0.004518072289156626 9.257497382523399e-05
0 0.028571428571428574 0.0 1.0 0.0 0.11044492873367365 0.0 0.03231292517006802 0.0 0.05885427921043234
0 0.023809523809523808 0.0 1.0 0.0 0.11843753105707021 0.029875790468856103 0.02551020408163265 0.0034423407917383822 0.14087492289393494
0 0.006211180124223602 0.0 1.0 0.0 0.07102316647062541 0.018882144631158844 0.018115942028985504 0.004714510214772133 0.01790143189009919
0 0.015625 0.0 1.0 0.0 0.08514100054395009 0.01551033308988048 0.025297619047619048 0.0030120481927710845 0.07398054342805888
0 0.018518518518518517 0.0 1.0 0.0 0.0 0.0 0.013888888888888888 0.004016064257028113 0.0003331014043885733