1 0.06666666666666667 0.0 1.0 0.0 0.006400868176397743 0.009188540676898045 0.00529715762273902 0.002718446601941747 0.06666666666666668
0 0.0625 0.0 1.0 0.0 0.036032385445428076 0.011546356516105898 0.011143410852713177 0.0029126213592233015 7.96343154018193e-05
0 0.037037037037037035 0.0 1.0 0.0 0.0312814757408188 0.008741623364981833 0.008397932816537466 0.0019417475728155341 7.180732794255865e-05
0 0.03571428571428571 0.0 1.0 0.0 0.04118207313833153 0.01885103749192841 0.01467331118493909 0.003883495145631068 0.001657516481751859
0 0.028571428571428574 0.0 1.0 0.0 0.0038804316762130952 0.007772909444569749 0.004152823920265781 0.0019417475728155337 0.000654967011896113
0 0.01515151515151515 0.0 1.0 0.0 0.013765756644677685 0.017429864647980832 0.010923185341789994 0.003706972639011474 0.02983347282553536
0 0.008403361344537815 0.0 1.0 0.0 0.010817607485917091 0.011856467700392025 0.006839945280437756 0.0023986293546544826 0.00010220739061934029
0 0.008333333333333333 0.0 1.0 0.0 0.02323889630184726 0.009346786507684323 0.006072351421188632 0.0019417475728155343 4.257064509819299e-05
0 0.007407407407407407 0.0 1.0 0.0 0.007438818315477684 0.010906630992653701 0.004392764857881137 0.0019417475728155343 0.00016214423187393398
0 0.008333333333333333 0.0 1.0 0.0 0.010543896232676849 0.0090990915648181 0.0024224806201550387 0.001779935275080906 0.00021299966954726858
0 0.015151515151515152 0.0 1.0 0.0 0.03921044702885184 0.004044040695474711 0.012919896640826873 0.0016181229773462782 0.001959659111411546
0 0.009259259259259259 0.0 1.0 0.0 0.011764514651035958 0.014307468709791068 0.00409130060292851 0.002804746494066883 0.00023071481303318044
0 0.015384615384615385 0.0 1.0 0.0 0.0 0.009705697669139307 0.002325581395348837 0.001553398058252427 0.001030550060164553
0 0.07142857142857142 0.0 1.0 0.0 0.0 0.0 0.003875968992248062 0.0 0.010760373226362792
0 0.06666666666666667 0.0 1.0 0.0 0.0 0.0 0.0 0.0 0.01102923320565188
0 0.015625 0.0 1.0 0.0 0.053224354206175745 0.008032477692324791 0.02616279069767442 0.001941747572815534 0.0001693005565572075
0 0.00980392156862745 0.0 1.0 0.0 0.013208461036356742 0.010110101738686778 0.002583979328165375 0.0 0.0005232844779131867
0 0.007936507936507936 0.0 1.0 0.0 0.010554886279982533 0.010398961788363543 0.003045404208194906 0.0 0.0003065050181470685
0 0.008771929824561403 0.0 1.0 0.0 0.006974581765958161 0.008088081390949423 0.0029069767441860465 0.0 0.0005560588489361216
0 0.016666666666666666 0.0 1.0 0.0 0.07055780723018527 0.008088081390949423 0.01744186046511628 0.0 0.017841932065412774
0 0.006802721088435374 0.0 1.0 0.0 0.04023098150146965 0.010398961788363543 0.009966777408637873 0.0005547850208044383 9.289167795552407e-05
0 0.003787878787878788 0.0 1.0 0.0 0.020403122224070872 0.0010110101738686778 0.008559431524547804 0.0 5.572235095459141e-05
0 0.005434782608695652 0.0 1.0 0.0 0.01890583260945545 0.0077320454544833085 0.007025193798449612 0.001941747572815534 0.0002116489323308091
0 0.004166666666666667 0.0 1.0 0.0 0.012710261214988644 0.003999557736575005 0.008527131782945738 0.0007766990291262135 0.02995416922982951
0 0.005 0.0 1.0 0.0 0.03966512167763847 0.006066061043212067 0.010901162790697676 0.000970873786407767 0.016612992836940083
0 0.0038461538461538464 0.0 1.0 0.0 0.0057404720315531056 0.0021572410461935857 0.004651162790697674 0.00038834951456310677 0.00023929654775880252
0 0.004629629629629629 0.0 1.0 0.0 0.025796741642211338 0.0 0.00750968992248062 0.0 8.465004067214718e-05
0 0.003968253968253968 0.0 1.0 0.0 0.016234059188332036 0.004871373753683403 0.007967269595176572 0.0012944983818770227 0.00017938757694878886
0 0.0038314176245210726 0.0 1.0 0.0 0.01488991141438383 0.002396934495770651 0.009905254091300601 0.0004314994606256742 0.00018593176186723035
0 0.004166666666666667 0.0 1.0 0.0 0.007492081884834912 0.00202359288001388 0.005087209302325581 0.0004854368932038835 0.0003720473994938125
0 0.0026881720430107525 0.0 1.0 0.0 0.020930165676136727 0.0020220203477373556 0.006459948320413436 0.00032362459546925567 0.011511088168793813
0 0.005208333333333333 0.0 1.0 0.0 0.011588939288709096 0.0 0.006782945736434109 0.0 0.0003771751164887206
0 0.0021645021645021645 0.0 1.0 0.0 0.013926558046450278 0.0012867142751939885 0.005952380952380951 0.00027739251040221914 0.00010546807428159689
0 0.003676470588235294 0.0 1.0 0.0 0.03715999223908226 0.005196274893101361 0.012839147286821706 0.000970873786407767 8.064616609903814e-05
0 0.005714285714285714 0.0 1.0 0.0 0.0407353519406562 0.0 0.008527131782945736 0.0 0.0001358835514355847
0 0.003472222222222222 0.0 1.0 0.0 0.010961078747959378 0.0 0.007025193798449613 0.0 0.00031306475937347415
0 0.001589825119236884 0.0 1.0 0.0 0.007612400262975502 0.0 0.0038759689922480624 0.0 0.019223963764682585
0 0.0017543859649122805 0.0 1.0 0.0 0.021655471378788278 0.0014381606974623905 0.0082687338501292 0.0002588996763754045 4.169656831073703e-05
0 0.0021367521367521365 0.0 1.0 0.0 0.010895759879038992 0.0015011666543929866 0.006782945736434109 0.00032362459546925567 0.00018246461566393327
0 0.0035714285714285718 0.0 1.0 0.0 0.032255674683312634 0.0 0.0069213732004429675 0.0 9.617321325353656e-05
0 0.008130081300813009 0.0 1.0 0.0 0.009133694081096379 0.0 0.0012919896640826874 0.0 0.0019884523289109327
0 0.001984126984126984 0.0 1.0 0.0 0.012094535058028202 0.004829751827333781 0.008236434108527133 0.0011326860841423946 0.02359479774748213
0 0.002583979328165375 0.0 1.0 0.0 0.029570506677766513 0.0 0.010766580534022395 0.0 0.005688947171405935
0 0.002066115702479339 0.0 1.0 0.0 0.005503913737234346 0.0 0.0007047216349541931 0.0 0.000301866818290517
0 0.001851851851851852 0.0 1.0 0.0 0.0020181017036525932 0.0 0.002099483204134367 0.0 0.00031774671748482735
1 0.000945179584120983 0.0 1.0 0.0 0.01829224820367271 0.0008208946413488455 0.005898213683855747 0.00016884761502743774 0.0021175716088361594
0 0.0019342359767891683 0.0 1.0 0.0 0.02579075270211132 0.00363596157870455 0.010042283298097253 0.000706090026478376 5.952124923497611e-05
0 0.002976190476190476 0.0 1.0 0.0 0.016446992712243213 0.0 0.006090808416389812 0.0 0.05931755763998349
0 0.002551020408163265 0.0 1.0 0.0 0.029883259944475236 0.0 0.007751937984496124 0.0 8.195402674059675e-05
0 0.0033333333333333335 0.0 1.0 0.0 0.016055052300969947 0.017948836378441763 0.00872093023255814 0.0038834951456310674 0.006491540739816184
0 0.0017825311942959 0.0 1.0 0.0 0.00953493062847627 0.003985669434831875 0.004756871035940803 0.001059135039717564 0.014025864930223909
0 0.0019230769230769232 0.0 1.0 0.0 0.013318403205927944 0.006541477424508649 0.0048449612403100775 0.001553398058252427 0.00018235222288500688
0 0.003144654088050314 0.0 1.0 0.0 0.012582749262144999 0.0 0.003229974160206718 0.0 0.00036661709938525395
0 0.0020576131687242796 0.0 1.0 0.0 0.01349552653870988 0.004871373753683403 0.00516795865633075 0.0012944983818770227 0.03987913006680894
0 0.0013986013986013986 0.0 1.0 0.0 0.015838085228302996 0.008404395232941316 0.006261180679785331 0.0020911127707244214 0.00010856843837215097
0 0.002232142857142857 0.0 1.0 0.0 0.004217029872021334 0.008465901418229782 0.005087209302325582 0.001941747572815534 0.0643711560124458
0 0.047619047619047616 0.0 1.0 0.09523809523809523 0.009826617998040754 0.018817830475726653 0.008785332314744078 0.004340610238733565 0.04761904761904761
0 0.023809523809523808 0.0 1.0 0.0 0.015673425515429103 0.014357815874014005 0.004456327985739751 0.002553300140431509 7.191842349928626e-05
0 0.041666666666666664 0.0 1.0 0.0 0.04412357259338213 0.019119641663961406 0.017379679144385023 0.004691689008042895 0.03414655613705056
0 0.013157894736842105 0.0 1.0 0.0 0.01816754616858688 0.010940168427256385 0.006191950464396284 0.0029631720050797244 0.003071900205710493
0 0.022222222222222223 0.0 1.0 0.0 0.03354549760112499 0.018856435388671215 0.010992275698158051 0.003872505212987787 0.022742094851880973
0 0.01111111111111111 0.0 1.0 0.0 0.011023811082492079 0.018709764279701606 0.005882352941176469 0.003217158176943701 0.02413326781975785
0 0.011904761904761904 0.0 1.0 0.0 0.028652998066118148 0.011167190124233117 0.0089126559714795 0.002457551385165327 0.009310903170001448
0 0.0125 0.0 1.0 0.0 0.008696292146816298 0.012811559897783167 0.00481283422459893 0.0013404825737265416 0.01890063605064423
0 0.015873015873015872 0.0 1.0 0.0 0.006705080883517783 0.009571877249342673 0.0026737967914438505 0.0 0.0010323577965982227
0 0.009090909090909092 0.0 1.0 0.0 0.029502401600634453 0.01621526859426188 0.00753524550315994 0.0004874482086278333 0.00013834853375263811
0 0.022727272727272728 0.0 1.0 0.0 0.014200267942524422 0.012563088889762257 0.0046791443850267385 0.0 0.0017654216927333996
0 0.016666666666666666 0.0 1.0 0.0 0.041173382604373546 0.0 0.00962566844919786 0.0 0.00031559820725494205
1 0.012820512820512822 0.0 1.0 0.0 0.004161161308261069 0.0 0.0013368983957219253 0.0 0.0016621635825830048
0 0.007936507936507936 0.0 1.0 0.0 0.007835884478578668 0.0 0.0035650623885918 0.0 0.0007393773956713667
0 0.013333333333333332 0.0 1.0 0.0 0.054128562814812854 0.0 0.01283422459893048 0.0 0.00030821042724770727
0 0.010416666666666666 0.0 1.0 0.0 0.00723178174183866 0.0 0.0031194295900178258 0.0 0.0013554228870865945
0 0.011764705882352941 0.0 1.0 0.0 0.019946575486621793 0.008071069650874913 0.0053475935828877 0.0021447721179624667 0.0011642851675954732
0 0.009259259259259259 0.0 1.0 0.0 0.047414952811248995 0.005583595062116559 0.010249554367201425 0.0008936550491510277 0.00025629983041759605
0 0.004784688995215311 0.0 1.0 0.0 0.016923980411099812 0.008265764793337342 0.00899368011667477 0.0019497928345113332 0.044092279727599215
0 0.01 0.0 1.0 0.0 0.0106388995029513 0.004344041069353577 0.0053475935828877 0.0010723860589812334 0.10971383119072417
0 0.0047619047619047615 0.0 1.0 0.0 0.027035451665266164 0.0 0.008021390374331552 0.0 0.005522742486704173
0 0.005050505050505051 0.0 1.0 0.0 0.040381842129685784 0.004483927583819397 0.010992275698158051 0.0011915400655347036 0.00016326722120209246
0 0.004347826086956522 0.0 1.0 0.0 0.00803384327928576 0.00477885619869209 0.006951871657754009 0.0010723860589812334 0.03328889489009073
0 0.0026041666666666665 0.0 1.0 0.0 0.0053166424963345185 0.0 0.0030080213903743314 0.0 0.0016543716519309304
0 0.004 0.0 1.0 0.0 0.029013668139526237 0.0 0.006951871657754011 0.0 0.0005676107846788682
0 0.007692307692307693 0.0 1.0 0.0 0.01019364953029329 0.0 0.0021390374331550803 0.0 0.0015053623963778298
0 0.0018518518518518517 0.0 1.0 0.1 0.01981051933931313 0.005656930616601365 0.006550802139037431 0.0010723860589812334 0.0034451742168238875
0 0.005952380952380952 0.0 1.0 0.0 0.046227553552758656 0.0 0.011140819964349374 0.0 0.0002502505050029654
0 0.004310344827586207 0.0 1.0 0.0 0.032485222050473044 0.0 0.009358288770053475 0.0 0.00019287715191279586
0 0.003333333333333333 0.0 1.0 0.0 0.015342079268437229 0.011699176936686378 0.008823529411764706 0.002680965147453083 0.06381058159333794
0 0.004032258064516129 0.0 1.0 0.0 0.028344512631367787 0.0 0.008355614973262033 0.0 0.0001952950081121272
0 0.002403846153846154 0.0 1.0 0.0 0.010738819643694254 0.0 0.0018510900863842042 0.0 0.00038627639339230036
0 0.004329004329004329 0.0 1.0 0.0 0.023468107829014546 0.009886172482848983 0.011841100076394193 0.002297970126388357 0.07974894130959483
0 0.0024509803921568627 0.0 1.0 0.0 0.0012377218569403928 0.0 0.0 0.0 0.0007032792305619513
0 0.009523809523809523 0.0 1.0 0.0 0.01784523903605857 0.0 0.0017825311942959 0.0 0.003252819566628922
0 0.0021367521367521365 0.0 1.0 0.0 0.004942590315906876 0.0 0.0008227067050596462 0.0 0.0005586267130600578
0 0.0022522522522522522 0.0 1.0 0.0 0.014526578718500013 0.007207568320083596 0.007352941176470587 0.0017873100983020554 0.016532924647689653
0 0.0037593984962406013 0.0 1.0 0.0 0.013909678341279767 0.0 0.004965622612681436 0.0 0.0008153122191269451
0 0.08333333333333333 0.0 1.0 0.0 0.03298450729419903 0.06074486127994306 0.017759562841530054 0.015277777777777777 0.08333333333333333
0 0.027777777777777776 0.0 1.0 0.0 0.0459517956985332 0.056715863317616654 0.013661202185792351 0.006481481481481481 0.028101959999973534
1 0.014492753623188404 0.0 1.0 0.0 0.021980485732350473 0.012693356711207956 0.007127583749109052 0.002898550724637681 3.0087807804507132e-05
0 0.03125 0.0 1.0 0.0 0.060713262683562315 0.0 0.006147540983606557 0.0 0.0680511853329978