1 0.015384615384615385 0.0 1.0 0.0 0.03552686689509832 0.023020181744456553 0.009708737864077667 0.003921568627450979 0.015384615384615385
0 0.016666666666666666 0.0 1.0 0.0 0.0538565956495788 0.027540248665747596 0.017475728155339803 0.00522875816993464 0.027962685123343697
0 0.041666666666666664 0.0 1.0 0.0 0.025981615148750668 0.019738810030702304 0.013349514563106794 0.004901960784313725 0.006633453111865832
1 0.058823529411764705 0.0 1.0 0.0 0.04246051166851014 0.08601811216469679 0.01715686274509804 0.01752190237797246 0.05882352941176469
0 0.0625 0.0 1.0 0.0 0.09187863692911245 0.03323427060908739 0.026041666666666664 0.0 0.08167183728484408
0 0.03333333333333333 0.0 1.0 0.0 0.07602358521976409 0.0 0.020833333333333332 0.0 0.059523574460944105
0 0.019230769230769232 0.0 1.0 0.0 0.04424076498498496 0.0 0.016025641025641024 0.0 0.03289879796442232
0 0.1 0.0 1.0 0.0 0.031616577442944674 0.0259030396030407 0.010176991150442478 0.0046563192904656315 0.09999999999999999
1 0.017241379310344827 0.0 1.0 0.0 0.01688183130065869 0.01205509878227513 0.006408300274641441 0.0027525040140683544 0.023818726844702088
1 0.01075268817204301 0.0 1.0 0.0 0.02250137353332795 0.016300778627404727 0.007493576934056524 0.003218653887418641 0.02150132942627331
0 0.020833333333333332 0.0 1.0 0.0 0.024934257742688357 0.01693475976079371 0.0071902654867256645 0.002956393200295639 0.05019653671205431
0 0.03333333333333333 0.0 1.0 0.0 0.010669220136068754 0.011544794668345215 0.0022123893805309734 0.0018477457501847744 0.0004954206258595401
0 0.011904761904761904 0.0 1.0 0.0 0.0062840622905605895 0.010885092115868345 0.0018963337547408343 0.002058916693063034 0.00017978851895313064
0 0.009523809523809523 0.0 1.0 0.4 0.014737128142246219 0.01180166489393787 0.003982300884955752 0.002365114560236511 0.00010002002599864893
0 0.013888888888888888 0.0 1.0 0.2222222222222222 0.02625558914280489 0.011972911710999642 0.007374631268436577 0.002217294900221729 0.05444048322862181
0 0.007936507936507936 0.0 1.0 0.0 0.01870933212540596 0.010555753892605779 0.007269279393173198 0.0012670256572695597 0.0447237964110061
0 0.004761904761904762 0.0 1.0 0.0 0.015724799462012825 0.012846058560253858 0.004635482511588706 0.0007390983000739098 0.010342769562647127
0 0.003134796238244514 0.0 1.0 0.0 0.004251801620133714 0.0028662938486926047 0.0021361000915471468 0.0003058337793409282 6.162321912724333e-05
0 0.003205128205128205 0.0 1.0 0.0 0.018192037501852658 0.008235100148383344 0.005190605854322669 0.001449769742452669 0.007443990060702722
0 0.004048582995951417 0.0 1.0 0.0 0.013478078718516213 0.0036457246321090144 0.004075454122030741 0.0005834986579530867 6.484068995482244e-05
0 0.008928571428571428 0.0 1.0 0.0 0.03266953182418205 0.004281677316386075 0.008849557522123894 0.0008314855875831486 0.010518463794261506
0 0.003703703703703704 0.0 1.0 0.1111111111111111 0.021099445082858555 0.005132616017411689 0.005776794493608652 0.0009854644000985464 3.9931999340900716e-05
0 0.004807692307692308 0.0 1.0 0.0 0.010751854715849215 0.0021313467080021934 0.003914227365554799 0.00034112229234180454 0.00010407442121406712
0 0.011764705882352941 0.0 1.0 0.0 0.02171561853990103 0.01600973963899365 0.007964601769911504 0.0026607538802660754 0.0003952180961469496
0 0.00326797385620915 0.0 1.0 0.0 0.008169276674703968 0.0 0.004294638209266007 0.0 0.00183525924054257
0 0.007518796992481203 0.0 1.0 0.0 0.0 0.0 0.0009481668773704172 0.0 0.0005939535767335617
0 0.0019230769230769232 0.0 1.0 0.0 0.007798994671398765 0.0 0.0021272974812797823 0.0 6.209158605485886e-05
0 0.0016420361247947454 0.0 1.0 0.0 0.004078384241871839 0.0 0.0016783643576441867 0.0 7.235012549087938e-05
0 0.0018181818181818182 0.0 1.0 0.0 0.0031861458492276227 0.0011083002881611406 0.0018584070796460177 0.00017738359201773836 8.959377202250613e-05
0 0.002717391304347826 0.0 1.0 0.0 0.003567883498521853 0.001731719200251782 0.0019358407079646017 0.0002771618625277162 0.00017144931061628506
0 0.013888888888888888 0.0 1.0 0.0 0.021503232775318768 0.0 0.008849557522123894 0.0 0.17762196778403536
0 0.0019047619047619048 0.0 1.0 0.0 0.005457845860064384 0.0 0.0018963337547408343 0.0 7.99114307092635e-05
0 0.006410256410256411 0.0 1.0 0.0 0.01346816301390543 0.0 0.004424778761061947 0.0 0.0219340005213757
0 0.001610305958132045 0.0 1.0 0.0 0.01894595278411483 0.006360293010343274 0.005290496344747979 0.00125325363925576 0.02057233494506553