0 0.25 0.0 1.0 0.0 0.08636380313540348 0.02703742491207364 0.01948051948051948 0.006535947712418301 0.25000000000000006
0 0.045454545454545456 0.0 1.0 0.0 0.01901014857063841 0.018562218878515835 0.010625737898465172 0.005941770647653 6.42037290867787e-05
0 0.02222222222222222 0.0 1.0 0.0 0.035693214455751486 0.023544732589646906 0.01298701298701299 0.006535947712418303 0.017013116667074953
0 0.08333333333333333 0.0 1.0 0.0 0.0646399096556086 0.027224587688489888 0.010822510822510822 0.004357298474945534 0.2579307410119053
0 0.03333333333333333 0.0 1.0 0.0 0.015405008078172475 0.024204338535723246 0.009740259740259742 0.006535947712418301 0.00014694089621443976
0 0.016666666666666666 0.0 1.0 0.0 0.004057170697732746 0.032669505226187875 0.0 0.0026143790849673205 0.00011913397998040958
0 0.03571428571428571 0.0 1.0 0.0 0.031435709946465606 0.030627661149551125 0.00487012987012987 0.0 0.00029908066456477253
0 0.008928571428571428 0.0 1.0 0.0 0.016899410489319353 0.02204096838180563 0.006957328385899815 0.0009337068160597573 0.04967026565682025
0 0.018518518518518517 0.0 1.0 0.0 0.051616777657528805 0.0 0.012987012987012986 0.0 6.85451894369733e-05
0 0.0125 0.0 1.0 0.0 0.05769010530693337 0.010209220383183708 0.011363636363636364 0.0016339869281045752 0.05853867911541303
0 0.003952569169960474 0.0 1.0 0.0 0.017444178871971864 0.0 0.004234895539243366 0.0 1.646392073446915e-05
0 0.004166666666666667 0.0 1.0 0.0 0.019303683201142133 0.0 0.00551948051948052 0.0 1.8986464930458124e-05
0 0.005128205128205128 0.0 1.0 0.0 0.05512308358891552 0.009932438745401959 0.013852813852813855 0.0017429193899782135 0.02716658158122158
0 0.0047619047619047615 0.0 1.0 0.0 0.03429083261483509 0.004487521207703982 0.007792207792207793 0.0008714596949891067 0.02451280599856185
0 0.1111111111111111 0.0 1.0 0.0 0.024369666733777134 0.026296476744564097 0.00835421888053467 0.006734006734006735 0.1111111111111111
0 0.0625 0.0 1.0 0.0 0.05453945640123364 0.018430358386246577 0.018796992481203006 0.009469696969696968 0.06272366635977554
0 0.06666666666666667 0.0 1.0 0.0 0.0 0.01893346325608615 0.0 0.006060606060606061 0.00037709180200471684
0 0.025 0.0 1.0 0.0 0.0398984056901182 0.009466731628043075 0.010526315789473684 0.004545454545454545 0.05202542369510932
0 0.03333333333333333 0.0 1.0 0.0 0.07205532671309511 0.015777886046738458 0.017543859649122806 0.0 0.1063512578861406
0 0.01111111111111111 0.0 1.0 0.13333333333333333 0.03658663408176666 0.04454087377548945 0.010526315789473684 0.0030303030303030303 0.0011651805668226867
0 0.009523809523809523 0.0 1.0 0.0 0.05445805815235826 0.028781498637244315 0.017042606516290727 0.004545454545454545 2.0272404258700854e-05
0 0.017857142857142856 0.0 1.0 0.0 0.014699920079058173 0.013523902325775822 0.00966702470461869 0.004329004329004329 0.00015691824750937915
0 0.037037037037037035 0.0 1.0 0.0 0.09158549950667642 0.0 0.017543859649122806 0.0 0.0001552865328200017
0 0.01 0.0 1.0 0.0 0.07991548772681893 0.01726889918234659 0.018045112781954885 0.0030303030303030303 3.108957049204003e-05
0 0.008264462809917356 0.0 1.0 0.0 0.027893735113286033 0.03599764771060795 0.01572112098427888 0.008953168044077135 6.624805714494293e-05
0 0.011904761904761904 0.0 1.0 0.0 0.06432291162904234 0.010523265180494673 0.017185821697099892 0.0021645021645021645 5.6826394386927956e-05
0 0.01098901098901099 0.0 1.0 0.0 0.07233636842436415 0.010523265180494673 0.02040816326530612 0.0021645021645021645 5.589842107062671e-05
0 0.007142857142857143 0.0 1.0 0.0 0.02027155490830103 0.03013068085362567 0.010526315789473684 0.006818181818181818 8.139850090384536e-05
0 0.006666666666666666 0.0 1.0 0.0 0.037715138120196494 0.0 0.012030075187969924 0.0 4.027232424440165e-05
0 0.125 0.0 1.0 0.0 0.04317869632723295 0.04762227800692401 0.01515151515151515 0.010670731707317072 0.125
0 0.08333333333333333 0.0 1.0 0.0 0.06453147434862831 0.06349637067589868 0.010101010101010102 0.01016260162601626 7.600326206818921e-05
1 0.013888888888888888 0.0 1.0 0.0 0.03185577756037664 0.03586487059930321 0.011616161616161615 0.00508130081300813 0.008215678634366305
1 0.011904761904761904 0.0 1.0 0.0 0.03628651073661619 0.021328508905003804 0.013852813852813853 0.0058072009291521495 1.6239063024746485e-05
0 0.025 0.0 1.0 0.0 0.05551744246857923 0.0358434096845253 0.025757575757575757 0.009146341463414635 5.863144385885984e-05
0 0.01111111111111111 0.0 1.0 0.0 0.05497393126708479 0.010743427301925169 0.013737373737373737 0.0032520325203252032 2.1828391928411005e-05
0 0.015873015873015872 0.0 1.0 0.0 0.03838106340198485 0.04233091378393245 0.013468013468013467 0.009485094850948509 0.10964380890939499
0 0.08333333333333333 0.0 1.0 0.0 0.06453147434862831 0.06349637067589868 0.010101010101010102 0.01016260162601626 7.600326206818921e-05
0 0.013888888888888888 0.0 1.0 0.0 0.03185577756037664 0.03586487059930321 0.011616161616161615 0.00508130081300813 0.008215678634366305
0 0.011904761904761904 0.0 1.0 0.0 0.03628651073661619 0.021328508905003804 0.013852813852813853 0.0058072009291521495 1.6239063024746485e-05
0 0.025 0.0 1.0 0.0 0.05551744246857923 0.0358434096845253 0.025757575757575757 0.009146341463414635 5.863144385885984e-05
0 0.01111111111111111 0.0 1.0 0.0 0.05497393126708479 0.010743427301925169 0.013737373737373737 0.0032520325203252032 2.1828391928411005e-05
1 0.1111111111111111 0.0 1.0 0.0 0.10059428418354457 0.06246682146239373 0.020671834625323 0.011764705882352941 0.1111111111111111
0 0.03333333333333333 0.0 1.0 0.0 0.06733149045820093 0.05880510940713816 0.018604651162790697 0.009411764705882352 0.0031216788132518328
0 0.020833333333333332 0.0 1.0 0.0 0.1513620720512851 0.04456200074726918 0.03924418604651163 0.008088235294117646 0.03357913512893143
0 0.05 0.0 1.0 0.0 0.0 0.0 0.0 0.0 0.0008101631900055278
0 0.014285714285714287 0.0 1.0 0.14285714285714285 0.043459553926670745 0.0 0.009966777408637873 0.0 0.04835886997390298
0 0.020833333333333332 0.0 1.0 0.0 0.07530769752171085 0.015617614735615673 0.026162790697674417 0.004411764705882353 7.146025995995006e-05
0 0.017857142857142856 0.0 1.0 0.0 0.17414394894036286 0.08912400149453836 0.0436046511627907 0.016176470588235292 0.07749059913067995
0 0.011363636363636364 0.0 1.0 0.0 0.133453421901491 0.011014824782546137 0.03276955602536998 0.0021390374331550803 0.06914071768267395