0 0.0625 0.0 1.0 0.0 0.030643026240083592 0.02285142975140224 0.014044943820224719 0.012073863636363636 0.0625
0 0.027777777777777776 0.0 1.0 0.0 0.043036795394153365 0.03155577209347691 0.014357053682896378 0.005050505050505052 0.012206515393813122
0 0.013888888888888888 0.0 1.0 0.0 0.05465563677189885 0.04229459941427746 0.018726591760299626 0.0028409090909090906 0.002771518941039533
0 0.03571428571428571 0.0 1.0 0.0 0.07691403835135177 0.020285853488663734 0.02407704654895666 0.003246753246753247 0.014728548573184017
0 0.018181818181818184 0.0 1.0 0.0 0.0069761583870321 0.0 0.0040858018386108275 0.0 0.0004789746675347857
0 0.01282051282051282 0.0 1.0 0.0 0.02408117982194657 0.0 0.010371650821089023 0.0 0.023236898731090964
0 0.06666666666666667 0.0 1.0 0.0 0.03336844953656997 0.01782314971599447 0.011454753722794959 0.004016064257028113 0.06666666666666668
1 0.01020408163265306 0.0 1.0 0.0 0.0293592956062728 0.011470182452495988 0.009993688196928254 0.003231585233060523 0.011312089669652798
0 0.013333333333333332 0.0 1.0 0.0 0.04010222618190409 0.013972644679918822 0.013814432989690721 0.003855421686746989 0.017620785827554775
0 0.006756756756756757 0.0 1.0 0.05405405405405406 0.01911449158571668 0.00846721762534257 0.007337234141357854 0.0021863515839419465 0.0071147450777250265
0 0.011764705882352941 0.0 1.0 0.11764705882352941 0.025177305410321666 0.0099700644775567 0.009500707499494646 0.0021261516654854716 0.006379262040300364
0 0.010416666666666666 0.0 1.0 0.0 0.02911481051294919 0.018283120391204506 0.011920103092783506 0.0031196213425129095 0.02633805841834544
0 0.011904761904761904 0.0 1.0 0.0 0.023308504746942137 0.01468252153066883 0.00859106529209622 0.0015777395295467585 0.018239485789300205
1 0.020833333333333332 0.0 1.0 0.0 0.013326191944446779 0.007169297618483568 0.007731958762886598 0.0 0.07131252603560158
0 0.004273504273504273 0.0 1.0 0.07692307692307693 0.014170024351983791 0.008928133619334585 0.006476341527887919 0.0005957897524162584 0.009663356721021473
0 0.005263157894736842 0.0 1.0 0.0 0.004552912431824186 0.010714175292761889 0.004069451980466631 0.0010870549868647523 0.00017918451379491895
0 0.008264462809917356 0.0 1.0 0.0 0.02229098174098901 0.0081679840304945 0.01140268666041862 0.0015647003598810829 0.02090418422696006
0 0.013888888888888888 0.0 1.0 0.16666666666666666 0.013159202654116646 0.007169297618483568 0.0042955326460481094 0.0 0.0006246594419996648
0 0.0024813895781637717 0.0 1.0 0.06451612903225806 0.024133444815529835 0.0070558798543891845 0.007815098104423013 0.000943867636444395 0.013461108741593321
0 0.008928571428571428 0.0 1.0 0.0 0.01457861851570175 0.004904248476914263 0.00429553264604811 0.0008605851979345956 0.0003966219840454614
0 0.008333333333333333 0.0 1.0 0.0 0.014298177846049571 0.004904248476914263 0.004939862542955327 0.0008605851979345956 0.0004452778075998556
0 0.002717391304347826 0.0 1.0 0.0 0.02408026415480244 0.006408337217564203 0.008366950545345883 0.0011973359275611764 0.019425744753175198
1 0.0012004801920768306 0.0 1.0 0.0 0.016499797385559234 0.0042685181619258215 0.005645557191948943 0.0008430222347114407 0.015955379418272953
0 0.006944444444444444 0.0 1.0 0.0 0.03039934514622096 0.0038350115363858647 0.007517182130584193 0.0008605851979345956 0.09950383485398136
0 0.0029239766081871343 0.0 1.0 0.0 0.03453531538466116 0.010653187889353438 0.012409316533027872 0.002103652706062345 0.03883812266151884
0 0.0038461538461538464 0.0 1.0 0.0 0.016185145128871863 0.0 0.0043616177636796195 0.0 0.05281515311201336
0 0.0026455026455026454 0.0 1.0 0.1111111111111111 0.023745806124769606 0.008780522502177321 0.008877434135166097 0.0017211703958691911 0.003017322546444445
0 0.0022727272727272726 0.0 1.0 0.0 0.009898586425761063 0.005832576599675401 0.004037800687285224 0.0012048192771084338 0.00012681452440933363
0 0.0024154589371980675 0.0 1.0 0.0 0.02035773590153588 0.010042247343938299 0.008686521573119513 0.002103652706062345 9.387625078995289e-05
0 0.003472222222222222 0.0 1.0 0.0 0.004697495117662246 0.004816712522544738 0.004295532646048111 0.0011474469305794608 0.000324062449334638
0 0.0015384615384615385 0.0 1.0 0.07692307692307693 0.025734510035454808 0.0039525910249466785 0.007665873645255088 0.0006619886137958428 3.6094931082069616e-05
0 0.007692307692307693 0.0 1.0 0.0 0.03183795863748735 0.004301578571090141 0.010996563573883162 0.0006884681583476765 0.00039997873370242336
0 0.037037037037037035 0.0 1.0 0.0 0.0 0.0 0.0 0.0 0.021650772600423675
0 0.0023809523809523807 0.0 1.0 0.0 0.010051175000227187 0.0 0.0027491408934707906 0.0 0.00015077580270637014
0 0.0034482758620689655 0.0 1.0 0.0 0.007529199882360238 0.0 0.0034364261168384883 0.0 0.00026524908901722714
0 0.0010416666666666667 0.0 1.0 0.03125 0.027016551613547022 0.003102960022147838 0.009987113402061853 0.0005916523235800344 0.015588582671230781
0 0.0026881720430107525 0.0 1.0 0.0 0.029904411133733017 0.0 0.012886597938144331 0.0 0.011805994973986959
0 0.001953125 0.0 1.0 0.0 0.019766526865367555 0.0075472940485248755 0.007517182130584192 0.0016135972461273666 0.05041405180766271
0 0.07692307692307693 0.0 1.0 0.0 0.07017722219190267 0.044350475827580865 0.023695054945054948 0.010003449465332872 0.07692307692307694
0 0.03571428571428571 0.0 1.0 0.0 0.06346441607132218 0.037087101400273347 0.021045918367346945 0.008648302370275463 0.07043796524187841
0 0.02564102564102564 0.0 1.0 0.15384615384615385 0.07765674954642882 0.03833975590551374 0.026442307692307692 0.009658502932045534 0.0735599553587656
0 0.013888888888888888 0.0 1.0 0.0 0.07066307428755406 0.03282568953467195 0.01884920634920635 0.007473841554559045 0.03605136253967725
0 0.0125 0.0 1.0 0.125 0.06087354307232992 0.023367587278690097 0.020089285714285716 0.002522421524663677 0.05056829601875104
0 0.023809523809523808 0.0 1.0 0.0 0.08827729808408503 0.02001294963007184 0.028061224489795915 0.0025624599615631004 0.12417619790077404
0 0.03571428571428571 0.0 1.0 0.0 0.06676773972689368 0.04670051410300355 0.018973214285714284 0.007847533632286996 0.0006208616553793774
0 0.013888888888888888 0.0 1.0 0.2222222222222222 0.07073691867041103 0.023727985401679193 0.023313492063492064 0.0024912805181863482 0.09641012733770384
0 0.015873015873015872 0.0 1.0 0.0 0.007368328183243428 0.0 0.003826530612244898 0.0 0.0010365882318674343
0 0.007692307692307693 0.0 1.0 0.0 0.038606584386978844 0.00445201730816121 0.01201923076923077 0.0010348395998620215 0.06072661641544348
0 0.00909090909090909 0.0 1.0 0.2 0.07398066359042366 0.02893424125589844 0.020089285714285716 0.005829596412556054 0.09500759198777972
0 0.005555555555555555 0.0 1.0 0.0 0.022185207534732278 0.0 0.003869047619047619 0.0 0.025343566981913868
0 0.007692307692307693 0.0 1.0 0.0 0.08333095131021662 0.03017755458425709 0.025 0.005829596412556054 0.09525071229564039
0 0.005952380952380952 0.0 1.0 0.16666666666666666 0.03377827558760085 0.009339376494033526 0.012648809523809522 0.0014947683109118087 0.017363018067566634
1 0.007407407407407408 0.0 1.0 0.2222222222222222 0.13623044633812004 0.013434752493037414 0.03720238095238096 0.0024912805181863482 0.05780186052139697
0 0.006944444444444444 0.0 1.0 0.0 0.1076555249957073 0.022142085476625748 0.027777777777777776 0.003986048829098157 0.062057503963609935
0 0.006535947712418301 0.0 1.0 0.2222222222222222 0.08041877742329287 0.01660656410746931 0.02331349206349206 0.0029895366218236174 0.09173693925109465
0 0.03571428571428571 0.0 1.0 0.0 0.06676773972689368 0.04670051410300355 0.018973214285714284 0.007847533632286996 0.0006208616553793774
0 0.008771929824561403 0.0 1.0 0.0 0.0641989662727349 0.0 0.01636904761904762 0.0 0.13428156435434743
0 0.0033333333333333335 0.0 1.0 0.0 0.07089681568747022 0.02157471255179395 0.019642857142857142 0.004484304932735426 0.054890742949000496
0 0.004329004329004329 0.0 1.0 0.0 0.028627262751792747 0.007759535966984091 0.013798701298701298 0.0020383204239706482 0.029234120318319436
1 0.02631578947368421 0.0 1.0 0.05263157894736842 0.0651025424879221 0.0351193007764909 0.019483805668016194 0.005620848237097596 0.02631578947368421
0 0.07142857142857142 0.0 1.0 0.0 0.11640512563660399 0.06434780906950323 0.03846153846153847 0.013869625520110956 0.15614581203146474
0 0.00980392156862745 0.0 1.0 0.0 0.0744622419301663 0.038620106003669406 0.025735294117647058 0.007424328954882924 0.022992578374752447
0 0.013157894736842105 0.0 1.0 0.0 0.11032435277444935 0.059946046406510606 0.03643724696356275 0.011752682677567704 0.03691231370343421
0 0.03333333333333333 0.0 1.0 0.3333333333333333 0.0 0.0 0.0032051282051282055 0.0 0.0015617268444903356
0 0.06666666666666667 0.0 1.0 0.0 0.07723459404733973 0.04292978558796678 0.02524822695035461 0.009401709401709401 0.06666666666666667
0 0.011627906976744186 0.0 1.0 0.0 0.04824359393296189 0.03003778896182129 0.017417120237506193 0.0074537865235539645 0.016777829848713087
0 0.013888888888888888 0.0 1.0 0.0 0.02602094746294707 0.01871485337392312 0.011347517730496455 0.0035612535612535613 0.018762119667251
0 0.008064516129032258 0.0 1.0 0.06451612903225806 0.06889845128776176 0.02538937922465602 0.018805765271105012 0.0028949545078577332 0.018477942193878664
0 0.013333333333333334 0.0 1.0 0.0 0.06348220893052563 0.01675172070054398 0.020141843971631206 0.003418803418803419 0.04240848238701967
0 0.027777777777777776 0.0 1.0 0.0 0.07489758193621479 0.018385182587406478 0.02198581560283688 0.004273504273504273 0.12438018263316623
0 0.010989010989010988 0.0 1.0 0.0 0.08067321171482819 0.011985929473523775 0.022585924713584286 0.0026298487836949377 0.054630481993104
0 0.0078125 0.0 1.0 0.0 0.0383816078356631 0.008252292605513332 0.010372340425531916 0.0016025641025641025 0.044855835782477836
0 0.006944444444444444 0.0 1.0 0.0 0.04652728194335878 0.01712097745446878 0.018085106382978725 0.004006410256410256 0.05847747482869718
0 0.0071428571428571435 0.0 1.0 0.0 0.004866207293801237 0.003525776192042178 0.0024316109422492403 0.0009157509157509158 0.0004868923398624048
0 0.015151515151515152 0.0 1.0 0.0 0.06141018622853927 0.008226811114765082 0.01702127659574468 0.0021367521367521365 0.12799571988936628
0 0.003623188405797101 0.0 1.0 0.0 0.07104143604896876 0.010730595871865579 0.018686401480111005 0.002229654403567447 0.026815000596729848
0 0.00591715976331361 0.0 1.0 0.0 0.04154556200580302 0.011871024827218716 0.013747954173486086 0.0026298487836949377 0.0554707440185948