0 0.16666666666666666 0.0 1.0 0.0 0.08717863454028797 0.07947756450691792 0.024305555555555552 0.014035087719298246 0.16666666666666663
0 0.015625 0.0 1.0 0.125 0.03415966899644098 0.04367592500396749 0.008138020833333332 0.007894736842105265 0.017038482786203676
1 0.02222222222222222 0.0 1.0 0.0 0.03549531482386983 0.01746253102585702 0.014583333333333334 0.002807017543859649 0.016930232851458567
0 0.025 0.0 1.0 0.0 0.07154963905252949 0.024183751796801913 0.022916666666666665 0.005263157894736842 0.06578997887039414
0 0.013333333333333334 0.0 1.0 0.0 0.016154337694037218 0.007796344833611907 0.005555555555555555 0.0014035087719298245 5.227497120398371e-05
0 0.041666666666666664 0.0 1.0 0.0 0.0 0.0 0.0 0.0 0.00045558851005982905
0 0.015873015873015872 0.0 1.0 0.0 0.067674548087133 0.0 0.015046296296296295 0.0 0.044952986699668976
0 0.025 0.0 1.0 0.0 0.04116817434095449 0.0 0.014583333333333332 0.0 0.0002253202733917935
0 0.16666666666666666 0.0 1.0 0.0 0.017304971009185304 0.02947190035145485 0.012461059190031152 0.007861635220125786 0.16666666666666666
1 0.014705882352941176 0.0 1.0 0.17647058823529413 0.039877894569761076 0.03375832980692682 0.007696536558548652 0.0061043285238623745 0.0064763918477476175
0 0.03333333333333333 0.0 1.0 0.0 0.07144450993544302 0.07854506450444329 0.02523364485981308 0.010377358490566039 2.7935105101837704e-05
0 0.019230769230769232 0.0 1.0 0.0 0.04157370814055835 0.006732372949309621 0.009345794392523364 0.001451378809869376 2.5594553709697236e-05
1 0.05 0.0 1.0 0.0 0.0777416480809403 0.036434650371511695 0.02102803738317757 0.007075471698113208 0.0001047123958120634
0 0.03333333333333333 0.0 1.0 0.0 0.031408378268391615 0.0 0.007476635514018691 0.0 0.00015278486664592104
0 0.01020408163265306 0.0 1.0 0.0 0.05877531007157509 0.028852631481910522 0.018691588785046728 0.005390835579514824 1.9564947587622048e-05
0 0.03125 0.0 1.0 0.0 0.10086962675766725 0.10098421018668682 0.037383177570093455 0.018867924528301886 9.642383958650935e-05
0 0.0065359477124183 0.0 1.0 0.0 0.04397913184405102 0.02890927582869249 0.014843320505772402 0.005549389567147614 1.5482288649410562e-05
1 0.02857142857142857 0.0 1.0 0.05714285714285714 0.05341429687212295 0.06411414434703953 0.017699115044247787 0.012244897959183678 0.028571428571428577
0 0.07142857142857142 0.0 1.0 0.0 0.06871148186683182 0.04221148991374762 0.0202275600505689 0.00510204081632653 0.03150501097583906
1 0.08333333333333333 0.0 1.0 0.0 0.10051087515868058 0.045977058802145705 0.024336283185840708 0.008928571428571428 0.009498191865078488
0 0.03125 0.0 1.0 0.0 0.06554883227782834 0.02996179153780101 0.011061946902654867 0.004464285714285714 0.00616413848649456
0 0.028571428571428574 0.0 1.0 0.0 0.05647395554866145 0.026272605029797547 0.01011378002528445 0.00510204081632653 0.0002449785476131759
0 0.008333333333333333 0.0 1.0 0.0 0.026318404183761746 0.0 0.011061946902654865 0.0 0.010402295810736869
0 0.015873015873015872 0.0 1.0 0.0 0.02025341430025691 0.0 0.00688298918387414 0.0 0.00023973052246056712
0 0.017857142857142856 0.0 1.0 0.0 0.03197497898333734 0.0 0.01390644753476612 0.0 0.06021721804309139
0 0.02222222222222222 0.0 1.0 0.0 0.012530947516482191 0.0 0.0035398230088495575 0.0 0.02308474269581929
0 0.009090909090909092 0.0 1.0 0.0 0.0381204192987115 0.027053063444554302 0.012067578439259853 0.00487012987012987 0.036029098725567595