0 0.05 0.0 1.0 0.1 0.03600518703602745 0.03871824093077991 0.019280205655526992 0.008505154639175259 0.049999999999999996
0 0.05 0.0 1.0 0.0 0.03331559517679433 0.03991432864514819 0.01953727506426735 0.00927835051546392 0.10410596773340627
0 0.018518518518518517 0.0 1.0 0.0 0.017816985324932314 0.013419336070679617 0.005712653527563553 0.0025773195876288655 0.028653989580866852
0 0.027777777777777776 0.0 1.0 0.0 0.014622766312810093 0.012524713665967642 0.006855184233076263 0.002290950744558992 0.015898647127322443
0 0.03333333333333333 0.0 1.0 0.0 0.030569336825424776 0.01610320328481554 0.011139674378748929 0.002577319587628866 0.03531744098196143
0 0.018518518518518517 0.0 1.0 0.0 0.02847491683268263 0.035328285138569095 0.015995429877177947 0.008018327605956473 0.11470308349405148
0 0.011904761904761904 0.0 1.0 0.0 0.03241230100783934 0.0361060350832852 0.019708654670094257 0.009450171821305841 0.07292856003046803
0 0.004166666666666667 0.0 1.0 0.06666666666666667 0.015137710977781882 0.012763465174147968 0.007969151670951155 0.0009450171821305842 0.00945764270757827
0 0.009259259259259259 0.0 1.0 0.0 0.027886187512165997 0.02291911573700747 0.016709511568123392 0.005369415807560137 0.08095568803586965
0 0.00625 0.0 1.0 0.0 0.034275601044997515 0.029985657625849278 0.016227506426735216 0.006604381443298968 0.06027576937639545
0 0.004132231404958678 0.0 1.0 0.0 0.01996835618805841 0.008011344981500995 0.008413180649684503 0.0014058106841611997 0.008567217002500647
0 0.0026041666666666665 0.0 1.0 0.0 0.01696616211697747 0.013855990080453262 0.011166452442159382 0.002980025773195876 0.024733335975905792
0 0.004524886877828055 0.0 1.0 0.0 0.022639620158813413 0.01512439274817609 0.01391199153183124 0.003486961795027289 0.05281507623680914
0 0.003968253968253968 0.0 1.0 0.0 0.0076917394534933 0.004772247159749557 0.006569551556698087 0.000859106529209622 0.000822662973940195
0 0.006060606060606061 0.0 1.0 0.0 0.026745417367870283 0.030430043028383615 0.015891563449404063 0.007029053420805998 0.08830939169310902
0 0.003472222222222222 0.0 1.0 0.0 0.02822787805051276 0.03308017337094782 0.023279063124821475 0.007731958762886598 0.03874471833471393
0 0.002262443438914027 0.0 1.0 0.0 0.02320239014787178 0.0120916016398457 0.014435436029266363 0.00267644726407613 0.03423153596849606
0 0.00326797385620915 0.0 1.0 0.0 0.017563050495593945 0.017966134504320008 0.011643732042945712 0.003941782898726501 0.05363027130688646
0 0.010526315789473684 0.0 1.0 0.0 0.035065924414756144 0.04176101337290938 0.026735218508997426 0.010309278350515464 0.20815222561926866
0 0.001388888888888889 0.0 1.0 0.05555555555555555 0.024607593152290625 0.016670968037449798 0.012996286775207082 0.00379438717067583 0.020558183606505714
0 0.0031746031746031746 0.0 1.0 0.0 0.019383427025222073 0.016783686086819526 0.01199657240788346 0.003951890034364261 0.06123407094376474
0 0.0025252525252525255 0.0 1.0 0.0 0.018169048187103205 0.023814561334139853 0.012996286775207082 0.005297823596792668 0.04849592126362168
0 0.0036231884057971015 0.0 1.0 0.0 0.027005475823875136 0.031631531557796785 0.019065981148243358 0.007517182130584193 0.07737067523504408
0 0.05263157894736842 0.0 1.0 0.0 0.04363368751676035 0.07649639266011314 0.027129679869777535 0.019736842105263157 0.05263157894736842
0 0.027777777777777776 0.0 1.0 0.0 0.04845545974146825 0.05377844294001617 0.018327605956471937 0.008680555555555556 0.04414589652462281
1 0.1111111111111111 0.0 1.0 0.0 0.08837294195412536 0.04831880168827426 0.034364261168384876 0.010416666666666666 0.19991749076571763
0 0.007142857142857143 0.0 1.0 0.0 0.05173517588300812 0.03975130251847778 0.020913107511045654 0.007440476190476189 0.01756020130124899
0 0.009090909090909092 0.0 1.0 0.0 0.05170230949490659 0.02904607205033408 0.018275538894095594 0.00615530303030303 0.03872716399915749
0 0.06666666666666667 0.0 1.0 0.0 0.03366415100349724 0.04589914289671659 0.016239316239316237 0.012121212121212123 0.06666666666666667
1 0.01282051282051282 0.0 1.0 0.0 0.062196323943376174 0.07155870804410364 0.028599605522682443 0.013653013653013654 0.010990142521508943
0 0.013888888888888888 0.0 1.0 0.0 0.04727395800388878 0.05109592984678856 0.027777777777777773 0.011363636363636362 0.00771246884730227
0 0.041666666666666664 0.0 1.0 0.0 0.041596800519981186 0.052594860107190396 0.02413617886178862 0.013292433537832313 0.04166666666666668
0 0.019230769230769232 0.0 1.0 0.0 0.027947637858191484 0.05176568884796106 0.016651031894934335 0.009910335063709298 0.022992145179321348
0 0.015873015873015872 0.0 1.0 0.0 0.05024624595799506 0.05321507938192347 0.023809523809523808 0.008764241893076249 0.03519604563118608
0 0.011363636363636364 0.0 1.0 0.0 0.031225031414011787 0.030522933699786457 0.01967849223946785 0.006971556051310653 0.03658326217112518
0 0.009090909090909092 0.0 1.0 0.09090909090909091 0.035222767856947106 0.036436309086023556 0.016906873614190687 0.00864472950362521 0.02852993105527831
1 0.00505050505050505 0.0 1.0 0.0 0.03995605594263915 0.041653708245080016 0.02309682187730969 0.009667224391150772 0.018217365395690795
0 0.008928571428571428 0.0 1.0 0.0 0.03503776005036219 0.019683719174233748 0.01676829268292683 0.004984662576687116 0.022028481241159248