0 0.07692307692307693 0.0 1.0 0.15384615384615385 0.037744964101329395 0.030335308269265553 0.01979638009049774 0.008547008547008546 0.07692307692307693
0 0.05 0.0 1.0 0.0 0.03588588220083403 0.040626734451448876 0.014705882352941176 0.007407407407407406 0.0011857996516992212
0 0.03333333333333333 0.0 1.0 0.0 0.03497776543469698 0.023534287210728956 0.02058823529411765 0.008888888888888887 0.008599817070185957
0 0.025 0.0 1.0 0.0 0.054187138636744805 0.03947259635574012 0.022794117647058826 0.006666666666666666 0.0884300840710099
0 0.013333333333333334 0.0 1.0 0.0 0.0381759898419689 0.010452498354427105 0.01323529411764706 0.0019753086419753087 0.0038275663951563765
0 0.013888888888888888 0.0 1.0 0.0 0.02772269589245574 0.022285162275265852 0.007965686274509805 0.0012345679012345679 0.00012131723135009692
1 0.006493506493506493 0.0 1.0 0.0 0.041979444889807295 0.014029150447591949 0.010695187165775402 0.0026936026936026937 0.03965597920502096
1 0.002840909090909091 0.0 1.0 0.0 0.06803935855845564 0.0200418884482561 0.0213903743315508 0.005218855218855218 0.0096556848413367
0 0.16666666666666666 0.0 1.0 0.0 0.027407113864777274 0.032164956882926275 0.007692307692307693 0.005148005148005148 0.16666666666666666
0 0.014705882352941176 0.0 1.0 0.0 0.016782007757938203 0.02223239710435046 0.009841628959276016 0.004428798546445609 0.010663417093471359
0 0.020833333333333332 0.0 1.0 0.125 0.03549976476166427 0.026150241905370297 0.019230769230769232 0.006032818532818533 1.834077294234315e-05
0 0.015625 0.0 1.0 0.0 0.04635411004582566 0.04089059364443554 0.02355769230769231 0.009169884169884172 1.535460972652211e-05
0 0.02 0.0 1.0 0.0 0.02196353393425633 0.010291913684417658 0.01 0.002316602316602317 5.4952497321855035e-05
0 0.020833333333333332 0.0 1.0 0.0 0.021901402964758575 0.011392797846000882 0.010576923076923078 0.0019305019305019305 7.452600594274803e-05
0 0.023809523809523808 0.0 1.0 0.0 0.02635452924405363 0.037424774164319656 0.026282051282051282 0.013513513513513514 9.213270137668197e-05
0 0.010416666666666666 0.0 1.0 0.0 0.041763421826226686 0.029562160323810944 0.03525641025641026 0.013513513513513514 2.5420517381789426e-05
0 0.006944444444444444 0.0 1.0 0.0 0.0185960208971826 0.0 0.007211538461538462 0.0 2.109424793606606e-05
0 0.03333333333333333 0.0 1.0 0.0 0.01869903274380207 0.014298315814539213 0.010256410256410256 0.002574002574002574 0.00031782893861059884
0 0.01818181818181818 0.0 1.0 0.0 0.051035538714691034 0.009649487064877883 0.011538461538461539 0.0015444015444015444 7.277548438795591e-05
0 0.009259259259259259 0.0 1.0 0.0 0.02084713835795387 0.02494984944287977 0.019658119658119658 0.009009009009009009 5.689786287960118e-05
0 0.015384615384615385 0.0 1.0 0.0 0.04438970223135955 0.05991170394283325 0.03230769230769231 0.017760617760617763 9.784703313097285e-05
0 0.008928571428571428 0.0 1.0 0.0 0.038394095868422046 0.03809923357972887 0.02836538461538462 0.0111003861003861 5.674291728357822e-05
0 0.0047619047619047615 0.0 1.0 0.0 0.04457264619510052 0.026136434579470617 0.019230769230769235 0.007170435741864313 1.9426365966111755e-05
0 0.002717391304347826 0.0 1.0 0.0 0.029778090517186138 0.028362361393507344 0.022742474916387968 0.009400705052878966 0.0041176436568178655
0 0.008403361344537815 0.0 1.0 0.0 0.025942901787262745 0.016892663042177684 0.022527472527472527 0.007722007722007722 7.793889177401126e-05
0 0.006172839506172839 0.0 1.0 0.0 0.021259982383656135 0.006074633502198574 0.007264957264957265 0.001716001716001716 4.175256868685978e-05
0 0.003508771929824561 0.0 1.0 0.0 0.026033550529503943 0.0047689193920462366 0.012307692307692308 0.001287001287001287 3.296877015984764e-05
0 0.004166666666666667 0.0 1.0 0.0 0.006792452990656921 0.003574578953634803 0.0038461538461538464 0.0006435006435006435 6.764116023593018e-05
0 0.007936507936507936 0.0 1.0 0.0 0.019986405653980365 0.016082478441463138 0.005128205128205128 0.002574002574002574 0.00012517372476395674
0 0.00909090909090909 0.0 1.0 0.0 0.0 0.0 0.0 0.0 0.0003769629529054116
0 0.008695652173913044 0.0 1.0 0.0 0.011650642498616266 0.0 0.005384615384615385 0.0 0.00018312898556837096
0 0.004166666666666667 0.0 1.0 0.0 0.007750391189897518 0.006437994336414815 0.004230769230769231 0.0015444015444015444 8.310253657212254e-05