0 0.07142857142857142 0.0 1.0 0.0 0.0887427002450955 0.05758671012264404 0.03345388788426763 0.018315018315018312 0.07142857142857142
0 0.08333333333333333 0.0 1.0 0.0 0.06649989635338391 0.06675259481312425 0.02320675105485232 0.010683760683760682 0.07464589597185063
0 0.03333333333333333 0.0 1.0 0.0 0.033791890649729844 0.06052789009465084 0.010126582278481013 0.0038461538461538464 0.03199465625244636
0 0.020833333333333332 0.0 1.0 0.0 0.00907622937859307 0.021473822833791904 0.016877637130801686 0.0032051282051282055 0.012323770735267666
0 0.03333333333333333 0.0 1.0 0.0 0.1098875394593128 0.0 0.0379746835443038 0.0 0.0825030669726418
0 0.027777777777777776 0.0 1.0 0.0 0.07508545072501578 0.036770365174812955 0.0379746835443038 0.008547008547008546 0.14002412366005315
0 0.02040816326530612 0.0 1.0 0.0 0.07033712838811114 0.0 0.02531645569620253 0.0 0.10110785930804563
0 0.0125 0.0 1.0 0.0 0.04234562362646427 0.019495929290800934 0.02405063291139241 0.007692307692307693 0.018428858123037337
0 0.013888888888888888 0.0 1.0 0.0 0.08306430737717592 0.027577773881109716 0.03164556962025317 0.00641025641025641 0.10892119215924746
0 0.125 0.0 1.0 0.0 0.018510325008221435 0.030627661149551122 0.019230769230769232 0.01715686274509804 0.125
1 0.03571428571428571 0.0 1.0 0.0 0.07328412157576669 0.06029813892222406 0.016483516483516484 0.009803921568627453 0.017413538386095884
0 0.016666666666666666 0.0 1.0 0.2 0.05216808726408103 0.04758450883383884 0.021153846153846155 0.008823529411764706 2.5094342627428403e-05
0 0.05 0.0 1.0 0.0 0.02403093413272473 0.029817303621224957 0.023076923076923078 0.011764705882352941 0.00029357465212685133
0 0.04 0.0 1.0 0.0 0.11193708175980373 0.09532840222330467 0.03076923076923077 0.0196078431372549 0.00014297307778361558
1 0.08333333333333333 0.0 1.0 0.0 0.031126481430131126 0.0245021289196409 0.016472868217054265 0.010784313725490194 0.08333333333333333
0 0.16666666666666666 0.0 1.0 0.0 0.051376708904529465 0.0245021289196409 0.007751937984496124 0.00784313725490196 0.0009867170171044242
0 0.05555555555555555 0.0 1.0 0.0 0.047723945303877836 0.029817303621224953 0.04069767441860465 0.01764705882352941 0.00024004791516447652
1 0.05 0.0 1.0 0.0 0.0 0.0 0.004651162790697674 0.0 0.0007828646740334511
0 0.02 0.0 1.0 0.0 0.0424607334622291 0.02205191602767681 0.01627906976744186 0.0 0.035828180414528885
1 0.01111111111111111 0.0 1.0 0.0 0.03944850829539768 0.0723406792425569 0.02945736434108527 0.01176470588235294 0.031900354504118975
0 0.023809523809523808 0.0 1.0 0.0 0.04242549541341495 0.04340242062004664 0.03875968992248062 0.00980392156862745 0.10974434126389154
0 0.011363636363636364 0.0 1.0 0.0 0.06291313532315196 0.03845536363842634 0.0306553911205074 0.01176470588235294 0.03946174569845739
0 0.013888888888888888 0.0 1.0 0.0 0.08061774377693247 0.03546969361380217 0.036337209302325583 0.011764705882352941 0.05464415893607073
0 0.01 0.0 1.0 0.0 0.03612653447976991 0.03000668943353572 0.03488372093023256 0.009411764705882352 0.053766089880986745