0 0.06666666666666667 0.0 1.0 0.13333333333333333 0.0394349573612589 0.007934022697788482 0.016981132075471698 0.008888888888888887 0.06666666666666667
0 0.03571428571428571 0.0 1.0 0.0 0.023193119550227712 0.005853241803337573 0.009433962264150943 0.009523809523809521 0.023820585270488186
1 0.013888888888888888 0.0 1.0 0.0 0.06791124236360371 0.05447313903997891 0.018474842767295597 0.003968253968253969 0.01999290783585055
0 0.0625 0.0 1.0 0.0 0.023084989499798696 0.04462887767506021 0.0 0.0 0.0008477679802660979
0 0.04 0.0 1.0 0.0 0.0 0.04760413618673089 0.0056603773584905665 0.0 0.0009866637008913246
0 0.018518518518518517 0.0 1.0 0.0 0.03863445023767967 0.02840821716176689 0.013626834381551363 0.004232804232804233 0.02957082129647852
0 0.07142857142857142 0.0 1.0 0.0 0.047222542920890835 0.0 0.0 0.0 0.002049224775002827
0 0.0125 0.0 1.0 0.0 0.018387730991014435 0.0 0.00849056603773585 0.0 0.006940545873175346
1 0.006172839506172839 0.0 1.0 0.0 0.04461720930942461 0.017509951371628647 0.01310272536687631 0.003174603174603175 0.033516873556594294
0 0.02 0.0 1.0 0.0 0.052660780308655175 0.023802068093365446 0.01509433962264151 0.00380952380952381 0.0003351701470218733
0 0.1 0.0 1.0 0.0 0.06007923179456794 0.02242357943225508 0.019753086419753086 0.006211180124223602 0.09999999999999998
0 0.05555555555555555 0.0 1.0 0.0 0.04351824161763209 0.03501678704433078 0.01577503429355281 0.008281573498964802 0.006329300046950561
0 0.041666666666666664 0.0 1.0 0.125 0.0042861849490343235 0.009701929929360914 0.006172839506172839 0.005434782608695651 0.00040934208025505
0 0.03571428571428571 0.0 1.0 0.14285714285714285 0.05339369823123805 0.022175839838539234 0.013227513227513227 0.005323868677905944 0.18346443370309803
0 0.02 0.0 1.0 0.0 0.03098433282465094 0.015992020452920246 0.010493827160493827 0.008074534161490681 9.627059519978941e-05
0 0.03333333333333333 0.0 1.0 0.0 0.006002158658504368 0.007761543943488732 0.0 0.0 0.0006612994428879559
0 0.010989010989010988 0.0 1.0 0.0 0.00879442860170816 0.0 0.004273504273504273 0.0 0.001165758899626697
0 0.041666666666666664 0.0 1.0 0.0 0.07792663042407694 0.05330673484306748 0.028806584362139915 0.010351966873706004 0.0003451585234770767
0 0.0101010101010101 0.0 1.0 0.0 0.01881530842714396 0.007055949039535211 0.006172839506172839 0.0 0.00013537147656734365
0 0.005555555555555556 0.0 1.0 0.1111111111111111 0.05347478192824149 0.023497984364955385 0.014746227709190672 0.0024154589371980675 0.046450225299262876
0 0.006493506493506494 0.0 1.0 0.0 0.019045637033794773 0.0038173316108723295 0.007936507936507936 0.0008873114463176574 0.0004744691707001225
0 0.005208333333333333 0.0 1.0 0.0 0.031624312962690256 0.036137162339935726 0.010416666666666666 0.002717391304347826 0.00019704881174657476
0 0.003663003663003663 0.0 1.0 0.0 0.01925573910260524 0.007678822748687261 0.008818342151675485 0.0011830819284235432 0.0001603728737013618
0 0.004201680672268907 0.0 1.0 0.0 0.07622767255355165 0.007525656683727174 0.013798111837327523 0.0014614541468761417 0.0435525957471555
1 0.07692307692307693 0.0 1.0 0.0 0.01966529522806654 0.010448232231619448 0.009407858328721637 0.006688963210702342 0.07692307692307693
0 0.05 0.0 1.0 0.0 0.049179125827602824 0.03383225081888631 0.017266187050359712 0.007971014492753625 0.05337704856090784
0 0.05555555555555555 0.0 1.0 0.0 0.013321092791243367 0.03018378200245618 0.0023980815347721825 0.006038647342995169 0.00021414402299007088
0 0.05 0.0 1.0 0.0 0.03355710867161078 0.036220538402947415 0.012949640287769784 0.005797101449275362 0.00012953796175448786
0 0.1 0.0 1.0 0.0 0.017488304004994744 0.022637836501842135 0.0 0.0036231884057971015 0.00097007426663053
0 0.016666666666666666 0.0 1.0 0.0 0.03890299795137939 0.04074810570331585 0.008633093525179858 0.002173913043478261 0.01955030057906277
0 0.023809523809523808 0.0 1.0 0.3333333333333333 0.01835950539186067 0.03018378200245618 0.005995203836930456 0.0 0.00016912618359910108
0 0.0125 0.0 1.0 0.0 0.029241136180327025 0.011194414317044172 0.008633093525179858 0.002173913043478261 6.133323017683e-05
0 0.027777777777777776 0.0 1.0 0.0 0.01947294358755308 0.011318918250921068 0.00539568345323741 0.0 0.0002468983022113159
0 0.008333333333333333 0.0 1.0 0.0 0.021279383849442973 0.0 0.006594724220623502 0.0 4.7582817010613554e-05
0 0.004132231404958678 0.0 1.0 0.0 0.0285051733134581 0.0036593515770411617 0.00948332243296272 0.0006587615283267457 0.02246531373842502
0 0.005208333333333333 0.0 1.0 0.0 0.02088024024434423 0.006996508948152607 0.007643884892086331 0.001358695652173913 3.338254990144764e-05
0 0.01098901098901099 0.0 1.0 0.0 0.023969363336864842 0.011500819242129366 0.01130524152106886 0.002070393374741201 9.034446125272234e-05
0 0.007936507936507936 0.0 1.0 0.0 0.0296919475535974 0.0 0.004796163069544365 0.0 0.08055750980076844
0 0.009523809523809523 0.0 1.0 0.0 0.005292323315354902 0.0 0.0020554984583761563 0.0 0.00018740641596773607