0 0.043478260869565216 0.0 1.0 0.0 0.06725917641612926 0.056880893033886305 0.017543859649122806 0.010997442455242971 0.043478260869565216
1 0.02 0.0 1.0 0.0 0.055335866050251925 0.05042415415721201 0.0152046783625731 0.008235294117647061 0.03805230679350626
0 0.047619047619047616 0.0 1.0 0.0 0.12997621542512755 0.05192703111771751 0.02422723475355054 0.010084033613445379 0.13184822509116317
0 0.019230769230769232 0.0 1.0 0.0 0.10564189062872312 0.06565922361531319 0.02384165542060279 0.01176470588235294 0.06482836773587129
0 0.03333333333333333 0.0 1.0 0.0 0.1221004522853536 0.0504846135866698 0.0341130604288499 0.00980392156862745 0.13277302764504098
0 0.01515151515151515 0.0 1.0 0.0 0.07341911431438251 0.04455278992500446 0.014354066985645932 0.00748663101604278 0.034409921088871614
0 0.03571428571428571 0.0 1.0 0.0 0.0 0.01265333154545034 0.008771929824561403 0.0029411764705882353 0.001193110014373536
0 0.013888888888888888 0.0 1.0 0.0 0.0709789828403605 0.03365640905777986 0.02014294996751137 0.006535947712418301 0.08574531471548347
0 0.006944444444444444 0.0 1.0 0.0 0.06895959530283251 0.030475558172796662 0.01827485380116959 0.0058823529411764705 0.05654595408576777
0 0.0058823529411764705 0.0 1.0 0.0 0.07217369431547901 0.022142004016408322 0.0130718954248366 0.004152249134948097 0.051403583405854984
0 0.007575757575757576 0.0 1.0 0.0 0.11444538151445005 0.05995683199467875 0.02290448343079922 0.010784313725490194 0.0702219868193427
0 0.005952380952380952 0.0 1.0 0.0 0.020257072255553708 0.013904961383352158 0.005430242272347535 0.0025210084033613447 0.016292307031577646
0 0.005494505494505495 0.0 1.0 0.0 0.0701122252920952 0.03106958904268927 0.014619883040935672 0.006302521008403361 0.06618648324572719
0 0.08333333333333333 0.0 1.0 0.0 0.07656541161965351 0.04843125173622568 0.022222222222222227 0.011217948717948718 0.08333333333333336
0 0.05 0.0 1.0 0.0 0.027448824467186616 0.02403093413272473 0.012380952380952378 0.008653846153846154 0.00013267789811390577
1 0.16666666666666666 0.0 1.0 0.0 0.031977820158212045 0.030038667665905912 0.014285714285714287 0.004807692307692308 0.06447625998435891
1 0.041666666666666664 0.0 1.0 0.0 0.08348082245566874 0.020025778443937273 0.017460317460317457 0.008012820512820514 0.10832459118798347
0 0.018181818181818184 0.0 1.0 0.0 0.03852059008894102 0.045752242633273814 0.011255411255411256 0.0017482517482517483 0.04750964764011465
0 0.023809523809523808 0.0 1.0 0.0 0.08407233609535214 0.06262348055136675 0.016326530612244896 0.005494505494505495 0.15449329786525873
0 0.010989010989010988 0.0 1.0 0.0 0.038532631402384734 0.0 0.004395604395604396 0.0 0.057497942760896
0 0.025 0.0 1.0 0.0 0.0 0.0 0.0 0.0 0.000588498464447843
0 0.015873015873015872 0.0 1.0 0.0 0.008500738604773374 0.0 0.00272108843537415 0.0 0.0002708278507030331
0 0.016666666666666666 0.0 1.0 0.0 0.040868496713018405 0.0 0.007936507936507936 0.0 0.09726003386678554
0 0.004329004329004329 0.0 1.0 0.0 0.02254702621067252 0.0 0.0009070294784580499 0.0 0.0029483090291333677
0 0.016666666666666666 0.0 1.0 0.0 0.023802068093365446 0.0 0.00380952380952381 0.0 0.0003104212602620392
0 0.05555555555555555 0.0 1.0 0.0 0.11001103556247822 0.11229633993382888 0.031152647975077878 0.019916142557651992 0.05555555555555555
0 0.03333333333333333 0.0 1.0 0.0 0.0923849041909315 0.03025478894141785 0.01993769470404984 0.006289308176100629 0.06785460293910346
0 0.16666666666666666 0.0 1.0 0.0 0.08670289648737062 0.0 0.018691588785046728 0.0 0.11451219157586276
0 0.022727272727272728 0.0 1.0 0.18181818181818182 0.087500944534245 0.026497927542917597 0.023789294817332197 0.005145797598627788 0.0972419385336616
0 0.028571428571428574 0.0 1.0 0.0 0.03295982262555699 0.021837295402545608 0.010680907877169559 0.005390835579514824 0.026401850452758634
0 0.008771929824561403 0.0 1.0 0.0 0.10422098105918991 0.10638600625310106 0.02951303492375799 0.018867924528301886 0.05254673496961535
0 0.03333333333333333 0.0 1.0 0.0 0.0923849041909315 0.03025478894141785 0.01993769470404984 0.006289308176100629 0.06785460293910346
0 0.16666666666666666 0.0 1.0 0.0 0.08670289648737062 0.0 0.018691588785046728 0.0 0.11451219157586276
0 0.022727272727272728 0.0 1.0 0.18181818181818182 0.087500944534245 0.026497927542917597 0.023789294817332197 0.005145797598627788 0.0972419385336616
0 0.028571428571428574 0.0 1.0 0.0 0.03295982262555699 0.021837295402545608 0.010680907877169559 0.005390835579514824 0.026401850452758634