0 0.08333333333333333 0.0 1.0 0.0 0.06395455698385552 0.03681506744238974 0.02416666666666667 0.009259259259259259 0.08333333333333336
0 0.03571428571428571 0.0 1.0 0.0 0.02622004109742204 0.05151009780349571 0.0071428571428571435 0.006493506493506494 0.03068439704719839
0 0.02564102564102564 0.0 1.0 0.15384615384615385 0.06232082947095659 0.05010298057974613 0.030000000000000002 0.009324009324009326 0.048208524523703576
0 0.025 0.0 1.0 0.0 0.03591021245714259 0.017792335949298833 0.026999999999999996 0.00404040404040404 0.026103641391305287
0 0.02 0.0 1.0 0.2 0.04813456155175463 0.04750214284382728 0.036 0.010101010101010102 0.06203303201006044
0 0.041666666666666664 0.0 1.0 0.0 0.0 0.0 0.0225 0.0 0.001024734745106531
0 0.047619047619047616 0.0 1.0 0.0 0.0 0.0 0.03 0.0 0.0015366454371254833
0 0.041666666666666664 0.0 1.0 0.0 0.0270054553144814 0.0 0.043333333333333335 0.0 0.07016461518979653
0 0.012345679012345678 0.0 1.0 0.0 0.015914388023499617 0.017193723551212976 0.023333333333333334 0.004489337822671156 0.02016216395179969
0 0.02 0.0 1.0 0.0 0.026932027928589543 0.0 0.022 0.0 0.000529214982980131
0 0.012987012987012988 0.0 1.0 0.0 0.041335607155740674 0.0 0.005714285714285714 0.0 0.07101287913966924
0 0.016666666666666666 0.0 1.0 0.0 0.04537376426902008 0.0 0.008 0.0 0.10236267302669115
1 0.015384615384615385 0.0 1.0 0.4 0.0 0.0 0.004 0.0 0.0015518187341889323
0 0.08333333333333333 0.0 1.0 0.0 0.04277075048637854 0.02073422132931169 0.011818181818181818 0.004562043795620438 0.08333333333333333
0 0.045454545454545456 0.0 1.0 0.0 0.008457236151393616 0.022806300553769622 0.003966942148760331 0.0043132050431320505 0.0001564380904037943
0 0.02564102564102564 0.0 1.0 0.0 0.0316098944121175 0.016307125095567615 0.008111888111888111 0.0036496350364963507 0.05920717505665168
0 0.041666666666666664 0.0 1.0 0.0 0.06276649106046088 0.02464563521696521 0.016363636363636365 0.0042579075425790746 0.1431678885879084
0 0.02 0.0 1.0 0.0 0.024303097473927688 0.0136818457106024 0.008363636363636363 0.003284671532846715 0.08124336565126893
0 0.023809523809523808 0.0 1.0 0.0 0.025964918443479573 0.019545493872289144 0.006233766233766235 0.003128258602711157 0.02736334560789513
0 0.011904761904761904 0.0 1.0 0.0 0.00906410552685637 0.02048415313501878 0.005757575757575757 0.004257907542579076 0.00014870661393441282
0 0.010416666666666666 0.0 1.0 0.0 0.034029128228738346 0.016680684765649625 0.011818181818181818 0.0021289537712895373 0.06575965606905781
0 0.015873015873015872 0.0 1.0 0.0 0.003547874836833468 0.0 0.008311688311688312 0.0 0.0005005152897317029
0 0.014285714285714287 0.0 1.0 0.0 0.032531705841682086 0.019545493872289144 0.007792207792207792 0.0 0.1064023065098174
0 0.007575757575757576 0.0 1.0 0.0 0.010837752748461481 0.003800512697389555 0.0033333333333333327 0.0 0.0001421304625475779
0 0.011904761904761904 0.0 1.0 0.0 0.028197211523969406 0.005369583509739644 0.007272727272727272 0.0010427528675703858 0.04822535333737522
0 0.008547008547008548 0.0 1.0 0.0 0.026916424666184442 0.005067350263186074 0.006464646464646465 0.0008110300081103001 0.02813074548341908
0 0.00510204081632653 0.0 1.0 0.0 0.01213793188604624 0.009413889764181336 0.006233766233766233 0.001824817518248175 0.002320074390655649
0 0.006666666666666666 0.0 1.0 0.0 0.012005316431666222 0.0 0.011636363636363636 0.0 0.0001925283712996938
0 0.0078125 0.0 1.0 0.0 0.013065145122152202 0.0 0.0027272727272727275 0.0 0.0002671693673200131
0 0.014705882352941176 0.0 1.0 0.0 0.010789905942044282 0.007392004191920091 0.0036363636363636364 0.0018248175182481751 0.0009238952993755176
0 0.006944444444444444 0.0 1.0 0.0 0.0028700003828637396 0.0036960020959600453 0.008181818181818182 0.0009124087591240876 0.0004195857676284373
0 0.017543859649122806 0.0 1.0 0.0 0.008139808767544884 0.0 0.0024242424242424242 0.0 0.0013036972360274937
0 0.0125 0.0 1.0 0.0 0.011764035954893715 0.0 0.0036363636363636364 0.0 0.0008548723147196164
0 0.023809523809523808 0.0 1.0 0.0 0.0 0.0 0.0 0.0 0.0030195853460160764
0 0.005050505050505051 0.0 1.0 0.0 0.007426389813372829 0.0 0.006868686868686868 0.0 0.0002674246828044316
0 0.004830917874396135 0.0 1.0 0.0 0.03505674910794977 0.010134700526372147 0.010505050505050505 0.0016220600162206002 0.07843006947044168
0 0.004629629629629629 0.0 1.0 0.0 0.036546257727925996 0.01009087863416312 0.010505050505050505 0.00202757502027575 0.0785704954633752
0 0.008 0.0 1.0 0.0 0.005753727189521902 0.010646164627858114 0.012363636363636365 0.0021897810218978104 0.0006623044974008363
0 0.006410256410256411 0.0 1.0 0.0 0.0037727862528233688 0.0 0.0012121212121212121 0.0 0.0005173646101219678
0 0.037037037037037035 0.0 1.0 0.0 0.0 0.0 0.0 0.0 0.008331778625420144
1 0.002747252747252747 0.0 1.0 0.0 0.01193389073608937 0.004094678703022351 0.005314685314685315 0.0008422234699606962 0.00013366550379597595
0 0.004310344827586207 0.0 1.0 0.0 0.017732264237902157 0.004698385571022189 0.007272727272727272 0.0009124087591240876 0.00024259293097267753
0 0.003333333333333333 0.0 1.0 0.0 0.03559263272088598 0.0 0.00981818181818182 0.0 0.0855080307472763
0 0.0024813895781637717 0.0 1.0 0.0 0.02646248780146995 0.005782628395104233 0.006993006993006993 0.0011229646266142615 0.05329500276814127
0 0.002232142857142857 0.0 1.0 0.0 0.006746137015987198 0.0032575823120481904 0.0023376623376623377 0.0005213764337851929 0.000126459070928822
0 0.08333333333333333 0.0 1.0 0.0 0.028282382497053712 0.01934923187488534 0.007575757575757576 0.0036599099099099103 0.08333333333333336
0 0.020833333333333332 0.0 1.0 0.0 0.01582822009220417 0.016662328794786026 0.004910213243546576 0.0038006756756756763 0.031941000045402755
0 0.020833333333333332 0.0 1.0 0.0 0.012120867449298136 0.012899943915533025 0.0058922558922558915 0.0033783783783783786 6.8703681256615e-05
0 0.025 0.0 1.0 0.0 0.009242552014531797 0.01477577706809426 0.00505050505050505 0.0030405405405405407 0.04273728381316577
1 0.0125 0.0 1.0 0.0 0.03727345001305572 0.027426976035395692 0.010101010101010098 0.004011824324324325 0.005059197343261329
1 0.008771929824561403 0.0 1.0 0.10526315789473684 0.04127194526659629 0.028973532112640806 0.015594541910331383 0.0032005689900426746 0.025494125152606278
0 0.014285714285714285 0.0 1.0 0.0 0.020101153270671683 0.005950815064123596 0.01616161616161616 0.0013513513513513514 0.00010905558750842036
0 0.0125 0.0 1.0 0.2 0.04287479916311496 0.03454330941025059 0.02558922558922559 0.007094594594594596 0.041615029854137044
0 0.027777777777777776 0.0 1.0 0.0 0.02677396912565915 0.0 0.023569023569023566 0.0 0.05732967898488795
0 0.03333333333333333 0.0 1.0 0.0 0.012131014085100289 0.0 0.02356902356902357 0.0 0.0008174231900872989
0 0.030303030303030304 0.0 1.0 0.0 0.025196701818955506 0.0 0.031425364758698095 0.0 0.000600857836958128
0 0.009259259259259259 0.0 1.0 0.0 0.017974029255993965 0.008625905227551104 0.016835016835016835 0.0022522522522522522 0.019269005838120093
0 0.015384615384615385 0.0 1.0 0.0 0.017492120264388296 0.0 0.017508417508417508 0.0 0.00035929303619889566
0 0.007142857142857143 0.0 1.0 0.0 0.03147661002943525 0.008698362476081621 0.019865319865319864 0.0016891891891891893 6.644035191424912e-05
0 0.011111111111111112 0.0 1.0 0.0 0.027870270222314364 0.0 0.020763187429854096 0.0 0.028355747967503144
0 0.008928571428571428 0.0 1.0 0.0 0.013683081366307427 0.005361868430452205 0.022126022126022125 0.0009652509652509653 0.00023242623592051756
0 0.0196078431372549 0.0 1.0 0.0 0.0316170123620689 0.0 0.019079685746352413 0.0 0.0004748892874365301
0 0.005555555555555555 0.0 1.0 0.0 0.012861450109174444 0.0 0.012457912457912456 0.0 0.00014197528859613134
0 0.006578947368421052 0.0 1.0 0.0 0.03550994295811981 0.028149809259874075 0.007996632996632997 0.005067567567567568 0.00011102907883378889
0 0.0125 0.0 1.0 0.0 0.01861396054512235 0.006842598474953058 0.0025252525252525255 0.0016891891891891893 0.0005301067077892031
0 0.005952380952380952 0.0 1.0 0.0 0.016269076638322808 0.003421299237476529 0.0202020202020202 0.0008445945945945946 0.00019706221517390093
0 0.015151515151515152 0.0 1.0 0.0 0.013316243343507124 0.0 0.0 0.0 0.0010376334406029585
0 0.010869565217391304 0.0 1.0 0.0 0.01351261633751041 0.0 0.0025252525252525255 0.0 0.000572829095163115
0 0.020833333333333332 0.0 1.0 0.0 0.0 0.0 0.0 0.0 0.0024033361774457723
0 0.0044444444444444444 0.0 1.0 0.0 0.005480090650366127 0.0 0.005237560793116349 0.0 0.028684605351304356
0 0.007692307692307693 0.0 1.0 0.0 0.018669704541695465 0.006569930423498026 0.020875420875420873 0.0013513513513513514 0.00034105545534773813
0 0.006172839506172839 0.0 1.0 0.0 0.01147443174165814 0.0 0.0016835016835016836 0.0 0.00035590964494156994
0 0.03571428571428571 0.0 1.0 0.0 0.0 0.0 0.0 0.0 0.006631395605148442
0 0.0028735632183908046 0.0 1.0 0.0 0.015805306379518196 0.002737471009790844 0.005611672278338945 0.0005630630630630631 0.013607739840905173
0 0.004166666666666667 0.0 1.0 0.0 0.025424848862421322 0.00434918123804081 0.007154882154882154 0.0008445945945945946 0.0001397405715591412
0 0.0064516129032258064 0.0 1.0 0.4 0.07847098987516973 0.03909468362741082 0.032996632996632996 0.007432432432432433 0.0853228295648072
0 0.003472222222222222 0.0 1.0 0.0 0.03314701856271597 0.012491844105809601 0.02656191545080434 0.003003003003003003 0.012052676080887201
0 0.007575757575757576 0.0 1.0 0.0 0.009799265800391414 0.0 0.005892255892255892 0.0 0.0005979775418931935
0 0.0032679738562091504 0.0 1.0 0.0 0.02618158123548819 0.0 0.006359895248784138 0.0 8.920317386714508e-05
0 0.005714285714285714 0.0 1.0 0.0 0.008940272854590436 0.0054740787799624465 0.00404040404040404 0.0013513513513513514 0.0005511196683432727
0 0.0015432098765432098 0.0 1.0 0.0 0.012553976340591489 0.0 0.004863449307893752 0.0 0.01297759383486958