0 0.05555555555555555 0.0 1.0 0.0 0.07934748501923446 0.05235942758612711 0.025641025641025644 0.012882447665056357 0.05555555555555555
0 0.0625 0.0 1.0 0.0 0.13257248733796584 0.07504444189321746 0.03245192307692308 0.014492753623188406 0.11836029374305387
0 0.047619047619047616 0.0 1.0 0.0 0.14792128985249886 0.0771411387344039 0.03159340659340659 0.013802622498274672 0.1143891281290648
0 0.03125 0.0 1.0 0.0 0.035654100043502744 0.015091891001228088 0.007211538461538462 0.0 0.03346888091825358
0 0.02 0.0 1.0 0.0 0.08498380991622971 0.06003555351457397 0.024038461538461543 0.005797101449275362 0.07565551001214074
1 0.013888888888888888 0.0 1.0 0.0 0.08193075829673642 0.02487647626009816 0.01522435897435897 0.004830917874396135 0.04950352694999576
0 0.017857142857142856 0.0 1.0 0.0 0.07996643788511643 0.02012643367372639 0.019230769230769232 0.0036231884057971015 0.09507334564429666
0 0.015625 0.0 1.0 0.0 0.045206641524358715 0.0 0.009615384615384616 0.0 0.05947159821710463
0 0.037037037037037035 0.0 1.0 0.0 0.04350058983564986 0.0 0.009615384615384616 0.0 0.0012437585177660412
0 0.00625 0.0 1.0 0.0 0.07532802907760217 0.01865735719507362 0.016826923076923076 0.0036231884057971015 0.052831012334385995
0 0.01818181818181818 0.0 1.0 0.0 0.09541961178770189 0.0 0.01923076923076923 0.0 0.11305413484250634
1 0.004166666666666667 0.0 1.0 0.0 0.07141273651731102 0.0471234848275144 0.023076923076923078 0.011594202898550721 0.04991273183811012
0 0.0625 0.0 1.0 0.0 0.13257248733796584 0.07504444189321746 0.03245192307692308 0.014492753623188406 0.11836029374305387
0 0.047619047619047616 0.0 1.0 0.0 0.14792128985249886 0.0771411387344039 0.03159340659340659 0.013802622498274672 0.1143891281290648
0 0.03125 0.0 1.0 0.0 0.035654100043502744 0.015091891001228088 0.007211538461538462 0.0 0.03346888091825358
0 0.02 0.0 1.0 0.0 0.08498380991622971 0.06003555351457397 0.024038461538461543 0.005797101449275362 0.07565551001214074
0 0.013888888888888888 0.0 1.0 0.0 0.08193075829673642 0.02487647626009816 0.01522435897435897 0.004830917874396135 0.04950352694999576
0 0.017857142857142856 0.0 1.0 0.0 0.07996643788511643 0.02012643367372639 0.019230769230769232 0.0036231884057971015 0.09507334564429666
0 0.015625 0.0 1.0 0.0 0.045206641524358715 0.0 0.009615384615384616 0.0 0.05947159821710463
0 0.037037037037037035 0.0 1.0 0.0 0.04350058983564986 0.0 0.009615384615384616 0.0 0.0012437585177660412
0 0.00625 0.0 1.0 0.0 0.07532802907760217 0.01865735719507362 0.016826923076923076 0.0036231884057971015 0.052831012334385995
0 0.01818181818181818 0.0 1.0 0.0 0.09541961178770189 0.0 0.01923076923076923 0.0 0.11305413484250634
0 0.07692307692307693 0.0 1.0 0.0 0.09323569265097854 0.08941639485436396 0.03155818540433926 0.016983016983016984 0.07692307692307694
0 0.125 0.0 1.0 0.0 0.03710606008529829 0.06500765648849907 0.022435897435897433 0.012987012987012988 0.02970453285630426
0 0.020833333333333332 0.0 1.0 0.0 0.02105000085974851 0.035500243605161526 0.012019230769230768 0.00487012987012987 0.0015519865955514892
0 0.25 0.0 1.0 0.0 0.0 0.0 0.0 0.0 0.006028056243239488
0 0.018181818181818184 0.0 1.0 0.0 0.07066161340723622 0.030398055406377324 0.01515151515151515 0.005903187721369539 0.1111914042500351
0 0.018518518518518517 0.0 1.0 0.0 0.08182320829571482 0.03715317883001673 0.01566951566951567 0.007215007215007214 0.13912184848466136
0 0.015873015873015872 0.0 1.0 0.0 0.08083581914961803 0.03715317883001673 0.018518518518518517 0.007215007215007214 0.13809480573941169
1 0.015625 0.0 1.0 0.0 0.048130668746292585 0.02028585348866373 0.00641025641025641 0.003246753246753247 0.00018877459601784294
0 0.015873015873015872 0.0 1.0 0.2857142857142857 0.08432677429165394 0.04776837278145008 0.020146520146520148 0.009276437847866418 0.18051422769461906
0 0.07692307692307693 0.0 1.0 0.0 0.06764113464126054 0.053453432101650177 0.02508361204013378 0.013524936601859676 0.07692307692307693
0 0.038461538461538464 0.0 1.0 0.0 0.08805366904686748 0.06929800405729286 0.020066889632107027 0.01267962806424345 0.06771424422468832
0 0.05555555555555555 0.0 1.0 0.0 0.044019971589626394 0.057216509839820774 0.0 0.0 0.00033009131744294906
1 0.027777777777777776 0.0 1.0 0.0 0.05995767828593211 0.015257735957285542 0.014492753623188406 0.002442002442002442 0.05855373937418537
0 0.025 0.0 1.0 0.0 0.07953601156557054 0.03536696830934285 0.014945652173913044 0.006868131868131868 0.09272467112129104
0 0.013888888888888888 0.0 1.0 0.0 0.07295429450705952 0.0 0.016304347826086956 0.0 0.07090483628156215
0 0.017857142857142856 0.0 1.0 0.0 0.019339982967705664 0.0 0.009510869565217392 0.0 0.004168778568325111
0 0.017857142857142856 0.0 1.0 0.0 0.1075084527540601 0.040419392353534686 0.024844720496894408 0.007849293563579277 0.13187544457880435
0 0.009259259259259259 0.0 1.0 0.08333333333333333 0.012277493630131274 0.020347603274536573 0.009057971014492754 0.0036630036630036634 0.00014392390566148354
0 0.025 0.0 1.0 0.25 0.17378754101925106 0.0707339366186857 0.04076086956521739 0.013736263736263736 0.20276292551396505