0 0.16666666666666666 0.0 1.0 0.0 0.04599665725477348 0.027906485952420252 0.01014957264957265 0.005359056806002144 0.1666666666666667
1 0.025 0.0 1.0 0.0 0.04964427321741971 0.03449072922410036 0.011057692307692307 0.00594855305466238 0.02198904438655243
0 0.020833333333333332 0.0 1.0 0.0 0.05438767271136703 0.03632461132767798 0.012419871794871796 0.006832797427652732 0.02832089049848587
0 0.027777777777777776 0.0 1.0 0.0 0.04508457899045015 0.01918239744042137 0.010683760683760682 0.003929974991068239 3.763570042352194e-05
0 0.028571428571428574 0.0 1.0 0.0 0.0243922820860036 0.017220145726711336 0.007326007326007325 0.002756086357372531 0.00010437659592525022
0 0.018518518518518517 0.0 1.0 0.0 0.013847674450726277 0.0111612055636092 0.002492877492877493 0.0028581636298678093 5.163962728867199e-05
0 0.014285714285714285 0.0 1.0 0.0 0.06876970850074071 0.046882271432254506 0.013461538461538464 0.008038585209003215 0.047849457293548475
0 0.013888888888888888 0.0 1.0 0.0 0.02468877668713557 0.01785792890177472 0.006054131054131055 0.0028581636298678093 6.299273557907761e-05
0 0.01111111111111111 0.0 1.0 0.0 0.030633414931629143 0.024779959577250776 0.0076923076923076945 0.0022508038585209 0.08672831229215464
0 0.01 0.0 1.0 0.0 0.004005155688787455 0.0020090170014496556 0.000641025641025641 0.0 0.0001334584076997199
0 0.007575757575757576 0.0 1.0 0.0 0.04011918176382585 0.012279062141668746 0.009081196581196582 0.0021436227224008574 0.05762625403950325
0 0.009259259259259259 0.0 1.0 0.0 0.042800749089568976 0.021830601155210187 0.00925925925925926 0.003929974991068239 2.884708457650278e-05
0 0.004524886877828055 0.0 1.0 0.0 0.0459506529700553 0.01891023344838354 0.0077300150829562615 0.003215434083601286 1.2180840616976822e-05
0 0.005494505494505494 0.0 1.0 0.0 0.01695925981350554 0.0030907953868456245 0.005177514792899408 0.0004946821667078902 4.1571579928492596e-05
0 0.006060606060606061 0.0 1.0 0.0 0.02813371179446826 0.0036527581844539195 0.009032634032634034 0.0005846243788365975 4.3963803342816164e-05
0 0.03125 0.0 1.0 0.0 0.030920312398255788 0.0 0.011217948717948718 0.0 0.0006814730242161761
0 0.014705882352941176 0.0 1.0 0.0 0.02450017783685013 0.0 0.00641025641025641 0.0 0.00020683361436240772
0 0.006172839506172839 0.0 1.0 0.0 0.031192440414099156 0.0 0.006410256410256411 0.0 4.141188762558071e-05
0 0.017543859649122806 0.0 1.0 0.0 0.00872334086503932 0.0 0.005341880341880341 0.0 0.0006834709246741782
0 0.0038461538461538464 0.0 1.0 0.0 0.01983619757232013 0.007098530531215854 0.0069033530571992125 0.0014840465001236707 0.013746415988889628
0 0.002976190476190476 0.0 1.0 0.0 0.02974321040461394 0.012558309283471304 0.00701121794871795 0.0022106109324758843 1.5676372703315415e-05
0 0.006493506493506494 0.0 1.0 0.0 0.029247454833183657 0.0 0.005494505494505495 0.0 0.022235349065832778
0 0.008695652173913044 0.0 1.0 0.0 0.005193356791246423 0.016072136011597245 0.004487179487179487 0.002572347266881029 0.00034133764516691733
0 0.005208333333333333 0.0 1.0 0.0 0.04808112207112597 0.020094076063318467 0.008814102564102566 0.003617363344051447 3.271486719277193e-05
0 0.002857142857142857 0.0 1.0 0.0 0.006014285959928146 0.0 0.0013736263736263737 0.0 7.630781268296125e-05
0 0.0027472527472527475 0.0 1.0 0.0 0.02575187917584468 0.011482329179039125 0.006181318681318681 0.0020670647680293983 1.8656166184801647e-05
0 0.001949317738791423 0.0 1.0 0.10526315789473684 0.02524786231380061 0.004622282040376681 0.006747638326585696 0.001015400236926722 1.7648984221744036e-05
0 0.007142857142857143 0.0 1.0 0.0 0.005193356791246423 0.016072136011597245 0.004487179487179487 0.002572347266881029 0.0003490596830116214
0 0.008620689655172414 0.0 1.0 0.0 0.008917650550348405 0.0 0.003205128205128205 0.0 0.0003661591270754211
0 0.0023809523809523807 0.0 1.0 0.0 0.0015635666348224418 0.0 0.0004578754578754579 0.0 6.620030971323497e-05
0 0.004608294930875576 0.0 1.0 0.0 0.06671339350257167 0.028704706933648693 0.012362637362637364 0.005052824988516307 3.3067016166192144e-05
0 0.09090909090909091 0.0 1.0 0.0 0.02812333483135694 0.04207878040495869 0.014829142488716958 0.009090909090909092 0.0909090909090909
0 0.08333333333333333 0.0 1.0 0.0 0.010215415051496294 0.04297852724515558 0.010638297872340425 0.008333333333333333 0.017586980436635587
0 0.020833333333333332 0.0 1.0 0.0 0.04894531992562662 0.04070526235838838 0.014627659574468087 0.008035714285714287 0.034729159001010604
0 0.016666666666666666 0.0 1.0 0.0 0.07117293325998626 0.048598974182516005 0.015602836879432622 0.005238095238095238 4.3876250657905935e-05
1 0.016666666666666666 0.0 1.0 0.0 0.029472420329753574 0.013363878609045992 0.010638297872340425 0.0023809523809523807 0.07272622152051984
1 0.01111111111111111 0.0 1.0 0.0 0.05356991799769448 0.005950517023341361 0.014657210401891253 0.0009523809523809524 0.03313922422794155
0 0.02857142857142857 0.0 1.0 0.0 0.06261033175604848 0.02314753312669834 0.019858156028368795 0.005714285714285714 0.16634813958569228
0 0.013888888888888888 0.0 1.0 0.0 0.03050600019043263 0.00881729475229918 0.007880220646178094 0.0015873015873015873 0.00015946242689065696
0 0.018518518518518517 0.0 1.0 0.0 0.013653005679822902 0.0 0.005910165484633569 0.0 0.000407418438652386
0 0.014285714285714287 0.0 1.0 0.0 0.031487109428602514 0.01133652182438466 0.010131712259371834 0.002040816326530612 0.0002159998190203983
0 0.008264462809917356 0.0 1.0 0.0 0.03615488462152399 0.0 0.007736943907156674 0.0 0.06381419356517498
0 0.005952380952380952 0.0 1.0 0.0 0.037200638455111 0.00566826091219233 0.010638297872340425 0.001020408163265306 0.045052610192809754
0 0.009615384615384616 0.0 1.0 0.0 0.026524714520579834 0.0 0.005319148936170213 0.0 0.0001505495502828004
0 0.011904761904761904 0.0 1.0 0.0 0.0 0.0 0.0 0.0 0.0005291571017476838