0 0.1111111111111111 0.0 1.0 0.0 0.055476659855515774 0.04606184789526858 0.021963824289405687 0.010396361273554255 0.11111111111111113
0 0.023809523809523808 0.0 1.0 0.0 0.0489754158968262 0.022588831128494045 0.011627906976744186 0.006961849067112225 0.029075592305749937
0 0.015873015873015872 0.0 1.0 0.0 0.015998846287237453 0.010439503549721688 0.003599114064230343 0.00278473962684489 4.87371229094172e-05
0 0.011904761904761904 0.0 1.0 0.0 0.06430353652828417 0.04318182881869451 0.017995570321151715 0.006683375104427736 0.02368844110220504
0 0.015384615384615385 0.0 1.0 0.0 0.04302803611537766 0.00562127114215783 0.012075134168157423 0.0 6.346105376559317e-05
0 0.016666666666666666 0.0 1.0 0.0 0.07511892784256478 0.0492737041676371 0.020930232558139538 0.008187134502923975 0.06563478077372212
0 0.006211180124223602 0.0 1.0 0.0 0.04572309281053633 0.023540686128361996 0.01643073811931244 0.0027968471904398677 0.02622984683655418
0 0.004166666666666667 0.0 1.0 0.0 0.04982514343327251 0.013207084803874383 0.015116279069767445 0.0029239766081871343 0.01735704113843522
1 0.004629629629629629 0.0 1.0 0.0 0.03078760368296747 0.006681273531800286 0.012112403100775194 0.001705653021442495 0.027779137236562845
0 0.1111111111111111 0.0 1.0 0.0 0.06075637364158277 0.03996577355814003 0.018585858585858584 0.00851581508515815 0.1111111111111111
0 0.016666666666666666 0.0 1.0 0.13333333333333333 0.025959908854629666 0.02189040790292511 0.010787878787878786 0.005231143552311435 0.02070354062202824
1 0.006944444444444444 0.0 1.0 0.0 0.025315509622233907 0.02017086860676459 0.008106060606060608 0.004409975669099755 0.012382440650766739
0 0.013157894736842105 0.0 1.0 0.0 0.024485610786083873 0.01506952912915286 0.007081339712918661 0.0007683442182097579 0.010201986295961526
0 0.03333333333333333 0.0 1.0 0.0 0.018313653382605474 0.00760102539477911 0.00909090909090909 0.0 0.0004077162008541083
0 0.009259259259259259 0.0 1.0 0.0 0.038899839171232596 0.018292456392683717 0.013535353535353534 0.00283860502838605 0.04523823896771314
0 0.006802721088435374 0.0 1.0 0.19047619047619047 0.025451856951894357 0.004856513296235283 0.005714285714285714 0.0005213764337851929 0.008407666236714238
0 0.03125 0.0 1.0 0.0 0.04160209062283114 0.0 0.01 0.0 0.0004479774241643576
0 0.0044444444444444444 0.0 1.0 0.08 0.022620173802302385 0.005669786762344506 0.006690909090909089 0.0013138686131386862 0.009861178111583024
0 0.006666666666666667 0.0 1.0 0.0 0.030579500919554678 0.012164005169230255 0.009212121212121211 0.0021897810218978104 0.0444000635827526
0 0.006493506493506494 0.0 1.0 0.0 0.02212703847765124 0.0 0.005194805194805195 0.0 0.009022096563235124
0 0.016666666666666666 0.0 1.0 0.0 0.04290413330540015 0.01922770333798759 0.016727272727272726 0.0051094890510948905 0.0915455968174467
0 0.019230769230769232 0.0 1.0 0.0 0.03845092251539167 0.0 0.011818181818181818 0.0 0.03693013392886079
0 0.002976190476190476 0.0 1.0 0.0 0.025597005624668528 0.005906027877442193 0.009090909090909092 0.0013686131386861315 0.02588911751587468
0 0.009523809523809523 0.0 1.0 0.0 0.010064626758320084 0.0 0.005194805194805195 0.0 0.00039852961247990724
0 0.002976190476190476 0.0 1.0 0.38095238095238093 0.007456112136675653 0.0015489340998541446 0.0050216450216450225 0.0003475842891901286 0.0010361863938765019
0 0.0196078431372549 0.0 1.0 0.0 0.01287270063056807 0.011829071808731237 0.009696969696969697 0.0024330900243309003 0.0014708725585382547
0 0.027777777777777776 0.0 1.0 0.0 0.022720155907303377 0.0 0.0036363636363636364 0.0 0.0018770539567139828
0 0.03225806451612903 0.0 1.0 0.0 0.03709002606137502 0.028456141203565294 0.00998463901689708 0.00851612903225807 0.03225806451612903
0 0.03333333333333333 0.0 1.0 0.0 0.013742130958492438 0.01999373719842697 0.0037037037037037034 0.0026666666666666666 0.009234931030756125
0 0.023809523809523808 0.0 1.0 0.0 0.045955761622381686 0.038017855452718 0.015306122448979591 0.001142857142857143 0.055040656631001404
0 0.019230769230769232 0.0 1.0 0.0 0.0384846074488111 0.007689898922471913 0.01343101343101343 0.0 0.015981451560481325
0 0.013333333333333334 0.0 1.0 0.0 0.03988756181390162 0.003332289533071162 0.01164021164021164 0.0 0.006382819291856581
0 0.016666666666666666 0.0 1.0 0.0 0.07365396244306242 0.0 0.02142857142857143 0.0 0.017527039469187912
0 0.03571428571428571 0.0 1.0 0.0 0.02699346670719904 0.0 0.007936507936507936 0.0 0.0010414762923991823
0 0.015625 0.0 1.0 0.0 0.016415579410901854 0.0075262724494408574 0.00992063492063492 0.002 0.00036410414945163
0 0.015873015873015872 0.0 1.0 0.0 0.0 0.008601454227932409 0.009070294784580499 0.002285714285714286 0.0007039590336279743
0 0.011111111111111112 0.0 1.0 0.0 0.04119244604949627 0.0 0.020282186948853614 0.0 0.05015178844640286