0 0.25 0.0 1.0 0.0 0.18621841678067869 0.022388828634088344 0.04545454545454545 0.006521739130434782 0.25
0 0.05 0.0 1.0 0.0 0.15506001118712756 0.007194306107038725 0.034199134199134194 0.004347826086956523 0.07039888372442964
0 0.047619047619047616 0.0 1.0 0.0 0.10847356633711124 0.015523087886977465 0.022263450834879406 0.0037267080745341614 0.14225630031165296
0 0.0625 0.0 1.0 0.0 0.2627014725485634 0.04565910315536835 0.053030303030303025 0.008695652173913044 0.23913115690640196
0 0.02 0.0 1.0 0.0 0.08273769339429135 0.010866161520884226 0.01645021645021645 0.004347826086956523 0.09926942348198482
0 0.016666666666666666 0.0 1.0 0.0 0.16690503539538873 0.01818977211571456 0.03549783549783549 0.005652173913043479 0.0703816219726274
0 0.047619047619047616 0.0 1.0 0.0 0.23778034451210708 0.009055134600736854 0.046176046176046176 0.002898550724637681 0.33273023315331396
0 0.008333333333333333 0.0 1.0 0.0 0.16445918468246778 0.03135741740578589 0.03896103896103896 0.007246376811594205 0.03836353825685277
0 0.018518518518518517 0.0 1.0 0.0 0.24704364469421777 0.03203159382628631 0.051948051948051945 0.004347826086956522 0.1178113032539862
0 0.005 0.0 1.0 0.0 0.043053462487396034 0.011303681459775 0.011688311688311689 0.0010869565217391304 0.049606762095620704
0 0.01818181818181818 0.0 1.0 0.0 0.015748724445635846 0.0 0.003463203463203463 0.0 0.0009370370695945525
0 0.016666666666666666 0.0 1.0 0.0 0.015223289636482706 0.008955531453635337 0.015584415584415584 0.0017391304347826088 0.005795605602066581
0 0.003663003663003663 0.0 1.0 0.0 0.10982089206620811 0.004074270671005691 0.023500309214594926 0.0010351966873706005 0.027397064393382044
0 0.006493506493506493 0.0 1.0 0.0 0.07687783471738711 0.00407069611528879 0.02243211334120425 0.0007905138339920949 0.0904329976164553
0 0.005128205128205128 0.0 1.0 0.0 0.21754199671258753 0.031078701209511207 0.04595404595404595 0.005351170568561873 0.0429414510142692
1 0.002403846153846154 0.0 1.0 0.0 0.07615082798227976 0.013215273042018954 0.016983016983016984 0.00033444816053511704 0.026512312584603008
0 0.007352941176470588 0.0 1.0 0.0 0.14071808287264487 0.019179909059627367 0.02922077922077922 0.0010869565217391304 0.11921085125589459
0 0.00505050505050505 0.0 1.0 0.0 0.09486134017951307 0.017471778450701622 0.021645021645021648 0.0023715415019762848 0.08758440474873151
0 0.003095975232198142 0.0 1.0 0.0 0.1473190915043437 0.003419143277708727 0.03157626687038451 0.0007672634271099744 0.03364329802386444
0 0.0033333333333333335 0.0 1.0 0.0 0.10750900793699397 0.0 0.02193362193362193 0.0 0.04688360102895908
0 0.0047619047619047615 0.0 1.0 0.0 0.11196776054747633 0.0 0.021212121212121213 0.0 0.09549436453509112
0 0.041666666666666664 0.0 1.0 0.0 0.09386843713487629 0.04092795570044858 0.025409441233140654 0.008574879227053142 0.041666666666666664
0 0.029411764705882353 0.0 1.0 0.0 0.07566794480604269 0.05739454489867192 0.030091805508330505 0.012446717817561808 0.0206661863710492
1 0.017543859649122806 0.0 1.0 0.0 0.0780481581063555 0.03991962138171789 0.024338302403407362 0.008695652173913044 0.06528495748828371
0 0.022727272727272728 0.0 1.0 0.0 0.08406712516784937 0.032448832284485835 0.026274303730951132 0.008168642951251647 0.1235717955212578
0 0.013333333333333334 0.0 1.0 0.0 0.03288197616040035 0.015506971098518296 0.008477842003853564 0.0032850241545893727 0.08095512006871268
0 0.027777777777777776 0.0 1.0 0.0 0.0186274801899954 0.018110269201473708 0.004816955684007707 0.002898550724637681 0.0012464112140432263
0 0.011904761904761904 0.0 1.0 0.0 0.0801178708087077 0.038577918059002535 0.025289017341040467 0.006763285024154589 0.11300107166945733
0 0.025 0.0 1.0 0.0 0.0984605054571322 0.010866161520884224 0.018497109826589593 0.0 0.24288008194870958
0 0.018518518518518517 0.0 1.0 0.0 0.0258603849371792 0.012073512800982471 0.023121387283236993 0.0 0.009349880281403393
0 0.0058823529411764705 0.0 1.0 0.0 0.06804629822862673 0.012174548736647715 0.022271336280176815 0.002216538789428815 0.05055113031199577
0 0.09090909090909091 0.0 1.0 0.0 0.060524885203940906 0.0 0.06647398843930635 0.0 0.0830761091183478
0 0.020833333333333332 0.0 1.0 0.0 0.011374039093994634 0.02402934033494232 0.01083815028901734 0.005797101449275362 0.010874495004132874
0 0.004807692307692308 0.0 1.0 0.0 0.030223698529844276 0.01550514125049473 0.01065751445086705 0.003260869565217391 0.03724770757274631
0 0.007936507936507936 0.0 1.0 0.0 0.009090493678438453 0.0 0.008028259473346178 0.0 0.008083286653522224
0 0.022222222222222223 0.0 1.0 0.0 0.17892426688579363 0.0 0.05491329479768786 0.0 0.4054008699902299
0 0.0125 0.0 1.0 0.0 0.012104977040788181 0.005970354302423558 0.017341040462427744 0.0011594202898550724 0.01586315692086753
0 0.0028011204481792717 0.0 1.0 0.0 0.07046079825189773 0.004217108717397058 0.016102394715111476 0.000966183574879227 0.033435775945452946
0 0.006944444444444444 0.0 1.0 0.0 0.07666903721169285 0.003731471439014724 0.029985549132947976 0.0007246376811594203 0.15063007452955862
0 0.004048582995951417 0.0 1.0 0.0 0.09143659603020705 0.006888870348950259 0.020008892841262782 0.0013377926421404682 0.0661151506892442
0 0.0071428571428571435 0.0 1.0 0.0 0.08123618042661039 0.004264538787445399 0.01816680429397192 0.0008281573498964803 0.17139129392307212
0 0.009523809523809523 0.0 1.0 0.0 0.14104518226784146 0.017911062907270674 0.02774566473988439 0.0034782608695652175 0.2435825506212415
0 0.003787878787878788 0.0 1.0 0.0 0.12977260883761488 0.026096544870997145 0.032996146435452796 0.005555555555555556 0.08619138164199643
0 0.002717391304347826 0.0 1.0 0.0 0.12437415205914987 0.028901087250784666 0.029443641618497114 0.005978260869565218 0.06303794363985128
0 0.003205128205128205 0.0 1.0 0.0 0.1424164819224448 0.05021795416136675 0.037349933303690526 0.010702341137123745 0.07484582468580026
0 0.0044444444444444444 0.0 1.0 0.0 0.026814987124992508 0.0 0.006101477199743095 0.0 0.021261366951348375
0 0.006410256410256411 0.0 1.0 0.0 0.2046279124538444 0.014925885756058896 0.04094412331406551 0.002898550724637681 0.1465220537828322
0 0.0026455026455026454 0.0 1.0 0.0 0.05783221704102042 0.0 0.011973575557390584 0.0 0.08539607568890664
0 0.002551020408163265 0.0 1.0 0.14285714285714285 0.06821728022630884 0.009763106726455322 0.01878612716763006 0.0018633540372670807 0.08249809743986203
0 0.004310344827586207 0.0 1.0 0.0 0.10857670592690666 0.024218931550436817 0.026372832369942194 0.005434782608695652 0.16937286320539174
0 0.0030303030303030303 0.0 1.0 0.0 0.09888251134649688 0.0029274812616329293 0.021019442984760904 0.0005270092226613965 0.07770155090821562
0 0.004608294930875576 0.0 1.0 0.0 0.10790382082098317 0.018473669526963808 0.023121387283236993 0.003726708074534162 0.17357696344811982
0 0.0026041666666666665 0.0 1.0 0.0 0.015041924216347721 0.002240871962354748 0.00770712909441233 0.0004830917874396135 0.0060785664727817
1 0.09090909090909091 0.0 1.0 0.0 0.1103005532241335 0.017360452014289027 0.02418682235195996 0.0039040713887339654 0.09090909090909091
0 0.022727272727272728 0.0 1.0 0.0 0.03411571230200574 0.02447011378416863 0.014039477342229639 0.005577244841048522 0.0003390086932121595
0 0.037037037037037035 0.0 1.0 0.0 0.08859445256583617 0.025225388192269202 0.022765885151206252 0.006475800954328562 0.14871451278960024
0 0.0625 0.0 1.0 0.0 0.13881239442817847 0.015795799343068465 0.03746177370030581 0.004601226993865031 0.3470019442076209
0 0.025 0.0 1.0 0.0 0.06671440742765146 0.003948949835767116 0.014143730886850153 0.003067484662576687 0.173933134578931
0 0.03333333333333333 0.0 1.0 0.0 0.09763446370706415 0.011499465413205697 0.018960244648318043 0.00245398773006135 0.27884289061529116
0 0.011904761904761904 0.0 1.0 0.0 0.0887082978755268 0.010648481232075452 0.018093781855249746 0.003323108384458078 0.08221980879946934
0 0.013888888888888888 0.0 1.0 0.0 0.08883670772009798 0.014280269296779629 0.022765885151206252 0.005112474437627813 0.14821880434544032
0 0.02222222222222222 0.0 1.0 0.0 0.11036603532261288 0.016469794612190006 0.02874617737003058 0.003067484662576687 0.27760238824712996
0 0.016666666666666666 0.0 1.0 0.0 0.09583988661131371 0.021142353111341588 0.030071355759429153 0.004601226993865031 0.23115490989350385
0 0.010101010101010102 0.0 1.0 0.0 0.08386672369417972 0.01853933056092989 0.020047570506286104 0.0027266530334014998 0.14899623140484497
0 0.0037878787878787876 0.0 1.0 0.0 0.027912307847575858 0.004636476030596726 0.008618293021962748 0.0006971556051310653 0.06293500184974324
0 0.015384615384615385 0.0 1.0 0.0 0.007975746880042255 0.0 0.0024464831804281344 0.0 0.001517146304013968
0 0.011904761904761904 0.0 1.0 0.0 0.09621228419718525 0.015795799343068465 0.03771661569826707 0.003067484662576687 0.2305309736456549
0 0.003333333333333333 0.0 1.0 0.0 0.05625652843576219 0.006177369583484474 0.013608562691131499 0.0013803680981595093 0.0490788289461683
0 0.00625 0.0 1.0 0.0 0.06610468635131747 0.003159159868613693 0.024770642201834864 0.0006134969325153375 0.13750075660951339
0 0.0053475935828877 0.0 1.0 0.0 0.11937643649915937 0.021088519559141542 0.02724492632749513 0.0025097601784718347 0.08783916875609524
0 0.018518518518518517 0.0 1.0 0.0 0.19421909447104158 0.015795799343068465 0.03771661569826707 0.003067484662576687 0.4565913743994263
0 0.003289473684210526 0.0 1.0 0.0 0.04975011077392048 0.003172335898425818 0.012423547400611622 0.0003834355828220859 0.08449667142969411
0 0.004166666666666667 0.0 1.0 0.0 0.058317183121617606 0.016164470903949943 0.015290519877675844 0.0017893660531697342 0.11339243147764973
0 0.005952380952380952 0.0 1.0 0.0 0.004352974759703782 0.014374331766507124 0.0045871559633027525 0.0 0.0007661088404837203
0 0.00909090909090909 0.0 1.0 0.0 0.12177474031379923 0.006318319737227386 0.02385321100917431 0.001226993865030675 0.2784268969797174
0 0.003952569169960474 0.0 1.0 0.0 0.15967611784004782 0.023478072251015645 0.037253266611064775 0.004182933630786392 0.07225930835363147
0 0.0021929824561403508 0.0 1.0 0.3157894736842105 0.011206592314649011 0.007715065937799681 0.0025752454530822474 0.00032289312237649337 0.00564108557574004
0 0.0044444444444444444 0.0 1.0 0.2222222222222222 0.02945580550043438 0.0 0.0067957866123003734 0.0 0.010687357653186659
0 0.004273504273504274 0.0 1.0 0.0 0.08345024492351433 0.0121507386647045 0.020387359836901122 0.0027266530334014998 0.1482636099426891
0 0.004629629629629629 0.0 1.0 0.0 0.08039044167876441 0.004259889335850064 0.01834862385321101 0.0007668711656441718 0.171331395831627
0 0.002976190476190476 0.0 1.0 0.0 0.06816874251279346 0.008105192671589531 0.01758409785932722 0.0015337423312883436 0.11403394865358744
0 0.0016420361247947454 0.0 1.0 0.09523809523809523 0.049704147469350195 0.009838998097210231 0.015727391874180867 0.002044989775051125 0.06311625577144518
0 0.0023809523809523807 0.0 1.0 0.0 0.04372367817191238 0.004994510718820662 0.014198339886413282 0.0008764241893076249 0.09847635454547117
0 0.005376344086021505 0.0 1.0 0.3333333333333333 0.007217110445272617 0.0 0.0020387359836901123 0.0 0.009928653239205528