0 0.1 0.0 1.0 0.1 0.05362747622291303 0.06479739817993005 0.025 0.014666666666666666 0.1
0 0.019230769230769232 0.0 1.0 0.15384615384615385 0.061731428563631244 0.06206856804831396 0.019230769230769232 0.009230769230769232 0.011984675644491516
1 0.041666666666666664 0.0 1.0 0.25 0.04823414560846139 0.0 0.013157894736842105 0.0 0.0002851159800473066
0 0.019230769230769232 0.0 1.0 0.15384615384615385 0.05942048361802307 0.02640733633764266 0.02024291497975709 0.005128205128205128 0.016273668957981487
0 0.018181818181818184 0.0 1.0 0.0 0.1113771786053261 0.04993387234754249 0.03588516746411483 0.009696969696969697 0.01797381179827656
0 0.020833333333333332 0.0 1.0 0.0 0.08719290452429024 0.042911921548669324 0.03453947368421052 0.008333333333333333 0.033507879953187075
0 0.125 0.0 1.0 0.25 0.04561123589585277 0.0 0.0217391304347826 0.009615384615384616 0.125
0 0.016666666666666666 0.0 1.0 0.0 0.0941141795689486 0.08423233726686942 0.03297101449275362 0.013186813186813185 0.005134762051079692
0 0.05555555555555555 0.0 1.0 0.0 0.04364908185661429 0.0 0.01992753623188406 0.0 0.0729358144774414
0 0.019230769230769232 0.0 1.0 0.15384615384615385 0.06432789139946837 0.017411430552291867 0.021739130434782608 0.00338123415046492 0.002324079539569767
1 0.005714285714285714 0.0 1.0 0.0 0.09346999394851722 0.05295690213778072 0.02919254658385093 0.010675039246467819 0.0026979657423720814
0 0.08333333333333333 0.0 1.0 0.0 0.024673939663817247 0.028311877711082938 0.008597883597883597 0.0049800796812748994 0.08333333333333336
0 0.041666666666666664 0.0 1.0 0.0 0.011135487127671586 0.024163110862139753 0.006283068783068783 0.00398406374501992 0.00036252792443367156
0 0.05555555555555555 0.0 1.0 0.0 0.02177801752877548 0.009388418617222574 0.008597883597883597 0.00398406374501992 0.0001897807629016707
0 0.022727272727272728 0.0 1.0 0.18181818181818182 0.030669423500170132 0.017601611240473578 0.008658008658008658 0.003984063745019919 0.04523200273496161
0 0.06666666666666667 0.0 1.0 0.6666666666666666 0.03536732861333631 0.01659506739577272 0.010582010582010581 0.0026560424966799467 0.00030157965933339973
0 0.011904761904761904 0.0 1.0 0.2857142857142857 0.034220236145068555 0.02157326606898269 0.010770975056689341 0.0025611838360842343 3.748318586550896e-05
0 0.03571428571428571 0.0 1.0 0.0 0.006198455232647251 0.01866945082024431 0.0 0.0 0.0008603309434841768
0 0.025 0.0 1.0 0.0 0.013441119322329633 0.0062875821219352725 0.00873015873015873 0.0015936254980079682 0.0002670087923896448
0 0.02222222222222222 0.0 1.0 0.0 0.02877021938662196 0.0 0.006349206349206349 0.0 0.14599824572811898
0 0.0125 0.0 1.0 0.25 0.023960606861929915 0.0 0.012896825396825396 0.0 0.00011238474540433189
0 0.011363636363636364 0.0 1.0 0.0 0.0339111547057261 0.005128914926135776 0.017361111111111112 0.00099601593625498 9.404543250440033e-05
0 0.020833333333333332 0.0 1.0 0.0 0.011718905573339121 0.0 0.001984126984126984 0.0 0.0006923727617634867
0 0.006993006993006993 0.0 1.0 0.0 0.02716463355272369 0.013577782414723134 0.010461760461760462 0.0021731256791017745 6.742819361448708e-05
0 0.005952380952380952 0.0 1.0 0.0 0.027869494831129365 0.009797572760266276 0.01091269841269841 0.00199203187250996 0.04622964515414374
0 0.011111111111111112 0.0 1.0 0.0 0.019920031795576602 0.01659506739577272 0.00992063492063492 0.0026560424966799467 0.0001777616745151411
0 0.006944444444444444 0.0 1.0 0.0 0.020889626841142095 0.0 0.006172839506172839 0.0 0.00010121490320734715
0 0.007352941176470588 0.0 1.0 0.0 0.020426904261938734 0.02265342684098604 0.008928571428571428 0.0049800796812749 0.00013509169958262
0 0.004273504273504273 0.0 1.0 0.0 0.022971005801187938 0.013378945642951778 0.007936507936507936 0.0030646644192460926 0.04540552000309387
0 0.004784688995215311 0.0 1.0 0.18181818181818182 0.03446537696396772 0.013577782414723134 0.00974025974025974 0.0021731256791017745 0.004525999788671053
0 0.004166666666666667 0.0 1.0 0.0 0.030802053458773317 0.01244630054682954 0.011574074074074072 0.00199203187250996 4.697644709761403e-05
0 0.0021645021645021645 0.0 1.0 0.0 0.03650653849774477 0.019235191754191108 0.012626262626262626 0.003078594712060848 1.8447523620936183e-05
0 0.00909090909090909 0.0 1.0 0.0 0.06117666403500649 0.04480668196858635 0.02142857142857143 0.007171314741035856 0.00012113425087204163
0 0.0036231884057971015 0.0 1.0 0.0 0.03811886996759346 0.02904136794260226 0.013558201058201056 0.004648074369189907 3.9153386676169744e-05
0 0.0020833333333333333 0.0 1.0 0.0 0.031809535825383456 0.011091241829035852 0.009523809523809523 0.00199203187250996 0.007042390983960328
0 0.002105263157894737 0.0 1.0 0.0 0.01946614197500296 0.011845033381836088 0.008563074352548036 0.0020968756552736424 0.020229932236366818