0 0.045454545454545456 0.0 1.0 0.0 0.06148204593414892 0.06555726745631141 0.030588907947398512 0.01524741081703107 0.045454545454545456
0 0.027777777777777776 0.0 1.0 0.0 0.07294925928658719 0.03444348530124383 0.026904262753319357 0.012306610407876235 0.03944039626011328
0 0.037037037037037035 0.0 1.0 0.0 0.05572995089847631 0.07510509541806328 0.03004891684136967 0.011954992967651195 0.129821163645797
0 0.025 0.0 1.0 0.0 0.09336919657609104 0.0632213771863001 0.03773584905660378 0.010759493670886074 0.12101952445454076
0 0.022222222222222223 0.0 1.0 0.0 0.1023686375653885 0.03515073347121479 0.031446540880503145 0.0014064697609001407 0.10903903119066666
0 0.020833333333333332 0.0 1.0 0.0 0.07229914580388903 0.018675535709583725 0.02358490566037736 0.0015822784810126582 0.10994258745241221
0 0.010989010989010988 0.0 1.0 0.0 0.05277052214748003 0.0188009656579309 0.025157232704402514 0.0038948393378773127 0.0675842721431836
0 0.013888888888888888 0.0 1.0 0.0 0.06990356403182223 0.039489082864131615 0.025856044723969254 0.009142053445850914 0.14896703498173616
0 0.009259259259259259 0.0 1.0 0.0 0.05656845405190516 0.052272763535764356 0.028825995807127882 0.01160337552742616 0.11249742245265644
0 0.009090909090909092 0.0 1.0 0.0 0.056961109291088725 0.03197820005057053 0.023441966838193252 0.007479861910241656 0.09703344403244696
0 0.008264462809917356 0.0 1.0 0.0 0.027647605852919158 0.0 0.00686106346483705 0.0 0.0034842975221912984
1 0.0037878787878787876 0.0 1.0 0.0 0.04645422651451234 0.024602296454700547 0.01715265866209262 0.005466052934407365 0.05502323411781635
1 0.015384615384615385 0.0 1.0 0.0 0.10958386937311748 0.05804381602672724 0.03773584905660378 0.013924050632911392 0.218962004233794
1 0.06666666666666667 0.0 1.0 0.13333333333333333 0.02665661932451193 0.033137241853252626 0.011299435028248588 0.007575757575757574 0.06666666666666667
0 0.027777777777777776 0.0 1.0 0.0 0.03189622727295411 0.04432266998135009 0.01694915254237288 0.009469696969696968 0.035046980407058045
0 0.020833333333333332 0.0 1.0 0.0 0.0337440134153783 0.04612208496375131 0.017655367231638422 0.009588068181818179 0.03885505085046871
0 0.020833333333333332 0.0 1.0 0.16666666666666666 0.030624828342160557 0.04037659832660122 0.007532956685499058 0.0023674242424242425 0.03245104496008019
0 0.014285714285714287 0.0 1.0 0.0 0.020564604232546968 0.010146870839083862 0.009685230024213076 0.0012175324675324675 0.04796831056893175
0 0.010416666666666666 0.0 1.0 0.125 0.02572861244039054 0.019472485665952374 0.014477401129943505 0.00390625 0.0011157252929843307
0 0.005494505494505494 0.0 1.0 0.0 0.027582103104850923 0.011526520944967904 0.010212950890916995 0.0021853146853146855 0.00314068247998077
0 0.008928571428571428 0.0 1.0 0.0 0.03598217833542296 0.009184210715558612 0.010895883777239709 0.002029220779220779 0.007704377037753724
0 0.013888888888888888 0.0 1.0 0.0 0.01876097797719058 0.0 0.00423728813559322 0.0 0.0002971734259601894
1 0.0035714285714285718 0.0 1.0 0.0 0.026069767735866643 0.007127837043862273 0.00887812752219532 0.0014204545454545455 0.002716931223408731
0 0.00909090909090909 0.0 1.0 0.0 0.030713396260069997 0.007333180782022356 0.01016949152542373 0.0017045454545454545 0.00013763025814197378
0 0.1 0.0 1.0 0.0 0.09576039775416997 0.07595469734516577 0.032989690721649485 0.015625 0.1
0 0.03125 0.0 1.0 0.0 0.04824084090011556 0.041245568497336293 0.015463917525773196 0.01106770833333333 0.060864035320146455
0 0.03333333333333333 0.0 1.0 0.0 0.06469515310333915 0.059504777954518716 0.026804123711340205 0.010416666666666668 0.11177711092803133
0 0.020833333333333332 0.0 1.0 0.0 0.06704208007730582 0.04702463613527245 0.022336769759450172 0.006076388888888889 0.0914764704109166
0 0.022222222222222223 0.0 1.0 0.0 0.040028598601754006 0.0 0.010309278350515464 0.0 0.0003280059276473355
0 0.01282051282051282 0.0 1.0 0.0 0.06976666777382487 0.06322724419789456 0.03251387787470262 0.01362179487179487 0.07842086472981169
0 0.017857142857142856 0.0 1.0 0.0 0.08250365134884377 0.07177357595806545 0.03608247422680412 0.015625 0.14106608169238108
0 0.006578947368421052 0.0 1.0 0.0 0.08257364310445985 0.03656667835814555 0.030927835051546393 0.008771929824561405 0.0365674532893532