0 0.06666666666666667 0.0 1.0 0.26666666666666666 0.058455605844992056 0.03337095224729817 0.019130434782608695 0.009941520467836256 0.06666666666666667
0 0.07142857142857142 0.0 1.0 0.0 0.02561722288948054 0.0 0.013664596273291927 0.007518796992481203 0.02282089169230713
0 0.023809523809523808 0.0 1.0 0.0 0.0628330190362318 0.042715613866401526 0.024223602484472053 0.010025062656641603 0.05831292586456994
0 0.013157894736842105 0.0 1.0 0.0 0.030261392866265894 0.011538398660218704 0.011899313501144164 0.0 0.04165364030996603
0 0.018181818181818184 0.0 1.0 0.0 0.022090417001215668 0.04484241297494088 0.0031620553359683794 0.0 0.0001829965444519015
0 0.008333333333333333 0.0 1.0 0.1 0.037618628150215584 0.013093824566413271 0.015652173913043483 0.0017543859649122805 0.01383216189938186
0 0.007936507936507936 0.0 1.0 0.0 0.05976391333410004 0.0 0.017874396135265702 0.0 0.036846264248799394
0 0.011363636363636364 0.0 1.0 0.0 0.030832949381030924 0.009964980661097973 0.011857707509881422 0.001594896331738437 0.009624926012376037
1 0.038461538461538464 0.0 1.0 0.23076923076923078 0.06086701673509695 0.04002438582120489 0.024549918166939442 0.013234077750206777 0.03846153846153847
1 0.045454545454545456 0.0 1.0 0.0 0.020327429950621714 0.008149758226448863 0.007736943907156673 0.0019550342130987292 0.009015874567717502
0 0.0303030303030303 0.0 1.0 0.0 0.05532196710038605 0.02715952758476182 0.02804642166344294 0.005865102639296188 0.04623923241373587
0 0.011904761904761904 0.0 1.0 0.0 0.0402970952200961 0.01470773373154266 0.017730496453900707 0.0030721966205837174 0.060001095019747014
0 0.008 0.0 1.0 0.0 0.039333440965423884 0.042107080731150076 0.015744680851063828 0.0025806451612903226 0.046375963074550636
0 0.14285714285714285 0.0 1.0 0.0 0.06829712939796805 0.04879209256354979 0.028571428571428574 0.01049233252623083 0.14285714285714285
0 0.02631578947368421 0.0 1.0 0.0 0.039158114213843305 0.022320948153110632 0.01527057079318013 0.004757656853999407 0.0010460170681082519
0 0.0303030303030303 0.0 1.0 0.0 0.07136493194218615 0.030922957576012843 0.028425096030729832 0.00847457627118644 0.07943737712538962
1 0.008333333333333333 0.0 1.0 0.0 0.037989070407898125 0.013899361645480815 0.01652582159624413 0.004708097928436913 0.022831508693661524
0 0.011111111111111112 0.0 1.0 0.0 0.059765888063575995 0.012207780322381765 0.02331768388106416 0.004394224733207785 0.042751015953022053
0 0.01111111111111111 0.0 1.0 0.0 0.06024355366159265 0.030130209762559954 0.020657276995305163 0.006591337099811676 0.05337486210227645
0 0.007142857142857143 0.0 1.0 0.0 0.04015619948937514 0.009746618955237405 0.017183098591549293 0.0011299435028248588 0.031510290164497995
0 0.008333333333333333 0.0 1.0 0.0 0.04222241049456769 0.021317663261692533 0.017089201877934272 0.0035781544256120526 0.06234844646482497
0 0.012345679012345678 0.0 1.0 0.0 0.02821742537109791 0.0 0.010641627543035994 0.0 0.0002556523077597922
0 0.009090909090909092 0.0 1.0 0.0 0.04385791811037995 0.021580898584675153 0.01638924455825864 0.004108885464817668 0.08508710922404185
0 0.006060606060606061 0.0 1.0 0.13333333333333333 0.056871500082976804 0.026594751500425853 0.01765258215962441 0.0039548022598870055 0.0531695833716561
0 0.013888888888888888 0.0 1.0 0.0 0.020927579108432556 0.0029416397714258137 0.0107981220657277 0.0 0.01266981276527774
0 0.007692307692307693 0.0 1.0 0.0 0.025469509813553937 0.014589894898495886 0.01408450704225352 0.001694915254237288 0.003225591594970821
0 0.008928571428571428 0.0 1.0 0.0 0.06610276674021485 0.03629242503963642 0.02147887323943662 0.005649717514124294 0.11719296810748393
0 0.0035087719298245615 0.0 1.0 0.0 0.05595648993849797 0.03747827869725965 0.02001482579688658 0.005501040737436813 0.034772519794666584
0 0.003289473684210526 0.0 1.0 0.10526315789473684 0.03296155312546634 0.010206595536992569 0.013491475166790215 0.0019327980969372585 0.00249765490093824
0 0.0029411764705882353 0.0 1.0 0.0 0.06224288430055132 0.027359667143016925 0.02183098591549296 0.005649717514124295 0.03195610068782951
0 0.006172839506172839 0.0 1.0 0.0 0.05271652700984367 0.03356834558853702 0.019718309859154928 0.005963590709353421 0.10778374964836074
0 0.0023923444976076554 0.0 1.0 0.0 0.049562209195633096 0.016917558515555275 0.01946222791293214 0.0038520801232665644 0.02577638838180668
0 0.003125 0.0 1.0 0.0 0.06475324527341648 0.01886250318695533 0.0227112676056338 0.0038841807909604517 0.04111089670958607
0 0.0047619047619047615 0.0 1.0 0.0 0.00712751258483676 0.005707937627657032 0.005352112676056338 0.0014124293785310734 0.006784744371372109
0 0.0016835016835016836 0.0 1.0 0.0 0.04568410536358219 0.004776811403386427 0.018883672404799164 0.0010462439840970914 0.016541668692921
0 0.002288329519450801 0.0 1.0 0.0 0.058671934540654024 0.0263135005929246 0.020607857672349888 0.005352363960749331 0.03392805652062828
0 0.05555555555555555 0.0 1.0 0.1111111111111111 0.05150852234597099 0.04182581806690208 0.018716577540106954 0.008363201911589006 0.05555555555555555
0 0.041666666666666664 0.0 1.0 0.0 0.02669288037611113 0.019595116541917118 0.00980392156862745 0.004928315412186381 0.023339261744381872
0 0.013333333333333332 0.0 1.0 0.0 0.05115621960318911 0.029030925617068853 0.01818181818181818 0.006881720430107528 0.02613262357328726
0 0.015625 0.0 1.0 0.0 0.0562281192019119 0.04087487739535681 0.020387700534759357 0.003696236559139785 0.022605878860936745
0 0.0125 0.0 1.0 0.125 0.08235235898008464 0.028474087539903867 0.02974598930481283 0.006048387096774193 0.04773218924359115
0 0.007936507936507936 0.0 1.0 0.0 0.03616391325268741 0.01227548757807034 0.016042780748663096 0.002560163850486431 0.039768391087452525
0 0.007518796992481203 0.0 1.0 0.10526315789473684 0.04738752173997893 0.013527604673930122 0.018012946805516464 0.002829654782116582 0.03077057109520392
0 0.03125 0.0 1.0 0.0 0.027107478139672757 0.012469368177619164 0.010695187165775402 0.002688172043010753 0.0010536069674375933
0 0.015873015873015872 0.0 1.0 0.0 0.016500527588209284 0.006403381463638392 0.007639419404125288 0.001536098310291859 0.000575101352326447
0 0.0071428571428571435 0.0 1.0 0.0 0.047560348421531076 0.030941574094882934 0.015278838808250575 0.006144393241167436 0.052490252610824024
0 0.008264462809917356 0.0 1.0 0.0 0.04903119335003851 0.014946481900326703 0.019931939718035974 0.002932551319648094 0.052172456671169425
0 0.003472222222222222 0.0 1.0 0.0 0.0417538366593627 0.004156456059206388 0.017156862745098037 0.000896057347670251 0.012671202977515698
0 0.04 0.0 1.0 0.16 0.05838264261513286 0.041633378379625954 0.021691542288557214 0.009800000000000001 0.04
0 0.045454545454545456 0.0 1.0 0.0 0.06438676884850421 0.025573427554083008 0.02668475802804161 0.009090909090909092 0.10752542774094472
0 0.01111111111111111 0.0 1.0 0.0 0.03660525650830777 0.017713219731856047 0.017081260364842456 0.005333333333333334 0.03484719944083552
0 0.014705882352941176 0.0 1.0 0.0 0.0551341655571112 0.025325218347334106 0.021949078138718176 0.0008823529411764705 0.05911877845651916
0 0.011111111111111112 0.0 1.0 0.0 0.037507316523313496 0.02989782721560276 0.015201768933112219 0.003333333333333333 0.06233686822536323
0 0.018518518518518517 0.0 1.0 0.0 0.018965497001056694 0.0 0.00718629076838032 0.0 0.0077129541123856955
0 0.014285714285714285 0.0 1.0 0.0 0.048299266102362175 0.021877868310248422 0.019900497512437814 0.0045 0.11201928275205746
0 0.006578947368421052 0.0 1.0 0.10526315789473684 0.031322545501558184 0.014021001742783427 0.011783189316575021 0.0028947368421052637 0.023377535272326187
0 0.005555555555555555 0.0 1.0 0.0 0.06413398324215105 0.027676124512841332 0.02014925373134328 0.00575 0.04824226366582093
0 0.007692307692307693 0.0 1.0 0.0 0.012694087938608047 0.011752609785173507 0.006888633754305396 0.0015384615384615385 0.006418141052490286
0 0.003134796238244514 0.0 1.0 0.0 0.04707548709521123 0.010820076477831477 0.01990049751243781 0.0022413793103448275 0.025332059185575396