0 0.16666666666666666 0.0 1.0 0.0 0.11301541415654542 0.022394418905048133 0.03368794326241135 0.00896057347670251 0.16666666666666666
0 0.023809523809523808 0.0 1.0 0.19047619047619047 0.03767145804521794 0.022394418905048136 0.008611955420466059 0.010240655401945723 4.173380610501778e-05
0 0.041666666666666664 0.0 1.0 0.25 0.05179003205883952 0.00839790708939305 0.006648936170212766 0.0 0.0744700501288226
0 0.011904761904761904 0.0 1.0 0.0 0.03873053085191266 0.006398405401442324 0.01165146909827761 0.0 0.03403481698784993
0 0.016666666666666666 0.0 1.0 0.0 0.0259658480794705 0.011197209452524066 0.008865248226950355 0.0 0.04865733637760645
0 0.01111111111111111 0.0 1.0 0.13333333333333333 0.048892074837455786 0.04030995402908664 0.012056737588652482 0.0 0.06186882066736098
0 0.012987012987012986 0.0 1.0 0.0 0.06321542594292105 0.0 0.013539651837524177 0.0 0.06055801500745599
1 0.045454545454545456 0.0 1.0 0.09090909090909091 0.053837885887306695 0.027548191863305028 0.016617790811339194 0.006142506142506143 0.04545454545454544
0 0.03571428571428571 0.0 1.0 0.0 0.026911771772120584 0.021711345895975235 0.007296466973886329 0.005019305019305019 0.08155985834528436
0 0.03333333333333333 0.0 1.0 0.2 0.013816909450817674 0.0067546409454145185 0.004301075268817204 0.0048648648648648655 0.00022354487062965054
0 0.027777777777777776 0.0 1.0 0.0 0.00905651713564467 0.007505156606016131 0.0011947431302270013 0.0018018018018018018 0.0003167826284203034
0 0.016666666666666666 0.0 1.0 0.0 0.01815879808244968 0.019076579171368974 0.007168458781362008 0.0009009009009009009 0.05306378745665882
1 0.005555555555555555 0.0 1.0 0.0 0.019319816707631454 0.0203481209188951 0.010035842293906808 0.001081081081081081 3.8861675468755554e-05
0 0.01020408163265306 0.0 1.0 0.0 0.024321368703392268 0.0 0.0069124423963133645 0.0 0.06512670615425863
0 0.005208333333333333 0.0 1.0 0.0 0.04409985158310367 0.007700995581316723 0.009408602150537635 0.0013513513513513514 0.04855293435749783
0 0.005291005291005291 0.0 1.0 0.0 0.031828557572132724 0.007475673048959055 0.008448540706605223 0.0012870012870012872 0.03366083884038448
0 0.005 0.0 1.0 0.0 0.02186480993035781 0.007849456701407008 0.00913978494623656 0.0024324324324324327 0.042844869977213956
0 0.00909090909090909 0.0 1.0 0.0 0.028731319232086917 0.0 0.008064516129032258 0.0 0.011740103772348996
0 0.16666666666666666 0.0 1.0 0.0 0.03300917042205333 0.05672494856995228 0.019230769230769232 0.016339869281045753 0.16666666666666666
1 0.0625 0.0 1.0 0.0 0.09365441588503495 0.04254371142746421 0.02884615384615385 0.01715686274509804 4.078234418847864e-05
0 0.041666666666666664 0.0 1.0 0.0 0.08598739074141588 0.04594149172432668 0.01201923076923077 0.0024509803921568627 0.0525425603360414
0 0.0125 0.0 1.0 0.0 0.06361651394401417 0.006125532229910224 0.01730769230769231 0.0 1.3484219496902564e-05
0 0.02 0.0 1.0 0.0 0.03639181905728771 0.012251064459820448 0.009615384615384616 0.0 4.277072599884003e-05