0 0.041666666666666664 0.0 1.0 0.0 0.025325136770746576 0.01636107319204879 0.009205426356589148 0.0032798833819241992 0.04166666666666668
0 0.07142857142857142 0.0 1.0 0.0 0.02915305157303313 0.02200270063239653 0.014534883720930234 0.004164931278633903 0.04877791050739907
0 0.012345679012345678 0.0 1.0 0.0 0.02800125711217149 0.023089242019638846 0.00872093023255814 0.0038872691933916435 0.02719652608557319
0 0.013888888888888888 0.0 1.0 0.0 0.02859905505107274 0.021027309038477018 0.007751937984496124 0.0035633300939423396 0.028629830700650578
0 0.022222222222222223 0.0 1.0 0.0 0.038527868058971265 0.006071956146266695 0.014857881136950904 0.0025915127955944287 0.087002341181655
0 0.009259259259259259 0.0 1.0 0.1111111111111111 0.020265397117297274 0.013616569256709784 0.010820413436692504 0.0025915127955944287 0.01821312911929595
0 0.011904761904761904 0.0 1.0 0.0 0.013503403479012112 0.015179890365666736 0.005813953488372093 0.0 0.027648275724642016
1 0.004032258064516129 0.0 1.0 0.0 0.01993636165731789 0.004440116079547415 0.008252063015753937 0.0006583278472679395 0.013247063663409943
0 0.006172839506172839 0.0 1.0 0.0 0.008209514283896704 0.0 0.005006459948320413 0.0 0.01873554529870966
0 0.0071428571428571435 0.0 1.0 0.0 0.021529446441504427 0.0 0.007682724252491694 0.0 0.05864487235460295
0 0.0030303030303030303 0.0 1.0 0.0 0.03154272137170652 0.008569044283104652 0.01453488372093023 0.001457725947521866 0.019555301711425017
0 0.005555555555555555 0.0 1.0 0.0 0.018691895733903105 0.0030025834319768623 0.008914728682170544 0.0005830903790087463 0.015437390854050999
1 0.008547008547008548 0.0 1.0 0.0 0.022533820466801732 0.007197791634529944 0.006782945736434109 0.0012957563977972141 0.023647140381487387
1 0.002747252747252747 0.0 1.0 0.0 0.014436686722691603 0.0 0.007267441860465116 0.0 0.009477940862201576
0 0.007407407407407408 0.0 1.0 0.0 0.0398583262462285 0.013718822727709462 0.011950904392764859 0.0022675736961451243 0.06655913751433691
0 0.004464285714285714 0.0 1.0 0.0 0.04253979797342309 0.009687340086061579 0.015365448504983389 0.001665972511453561 0.04376154775882916
0 0.0034602076124567475 0.0 1.0 0.0 0.02434668882746958 0.007977809482638947 0.009062927496580027 0.0013719773623735209 0.01199364063624733
0 0.0019157088122605363 0.0 1.0 0.0 0.01335327176038547 0.0016753480528647283 0.006415396952686448 0.0003015984719010757 0.0073276105498680235
0 0.003095975232198142 0.0 1.0 0.0 0.040617354639932116 0.009405949495705019 0.015902872777017782 0.0015434745326702109 0.03293669719328596
0 0.05555555555555555 0.0 1.0 0.0 0.03303714791874077 0.02503964685340259 0.014467592592592591 0.0055264688772542194 0.05555555555555555
0 0.03333333333333333 0.0 1.0 0.0 0.045566578093895214 0.02540289351370503 0.015624999999999998 0.005584642233856895 0.040525174773237395
0 0.02564102564102564 0.0 1.0 0.0 0.012604917765996664 0.01761429727006001 0.008814102564102564 0.004832863471606927 0.011432972927786203
0 0.013157894736842105 0.0 1.0 0.0 0.023098340457284105 0.02333976619478595 0.009868421052631577 0.0022044640396803525 0.012155197694071099
0 0.018181818181818184 0.0 1.0 0.0 0.03850655903516336 0.023790739169951183 0.010416666666666666 0.0 0.007131389201032305
0 0.01282051282051282 0.0 1.0 0.0 0.03233252430147365 0.0 0.008413461538461538 0.0 0.03878664344024455
0 0.015873015873015872 0.0 1.0 0.0 0.05108563651692469 0.0064629385618946876 0.01909722222222222 0.0011634671320535197 0.029014616258086046
0 0.007352941176470588 0.0 1.0 0.0 0.030939115115993416 0.006843111418476728 0.014399509803921564 0.0012319063751154912 0.03975332348445864
0 0.005847953216374269 0.0 1.0 0.10526315789473684 0.027042227907457004 0.014701496930875892 0.01206140350877193 0.002755580049600441 0.017280791024628064
0 0.016666666666666666 0.0 1.0 0.0 0.020003621295836906 0.0 0.00954861111111111 0.0 0.02575088150927003
0 0.012987012987012988 0.0 1.0 0.0 0.02641063092623566 0.0 0.005952380952380952 0.0 0.0004066045423196347
0 0.005555555555555555 0.0 1.0 0.0 0.02760188770185485 0.0 0.009027777777777777 0.0 0.04350975104738048
0 0.00591715976331361 0.0 1.0 0.0 0.013552332024593921 0.0 0.006009615384615385 0.0 0.019870515146018217
0 0.007142857142857143 0.0 1.0 0.0 0.021314886108397685 0.005816644705705218 0.008854166666666666 0.0010471204188481676 0.01804174507652637
0 0.009523809523809523 0.0 1.0 0.0 0.0 0.0 0.001488095238095238 0.0 0.0008759078146717344
1 0.03333333333333333 0.0 1.0 0.0 0.03941881870722556 0.02351810296100648 0.01648745519713261 0.005945945945945946 0.03333333333333334
0 0.025 0.0 1.0 0.0 0.02649118122234521 0.016886602363536292 0.011021505376344085 0.005135135135135136 0.021862725605548503
0 0.037037037037037035 0.0 1.0 0.0 0.02627485402856969 0.011257734909024196 0.011350059737156512 0.0024024024024024027 0.06552845253724969
0 0.05 0.0 1.0 0.0 0.038892753458263665 0.03377320472707259 0.018279569892473122 0.002162162162162162 0.10782768213883138
0 0.04 0.0 1.0 0.0 0.03215342577501025 0.013509281890829037 0.017204301075268817 0.0 0.10549844172654894
0 0.01282051282051282 0.0 1.0 0.0 0.010815805639913053 0.02338144942643487 0.0037220843672456576 0.0 0.00029973369155855743
0 0.07142857142857142 0.0 1.0 0.0 0.0167958141787861 0.016886602363536295 0.0 0.0 0.006147513814868395
0 0.015625 0.0 1.0 0.0 0.011307112926980297 0.004221650590884074 0.010080645161290324 0.0 0.06637673304877278
0 0.027777777777777776 0.0 1.0 0.0 0.042237471744678484 0.0 0.009408602150537635 0.0 0.022888507174519564
0 0.016666666666666666 0.0 1.0 0.0 0.01045103356391837 0.0 0.009856630824372761 0.0 0.029191002901556184
0 0.00909090909090909 0.0 1.0 0.0 0.021450874431135396 0.0 0.00913978494623656 0.0 0.051646268425614726
0 0.006944444444444444 0.0 1.0 0.0 0.008813230848727007 0.0 0.0049283154121863805 0.0 0.016721935219292165
0 0.006993006993006993 0.0 1.0 0.0 0.04664164799085497 0.0 0.015640273704789834 0.0 0.08092070335921293
0 0.007142857142857143 0.0 1.0 0.0 0.02684851001433477 0.006005292642106469 0.015053763440860216 0.001081081081081081 0.055007210937000076
0 0.002898550724637681 0.0 1.0 0.0 0.03346315021775661 0.0029368004110497904 0.007947639083683965 0.00047003525264394835 0.027922988441425895
0 0.003472222222222222 0.0 1.0 0.0 0.018864682876396578 0.0037525783030080656 0.008363201911589008 0.0006006006006006007 0.019718241534958148