0 0.045454545454545456 0.0 1.0 0.0 0.04033617059826426 0.050117990971992744 0.018445322793148877 0.013368983957219251 0.045454545454545456
1 0.041666666666666664 0.0 1.0 0.0 0.05020844430349678 0.04594149172432668 0.00966183574879227 0.0 0.016632969125318243
0 0.014492753623188404 0.0 1.0 0.0 0.03858242405051364 0.04793894788625393 0.017643352236925012 0.01278772378516624 0.04278352378497847
0 0.041666666666666664 0.0 1.0 0.0 0.05020844430349678 0.04594149172432668 0.00966183574879227 0.0 0.016632969125318243
1 0.03225806451612903 0.0 1.0 0.06451612903225806 0.03862640145064892 0.043321057310874704 0.012235817575083425 0.009752438109527379 0.03225806451612903
0 0.025 0.0 1.0 0.0 0.016497477574251802 0.027189225099534437 0.006321839080459771 0.0011627906976744186 0.00734136359225143
0 0.03333333333333333 0.0 1.0 0.0 0.03652970315688643 0.0 0.018390804597701153 0.0 0.008072675358530604
0 0.014705882352941176 0.0 1.0 0.0 0.03100683807922256 0.0 0.008113590263691683 0.0 0.017572741002589938
0 0.022222222222222223 0.0 1.0 0.0 0.04110625093929053 0.0 0.006385696040868454 0.0 0.08304487806718518
0 0.06666666666666667 0.0 1.0 0.13333333333333333 0.06699568011059381 0.06570530643078847 0.022629969418960245 0.014197530864197528 0.06666666666666668
0 0.038461538461538464 0.0 1.0 0.0 0.058867870927615515 0.07767534696656378 0.017642907551164433 0.01353276353276353 0.04696162486394761
0 0.027777777777777776 0.0 1.0 0.16666666666666666 0.028660747130772612 0.024105103682517087 0.009174311926605505 0.0015432098765432098 0.000125182994131852
1 0.25 0.0 1.0 0.0 0.0 0.0 0.0 0.0 0.02173430981965165
0 0.04 0.0 1.0 0.0 0.06139252867975461 0.023140899535216402 0.022018348623853212 0.0037037037037037034 0.08728359109415709
0 0.00641025641025641 0.0 1.0 0.0 0.05390598052662714 0.032186227945050834 0.014467184191954835 0.00641025641025641 0.02096120755247666
0 0.008403361344537815 0.0 1.0 0.0 0.04859311006450723 0.027261009013202563 0.012951969778737183 0.005446623093681917 0.03950629138967785
0 0.013888888888888888 0.0 1.0 0.0 0.021409977014749684 0.0 0.0030581039755351682 0.0 0.03478972262313122
0 0.0101010101010101 0.0 1.0 0.0 0.06543440426518364 0.04752378234159083 0.019182652210175146 0.0101010101010101 0.06686212171419349