0 0.14285714285714285 0.0 1.0 0.0 0.02715000937024333 0.03172944208281701 0.017142857142857144 0.007670182166826462 0.14285714285714285
0 0.038461538461538464 0.0 1.0 0.0 0.028490945853334202 0.038707544911771384 0.013333333333333332 0.006711409395973154 0.03487589642268665
0 0.018518518518518517 0.0 1.0 0.0 0.03043986049867817 0.023296207585788334 0.008888888888888889 0.006338553318419091 0.02346669582184579
0 0.0625 0.0 1.0 0.0 0.03704883504210476 0.020966586827209494 0.006666666666666667 0.0050335570469798654 0.000831850587308709
0 0.015384615384615385 0.0 1.0 0.0 0.04942327760242941 0.033213227911678 0.015384615384615385 0.002065049044914817 0.040782275294242346
0 0.16666666666666666 0.0 1.0 0.0 0.04165361916338953 0.0 0.0 0.0 0.009713126555475259
0 0.023809523809523808 0.0 1.0 0.0 0.02785316412810493 0.013977724551472996 0.007777777777777778 0.0 0.0006131628880873951
0 0.013888888888888888 0.0 1.0 0.0 0.028037106665542582 0.0 0.008888888888888889 0.0 0.00034735206828440405
0 0.018518518518518517 0.0 1.0 0.0 0.014402447021631183 0.0 0.007777777777777778 0.0 0.0009352471006765054
0 0.02 0.0 1.0 0.0 0.009267877739383062 0.016773269461767597 0.005333333333333334 0.0026845637583892616 0.001290490476992257
0 0.008264462809917356 0.0 1.0 0.0 0.020684397185143175 0.0 0.007272727272727273 0.0 0.05689996183823789
0 0.010416666666666666 0.0 1.0 0.0 0.017566790410504643 0.0 0.0016666666666666668 0.0 0.0005728771080306892
0 0.006410256410256411 0.0 1.0 0.0 0.018287190330686362 0.006988862275736498 0.011111111111111112 0.0011185682326621924 0.049223746919179745
0 0.017857142857142856 0.0 1.0 0.0 0.02564187788660158 0.018640589577008333 0.025 0.003355704697986577 0.20275215734008273
0 0.009523809523809523 0.0 1.0 0.0 0.038272987349786534 0.0 0.014285714285714287 0.0 0.08310305983720252
0 0.0125 0.0 1.0 0.0 0.013731814895574184 0.0 0.008 0.0 0.001115747982982696
0 0.003676470588235294 0.0 1.0 0.0 0.01181138710476209 0.004660147394252083 0.01 0.0008389261744966443 0.03675146468024311
1 0.01111111111111111 0.0 1.0 0.0 0.028235721353169742 0.0 0.02 0.0 0.14847690406973055
0 0.14285714285714285 0.0 1.0 0.0 0.07116616799321565 0.05785832305681819 0.02040816326530612 0.010714285714285714 0.14285714285714288
0 0.027777777777777776 0.0 1.0 0.0 0.03432883727802659 0.04116277814042508 0.012767425810904072 0.008333333333333337 0.018373158202829937
1 0.014492753623188404 0.0 1.0 0.0 0.03275524818210953 0.028833876108819524 0.011612206319200648 0.005434782608695655 0.006848631310878515
0 0.03125 0.0 1.0 0.0 0.03469130916335004 0.02712161603500843 0.016304347826086956 0.0015625 0.02154188581295997
0 0.016666666666666666 0.0 1.0 0.0 0.030314619315647617 0.016637020730505738 0.009834368530020702 0.0031250000000000006 7.967055464821837e-05
0 0.018518518518518517 0.0 1.0 0.0 0.039535609837611695 0.0 0.00966183574879227 0.0 0.00010276907600678091
0 0.015873015873015872 0.0 1.0 0.0 0.03067452177238251 0.0 0.00966183574879227 0.0 0.00010841513986249638
0 0.006578947368421052 0.0 1.0 0.0 0.02436785968662163 0.0 0.0058842759071592015 0.0 4.2811546185680634e-05
0 0.005847953216374269 0.0 1.0 0.0 0.02641274860442282 0.020078350525959195 0.006864988558352402 0.0036184210526315794 0.023648490010142548
0 0.009090909090909092 0.0 1.0 0.0 0.03486749383636613 0.020941445634715092 0.012987012987012986 0.003977272727272727 0.04801978587450442
0 0.006993006993006993 0.0 1.0 0.0 0.02618316425945348 0.00534124585956585 0.012900143334925944 0.0009615384615384616 0.010936214610244117
0 0.00641025641025641 0.0 1.0 0.0 0.026326175955763424 0.007427063344961999 0.008600095556617296 0.0014423076923076922 0.05048253356158042
0 0.05263157894736842 0.0 1.0 0.0 0.035694624210981775 0.04212663688739684 0.01806290875116786 0.008145363408521305 0.05263157894736843
0 0.038461538461538464 0.0 1.0 0.0 0.02273901354044799 0.033695155738544535 0.007282658170232136 0.005952380952380953 0.04148669554414683
0 0.047619047619047616 0.0 1.0 0.0 0.010305594787279054 0.044188297619922386 0.009298393913778529 0.008503401360544217 0.015647064825606592
1 0.010416666666666666 0.0 1.0 0.0 0.03107046662836326 0.035132613918755155 0.014546351084812626 0.00570436507936508 0.030646740696752467
0 0.010526315789473684 0.0 1.0 0.10526315789473684 0.028506811133734544 0.0032264602668172424 0.008097165991902834 0.0006265664160401002 0.009501547096076294
0 0.011904761904761904 0.0 1.0 0.0 0.0254071533644729 0.004378767504966258 0.00591715976331361 0.0008503401360544217 0.048205629435208404
0 0.014285714285714285 0.0 1.0 0.0 0.021087015778390165 0.0 0.009467455621301777 0.0 0.03582364312574969
0 0.007352941176470588 0.0 1.0 0.0 0.028127922256951175 0.003606043827619271 0.007309432648799165 0.0007002801120448179 0.012812695177194992
0 0.018518518518518517 0.0 1.0 0.0 0.017204848195922634 0.0 0.005917159763313609 0.0 0.017903203772402246
0 0.014285714285714287 0.0 1.0 0.0 0.015303341266263247 0.0 0.0076077768385460695 0.0 0.04544888166922891
0 0.010101010101010102 0.0 1.0 0.0 0.01118844943253195 0.008264606976863001 0.007889546351084813 0.0013227513227513227 0.02827122963223566
0 0.009259259259259259 0.0 1.0 0.0 0.00915551159480073 0.0 0.004602235371466141 0.0 0.017690672387622612
0 0.01098901098901099 0.0 1.0 0.0 0.005281523985214226 0.0 0.0016906170752324597 0.0 0.0007900408201553116
0 0.008928571428571428 0.0 1.0 0.0 0.014329773789407469 0.0 0.009615384615384616 0.0 0.028918293867755546