0 0.1111111111111111 0.0 1.0 0.0 0.03359927946276321 0.04384591490883108 0.015046296296296295 0.009356725146198832 0.11111111111111113
1 0.03571428571428571 0.0 1.0 0.0 0.0312621496651592 0.042279989376372826 0.015625 0.010526315789473687 0.009570086768844568
0 0.013333333333333332 0.0 1.0 0.0 0.03337784244609303 0.03156905873435837 0.005416666666666666 0.002105263157894737 0.006679373972931902
0 0.0625 0.0 1.0 0.0 0.03365209932784874 0.0 0.013020833333333334 0.0 0.00026760334327436655
0 0.028571428571428574 0.0 1.0 0.0 0.017246299503886345 0.0 0.008928571428571428 0.003007518796992481 0.00020179837239959493
0 0.009259259259259259 0.0 1.0 0.0 0.01461524064171426 0.0 0.005208333333333333 0.0 4.331595824597411e-05
0 0.015873015873015872 0.0 1.0 0.0 0.035588049833888906 0.0 0.010416666666666664 0.0 8.848934221781437e-05
0 0.0125 0.0 1.0 0.0 0.039923342261824604 0.0 0.0125 0.0 0.0126368382773722
0 0.2 0.0 1.0 0.0 0.04261211332242748 0.019224747306179783 0.01818181818181818 0.012307692307692308 0.2
0 0.1 0.0 1.0 0.0 0.0639822528046981 0.072633468113581 0.01818181818181818 0.012307692307692308 0.0001287872421466951
0 0.08333333333333333 0.0 1.0 0.0 0.03915880649058762 0.0 0.026515151515151516 0.011538461538461539 0.00017144267148804938
0 0.03571428571428571 0.0 1.0 0.0 0.010523265180494673 0.02594052432627893 0.0021645021645021645 0.01098901098901099 0.00015605087897608874
0 0.014285714285714287 0.0 1.0 0.0 0.05317775342559634 0.03432990590389247 0.01406926406926407 0.0 0.024952960276731943
1 0.011904761904761904 0.0 1.0 0.0 0.02759581666513453 0.020597943542335483 0.004329004329004329 0.0 3.225092411481931e-05
0 0.008403361344537815 0.0 1.0 0.0 0.03649303550342692 0.0056543374429940535 0.010695187165775402 0.0 2.206008170259219e-05
0 0.07142857142857142 0.0 1.0 0.14285714285714285 0.029092185806081937 0.046704639427388596 0.011494252873563218 0.010797342192691028 0.07142857142857142
1 0.022727272727272728 0.0 1.0 0.09090909090909091 0.04306543270628313 0.026726194071069465 0.013061650992685475 0.0047568710359408035 0.025371847315558804
0 0.047619047619047616 0.0 1.0 0.0 0.02227836227204145 0.05862297785666837 0.011494252873563218 0.0033222591362126247 0.0008500430849057826
1 0.03571428571428571 0.0 1.0 0.0 0.018375502069084903 0.02865410211996335 0.014778325123152709 0.006644518272425249 0.00020619491589970876
1 0.025 0.0 1.0 0.125 0.029932885653267304 0.01010306439612979 0.010057471264367816 0.0029069767441860465 0.07672595976655872
0 0.013888888888888888 0.0 1.0 0.0 0.01890089399605469 0.0066178866869228935 0.006704980842911878 0.001937984496124031 8.07276257548596e-05
1 0.008403361344537815 0.0 1.0 0.0 0.018564806053059858 0.0 0.006085192697768763 0.0 4.596952125112493e-05