0 0.05 0.0 1.0 0.1 0.03461084277756324 0.011135443152049623 0.013824884792626729 0.006018518518518515 0.05
0 0.03333333333333333 0.0 1.0 0.0 0.05990238287693436 0.0352530922605769 0.026420890937019968 0.008641975308641974 0.04517315489924381
0 0.0303030303030303 0.0 1.0 0.18181818181818182 0.05104302661801623 0.028567310433281222 0.024298282362798494 0.008417508417508417 0.04717423878760476
0 0.009615384615384616 0.0 1.0 0.0 0.031219629830858922 0.025318877711530262 0.017015242821694435 0.002492877492877493 0.004447875572506443
0 0.010526315789473684 0.0 1.0 0.0 0.04615911194034477 0.03456920843334571 0.023041474654377885 0.005360623781676413 0.029936070675664284
0 0.007936507936507936 0.0 1.0 0.0 0.04536445430167673 0.030914717531289788 0.02743032696949748 0.003306878306878307 0.02739232696612119
0 0.015873015873015872 0.0 1.0 0.0 0.06388698295127065 0.04645922914888613 0.035330261136712754 0.006687242798353909 0.06930921534961847
0 0.015625 0.0 1.0 0.0 0.0976943163776619 0.03545934703138236 0.04205069124423963 0.00636574074074074 0.09586559229377357
0 0.008547008547008546 0.0 1.0 0.0 0.02978190131955699 0.02783714595138925 0.025877348457993617 0.005341880341880342 0.011420950878983548
1 0.1 0.0 1.0 0.0 0.0 0.0 0.0 0.0 0.052593482298395666
0 0.010101010101010102 0.0 1.0 0.0 0.062123935302266425 0.03697598105475761 0.035330261136712754 0.007201646090534979 0.01325522075118639
0 0.004901960784313725 0.0 1.0 0.11764705882352941 0.06090622665887996 0.01952913713337914 0.024939007861209 0.0038126361655773417 0.05119411861989841
0 0.01098901098901099 0.0 1.0 0.0 0.029612827072494737 0.0 0.022383146807109944 0.0 0.03414278982988838
0 0.007936507936507936 0.0 1.0 0.0 0.029403849125368402 0.0 0.02048131080389145 0.0 0.021609557894947846
0 0.008333333333333333 0.0 1.0 0.0 0.015350862822614598 0.0 0.003456221198156682 0.0 0.0010219059190825274
0 0.010416666666666666 0.0 1.0 0.0 0.0038561801170891867 0.0052697986581052665 0.006144393241167435 0.0015432098765432098 0.0025596278955876167
0 0.014705882352941176 0.0 1.0 0.0 0.011802406211240369 0.0 0.0034562211981566822 0.0 0.002482135939732758
0 0.018518518518518517 0.0 1.0 0.0 0.023448901849165534 0.0 0.007680491551459293 0.0 0.003314986796846294
0 0.004784688995215311 0.0 1.0 0.0 0.053268417417880576 0.024046912568632787 0.021365731043150395 0.00505050505050505 0.07255760192203745
0 0.05263157894736842 0.0 1.0 0.10526315789473684 0.03846449431823009 0.01879836713476645 0.016140350877192976 0.008830801836806781 0.05263157894736841
0 0.045454545454545456 0.0 1.0 0.18181818181818182 0.04006095168570043 0.026681053327064986 0.018181818181818177 0.008541793776693106 0.046733667005162044
1 0.0196078431372549 0.0 1.0 0.11764705882352941 0.04433858615814995 0.024023890483281542 0.013333333333333332 0.008290564547966839 0.04824317070064882
0 0.027777777777777776 0.0 1.0 0.0 0.01741665757377025 0.0 0.011111111111111112 0.0 0.011794539004944572
0 0.025 0.0 1.0 0.0 0.004291192154866933 0.0 0.0 0.0 0.0006554699028955529
0 0.027777777777777776 0.0 1.0 0.0 0.005578607236055691 0.0 0.0022222222222222222 0.0 0.0012108683970937014
0 0.03571428571428571 0.0 1.0 0.0 0.0 0.0 0.0 0.0 0.0017891854001733803
0 0.0625 0.0 1.0 0.0 0.01673582170816707 0.020966586827209494 0.006666666666666667 0.0 0.004145132449681054
0 0.01111111111111111 0.0 1.0 0.0 0.05344464952071641 0.03664729645613672 0.017333333333333333 0.006040268456375839 0.0833330749402935
0 0.0071428571428571435 0.0 1.0 0.0 0.05388487246742329 0.02018618694660923 0.019047619047619046 0.004314477468839885 0.057506822722057586
0 0.004329004329004329 0.0 1.0 0.0 0.019578828876586168 0.005990453379202713 0.010476190476190476 0.0 0.003024452394182229
0 0.008333333333333333 0.0 1.0 0.0 0.03412097716905086 0.020966586827209494 0.016 0.0 0.007434637019188446
0 0.004048582995951417 0.0 1.0 0.0 0.009430459646683499 0.03524513501127054 0.005614035087719299 0.001412928293889085 0.0026110535936126637
1 0.03125 0.0 1.0 0.0 0.028046518479772187 0.020124670934090483 0.011768196202531644 0.005357142857142855 0.03125
0 0.05555555555555555 0.0 1.0 0.0 0.027627045944058137 0.003918797667688525 0.014064697609001408 0.0031746031746031746 0.08243475634477206
0 0.047619047619047616 0.0 1.0 0.0 0.012986793110876329 0.017001477209546745 0.0045207956600361665 0.0027210884353741495 0.06746285365504215
0 0.015625 0.0 1.0 0.0 0.04141158049339243 0.02195985939250357 0.015229430379746835 0.0065476190476190495 0.05494118525745564
0 0.02 0.0 1.0 0.0 0.019243725434719527 0.005070330127392224 0.012658227848101267 0.0031746031746031746 0.023915837763977037
0 0.10654988401843217 0.0 0.6392993041105931 0.0 0.0 0.0 0.0 0.0 1.0
0 0.012987012987012986 0.0 1.0 0.0 0.04553874538645837 0.041064183591221465 0.015535097813578825 0.008658008658008658 0.0774772362005212
0 0.011363636363636364 0.0 1.0 0.0 0.02042848266044903 0.01339129121431784 0.005753739930955121 0.0005772005772005772 0.00040972163073547485
0 0.015873015873015872 0.0 1.0 0.0 0.011945572601222473 0.011334318139697831 0.0031645569620253164 0.0 0.0012712192366358627
0 0.05 0.0 1.0 0.0 0.0 0.009917528372235602 0.0 0.0 0.01726327846215703
0 0.006060606060606061 0.0 1.0 0.0 0.03971742477880032 0.03878330318368287 0.014345991561181435 0.006349206349206349 0.05504995096633273
0 0.006944444444444444 0.0 1.0 0.0 0.046357505492104455 0.034007686638867475 0.017405063291139243 0.0050264550264550265 0.06615586237824653
0 0.019230769230769232 0.0 1.0 0.0 0.008345332157798117 0.004958764186117801 0.007911392405063292 0.0 0.003322087608880548
0 0.007142857142857143 0.0 1.0 0.0 0.03296092773116221 0.013884539721129841 0.012025316455696202 0.0 0.0003310773410298391
0 0.002777777777777778 0.0 1.0 0.0 0.019748937496000412 0.005127842172219974 0.006724683544303799 0.0005291005291005291 0.00011546080372689569
0 0.005681818181818182 0.0 1.0 0.0 0.013044311301724343 0.002483193492325031 0.006616800920598389 0.0005772005772005772 0.03977307340010889
0 0.004524886877828054 0.0 1.0 0.0 0.03471591598306845 0.024611549517617955 0.012901655306718598 0.005128205128205128 0.06501534659931957
0 0.002525252525252525 0.0 1.0 0.0 0.023847445130557043 0.0016031445004180329 0.009205983889528195 0.0002886002886002886 0.00012422461290755046
0 0.0037593984962406013 0.0 1.0 0.0 0.042661250301796114 0.019481035751026783 0.01582278481012658 0.004081632653061224 0.06459943947560319
0 0.0029411764705882353 0.0 1.0 0.0 0.021354797087166966 0.003933710868735272 0.012658227848101266 0.0009337068160597572 0.008461912322723628
0 0.004329004329004329 0.0 1.0 0.0 0.025630108608043222 0.006664458078677691 0.014959723820483313 0.001443001443001443 0.049278919773419534
1 0.0014204545454545455 0.0 1.0 0.0 0.042005587709543976 0.011818337723772037 0.019382911392405073 0.0025793650793650797 0.01701319646287247
0 0.004830917874396135 0.0 1.0 0.0 0.0455853121889079 0.003918797667688525 0.01828410689170183 0.0007054673721340388 0.08661840055097482
0 0.0026041666666666665 0.0 1.0 0.0 0.03244535223524553 0.0040868496713018405 0.012460443037974686 0.0007936507936507937 0.04356669404767462