1 0.07692307692307693 0.0 1.0 0.0 0.042453388881884095 0.023748425005718617 0.016765285996055226 0.0069478908188585625 0.07692307692307694
0 0.05 0.0 1.0 0.0 0.038541072958946515 0.02846553693660636 0.018589743589743593 0.01096774193548387 0.01014531471185867
0 0.06666666666666667 0.0 1.0 0.0 0.0302416914432214 0.0 0.007692307692307693 0.005161290322580645 0.062407050817189634
0 0.011904761904761904 0.0 1.0 0.09523809523809523 0.031201656318940087 0.024524055077838752 0.015567765567765568 0.004608294930875577 0.03401339996099827
0 0.011764705882352941 0.0 1.0 0.0 0.015153646485998054 0.026110215213872686 0.006787330316742081 0.003795066413662239 0.001165526164714034
0 0.023809523809523808 0.0 1.0 0.0 0.04500679565183075 0.05087367637193603 0.020146520146520148 0.007373271889400922 0.0003070485287068511
0 0.017857142857142856 0.0 1.0 0.0 0.05686746154579178 0.029398234064536535 0.023237179487179488 0.0064516129032258064 0.00022020299034850548
0 0.020833333333333332 0.0 1.0 0.0 0.017960229316436524 0.009583405172645967 0.005341880341880341 0.002150537634408602 0.0464342579050123
0 0.012345679012345678 0.0 1.0 0.0 0.028507177447344538 0.005807624798813204 0.008547008547008548 0.0014336917562724014 0.11442091427843971
0 0.02 0.0 1.0 0.0 0.009476358617654492 0.0 0.0038461538461538464 0.0 0.001159906199938042
0 0.007575757575757576 0.0 1.0 0.0 0.06116097912905765 0.03641783743985086 0.026709401709401708 0.008602150537634409 0.06039706966390473
0 0.005952380952380952 0.0 1.0 0.0 0.03764529145787255 0.01875371483768879 0.014652014652014652 0.003686635944700461 0.05353640208837586
0 0.006993006993006993 0.0 1.0 0.0 0.04217701577620351 0.025058985126774805 0.019813519813519812 0.005865102639296188 0.0001611684876407144
0 0.003968253968253968 0.0 1.0 0.0 0.02997906064203227 0.01854117273466522 0.00747863247863248 0.0035842293906810036 0.04909758567987844
0 0.05263157894736842 0.0 1.0 0.0 0.030784724706937043 0.030982975121818485 0.013994523881959231 0.007037943696450427 0.05263157894736842
0 0.041666666666666664 0.0 1.0 0.0 0.03677574725438474 0.021593140791600296 0.013005780346820804 0.006782945736434107 0.07606412405184061
0 0.0303030303030303 0.0 1.0 0.0 0.041236380015758696 0.01627052631128439 0.019442984760903833 0.007399577167019027 0.08507254461242841
0 0.01 0.0 1.0 0.0 0.032147297485620896 0.019619029719631045 0.013872832369942195 0.0034883720930232553 0.027156031612856523
0 0.02 0.0 1.0 0.0 0.059093107795183716 0.029047574992503038 0.019653179190751442 0.004069767441860465 0.00611376940197969
0 0.01282051282051282 0.0 1.0 0.0 0.04333516292852605 0.03156621884589835 0.012005335704757668 0.0031305903398926656 0.00011725931159435012
1 0.003484320557491289 0.0 1.0 0.0 0.02551012217400629 0.008590080112821332 0.010150852953616238 0.0012762336925694836 0.016742359502101168
0 0.008928571428571428 0.0 1.0 0.0 0.016672656248204347 0.00336446702422941 0.00495458298926507 0.0008305647840531562 0.0002494032634700939
0 0.0101010101010101 0.0 1.0 0.0 0.06460441989340669 0.028148872015385597 0.022070415133998943 0.005285412262156449 0.06636408207406402
0 0.011111111111111112 0.0 1.0 0.0 0.03962102458823932 0.009807249315992802 0.012845215157353882 0.002583979328165375 0.11122263448371061
0 0.011363636363636364 0.0 1.0 0.0 0.013560679026677326 0.0 0.005780346820809248 0.0 0.0360598439849107
0 0.07142857142857142 0.0 1.0 0.0 0.038280267881656525 0.027399246970697098 0.01507936507936508 0.008379888268156424 0.07142857142857142
0 0.014705882352941176 0.0 1.0 0.11764705882352941 0.027920870676583234 0.03261264489983836 0.011601307189542484 0.006079526782780148 0.019232456634560163
0 0.011494252873563218 0.0 1.0 0.0 0.02577731438974657 0.017495970881834823 0.011685823754789274 0.003274898863417453 0.024626650165951253
1 0.041666666666666664 0.0 1.0 0.0 0.02441782372096486 0.0 0.009259259259259259 0.0 0.11186145337997433
0 0.025 0.0 1.0 0.0 0.03176322309265975 0.015444389182151394 0.013888888888888888 0.004189944134078212 0.04791560917903707
0 0.005555555555555555 0.0 1.0 0.0 0.02954150286407658 0.012178079485811495 0.01407407407407407 0.0027932960893854745 0.013597172137985733
1 0.0024213075060532684 0.0 1.0 0.0 0.03243453855686758 0.009276674181875668 0.013653483992467047 0.002272512072720386 0.0072124605205206626