0 0.16666666666666666 0.0 1.0 0.0 0.11245201978217419 0.06605049858068818 0.029209621993127145 0.012089810017271156 0.16666666666666666
0 0.0625 0.0 1.0 0.0 0.04647437224011147 0.018810226551299172 0.017396907216494846 0.0051813471502590676 0.06810226911796476
0 0.009009009009009009 0.0 1.0 0.0 0.052889192098179084 0.02132607838983095 0.014070771802730564 0.007141856882789527 0.018706869539145972
0 0.025 0.0 1.0 0.0 0.042730345600576945 0.010672394996560247 0.013917525773195874 0.002072538860103627 0.05370522705404577
0 0.022222222222222223 0.0 1.0 0.0 0.1050303127276575 0.06964752959652493 0.026918671248568154 0.01093839953943581 0.1023457441145326
0 0.01282051282051282 0.0 1.0 0.0 0.061227466303027896 0.04648834537247501 0.018239492466296588 0.005579912315663611 0.07321816374293585
0 0.02857142857142857 0.0 1.0 0.0 0.12355141286114442 0.07278594246831967 0.028865979381443297 0.010362694300518133 0.19637859025262144
0 0.008333333333333333 0.0 1.0 0.0 0.03880206652133455 0.01894510932969118 0.009965635738831614 0.0006908462867012091 0.051828803413717366
0 0.00505050505050505 0.0 1.0 0.0 0.06074427127065878 0.01507074696359398 0.01663542642924086 0.002826189354686764 0.03293516232243919
0 0.0071428571428571435 0.0 1.0 0.0 0.05565411229621466 0.022356355539957046 0.016936671575846832 0.0044411547002220575 0.06810787786381613
0 0.005681818181818182 0.0 1.0 0.0 0.04671132991741815 0.0066702468728501545 0.012564432989690719 0.0012953367875647669 0.06008522922952675
0 0.005208333333333333 0.0 1.0 0.125 0.05559148498318637 0.02977162212239568 0.014175257731958763 0.0055051813471502595 0.057863762089555834
0 0.004524886877828055 0.0 1.0 0.0 0.07699112478108183 0.023542047786529952 0.021528198908429354 0.0045717768972874115 0.04672919150388566
0 0.011904761904761904 0.0 1.0 0.0 0.09759177628934851 0.04446831248566769 0.024054982817869414 0.008635578583765112 0.16343062679491208
1 0.1 0.0 1.0 0.0 0.08578268052869806 0.04242795909279248 0.024255319148936173 0.00811965811965812 0.1
1 0.01020408163265306 0.0 1.0 0.0 0.035714402552554245 0.01648062557235453 0.011289622231871474 0.005494505494505498 0.01345204494568461
0 0.017543859649122806 0.0 1.0 0.0 0.053002336348385116 0.035448261344772615 0.015677491601343786 0.004048582995951417 0.02850353968120946
0 0.03571428571428571 0.0 1.0 0.0 0.12233779233127064 0.05298250215391792 0.03161094224924012 0.007326007326007327 0.14172621105149308
0 0.025 0.0 1.0 0.0 0.09062484765517265 0.04583574213413773 0.02659574468085106 0.006944444444444444 0.09429358621898805
0 0.008333333333333333 0.0 1.0 0.0 0.052380213231271275 0.019482860615980764 0.01595744680851064 0.0017094017094017096 0.034472740293805586
0 0.008403361344537815 0.0 1.0 0.0 0.05882782230901995 0.015620110077321281 0.017021276595744678 0.002765208647561589 0.03869955462367001
0 0.015625 0.0 1.0 0.0 0.09351649608130749 0.03968442990336576 0.02872340425531915 0.00747863247863248 0.10840143724066637
0 0.02222222222222222 0.0 1.0 0.0 0.04437746689284179 0.01068041517009988 0.016170212765957447 0.0017094017094017096 0.0707466512101724
0 0.016666666666666666 0.0 1.0 0.0 0.0763241018073843 0.0 0.019148936170212766 0.0 0.09594642010754263
0 0.008264462809917356 0.0 1.0 0.0 0.06581722092644976 0.0 0.01586073500967118 0.0 0.06600251516257284
0 0.010416666666666666 0.0 1.0 0.0 0.089216699577477 0.03319273391430772 0.027127659574468083 0.005876068376068376 0.09196183561536525
0 0.005494505494505495 0.0 1.0 0.0 0.07360390629806703 0.02401822403350828 0.020364741641337385 0.004273504273504273 0.061531955574065135
0 0.01020408163265306 0.0 1.0 0.0 0.018726322969995404 0.0 0.0060790273556231 0.0 0.00035289845199257963
0 0.005555555555555556 0.0 1.0 0.0 0.022126908264445227 0.004450172987541617 0.006382978723404255 0.0007122507122507123 0.00020484798028895635
0 0.003676470588235294 0.0 1.0 0.0 0.0810916716709561 0.01553372725743686 0.022778473091364205 0.0030165912518853697 0.04881188297092437
0 0.00980392156862745 0.0 1.0 0.0 0.07942368063004791 0.02934148481960296 0.019858156028368792 0.005698005698005698 0.1324003253687547
0 0.00505050505050505 0.0 1.0 0.0 0.09406734771465727 0.02814128168580602 0.02437137330754352 0.00505050505050505 0.08686911425045635
0 0.038461538461538464 0.0 1.0 0.0 0.05674276345128925 0.04439421460145857 0.017628205128205128 0.008875739644970421 0.03846153846153847
0 0.019230769230769232 0.0 1.0 0.0 0.0623929730162677 0.04350776036100556 0.01949786324786325 0.006186121570736955 0.03501042958436668
0 0.047619047619047616 0.0 1.0 0.0 0.086060639207125 0.0 0.02380952380952381 0.0 0.19140336412505263
0 0.020833333333333332 0.0 1.0 0.0 0.04844068328511433 0.015004168373660602 0.012152777777777778 0.002913752913752914 0.06206161840512802
0 0.0044444444444444444 0.0 1.0 0.0 0.05068880492303036 0.0197373227989584 0.013888888888888888 0.0038850038850038854 0.018940365096364747
0 0.03333333333333333 0.0 1.0 0.4 0.03306240405849442 0.02039894481142044 0.008333333333333333 0.004195804195804196 0.0007255384385010554
0 0.008403361344537815 0.0 1.0 0.0 0.07045522210280349 0.012709413210630158 0.020016339869281047 0.0024681201151789387 0.06173612603027251
0 0.020833333333333332 0.0 1.0 0.0 0.09204994586920795 0.036010004096785446 0.02314814814814815 0.006993006993006993 0.22320653805309762