0 0.16666666666666666 0.0 1.0 0.0 0.021212138610292388 0.022637836501842132 0.019713261648745522 0.009057971014492754 0.1666666666666667
0 0.125 0.0 1.0 0.0 0.017761311265279512 0.0 0.016129032258064516 0.008152173913043478 0.003829938966972642
1 0.037037037037037035 0.0 1.0 0.0 0.024244933250085518 0.060605567891163475 0.019115890083632025 0.016908212560386472 0.00017857016303032364
0 0.022727272727272728 0.0 1.0 0.0 0.04029020882090461 0.04958637372913375 0.025415444770283478 0.014822134387351778 0.048180549515069275
0 0.025 0.0 1.0 0.0 0.019135660933818556 0.042445943440953995 0.009408602150537635 0.0 0.00018820453406817028
0 0.016666666666666666 0.0 1.0 0.0 0.06063736960224919 0.01798576526759681 0.013978494623655916 0.002173913043478261 7.53537306422961e-05
0 0.012987012987012986 0.0 1.0 0.0 0.019687332584666765 0.010176740288221974 0.006842619745845552 0.001976284584980237 0.00010411486153364823
0 0.007352941176470588 0.0 1.0 0.0 0.03969549629364742 0.0 0.007590132827324478 0.0 0.00023903639765625057
0 0.018518518518518517 0.0 1.0 0.0 0.04300802299135415 0.0339567547527632 0.008960573476702509 0.0 0.1155847393509516
0 0.016666666666666666 0.0 1.0 0.0 0.027314609035313738 0.015852172927260943 0.023297491039426525 0.007246376811594203 0.0003057981830058562
0 0.01818181818181818 0.0 1.0 0.0 0.024308561889515485 0.01902260751271313 0.017204301075268817 0.008695652173913044 0.0005030950181197753
0 0.14285714285714285 0.0 1.0 0.2857142857142857 0.0 0.04958764186117801 0.0136986301369863 0.011904761904761906 0.14285714285714288
0 0.05555555555555555 0.0 1.0 0.0 0.07712018112533923 0.023839956415927403 0.0289193302891933 0.0154320987654321 4.165727872036351e-05
0 0.0303030303030303 0.0 1.0 0.0 0.037190085007336456 0.019505418885758782 0.012453300124533 0.0101010101010101 4.075178859402409e-05
0 0.006944444444444444 0.0 1.0 0.0 0.04932989717126257 0.030065092786498937 0.008751902587519025 0.0011574074074074073 6.7870943209926256e-06
0 0.02 0.0 1.0 0.0 0.023978445965207616 0.04338918662853076 0.00958904109589041 0.0 8.324947809603822e-05
1 0.023809523809523808 0.0 1.0 0.0 0.03977395349359906 0.0454953298462894 0.014666666666666675 0.008797093134442527 0.023809523809523808
0 0.012195121951219513 0.0 1.0 0.0 0.02027534793987504 0.021297732019060777 0.009073170731707316 0.004016064257028111 0.0017574710476162107
0 0.012345679012345678 0.0 1.0 0.07407407407407407 0.019486637523024642 0.007238961795542072 0.010074074074074076 0.0019336605681987207 0.04084886528360559
0 0.05 0.0 1.0 0.0 0.05411020256050135 0.006696548325829064 0.017599999999999998 0.0016064257028112448 0.011939308823854418
0 0.028571428571428574 0.0 1.0 0.0 0.015040821087080243 0.011295696371576642 0.013142857142857142 0.005163511187607573 0.01845708227702244
0 0.020833333333333332 0.0 1.0 0.0 0.025290208705875093 0.014069077028772727 0.0135 0.005522088353413654 0.024858319443750065
0 0.011904761904761904 0.0 1.0 0.0 0.03838039972442404 0.05176417541237602 0.02066666666666667 0.011378848728246321 0.13332298183576938
0 0.0125 0.0 1.0 0.0 0.033395787942292955 0.016437090287588517 0.0196 0.006024096385542169 0.021098984963180065
0 0.013888888888888888 0.0 1.0 0.0 0.015096708049852279 0.020546362859485644 0.0165 0.007530120481927711 0.027411792617534913
1 0.006666666666666667 0.0 1.0 0.0 0.02628382941040139 0.016365391102686044 0.013600000000000001 0.0050870147255689425 0.006533495423790217
0 0.015151515151515152 0.0 1.0 0.0 0.03320471764681882 0.028462005239805493 0.02 0.006024096385542168 0.0002951078786186183
0 0.011904761904761904 0.0 1.0 0.0 0.015052971318732409 0.02978300254288403 0.02057142857142857 0.009179575444635685 0.01583931124075254
1 0.009615384615384616 0.0 1.0 0.0 0.02794806067283754 0.0 0.009999999999999998 0.0 0.0002149608774397027
0 0.01020408163265306 0.0 1.0 0.2857142857142857 0.010710930642014449 0.0 0.005142857142857143 0.0 0.0006929398837890547
0 0.006666666666666666 0.0 1.0 0.2 0.00582559305390973 0.0 0.004 0.0 0.0006535803415771243
0 0.004807692307692308 0.0 1.0 0.0 0.018773676365065863 0.00995470332301167 0.011692307692307693 0.002162496138399753 0.00012818372704541113
0 0.014705882352941176 0.0 1.0 0.0 0.04340003559665822 0.032352785799787925 0.026 0.007028112449799197 0.00044497311131128683
0 0.013888888888888888 0.0 1.0 0.5 0.01247482284362557 0.0 0.004 0.0 0.001996825674877488
0 0.003289473684210526 0.0 1.0 0.125 0.04297327406150312 0.0031365677080865606 0.01225 0.000502008032128514 0.010285518593367527