0 0.08333333333333333 0.0 1.0 0.0 0.017363387547816207 0.03579606715997872 0.012500000000000002 0.00779376498800959 0.08333333333333333
1 0.125 0.0 1.0 0.0 0.03472677509563241 0.05120076555809778 0.019642857142857142 0.008992805755395683 0.30709650816211503
0 0.06666666666666667 0.0 1.0 0.0 0.030371093969814123 0.008989989747494143 0.01142857142857143 0.0057553956834532375 0.00041117626706257406
0 0.03125 0.0 1.0 0.0 0.015763602307434017 0.022474974368735356 0.007142857142857143 0.0062949640287769774 0.00017797640216684894
0 0.02 0.0 1.0 0.0 0.023561245218707623 0.031464964116229496 0.007857142857142858 0.006474820143884891 0.00013238389008956615
0 0.008333333333333333 0.0 1.0 0.0 0.02017288746579898 0.030973288626235957 0.012857142857142855 0.003956834532374101 3.4863603354236345e-05
0 0.015873015873015872 0.0 1.0 0.0 0.00809007988573239 0.0 0.0071428571428571435 0.0 0.00021921886145776648
0 0.013888888888888888 0.0 1.0 0.0 0.03146289424135227 0.03886289778887721 0.02380952380952381 0.007993605115907274 0.0007019135526550796
0 0.0101010101010101 0.0 1.0 0.0 0.016928354705558677 0.020431794880668507 0.00974025974025974 0.0 0.0042033721110746386
0 0.009090909090909092 0.0 1.0 0.0 0.018923625025379195 0.0 0.003896103896103896 0.0 0.0001345376294518047
0 0.030303030303030304 0.0 1.0 0.0 0.011575591698544137 0.0 0.0 0.0 0.0010512305752843174
1 0.005555555555555555 0.0 1.0 0.0 0.025969977662300567 0.011658869336663161 0.009047619047619049 0.002398081534772182 5.829031089760427e-05
0 0.004524886877828055 0.0 1.0 0.0 0.017580978112452066 0.0 0.004621848739495799 0.0 6.437696522323163e-05
0 0.011904761904761904 0.0 1.0 0.0 0.01488786190295926 0.0 0.008333333333333333 0.0 0.0002574802390762307
0 0.06666666666666667 0.0 1.0 0.26666666666666666 0.02795499597908182 0.04975653335237042 0.018930041152263374 0.012500000000000004 0.06666666666666667
0 0.125 0.0 1.0 0.0 0.06301519218775328 0.03905026796567768 0.018518518518518517 0.009375000000000001 0.14329636378592106
1 0.01515151515151515 0.0 1.0 0.0 0.011954709340022322 0.017750121802580763 0.009539842873176206 0.002272727272727273 0.0021974624917880897
1 0.013888888888888888 0.0 1.0 0.2222222222222222 0.03155355089092735 0.017355674651412304 0.008230452674897118 0.0 8.464047727137276e-05
0 0.02 0.0 1.0 0.0 0.006357321710913974 0.0 0.012345679012345678 0.0 0.0074161701988956705
0 0.013888888888888888 0.0 1.0 0.0 0.024238247885783132 0.010128642736226122 0.014403292181069957 0.0020833333333333333 0.017851526143429327
0 0.05555555555555555 0.0 1.0 0.1111111111111111 0.06416609473992091 0.05471645209364279 0.032828282828282825 0.011874469889737069 0.05555555555555555
0 0.125 0.0 1.0 0.0 0.01162874637939577 0.011923745943718375 0.003787878787878788 0.0057251908396946565 0.0021821812608324763
0 0.018518518518518517 0.0 1.0 0.0 0.03382450885203322 0.05016138908859639 0.025673400673400668 0.008905852417302799 0.004821644493618276
0 0.025 0.0 1.0 0.0 0.05911156866668501 0.024823239654560743 0.01893939393939394 0.0030534351145038168 0.024768741197010606
0 0.02 0.0 1.0 0.0 0.029384725584901922 0.02384749188743675 0.015909090909090907 0.0022900763358778627 0.03622982233740565
0 0.008333333333333333 0.0 1.0 0.1 0.04800160807312085 0.05044015928686187 0.024242424242424242 0.00916030534351145 0.055636524950183605
0 0.012987012987012986 0.0 1.0 0.0 0.00430305983092867 0.0 0.005509641873278237 0.0 0.007436978500802152
0 0.017857142857142856 0.0 1.0 0.0 0.037454709999317305 0.037740025887266444 0.023809523809523808 0.007633587786259542 0.020417275943441976
0 0.02222222222222222 0.0 1.0 0.0 0.11648181132700142 0.0190779935099494 0.045454545454545456 0.0030534351145038168 0.1741195323197317
0 0.007692307692307693 0.0 1.0 0.0 0.04471371530047697 0.009785488597677892 0.019813519813519812 0.0017615971814445098 0.08840363355391954
0 0.012987012987012988 0.0 1.0 0.0 0.04359337929461927 0.0 0.015151515151515152 0.0 0.1628829040741058
0 0.009259259259259259 0.0 1.0 0.0 0.04697114611132699 0.008735251205835994 0.024410774410774407 0.0016963528413910093 0.006811538013039475