0 0.025 0.0 1.0 0.3 0.05106681675595125 0.046053170446595224 0.02874015748031496 0.009523809523809521 0.025000000000000005
0 0.029411764705882353 0.0 1.0 0.0 0.09849256365246052 0.05297916283906842 0.025937934228809634 0.007936507936507936 0.04787873167935023
0 0.023809523809523808 0.0 1.0 0.0 0.09894154365988629 0.031688476906204396 0.02868391451068616 0.006235827664399092 0.042383776669587536
0 0.008333333333333333 0.0 1.0 0.13333333333333333 0.12611478521962083 0.02843781969353855 0.03385826771653544 0.0047619047619047615 0.011291478060145502
0 0.03333333333333333 0.0 1.0 0.0 0.08002124243552154 0.03130649654434096 0.02099737532808399 0.006613756613756613 0.13287526495627475
1 0.016666666666666666 0.0 1.0 0.2 0.09494164475247364 0.06214625744707712 0.04015748031496063 0.012698412698412698 0.04537434396150071
0 0.014285714285714285 0.0 1.0 0.0 0.0574131727158266 0.008173699342603681 0.02125984251968504 0.0015873015873015873 0.06347502885505284
0 0.1111111111111111 0.0 1.0 0.0 0.03666015436182416 0.03388738331446725 0.029629629629629634 0.008130081300813007 0.1111111111111111
0 0.0625 0.0 1.0 0.0 0.12142569783029711 0.1345803697165734 0.06060606060606061 0.027439024390243906 0.007351264909627728
0 0.047619047619047616 0.0 1.0 0.0 0.039287460562934924 0.016327638173802516 0.03463203463203463 0.003484320557491289 0.031638676439650674
0 0.015625 0.0 1.0 0.0 0.017547563084250185 0.0095244556013848 0.0071969696969696965 0.0 0.007172337407133054
0 0.0058823529411764705 0.0 1.0 0.058823529411764705 0.0868639532317154 0.06915346989260746 0.03547237076648841 0.01434720229555237 0.007144797704808714
0 0.010416666666666666 0.0 1.0 0.0 0.08486000333677507 0.1104476067854273 0.04090909090909091 0.022484756097560978 0.0034040586935031357
0 0.006211180124223602 0.0 1.0 0.08695652173913043 0.10184786296047343 0.11556169998190118 0.0461133069828722 0.024125132555673386 0.0017265658250104335
0 0.009615384615384616 0.0 1.0 0.0 0.05057862126614078 0.028715725423247716 0.026573426573426578 0.005628517823639775 0.01353185021819095
0 0.009259259259259259 0.0 1.0 0.0 0.09459284093227578 0.05356421112839508 0.03636363636363636 0.011178861788617886 0.03069263293856858
0 0.01 0.0 1.0 0.2 0.05803104342564711 0.03959784723721988 0.02181818181818182 0.00853658536585366 0.00024361082216775373
0 0.00909090909090909 0.0 1.0 0.0 0.03730299268727408 0.0161048174605121 0.02484848484848485 0.003048780487804878 0.08406311794902079
1 0.011904761904761904 0.0 1.0 0.0 0.09076888021562828 0.077130963942469 0.03636363636363637 0.0156794425087108 0.052710644842037545
0 0.06666666666666667 0.0 1.0 0.0 0.045291653760365126 0.03526239284261715 0.012773403324584428 0.007017543859649122 0.06666666666666667
1 0.00641025641025641 0.0 1.0 0.05128205128205128 0.04812128076019585 0.034765604726969546 0.022410660205935802 0.0063427800269905505 0.005621648408461357
0 0.00980392156862745 0.0 1.0 0.058823529411764705 0.06739809590675053 0.08335076731003295 0.03180484792342134 0.01702786377708978 1.1175444891673129e-05
0 0.010416666666666666 0.0 1.0 0.08333333333333333 0.06411557909129582 0.08220047079418925 0.031058617672790893 0.016885964912280702 1.9185536695288773e-05
0 0.016666666666666666 0.0 1.0 0.0 0.04804632753879509 0.04111419760957838 0.024496937882764653 0.007894736842105262 0.002644018594384033
0 0.013888888888888888 0.0 1.0 0.0 0.04487748622715739 0.04189824837801881 0.01706036745406824 0.007894736842105262 0.06766838497573317
0 0.009523809523809523 0.0 1.0 0.0 0.038768664400773756 0.024300914115409387 0.012598425196850395 0.00456140350877193 0.07380471384773002
0 0.0078125 0.0 1.0 0.0 0.04667618435045436 0.03305849328995358 0.013779527559055118 0.006578947368421052 0.06102252017520993
0 0.00641025641025641 0.0 1.0 0.05128205128205128 0.04812128076019585 0.034765604726969546 0.022410660205935802 0.0063427800269905505 0.005621648408461357
0 0.00980392156862745 0.0 1.0 0.058823529411764705 0.06739809590675053 0.08335076731003295 0.03180484792342134 0.01702786377708978 1.1175444891673129e-05
0 0.010416666666666666 0.0 1.0 0.08333333333333333 0.06411557909129582 0.08220047079418925 0.031058617672790893 0.016885964912280702 1.9185536695288773e-05
0 0.016666666666666666 0.0 1.0 0.0 0.04804632753879509 0.04111419760957838 0.024496937882764653 0.007894736842105262 0.002644018594384033
0 0.013888888888888888 0.0 1.0 0.0 0.04487748622715739 0.04189824837801881 0.01706036745406824 0.007894736842105262 0.06766838497573317
0 0.009523809523809523 0.0 1.0 0.0 0.038768664400773756 0.024300914115409387 0.012598425196850395 0.00456140350877193 0.07380471384773002