0 0.058823529411764705 0.0 1.0 0.0 0.03825379072057925 0.03138113565677131 0.016101331043366248 0.006248653307476837 0.0588235294117647
0 0.1 0.0 1.0 0.0 0.02717976736904921 0.029930876639656972 0.01021897810218978 0.005860805860805861 0.08577922016064277
0 0.0303030303030303 0.0 1.0 0.0 0.01376406458841315 0.018263766736415575 0.006635700066357 0.003996003996003996 0.00045569240724237134
0 0.041666666666666664 0.0 1.0 0.0 0.03316624248371401 0.015257735957285542 0.0145985401459854 0.0030525030525030525 0.04046403310686779
0 0.014285714285714287 0.0 1.0 0.0 0.017953452013870105 0.018891660327540916 0.005735140771637122 0.0036630036630036634 0.00030308491054713613
0 0.006666666666666666 0.0 1.0 0.0 0.022423079471390158 0.01572672132252435 0.009051094890510947 0.003516483516483517 0.018723132164726958
0 0.02857142857142857 0.0 1.0 0.0 0.01080649086018968 0.01830928314874265 0.004379562043795621 0.0 0.0017876910160383008
0 0.020833333333333332 0.0 1.0 0.0 0.01978892938100866 0.019072169946606928 0.007907542579075425 0.0 0.000791009933050534
0 0.007936507936507936 0.0 1.0 0.0 0.06031209453426036 0.013554514020324872 0.026329509906152238 0.0015698587127158554 0.04428735694298175
0 0.008333333333333333 0.0 1.0 0.0 0.023130167379546665 0.0029681004355241384 0.01094890510948905 0.0006105006105006105 0.016479509108928456
0 0.003952569169960474 0.0 1.0 0.0 0.024434164218754377 0.010496839044716263 0.00999682640431609 0.0020703933747412005 0.0322426435361754
0 0.020833333333333332 0.0 1.0 0.0 0.016912351458357577 0.0 0.009124087591240875 0.0 0.001348296480342811
0 0.015384615384615385 0.0 1.0 0.0 0.06696130483920684 0.03200737698606555 0.02846715328467153 0.006593406593406593 0.16406405690576262
0 0.008928571428571428 0.0 1.0 0.0 0.0 0.0 0.002281021897810219 0.0 0.0012413815503186402
0 0.013333333333333332 0.0 1.0 0.0 0.019149694225674325 0.0 0.008029197080291971 0.0 0.025843223102110634
0 0.0125 0.0 1.0 0.0 0.01809049640355353 0.0 0.00948905109489051 0.0 0.0009895762110417997
0 0.004524886877828054 0.0 1.0 0.0 0.038012538172316694 0.012310529610025212 0.01712521055586749 0.00253592561284869 0.05966901661864933
0 0.003968253968253968 0.0 1.0 0.0 0.014577037444252632 0.0 0.005213764337851929 0.0 0.01850592498377669
0 0.013157894736842105 0.0 1.0 0.0 0.04090431053986449 0.0 0.017335766423357664 0.0 0.17923673948217012
0 0.016666666666666666 0.0 1.0 0.0 0.054539080719819326 0.0 0.02068126520681265 0.0 0.23882107483689918
0 0.015873015873015872 0.0 1.0 0.0 0.054539080719819326 0.0 0.023114355231143552 0.0 0.2402347764535869
0 0.015151515151515152 0.0 1.0 0.0 0.00760102539477911 0.0 0.0 0.0 0.0041058106439085225
0 0.010869565217391304 0.0 1.0 0.0 0.03860044214374728 0.014146787323737142 0.01824817518248175 0.0027472527472527475 0.059770164780231984
0 0.010416666666666666 0.0 1.0 0.0 0.04090431053986449 0.0 0.01551094890510949 0.0 0.17925294519629806
0 0.005714285714285714 0.0 1.0 0.0 0.07589375532094507 0.008083878470706938 0.032846715328467155 0.0015698587127158557 0.09641059602857531
0 0.009615384615384616 0.0 1.0 0.0 0.0707319164246229 0.028565919264617785 0.028284671532846715 0.00641025641025641 0.19745926621168786
0 0.009259259259259259 0.0 1.0 0.0 0.06922040179130651 0.028565919264617785 0.029197080291970802 0.00641025641025641 0.19860787107404065
0 0.003968253968253968 0.0 1.0 0.0 0.051249216499883656 0.022867788089131598 0.021897810218978103 0.004477004477004477 0.08494530309422918
0 0.005747126436781609 0.0 1.0 0.0 0.04795518478265029 0.009431191549158094 0.018248175182481754 0.0018315018315018317 0.043362600328849366
0 0.0047619047619047615 0.0 1.0 0.0 0.025931823486671866 0.0 0.013555787278415015 0.0 0.03667927963749428
0 0.01075268817204301 0.0 1.0 0.0 0.01051367534497064 0.0 0.0036496350364963507 0.0 0.00337229319107369
0 0.0026041666666666665 0.0 1.0 0.0 0.03741253267776967 0.0 0.014902676399026765 0.0 0.04549846433785084
0 0.0033670033670033673 0.0 1.0 0.0 0.0041763427297975015 0.0 0.0008110300081103001 0.0 0.0009724380769333471
0 0.16666666666666666 0.0 1.0 0.0 0.0031037826431445973 0.011388700868486317 0.0049549549549549555 0.0031574199368516014 0.16666666666666666
0 0.08333333333333333 0.0 1.0 0.0 0.007792811451694154 0.008454726487832787 0.004054054054054054 0.002255299954894001 0.00030054910413940603
0 0.05555555555555555 0.0 1.0 0.0 0.003755496696241976 0.014206943031097248 0.0045045045045045045 0.0031574199368516014 0.0572381981833771
0 0.020833333333333332 0.0 1.0 0.0 0.02130355619488947 0.017327493958939368 0.006531531531531532 0.003157419936851602 0.011100364051245945
0 0.011764705882352941 0.0 1.0 0.0 0.026036744945673495 0.01790412668011649 0.008267090620031796 0.0030247552336225433 2.740427823032595e-05
0 0.08333333333333333 0.0 1.0 0.0 0.018805155251652685 0.008454726487832787 0.004054054054054054 0.0013531799729364006 0.0009362852394383199
0 0.014285714285714285 0.0 1.0 0.0 0.018468863645285317 0.013527562380532456 0.00945945945945946 0.0027063599458728017 5.80611820964314e-05
0 0.006944444444444444 0.0 1.0 0.0 0.019177773209434354 0.014700264834581062 0.0078078078078078084 0.0027063599458728017 0.005510311681925914
0 0.006172839506172839 0.0 1.0 0.0 0.014912978161061081 0.01576160494745503 0.006156156156156157 0.0018042399639152011 3.507081955656205e-05
0 0.008333333333333333 0.0 1.0 0.0 0.01602271013283813 0.012684281488508071 0.008333333333333333 0.0006765899864682002 5.6380796803390255e-05
0 0.015151515151515152 0.0 1.0 0.0 0.043639320451244495 0.02975709815623877 0.021171171171171174 0.006314839873703203 8.497360675330884e-05
0 0.009259259259259259 0.0 1.0 0.0 0.016214576995444405 0.013137894928876704 0.009009009009009009 0.0027063599458728013 7.657472752846674e-05
0 0.01098901098901099 0.0 1.0 0.0 0.01961941619233459 0.009662544557523186 0.006563706563706564 0.0015464913976416007 0.0001742119581846862
0 0.03571428571428571 0.0 1.0 0.0 0.0 0.0 0.0 0.0 0.0020599309621431375
0 0.005128205128205128 0.0 1.0 0.0 0.02301673431298934 0.0068895197444317985 0.008316008316008316 0.0012490892057874466 3.8066933065478855e-05
0 0.006944444444444444 0.0 1.0 0.0 0.019689025387993678 0.003096936151460123 0.007207207207207207 0.0006014133213050669 7.112726429904646e-05
0 0.011764705882352941 0.0 1.0 0.0 0.009077916842438341 0.0 0.0048648648648648655 0.0 0.0002833961730790039
0 0.0030864197530864196 0.0 1.0 0.0 0.030042009254211997 0.005224643407141337 0.01006006006006006 0.0010524733122838671 1.837330131369314e-05
0 0.013157894736842105 0.0 1.0 0.0 0.028998364860412545 0.013157641443541377 0.014864864864864866 0.0027063599458728013 0.0002074781112466591
0 0.01 0.0 1.0 0.0 0.026576992290982752 0.005574485072628222 0.009729729729729731 0.0010825439783491205 0.00015293765474833516
0 0.005952380952380952 0.0 1.0 0.0 0.031137281929713885 0.011768342701247514 0.015202702702702704 0.0033829499323410014 6.814475360044816e-05
0 0.003787878787878788 0.0 1.0 0.0 0.03465660619139694 0.004698531442190809 0.011486486486486487 0.0009021199819576005 3.617039581917333e-05
0 0.007246376811594203 0.0 1.0 0.0 0.04597138757704783 0.01767624950976645 0.022072072072072072 0.004510599909788002 8.098251610150389e-05
0 0.010416666666666666 0.0 1.0 0.0 0.017533994647097206 0.0 0.012837837837837839 0.0 0.0002422248040804258
0 0.0044444444444444444 0.0 1.0 0.0 0.03421472092811784 0.004184578224694928 0.01711711711711712 0.0009021199819576004 4.98236329260405e-05
0 0.004807692307692308 0.0 1.0 0.0 0.017987890349934046 0.0 0.009121621621621622 0.0 0.00013208299192372106
1 0.0016835016835016834 0.0 1.0 0.0 0.03055937267789427 0.0029788013356997936 0.01203931203931204 0.0006150818058801821 1.4760953329990568e-05
0 0.008928571428571428 0.0 1.0 0.0 0.0654888776491116 0.008454726487832787 0.021621621621621623 0.0013531799729364006 0.00012513534579643273
0 0.0034482758620689655 0.0 1.0 0.0 0.005853427735042337 0.0 0.0035135135135135136 0.0 0.00014591438318771715
0 0.0023809523809523807 0.0 1.0 0.0 0.03450377791004889 0.017141958534309894 0.018146718146718147 0.004252851343514402 3.176846672114256e-05
0 0.03225806451612903 0.0 1.0 0.0 0.032747751888002476 0.0 0.010810810810810811 0.0 0.002151679288476813
0 0.002840909090909091 0.0 1.0 0.0 0.029394101852895618 0.009783149048605187 0.014004914004914005 0.0024603272235207284 5.640868452721947e-05
0 0.0033670033670033673 0.0 1.0 0.0 0.01725714795300931 0.0 0.006306306306306307 0.0 8.263320451007498e-05
0 0.00980392156862745 0.0 1.0 0.0 0.02949564774796946 0.0 0.009009009009009009 0.0 0.00033173819880837676
0 0.014285714285714285 0.0 1.0 0.0 0.030534296291558467 0.0 0.010810810810810811 0.0 0.0007292088968543803
0 0.005555555555555555 0.0 1.0 0.0 0.05177273228149287 0.01594844283430319 0.024324324324324326 0.004330175913396482 0.00011696723403517157
0 0.002457002457002457 0.0 1.0 0.0 0.025681118015146234 0.0103237381929861 0.011056511056511058 0.0024603272235207284 5.7458626236345405e-05
0 0.0023923444976076554 0.0 1.0 0.0 0.021104371238415923 0.003074445995575559 0.007125307125307126 0.0004920654447041457 5.4799721076920004e-05
0 0.003205128205128205 0.0 1.0 0.0 0.03465307045382407 0.010062873892163326 0.014527027027027028 0.0020297699594046007 7.961905182900364e-05
0 0.0125 0.0 1.0 0.0 0.03624623386835451 0.0 0.008108108108108109 0.0 0.0006386637548118453
0 0.0014347202295552368 0.0 1.0 0.0 0.031795022133486436 0.013986762126590243 0.013195548489666137 0.003183952877497413 2.39877337837358e-05
0 0.003401360544217687 0.0 1.0 0.0 0.02964878536676036 0.01891039713509735 0.014285714285714287 0.004639474192924801 0.00010038259876183073
0 0.0029069767441860465 0.0 1.0 0.25 0.002327836982358448 0.008541525651364738 0.0037162162162162164 0.002368064952638701 0.1192321881611365
0 0.08333333333333333 0.0 1.0 0.0 0.007792811451694154 0.008454726487832787 0.004054054054054054 0.002255299954894001 0.00030054910413940603
0 0.05555555555555555 0.0 1.0 0.0 0.003755496696241976 0.014206943031097248 0.0045045045045045045 0.0031574199368516014 0.0572381981833771
0 0.020833333333333332 0.0 1.0 0.0 0.02130355619488947 0.017327493958939368 0.006531531531531532 0.003157419936851602 0.011100364051245945
0 0.011764705882352941 0.0 1.0 0.0 0.026036744945673495 0.01790412668011649 0.008267090620031796 0.0030247552336225433 2.740427823032595e-05
0 0.08333333333333333 0.0 1.0 0.0 0.018805155251652685 0.008454726487832787 0.004054054054054054 0.0013531799729364006 0.0009362852394383199
0 0.014285714285714285 0.0 1.0 0.0 0.018468863645285317 0.013527562380532456 0.00945945945945946 0.0027063599458728017 5.80611820964314e-05
0 0.006944444444444444 0.0 1.0 0.0 0.019177773209434354 0.014700264834581062 0.0078078078078078084 0.0027063599458728017 0.005510311681925914
0 0.006172839506172839 0.0 1.0 0.0 0.014912978161061081 0.01576160494745503 0.006156156156156157 0.0018042399639152011 3.507081955656205e-05
0 0.008333333333333333 0.0 1.0 0.0 0.01602271013283813 0.012684281488508071 0.008333333333333333 0.0006765899864682002 5.6380796803390255e-05
0 0.015151515151515152 0.0 1.0 0.0 0.043639320451244495 0.02975709815623877 0.021171171171171174 0.006314839873703203 8.497360675330884e-05
0 0.009259259259259259 0.0 1.0 0.0 0.016214576995444405 0.013137894928876704 0.009009009009009009 0.0027063599458728013 7.657472752846674e-05
0 0.01098901098901099 0.0 1.0 0.0 0.01961941619233459 0.009662544557523186 0.006563706563706564 0.0015464913976416007 0.0001742119581846862
0 0.03571428571428571 0.0 1.0 0.0 0.0 0.0 0.0 0.0 0.0020599309621431375
0 0.005128205128205128 0.0 1.0 0.0 0.02301673431298934 0.0068895197444317985 0.008316008316008316 0.0012490892057874466 3.8066933065478855e-05
0 0.006944444444444444 0.0 1.0 0.0 0.019689025387993678 0.003096936151460123 0.007207207207207207 0.0006014133213050669 7.112726429904646e-05
0 0.011764705882352941 0.0 1.0 0.0 0.009077916842438341 0.0 0.0048648648648648655 0.0 0.0002833961730790039
0 0.0030864197530864196 0.0 1.0 0.0 0.030042009254211997 0.005224643407141337 0.01006006006006006 0.0010524733122838671 1.837330131369314e-05
0 0.013157894736842105 0.0 1.0 0.0 0.028998364860412545 0.013157641443541377 0.014864864864864866 0.0027063599458728013 0.0002074781112466591
0 0.01 0.0 1.0 0.0 0.026576992290982752 0.005574485072628222 0.009729729729729731 0.0010825439783491205 0.00015293765474833516
0 0.005952380952380952 0.0 1.0 0.0 0.031137281929713885 0.011768342701247514 0.015202702702702704 0.0033829499323410014 6.814475360044816e-05
0 0.003787878787878788 0.0 1.0 0.0 0.03465660619139694 0.004698531442190809 0.011486486486486487 0.0009021199819576005 3.617039581917333e-05
0 0.007246376811594203 0.0 1.0 0.0 0.04597138757704783 0.01767624950976645 0.022072072072072072 0.004510599909788002 8.098251610150389e-05
0 0.010416666666666666 0.0 1.0 0.0 0.017533994647097206 0.0 0.012837837837837839 0.0 0.0002422248040804258
0 0.0044444444444444444 0.0 1.0 0.0 0.03421472092811784 0.004184578224694928 0.01711711711711712 0.0009021199819576004 4.98236329260405e-05
0 0.004807692307692308 0.0 1.0 0.0 0.017987890349934046 0.0 0.009121621621621622 0.0 0.00013208299192372106
0 0.0016835016835016834 0.0 1.0 0.0 0.03055937267789427 0.0029788013356997936 0.01203931203931204 0.0006150818058801821 1.4760953329990568e-05
0 0.008928571428571428 0.0 1.0 0.0 0.0654888776491116 0.008454726487832787 0.021621621621621623 0.0013531799729364006 0.00012513534579643273
0 0.0034482758620689655 0.0 1.0 0.0 0.005853427735042337 0.0 0.0035135135135135136 0.0 0.00014591438318771715
0 0.0023809523809523807 0.0 1.0 0.0 0.03450377791004889 0.017141958534309894 0.018146718146718147 0.004252851343514402 3.176846672114256e-05
0 0.03225806451612903 0.0 1.0 0.0 0.032747751888002476 0.0 0.010810810810810811 0.0 0.002151679288476813
0 0.002840909090909091 0.0 1.0 0.0 0.029394101852895618 0.009783149048605187 0.014004914004914005 0.0024603272235207284 5.640868452721947e-05
0 0.0033670033670033673 0.0 1.0 0.0 0.01725714795300931 0.0 0.006306306306306307 0.0 8.263320451007498e-05
0 0.00980392156862745 0.0 1.0 0.0 0.02949564774796946 0.0 0.009009009009009009 0.0 0.00033173819880837676
0 0.014285714285714285 0.0 1.0 0.0 0.030534296291558467 0.0 0.010810810810810811 0.0 0.0007292088968543803
0 0.005555555555555555 0.0 1.0 0.0 0.05177273228149287 0.01594844283430319 0.024324324324324326 0.004330175913396482 0.00011696723403517157
0 0.002457002457002457 0.0 1.0 0.0 0.025681118015146234 0.0103237381929861 0.011056511056511058 0.0024603272235207284 5.7458626236345405e-05
0 0.0023923444976076554 0.0 1.0 0.0 0.021104371238415923 0.003074445995575559 0.007125307125307126 0.0004920654447041457 5.4799721076920004e-05
0 0.003205128205128205 0.0 1.0 0.0 0.03465307045382407 0.010062873892163326 0.014527027027027028 0.0020297699594046007 7.961905182900364e-05
0 0.0125 0.0 1.0 0.0 0.03624623386835451 0.0 0.008108108108108109 0.0 0.0006386637548118453
0 0.0014347202295552368 0.0 1.0 0.0 0.031795022133486436 0.013986762126590243 0.013195548489666137 0.003183952877497413 2.39877337837358e-05
0 0.003401360544217687 0.0 1.0 0.0 0.02964878536676036 0.01891039713509735 0.014285714285714287 0.004639474192924801 0.00010038259876183073
1 0.03125 0.0 1.0 0.125 0.02763449870416315 0.02774062751660164 0.010360054347826086 0.005635245901639348 0.031249999999999997
0 0.08333333333333333 0.0 1.0 0.0 0.03734825509963977 0.03214119550975806 0.011775362318840582 0.006375227686703097 0.0578225789960487
0 0.037037037037037035 0.0 1.0 0.0 0.05113818514991244 0.03629002688127046 0.021739130434782608 0.007893139040680026 0.047545371852631906
0 0.08333333333333333 0.0 1.0 0.0 0.047207764766394045 0.011380770263221181 0.014492753623188406 0.0018214936247723133 0.14393189894857325
1 0.06666666666666667 0.0 1.0 0.0 0.045837658168184636 0.022761540526442362 0.009057971014492754 0.0 0.001332580641531381
0 0.020833333333333332 0.0 1.0 0.0 0.016520802822344013 0.021338944243539715 0.006793478260869565 0.0 0.03463966589453006
0 0.008928571428571428 0.0 1.0 0.0 0.007478753899649254 0.0021338944243539716 0.001358695652173913 0.0 0.0002780031772804165
0 0.025 0.0 1.0 0.0 0.017185854211374234 0.01125558597997884 0.007608695652173913 0.002185792349726776 0.027708720150295567
0 0.02222222222222222 0.0 1.0 0.0 0.03550931993796924 0.0 0.007608695652173913 0.0 0.006143322035203293
0 0.011111111111111112 0.0 1.0 0.0 0.01369685917420626 0.0 0.006038647342995169 0.0 0.027505525568898143
0 0.012987012987012988 0.0 1.0 0.0 0.040525596164583164 0.005750341166349559 0.01940993788819876 0.00156128024980484 0.02855805438300953
0 0.008333333333333333 0.0 1.0 0.0 0.036814284556499585 0.012175637719345284 0.01467391304347826 0.00273224043715847 0.04230997558305205
0 0.009615384615384616 0.0 1.0 0.0 0.050357911478207076 0.022254288386668382 0.021739130434782608 0.0047814207650273225 0.06414974797493113
0 0.023809523809523808 0.0 1.0 0.0 0.0 0.0 0.0 0.0 0.004193100364696148
0 0.013333333333333332 0.0 1.0 0.0 0.047505303845735154 0.03290764845772973 0.02608695652173913 0.006557377049180328 0.11763773994803946
0 0.020833333333333332 0.0 1.0 0.0 0.031784425975423324 0.0 0.005434782608695652 0.0 0.09046695382280946
1 0.058823529411764705 0.0 1.0 0.0 0.027986035792610428 0.0 0.0 0.0 0.012482414730877443
0 0.005555555555555555 0.0 1.0 0.0 0.03669264810992508 0.016453824228864863 0.01956521739130435 0.003278688524590164 0.04653943264867933
0 0.007518796992481203 0.0 1.0 0.0 0.03960569525698803 0.017393768170493266 0.014751552795031054 0.0039032006245121 0.04859858940925816
0 0.01 0.0 1.0 0.0 0.026235428874154382 0.0 0.007608695652173913 0.0 0.0009860352052587858
0 0.005952380952380952 0.0 1.0 0.0 0.025353481519491135 0.007034741237486775 0.017663043478260868 0.001366120218579235 0.036583357431224414
0 0.004132231404958678 0.0 1.0 0.0 0.018240982937795882 0.0036593080149497194 0.008893280632411066 0.0009935419771485345 0.00020841690814540385
0 0.008695652173913044 0.0 1.0 0.0 0.020891738063760407 0.0 0.005434782608695652 0.0 0.050967659883198145
0 0.008333333333333333 0.0 1.0 0.0 0.0 0.0 0.002173913043478261 0.0 0.0017948874816852106