1 0.034482758620689655 0.0 1.0 0.13793103448275862 0.04531411352286901 0.04117791602473879 0.01526286037309214 0.011494252873563218 0.034482758620689655
1 0.02 0.0 1.0 0.0 0.0398560445040811 0.04360102067235804 0.018360655737704915 0.004 0.032452216686603766
0 0.047619047619047616 0.0 1.0 0.0 0.034893274362648094 0.0 0.0117096018735363 0.0 0.05358330702118413
0 0.3333333333333333 0.0 1.0 0.0 0.0437995361566535 0.11570449767608203 0.02702702702702703 0.018518518518518517 0.3333333333333334
0 0.029411764705882353 0.0 1.0 0.0 0.0224609783214513 0.02177782389104717 0.009538950715421305 0.011437908496732027 2.327704463900944e-05
1 0.03333333333333333 0.0 1.0 0.0 0.05011372673320289 0.1036070790883961 0.021621621621621623 0.01111111111111111 4.007286399946345e-05
0 0.03571428571428571 0.0 1.0 0.0 0.05500285096466891 0.028095179947668403 0.015444015444015444 0.007936507936507936 6.771805692444426e-05
0 0.041666666666666664 0.0 1.0 0.0 0.03008766915982276 0.05715301569466461 0.014880952380952378 0.012387387387387386 0.04166666666666666
1 0.017241379310344827 0.0 1.0 0.0 0.030187012015768212 0.040976100427035464 0.014162561576354682 0.006213109661385524 0.013414850198155703
0 0.02222222222222222 0.0 1.0 0.0 0.010921655812432169 0.0 0.0047619047619047615 0.0 0.0001788490921270104
0 0.011904761904761904 0.0 1.0 0.0 0.031111281412339098 0.00934075318454119 0.010204081632653059 0.001716001716001716 0.01061187469796951
0 0.05 0.0 1.0 0.0 0.022484404798742842 0.0 0.006696428571428571 0.0 0.0008739426719942758
0 0.020833333333333332 0.0 1.0 0.0 0.05065796021805627 0.01739672495216324 0.01450892857142857 0.0033783783783783786 0.052873371081217695
0 0.012987012987012986 0.0 1.0 0.0 0.026602876954025724 0.012652163601573264 0.006493506493506493 0.002457002457002457 0.04054364713744565
0 0.3333333333333333 0.0 1.0 0.0 0.07821242115335646 0.028926124419020507 0.0228310502283105 0.009259259259259259 0.3333333333333333
0 0.03571428571428571 0.0 1.0 0.0 0.027006601417844996 0.018595365697941756 0.009784735812133072 0.012896825396825401 2.7795578128473697e-05
0 0.1111111111111111 0.0 1.0 0.0 0.026308192187415116 0.057852248838041014 0.0091324200913242 0.0 0.00032863543853194267
0 0.017857142857142856 0.0 1.0 0.0 0.06128803521437106 0.05923396827663146 0.019569471624266144 0.003968253968253968 1.9516033143395124e-05
0 0.011111111111111112 0.0 1.0 0.0 0.05655824357654514 0.03911050032877801 0.0182648401826484 0.004629629629629629 0.01602433087911744
0 0.020833333333333332 0.0 1.0 0.0 0.07319600846849099 0.0 0.018835616438356163 0.0 0.022526254102123115
0 0.010989010989010988 0.0 1.0 0.0 0.047886661012823795 0.010388351524334483 0.01685985247629083 0.0021367521367521365 2.168411102607873e-05