0 0.0625 0.0 1.0 0.0 0.06352508515587538 0.023038402965843304 0.019085081585081588 0.004380841121495327 0.0625
0 0.02 0.0 1.0 0.0 0.05756070654250944 0.027503179736055556 0.017342657342657344 0.005794392523364485 0.03702030758717192
0 0.01282051282051282 0.0 1.0 0.0 0.038328479210062785 0.015721171862530196 0.012999820692128385 0.0034148094895758447 0.024109305094346663
0 0.008333333333333333 0.0 1.0 0.0 0.04031250751078351 0.027827474754814334 0.01227661227661228 0.004750778816199377 0.012933981576278774
0 0.0125 0.0 1.0 0.0 0.010034851854953106 0.010948673261404954 0.0027680652680652684 0.0 0.00030728171490423706
0 0.016666666666666666 0.0 1.0 0.0 0.058981417989054985 0.04271745502528166 0.01724941724941725 0.007009345794392522 0.056398742019988915
0 0.008928571428571428 0.0 1.0 0.0 0.08329109142851374 0.042505935657264765 0.025932400932400936 0.0073014018691588784 0.058815569863306036
0 0.00625 0.0 1.0 0.1 0.07426810970004682 0.024905191491174587 0.02226107226107226 0.0037383177570093455 0.03724322234968731
0 0.0065359477124183 0.0 1.0 0.0 0.08063190338802775 0.024712334936726844 0.023447141094199913 0.003985706432105552 0.04462338100685639
1 0.05 0.0 1.0 0.0 0.021165758577285677 0.0 0.006993006993006993 0.0 0.035400907514288704
1 0.006493506493506494 0.0 1.0 0.0 0.10040369854402373 0.03643375762911433 0.032467532467532464 0.006675567423230974 0.05373614534467038
0 0.00641025641025641 0.0 1.0 0.0 0.03607808559132221 0.006145294820461222 0.011296395911780527 0.0010783608914450035 0.03223996843883434
0 0.005494505494505495 0.0 1.0 0.0 0.019156357091949933 0.0 0.006660006660006659 0.0 0.0783666600609898
0 0.0032467532467532465 0.0 1.0 0.0 0.05040174489898224 0.021786875987021528 0.01599915236278873 0.004248088360237893 0.04424133399348954
0 0.0044444444444444444 0.0 1.0 0.0 0.048641868799019876 0.008969185038253138 0.01662781662781663 0.001869158878504673 0.055108208686447176
0 0.0025 0.0 1.0 0.0 0.05028658425131129 0.01693394797763967 0.01491841491841492 0.0027102803738317752 0.03179357133293135
0 0.0014347202295552368 0.0 1.0 0.24390243902439024 0.03315783855706071 0.00848733117444039 0.011143328216498952 0.0015386368816959195 0.023636090612721667
0 0.004273504273504273 0.0 1.0 0.15384615384615385 0.06450630000731863 0.030008488927589408 0.019723865877712028 0.00503235082674335 0.08828498521866014
0 0.0043859649122807015 0.0 1.0 0.0 0.062118195090756695 0.01601965325578235 0.02097902097902098 0.0029205607476635513 0.06714925826849649
0 0.004166666666666667 0.0 1.0 0.0 0.04022211895248449 0.010037043349581705 0.013209013209013208 0.0017523364485981308 0.0888921477839421
0 0.004329004329004329 0.0 1.0 0.0 0.02034593446380292 0.009144620048952416 0.007204916295825386 0.001699235344095157 0.002526605482194087
1 0.0007704160246533128 0.0 1.0 0.03389830508474576 0.022332172296271328 0.007834275954615406 0.008928924183161468 0.0014256296530967844 0.01891648076945075
0 0.058823529411764705 0.0 1.0 0.11764705882352941 0.07456928645837924 0.03690243303145651 0.032679738562091505 0.008755129958960328 0.058823529411764705
1 0.017241379310344827 0.0 1.0 0.27586206896551724 0.06304133169243868 0.046701877049219916 0.02889527458492976 0.009783480352846832 0.02706327353080967
0 0.020833333333333332 0.0 1.0 0.0 0.06835383820133502 0.024022143515763608 0.028935185185185182 0.004941860465116279 0.048029682011099924
0 0.03125 0.0 1.0 0.0 0.0598910567518162 0.012112376985275607 0.023148148148148147 0.0017441860465116279 0.17351194401271305
0 0.011111111111111112 0.0 1.0 0.4444444444444444 0.056809499775974125 0.05559369222357301 0.027777777777777776 0.010594315245478037 0.058039572583814675
0 0.018518518518518517 0.0 1.0 0.0 0.0750354048805188 0.03098154602569342 0.027777777777777776 0.005684754521963824 0.14356795204560246
0 0.014285714285714285 0.0 1.0 0.0 0.06546953560372956 0.02833959107568767 0.022685185185185183 0.0051162790697674414 0.11971494756562481
0 0.011363636363636364 0.0 1.0 0.0 0.0730772479614563 0.025177093637043804 0.029461279461279462 0.004651162790697674 0.08908543802581044
0 0.008547008547008546 0.0 1.0 0.0 0.08553933669971268 0.03474190919453883 0.038105413105413107 0.006797853309481216 0.06909533295506393
0 0.0071428571428571435 0.0 1.0 0.0 0.01913782728877415 0.0 0.008928571428571428 0.0 0.10135489743742573
0 0.008264462809917356 0.0 1.0 0.0 0.023540776864822466 0.0028878050997481713 0.010942760942760943 0.0008456659619450317 0.0034178271739319
0 0.009259259259259259 0.0 1.0 0.0 0.04613545360291793 0.0 0.018518518518518517 0.0 0.1437749711506883
0 0.007692307692307693 0.0 1.0 0.0 0.031655299670986944 0.009169328762234046 0.018055555555555554 0.0018604651162790697 0.1386995012838675
0 0.011904761904761904 0.0 1.0 0.0 0.05734977516730949 0.020929251598954368 0.031635802469135804 0.004651162790697674 0.23685548109259716
0 0.013333333333333332 0.0 1.0 0.4 0.011111084701087705 0.0 0.005555555555555555 0.0 0.004052719960662267
0 0.010416666666666666 0.0 1.0 0.0 0.02932178254352856 0.005294309349538315 0.013888888888888888 0.0015503875968992248 0.011244362877346823
0 0.00980392156862745 0.0 1.0 0.0 0.03544371648602417 0.024893782046020472 0.016975308641975308 0.004651162790697674 0.005169587362280867
0 0.009259259259259259 0.0 1.0 0.0 0.01582869444328716 0.0 0.010802469135802469 0.0 0.00786055000620171
0 0.008771929824561403 0.0 1.0 0.0 0.03544371648602417 0.024893782046020472 0.020061728395061727 0.004651162790697674 0.005141225358046598
0 0.008333333333333333 0.0 1.0 0.0 0.03544371648602417 0.024893782046020472 0.016975308641975308 0.004651162790697674 0.005172770802551739
0 0.1 0.0 1.0 0.2 0.0338416275811221 0.01798847095050114 0.015625 0.006726457399103139 0.10000000000000002
0 0.07142857142857142 0.0 1.0 0.0 0.046610787675466385 0.02499876050569087 0.02295918367346939 0.0064061499039077515 0.0007182085680648853
0 0.01075268817204301 0.0 1.0 0.06451612903225806 0.019708199251538674 0.01384677424832568 0.009216589861751152 0.005062924924056129 0.00037161001258694074
0 0.020833333333333332 0.0 1.0 0.0 0.023963028140103825 0.021994924829276095 0.009672619047619046 0.005979073243647235 0.05836643566046579
0 0.013333333333333334 0.0 1.0 0.0 0.044215402474552336 0.01867875298806705 0.01636904761904762 0.0 0.03860062015514725
0 0.01515151515151515 0.0 1.0 0.18181818181818182 0.056916619405179406 0.01302204639322096 0.019074675324675324 0.0016306563391765185 0.026893890816796443
0 0.011904761904761904 0.0 1.0 0.0 0.05296021019133936 0.027531912433001415 0.0197172619047619 0.005605381165919282 0.039980906362505446
0 0.017857142857142856 0.0 1.0 0.0 0.04321783683181563 0.017648065757782556 0.017857142857142856 0.0025624599615631004 0.00014453128543843202
0 0.01111111111111111 0.0 1.0 0.0 0.06991534386762926 0.036461764531991084 0.024553571428571425 0.006726457399103139 0.04561644625087955
0 0.01 0.0 1.0 0.0 0.05542912206356286 0.027717768991769927 0.01964285714285714 0.004484304932735427 0.05137192062074104
0 0.006493506493506494 0.0 1.0 0.0 0.04492941830120154 0.02126351418724654 0.014668367346938773 0.003523382447149263 0.035927106218118864
0 0.005208333333333333 0.0 1.0 0.0 0.01882504614988411 0.0 0.006138392857142857 0.0 0.025385842044741386
0 0.01098901098901099 0.0 1.0 0.0 0.0371917904065334 0.009642885905753821 0.015306122448979591 0.0025624599615631004 0.0363539082686483
0 0.006493506493506493 0.0 1.0 0.0 0.026581013002454322 0.0 0.013392857142857144 0.0 0.0001011219017863681
0 0.006666666666666666 0.0 1.0 0.0 0.04003390969349815 0.010746686865220836 0.016517857142857143 0.0026905829596412557 9.637380214220676e-05
0 0.004464285714285714 0.0 1.0 0.0 0.037617574567220265 0.00494820363789909 0.013392857142857142 0.0009609224855861628 0.02980335645962249
0 0.0021786492374727667 0.0 1.0 0.2962962962962963 0.021204415295531475 0.0064321534393784515 0.008928571428571428 0.0014947683109118087 0.019206111717374727
0 0.024390243902439025 0.0 1.0 0.04878048780487805 0.026938375084205286 0.032039654378524726 0.009047993705743506 0.006345429307951614 0.024390243902439025
0 0.045454545454545456 0.0 1.0 0.0 0.09234841547446665 0.07197740783860188 0.027859237536656888 0.01256467110125647 0.03731666924508887
0 0.027777777777777776 0.0 1.0 0.0 0.06574078761716583 0.004233091378393245 0.02419354838709677 0.0 9.583747197773916e-05
0 0.006944444444444444 0.0 1.0 0.16666666666666666 0.03175339516609953 0.01290076486818834 0.013440860215053758 0.0027100271002710027 0.008780548889559937
0 0.028571428571428574 0.0 1.0 0.0 0.05556789555314834 0.015527119879025695 0.024193548387096774 0.003484320557491289 0.07627072652358242
0 0.00980392156862745 0.0 1.0 0.0 0.04752119812544649 0.01792838701437139 0.012333965844402276 0.0028694404591104736 0.002676913974754615