0 0.058823529411764705 0.0 1.0 0.11764705882352941 0.05126730655568432 0.03301041378188847 0.020237452779276837 0.005963675792897801 0.05882352941176469
0 0.07142857142857142 0.0 1.0 0.0 0.037317102299787 0.026623083117547516 0.02162516382699869 0.005924950625411455 0.035391576588770304
0 0.1111111111111111 0.0 1.0 0.0 0.06309495189118237 0.01919521620432697 0.03822629969418961 0.0030721966205837174 0.08917463770530158
0 0.011363636363636364 0.0 1.0 0.0 0.041730417680506164 0.03336063546050213 0.017514595496246874 0.006074570590699621 0.04193298863756844
0 0.011111111111111112 0.0 1.0 0.0 0.024263760531400613 0.02748842503519849 0.014016309887869524 0.004352278545826932 0.017311826059315798
0 0.027777777777777776 0.0 1.0 0.0 0.04115087923298089 0.0325268861447305 0.02217125382262997 0.004608294930875576 0.059782669469612366
0 0.023809523809523808 0.0 1.0 0.0 0.09259625917672731 0.04065787173930225 0.03211009174311927 0.0069124423963133645 0.1078078582566273
0 0.03125 0.0 1.0 0.0 0.1439512203713001 0.014396412153245228 0.04243119266055046 0.002304147465437788 0.23001016099473273
0 0.015873015873015872 0.0 1.0 0.14285714285714285 0.024885555627193457 0.015268614095043874 0.017693315858453473 0.0032916392363396972 0.044129538210803676
0 0.03333333333333333 0.0 1.0 0.0 0.08177252851265125 0.0 0.016819571865443427 0.0 0.21763184523591886
0 0.010101010101010102 0.0 1.0 0.0 0.10079429578739359 0.0 0.030581039755351685 0.0 0.08216247483878346
0 0.011904761904761904 0.0 1.0 0.0 0.06266901121668982 0.023495135325469717 0.026867627785058978 0.004608294930875576 0.10205289757993283
0 0.005128205128205128 0.0 1.0 0.13333333333333333 0.036123569214571584 0.0034131463557287153 0.013455657492354741 0.0006144393241167435 0.057148068197261016
0 0.007936507936507936 0.0 1.0 0.0 0.026879775302528566 0.0 0.011722731906218146 0.0 0.030108426530095083
0 0.004166666666666667 0.0 1.0 0.0625 0.03176458752234597 0.0 0.005733944954128441 0.0 0.03125941971364272
0 0.008928571428571428 0.0 1.0 0.14285714285714285 0.04380608378972152 0.0 0.009174311926605505 0.0 0.08899076788110671
0 0.0058823529411764705 0.0 1.0 0.0 0.0622567687407527 0.0 0.013761467889908258 0.0 0.08338251062934326
0 0.006172839506172839 0.0 1.0 0.0 0.05278836416602106 0.006398405401442323 0.02140672782874618 0.0010240655401945725 0.03639492621633012
0 0.004784688995215311 0.0 1.0 0.0 0.0304049033470271 0.010470117929632893 0.02043369474562135 0.0016757436112274822 0.022472900451417515
1 0.0125 0.0 1.0 0.0 0.03624514594145077 0.0 0.021788990825688075 0.0 0.0793845976038154
0 0.0047619047619047615 0.0 1.0 0.0 0.027034148377834476 0.0 0.01834862385321101 0.0 0.02680776985600646
0 0.005681818181818182 0.0 1.0 0.0 0.0484304162582389 0.0 0.008600917431192661 0.0 0.06546312501074227
0 0.004347826086956522 0.0 1.0 0.0 0.04322330985055882 0.005758564861298091 0.008256880733944955 0.0009216589861751152 0.06628795493377085
1 0.025 0.0 1.0 0.05 0.02953166458286524 0.033353046795207494 0.013363636363636366 0.006569343065693428 0.025000000000000005
0 0.038461538461538464 0.0 1.0 0.0 0.028470180837937245 0.01754082783410564 0.005034965034965035 0.003368893879842785 0.052138404491406165
0 0.02222222222222222 0.0 1.0 0.0 0.0433831898601651 0.03378417417269448 0.019878787878787878 0.006082725060827252 0.05089914460291067
0 0.011904761904761904 0.0 1.0 0.09523809523809523 0.030422201197979875 0.031217754340261656 0.010562770562770564 0.0031282586027111575 0.026987829217410227
0 0.01 0.0 1.0 0.0 0.026940528882212055 0.016216900155785915 0.009272727272727271 0.002737226277372263 0.009065176998371912
0 0.005376344086021505 0.0 1.0 0.0 0.025141999917977335 0.013580686800055091 0.012551319648093842 0.0024723334118201086 0.005416304266879247
0 0.005494505494505494 0.0 1.0 0.0 0.012820904818537253 0.0 0.004895104895104895 0.0 0.011366193992916504
0 0.025 0.0 1.0 0.0 0.006139757825505345 0.0 0.002181818181818182 0.0 0.018481109934433693
0 0.0037037037037037034 0.0 1.0 0.0 0.036518139573042216 0.03035217328183049 0.014303030303030302 0.00510948905109489 0.004166429673317157
0 0.005555555555555556 0.0 1.0 0.0 0.021979439991308507 0.002533675131593037 0.004646464646464647 0.00040551500405515005 0.0001736042177558415
0 0.003246753246753247 0.0 1.0 0.0 0.02060707492251784 0.0016287911560240952 0.009220779220779223 0.00026068821689259646 0.0076123164310856655
0 0.002976190476190476 0.0 1.0 0.07142857142857142 0.03574745751230003 0.030113533707916976 0.013766233766233768 0.005213764337851929 0.03439828883399173
0 0.14285714285714285 0.0 1.0 0.0 0.04391691698590837 0.019835056744471204 0.02795031055900621 0.019047619047619046 0.14285714285714285
0 0.021739130434782608 0.0 1.0 0.0 0.034132023757466545 0.024147025601964946 0.004725897920604915 0.005797101449275362 3.81591168990098e-05
0 0.06666666666666667 0.0 1.0 0.0 0.024470049304550285 0.027769079442259686 0.008695652173913044 0.0 0.0003425683923264925
0 0.022727272727272728 0.0 1.0 0.0 0.039226498977412025 0.050489235349563066 0.019762845849802372 0.0 0.016852163413031196