0 0.043478260869565216 0.0 1.0 0.043478260869565216 0.039853964880791584 0.03274669945386931 0.016157461809635718 0.01005619639160012 0.043478260869565216
0 0.041666666666666664 0.0 1.0 0.16666666666666666 0.023276950847573776 0.018570535526783238 0.011824324324324323 0.008503401360544217 0.03464852576255364
1 0.011904761904761904 0.0 1.0 0.07142857142857142 0.023519444681120744 0.024993486552467994 0.0053088803088803095 0.002186588921282799 0.013270278898503495
0 0.020833333333333332 0.0 1.0 0.0 0.01762633989537443 0.02125184651193343 0.003941441441441442 0.0 0.0001915502615877094
0 0.011764705882352941 0.0 1.0 0.0 0.030277015385788857 0.016444828865507327 0.010731319554848967 0.0032012805122048817 0.02489726137630753
0 0.041666666666666664 0.0 1.0 0.0 0.04922430717884217 0.03199945769320093 0.02027027027027027 0.008503401360544218 0.2102020873082263
0 0.017857142857142856 0.0 1.0 0.0 0.0 0.0 0.0016891891891891893 0.0 0.0005810719590361024
0 0.0125 0.0 1.0 0.2 0.03150004161677223 0.023709645573251326 0.016891891891891893 0.006122448979591836 0.0741727400488303
0 0.037037037037037035 0.0 1.0 0.0 0.0 0.0 0.0045045045045045045 0.0 0.0029801313802652815
0 0.011111111111111112 0.0 1.0 0.1111111111111111 0.0046907228787600825 0.0 0.0015015015015015015 0.0 0.0025249827013803412
0 0.012987012987012988 0.0 1.0 0.14285714285714285 0.03415910494631563 0.030429316688648206 0.01833976833976834 0.006802721088435375 0.103723371123127
0 0.005555555555555555 0.0 1.0 0.13333333333333333 0.02639564265605522 0.005667159069848915 0.005855855855855856 0.0009070294784580498 0.010230307779675126
1 0.06666666666666667 0.0 1.0 0.06666666666666667 0.06482274444819988 0.05906422957973282 0.02222222222222222 0.017927170868347338 0.06666666666666667
0 0.08333333333333333 0.0 1.0 0.0 0.0968658867915901 0.056085036970469786 0.0375 0.014005602240896357 0.08955137063096379
0 0.041666666666666664 0.0 1.0 0.25 0.059993220986190886 0.04242937174881717 0.014583333333333334 0.004201680672268907 0.05520755137272283
0 0.025 0.0 1.0 0.0 0.03734477427615536 0.03150273718239544 0.01666666666666667 0.0 0.00013553003536467579
0 0.018181818181818184 0.0 1.0 0.0 0.046866510831595855 0.0 0.010606060606060607 0.0 0.03482929434674265
0 0.023809523809523808 0.0 1.0 0.0 0.05711625770490424 0.0 0.014285714285714287 0.0 0.09216049651129117
0 0.03571428571428571 0.0 1.0 0.0 0.0 0.0 0.00625 0.0 0.0008118067452430355
0 0.007352941176470588 0.0 1.0 0.058823529411764705 0.05719653921899989 0.05211549668799955 0.0196078431372549 0.015818091942659415 0.058209099267142655
0 0.08333333333333333 0.0 1.0 0.0 0.0968658867915901 0.056085036970469786 0.0375 0.014005602240896357 0.08955137063096379
0 0.041666666666666664 0.0 1.0 0.25 0.059993220986190886 0.04242937174881717 0.014583333333333334 0.004201680672268907 0.05520755137272283
0 0.025 0.0 1.0 0.0 0.03734477427615536 0.03150273718239544 0.01666666666666667 0.0 0.00013553003536467579
0 0.018181818181818184 0.0 1.0 0.0 0.046866510831595855 0.0 0.010606060606060607 0.0 0.03482929434674265
0 0.023809523809523808 0.0 1.0 0.0 0.05711625770490424 0.0 0.014285714285714287 0.0 0.09216049651129117
0 0.1111111111111111 0.0 1.0 0.0 0.037102131933220685 0.03471134930282461 0.025500910746812384 0.014814814814814815 0.11111111111111109
0 0.03333333333333333 0.0 1.0 0.13333333333333333 0.05580376095712932 0.027769079442259686 0.007650273224043717 0.01 0.03564211131419997
0 0.02564102564102564 0.0 1.0 0.15384615384615385 0.03440926098334075 0.04005155688787455 0.01261034047919294 0.0 0.010960115933748281
0 0.041666666666666664 0.0 1.0 0.0 0.031140637869805324 0.03471134930282461 0.00546448087431694 0.0 0.00030856297279682423
0 0.016666666666666666 0.0 1.0 0.0 0.017631845751680805 0.0 0.01639344262295082 0.0 0.016890586898362727
0 0.027777777777777776 0.0 1.0 0.0 0.07865776639027428 0.0 0.013661202185792351 0.0 0.10531935382025887