0 0.06666666666666667 0.0 1.0 0.13333333333333333 0.028086686129706852 0.04448018465572754 0.014662084765177552 0.010114942528735632 0.06666666666666668
0 0.03125 0.0 1.0 0.0 0.039795444209410835 0.029476224466419176 0.015034364261168387 0.007327586206896552 0.016548010675177374
0 0.05555555555555555 0.0 1.0 0.16666666666666666 0.037566516178590935 0.030857201399850234 0.012600229095074455 0.0022988505747126436 0.00039750632221347313
0 0.05 0.0 1.0 0.4 0.014043644365068475 0.05170794103041458 0.01099656357388316 0.006896551724137931 0.0007742977465983638
0 0.022222222222222223 0.0 1.0 0.2222222222222222 0.03273660326364772 0.03972255687042408 0.01298205421916762 0.0038314176245210726 0.00023516191135503135
0 0.008771929824561403 0.0 1.0 0.05263157894736842 0.02903643528979122 0.015875245053197456 0.007234581298607342 0.002540834845735027 7.444670645257629e-05
0 0.010989010989010988 0.0 1.0 0.0 0.02136692506467294 0.044694066778350416 0.011630980703145654 0.008488063660477453 0.05420426665636701
0 0.007352941176470588 0.0 1.0 0.0 0.04138545334656862 0.008832979989113799 0.016575702445926824 0.0016227180527383367 0.01665811035999775
0 0.013888888888888888 0.0 1.0 0.0 0.030162301896805258 0.05072496639791356 0.016323024054982815 0.009482758620689655 0.00032074708009877497
1 0.05 0.0 1.0 0.0 0.0 0.0 0.010309278350515464 0.0 0.070050718333952
0 0.00909090909090909 0.0 1.0 0.0 0.04135136865675523 0.046978048928088545 0.02061855670103093 0.00896551724137931 0.00020217370630853473
0 0.016666666666666666 0.0 1.0 0.0 0.0221564130973319 0.0 0.01786941580756014 0.0 0.02282070333866467
0 0.015384615384615385 0.0 1.0 0.0 0.023479138085330094 0.0 0.008247422680412371 0.0 0.00048553997107667654
0 0.008928571428571428 0.0 1.0 0.0 0.024950934322390542 0.007683247250483405 0.01718213058419244 0.0017241379310344827 0.008647229177001337
0 0.009523809523809523 0.0 1.0 0.0 0.045281860883317 0.024000845879883458 0.021600392734413356 0.0049261083743842365 0.008489191244203447
0 0.00390625 0.0 1.0 0.125 0.026331268246600176 0.04170017311474457 0.013745704467353955 0.009482758620689655 0.062155277468022116
0 0.03125 0.0 1.0 0.0 0.039795444209410835 0.029476224466419176 0.015034364261168387 0.007327586206896552 0.016548010675177374
0 0.05555555555555555 0.0 1.0 0.16666666666666666 0.037566516178590935 0.030857201399850234 0.012600229095074455 0.0022988505747126436 0.00039750632221347313
0 0.05 0.0 1.0 0.4 0.014043644365068475 0.05170794103041458 0.01099656357388316 0.006896551724137931 0.0007742977465983638
0 0.022222222222222223 0.0 1.0 0.2222222222222222 0.03273660326364772 0.03972255687042408 0.01298205421916762 0.0038314176245210726 0.00023516191135503135
0 0.008771929824561403 0.0 1.0 0.05263157894736842 0.02903643528979122 0.015875245053197456 0.007234581298607342 0.002540834845735027 7.444670645257629e-05
0 0.010989010989010988 0.0 1.0 0.0 0.02136692506467294 0.044694066778350416 0.011630980703145654 0.008488063660477453 0.05420426665636701
0 0.007352941176470588 0.0 1.0 0.0 0.04138545334656862 0.008832979989113799 0.016575702445926824 0.0016227180527383367 0.01665811035999775
0 0.013888888888888888 0.0 1.0 0.0 0.030162301896805258 0.05072496639791356 0.016323024054982815 0.009482758620689655 0.00032074708009877497
0 0.05 0.0 1.0 0.0 0.0 0.0 0.010309278350515464 0.0 0.070050718333952
0 0.00909090909090909 0.0 1.0 0.0 0.04135136865675523 0.046978048928088545 0.02061855670103093 0.00896551724137931 0.00020217370630853473
0 0.016666666666666666 0.0 1.0 0.0 0.0221564130973319 0.0 0.01786941580756014 0.0 0.02282070333866467
0 0.015384615384615385 0.0 1.0 0.0 0.023479138085330094 0.0 0.008247422680412371 0.0 0.00048553997107667654
0 0.008928571428571428 0.0 1.0 0.0 0.024950934322390542 0.007683247250483405 0.01718213058419244 0.0017241379310344827 0.008647229177001337
0 0.009523809523809523 0.0 1.0 0.0 0.045281860883317 0.024000845879883458 0.021600392734413356 0.0049261083743842365 0.008489191244203447
0 0.08333333333333333 0.0 1.0 0.0 0.03076275506077522 0.0347817281805835 0.011435832274459974 0.006573367260390162 0.08333333333333336
1 0.045454545454545456 0.0 1.0 0.0 0.040377769165323645 0.04803493700002171 0.018020099341573295 0.009252833680314597 7.105068389826311e-05
0 0.02564102564102564 0.0 1.0 0.0 0.03749433428032994 0.049967419463622716 0.01642068224025022 0.009199451947543551 0.04650275064688991
0 0.125 0.0 1.0 0.0 0.0 0.007949163962478918 0.005082592121982211 0.001272264631043257 0.004735269495522601
0 0.022222222222222223 0.0 1.0 0.0 0.025692292894380943 0.03270233178852049 0.012424114075956517 0.006502685891998868 0.05074805812559517
0 0.007246376811594202 0.0 1.0 0.13043478260869565 0.03009972547378312 0.02473334863389439 0.012927462571128668 0.005420953645314746 3.0250623780709753e-05
0 0.011904761904761904 0.0 1.0 0.08333333333333333 0.020882309830674812 0.03121124071184934 0.011647606946209234 0.006997455470737911 0.00011929328100209396
0 0.03125 0.0 1.0 0.0 0.003969531686472954 0.011923745943718377 0.0012706480304955528 0.0019083969465648856 0.0019509238897341913
0 0.007936507936507936 0.0 1.0 0.0 0.03551156672336757 0.021850741090148285 0.014884734071519332 0.0027262813522355507 0.0015939351097132427
0 0.016666666666666666 0.0 1.0 0.0 0.023926751098114762 0.007949163962478918 0.009741634900465904 0.0 0.008582095145302643
0 0.00909090909090909 0.0 1.0 0.0 0.03981883822122427 0.05001151177180583 0.016772554002541296 0.008396946564885497 7.908054247832013e-05
0 0.00641025641025641 0.0 1.0 0.0 0.0360973275680178 0.0012229483019198335 0.010947121493500146 0.0 5.681362990876079e-05
0 0.006410256410256411 0.0 1.0 0.0 0.030368624561248166 0.021124905668921678 0.00889453621346887 0.0036047497879558945 0.060496019970970795
0 0.00510204081632653 0.0 1.0 0.0 0.02273923027377231 0.017332416318488152 0.010528226538391722 0.0034532897128316973 0.029580129246032965
0 0.0030303030303030303 0.0 1.0 0.0 0.03260110854924261 0.003139866904577177 0.012013399561048861 0.0006939625260235948 0.0009479262001180277
0 0.015625 0.0 1.0 0.0 0.03910376884767414 0.0380095375625952 0.01905972045743329 0.007633587786259542 0.11486076077871175
0 0.004524886877828054 0.0 1.0 0.0 0.048015999739723765 0.029718525087597494 0.017789072426937738 0.005676257584654531 0.033508883520889265
1 0.0017921146953405018 0.0 1.0 0.03225806451612903 0.02268846536134137 0.011753927354415397 0.008607615690453745 0.0023803660838873837 0.0050949617564066026
0 0.004784688995215311 0.0 1.0 0.0 0.021662661579739416 0.012662046431475482 0.007623888182973318 0.002313208420078649 0.025506173943262864
0 0.004166666666666667 0.0 1.0 0.0 0.05825674684995197 0.05535615697376305 0.02456586192291402 0.011026293469041562 0.013050094639859747
0 0.015873015873015872 0.0 1.0 0.0 0.0074124518897484455 0.0 0.005082592121982211 0.0 0.0021102939559729307
0 0.001893939393939394 0.0 1.0 0.0 0.040286340097916665 0.028489010288437023 0.013341804320203305 0.0051950805767599665 0.014275135568268047
0 0.0033444816053511705 0.0 1.0 0.0 0.0580940748783692 0.045129724526805186 0.022676180236536017 0.008416519866901546 4.3392406015391156e-05
0 0.008333333333333333 0.0 1.0 0.0 0.014980402849978708 0.0 0.006607369758576874 0.0 0.0007633761450507606
0 0.002857142857142857 0.0 1.0 0.0 0.041590734246339515 0.037356087487776066 0.017789072426937738 0.0072700836059614695 0.0005907220253081145
0 0.005494505494505495 0.0 1.0 0.0 0.0 0.0030306080209586282 0.0007260845888546016 0.0007270083605961469 0.0008417465717090158
0 0.0024691358024691358 0.0 1.0 0.0 0.034027032952933384 0.006713726384766638 0.010842863193562051 0.0011874469889737065 4.0708943834137315e-05
0 0.004464285714285714 0.0 1.0 0.0 0.06833221120439001 0.01637859601094249 0.021283354510800507 0.0031806615776081423 7.694817736480899e-05
0 0.0014992503748125937 0.0 1.0 0.0 0.02670391614652771 0.024120951333860028 0.01193304237334954 0.00464653169598407 0.004805309676598472
0 0.005555555555555556 0.0 1.0 0.0 0.015675134013977788 0.0 0.006776789495976282 0.0 0.0002933018852136133
0 0.0011947431302270011 0.0 1.0 0.0 0.03503552273668237 0.014903960220887339 0.012706480304955527 0.0030157383846951273 0.013972276455057718
0 0.002403846153846154 0.0 1.0 0.0 0.028396389286869436 0.03210621062823092 0.010556152868732283 0.0060677236249755346 0.07684521545021074
0 0.045454545454545456 0.0 1.0 0.0 0.040377769165323645 0.04803493700002171 0.018020099341573295 0.009252833680314597 7.105068389826311e-05
0 0.02564102564102564 0.0 1.0 0.0 0.03749433428032994 0.049967419463622716 0.01642068224025022 0.009199451947543551 0.04650275064688991
0 0.125 0.0 1.0 0.0 0.0 0.007949163962478918 0.005082592121982211 0.001272264631043257 0.004735269495522601
0 0.022222222222222223 0.0 1.0 0.0 0.025692292894380943 0.03270233178852049 0.012424114075956517 0.006502685891998868 0.05074805812559517
0 0.007246376811594202 0.0 1.0 0.13043478260869565 0.03009972547378312 0.02473334863389439 0.012927462571128668 0.005420953645314746 3.0250623780709753e-05
0 0.011904761904761904 0.0 1.0 0.08333333333333333 0.020882309830674812 0.03121124071184934 0.011647606946209234 0.006997455470737911 0.00011929328100209396
0 0.03125 0.0 1.0 0.0 0.003969531686472954 0.011923745943718377 0.0012706480304955528 0.0019083969465648856 0.0019509238897341913
0 0.007936507936507936 0.0 1.0 0.0 0.03551156672336757 0.021850741090148285 0.014884734071519332 0.0027262813522355507 0.0015939351097132427
0 0.016666666666666666 0.0 1.0 0.0 0.023926751098114762 0.007949163962478918 0.009741634900465904 0.0 0.008582095145302643
0 0.00909090909090909 0.0 1.0 0.0 0.03981883822122427 0.05001151177180583 0.016772554002541296 0.008396946564885497 7.908054247832013e-05
0 0.00641025641025641 0.0 1.0 0.0 0.0360973275680178 0.0012229483019198335 0.010947121493500146 0.0 5.681362990876079e-05
0 0.006410256410256411 0.0 1.0 0.0 0.030368624561248166 0.021124905668921678 0.00889453621346887 0.0036047497879558945 0.060496019970970795
0 0.00510204081632653 0.0 1.0 0.0 0.02273923027377231 0.017332416318488152 0.010528226538391722 0.0034532897128316973 0.029580129246032965
0 0.0030303030303030303 0.0 1.0 0.0 0.03260110854924261 0.003139866904577177 0.012013399561048861 0.0006939625260235948 0.0009479262001180277
0 0.015625 0.0 1.0 0.0 0.03910376884767414 0.0380095375625952 0.01905972045743329 0.007633587786259542 0.11486076077871175
0 0.004524886877828054 0.0 1.0 0.0 0.048015999739723765 0.029718525087597494 0.017789072426937738 0.005676257584654531 0.033508883520889265
0 0.0017921146953405018 0.0 1.0 0.03225806451612903 0.02268846536134137 0.011753927354415397 0.008607615690453745 0.0023803660838873837 0.0050949617564066026
0 0.004784688995215311 0.0 1.0 0.0 0.021662661579739416 0.012662046431475482 0.007623888182973318 0.002313208420078649 0.025506173943262864
0 0.004166666666666667 0.0 1.0 0.0 0.05825674684995197 0.05535615697376305 0.02456586192291402 0.011026293469041562 0.013050094639859747
0 0.015873015873015872 0.0 1.0 0.0 0.0074124518897484455 0.0 0.005082592121982211 0.0 0.0021102939559729307
0 0.001893939393939394 0.0 1.0 0.0 0.040286340097916665 0.028489010288437023 0.013341804320203305 0.0051950805767599665 0.014275135568268047
0 0.0033444816053511705 0.0 1.0 0.0 0.0580940748783692 0.045129724526805186 0.022676180236536017 0.008416519866901546 4.3392406015391156e-05
0 0.008333333333333333 0.0 1.0 0.0 0.014980402849978708 0.0 0.006607369758576874 0.0 0.0007633761450507606
0 0.002857142857142857 0.0 1.0 0.0 0.041590734246339515 0.037356087487776066 0.017789072426937738 0.0072700836059614695 0.0005907220253081145
0 0.005494505494505495 0.0 1.0 0.0 0.0 0.0030306080209586282 0.0007260845888546016 0.0007270083605961469 0.0008417465717090158
0 0.0024691358024691358 0.0 1.0 0.0 0.034027032952933384 0.006713726384766638 0.010842863193562051 0.0011874469889737065 4.0708943834137315e-05
0 0.004464285714285714 0.0 1.0 0.0 0.06833221120439001 0.01637859601094249 0.021283354510800507 0.0031806615776081423 7.694817736480899e-05
0 0.0014992503748125937 0.0 1.0 0.0 0.02670391614652771 0.024120951333860028 0.01193304237334954 0.00464653169598407 0.004805309676598472
0 0.005555555555555556 0.0 1.0 0.0 0.015675134013977788 0.0 0.006776789495976282 0.0 0.0002933018852136133
0 0.0011947431302270011 0.0 1.0 0.0 0.03503552273668237 0.014903960220887339 0.012706480304955527 0.0030157383846951273 0.013972276455057718
0 0.25 0.0 1.0 0.0 0.05987399611272996 0.04220021085295814 0.03434065934065934 0.011049723756906077 0.25000000000000006
0 0.041666666666666664 0.0 1.0 0.0 0.03119143156080986 0.02569798329868042 0.01098901098901099 0.006906077348066298 0.00015317687386390746
0 0.0303030303030303 0.0 1.0 0.0 0.06909267256754256 0.05085872550979856 0.030469530469530468 0.01255650426921145 0.05372481393025315
0 0.022727272727272728 0.0 1.0 0.0 0.06909267256754256 0.048904019182269366 0.030469530469530468 0.011551983927674536 0.053672868106339935
0 0.018181818181818184 0.0 1.0 0.0 0.0631636974823131 0.04458243934756006 0.03146853146853147 0.008538422903063787 0.054917480410907986
0 0.023809523809523808 0.0 1.0 0.0 0.05378330698254489 0.03511545505345452 0.02197802197802198 0.003946329913180742 0.00023474407978682933
0 0.03571428571428571 0.0 1.0 0.0 0.08135135980640015 0.013430244512123034 0.06456043956043955 0.0027624309392265192 0.022259099116262473
0 0.041666666666666664 0.0 1.0 0.0 0.011443301967964156 0.0 0.005494505494505495 0.0 0.003458031121844699
0 0.013888888888888888 0.0 1.0 0.0 0.09307828194069187 0.06357626907125258 0.04739010989010989 0.013121546961325966 0.07025189583940858
0 0.004347826086956522 0.0 1.0 0.0 0.044883879543903465 0.026443055483637554 0.02006688963210702 0.007206341580590921 0.020738885118902792
0 0.004132231404958678 0.0 1.0 0.0 0.04525704739976388 0.022848285679160217 0.02297702297702298 0.0055248618784530384 0.023438184788968672
0 0.005952380952380952 0.0 1.0 0.0 0.05286766607626986 0.024275928653157443 0.02354788069073784 0.005130228887134964 9.231545171950539e-05
0 0.005494505494505495 0.0 1.0 0.0 0.045707522379393 0.022651427732995815 0.01805337519623234 0.00473559589581689 0.05114086388096243
0 0.005494505494505494 0.0 1.0 0.0 0.0701425295136135 0.03145401145606368 0.02493660185967878 0.006374840628984275 0.037030819776520646
0 0.007407407407407408 0.0 1.0 0.0 0.035106525199801036 0.018047530740115288 0.016483516483516484 0.006138735420503376 0.00030543959466490175
0 0.010416666666666666 0.0 1.0 0.0 0.0773687625946076 0.052375048356865815 0.05128205128205129 0.010128913443830571 0.012532050650494881
0 0.0058823529411764705 0.0 1.0 0.0 0.033441889445084604 0.01259926252495382 0.017032967032967035 0.0027624309392265192 0.00018485011793043852