1 0.03571428571428571 0.0 1.0 0.14285714285714285 0.02910214268345856 0.02673575703863826 0.010884353741496598 0.0056390977443609 0.03571428571428571
0 0.125 0.0 1.0 0.0 0.04055146022286187 0.029668017611011652 0.01904761904761905 0.007177033492822967 0.10498237401363938
0 0.08333333333333333 0.0 1.0 0.0 0.007438146279176702 0.022421206487470438 0.004761904761904762 0.003588516746411483 0.008460252649692775
0 0.125 0.0 1.0 0.0 0.05506006492236648 0.0 0.02619047619047619 0.0023923444976076554 0.19237497927701042
0 0.06666666666666667 0.0 1.0 0.0 0.03086824452945104 0.019929961322195943 0.003174603174603175 0.003189792663476874 0.0013559871106514608
0 0.016666666666666666 0.0 1.0 0.0 0.033502021385685726 0.026619381682636407 0.012857142857142859 0.006220095693779903 0.06898051147465815
0 0.010989010989010988 0.0 1.0 0.0 0.020365566091794685 0.03219455290508576 0.006593406593406593 0.0036805299963194693 0.05079134909279081
0 0.025 0.0 1.0 0.0 0.05228107619101964 0.035873930379952707 0.011428571428571429 0.0028708133971291866 0.1334202404319425
0 0.012345679012345678 0.0 1.0 0.0 0.021700600471820777 0.01982910604562605 0.009523809523809525 0.0021265284423179157 0.043699027903443564
0 0.011111111111111112 0.0 1.0 0.0 0.024960433003553852 0.0056459213291965215 0.008465608465608466 0.001594896331738437 0.07066508658223623
0 0.015151515151515152 0.0 1.0 0.3333333333333333 0.023312119160239963 0.0 0.005555555555555556 0.0 0.058964038393770214
0 0.020833333333333332 0.0 1.0 0.0 0.007438146279176702 0.0 0.004761904761904762 0.0 0.0014924398731220308
0 0.006993006993006993 0.0 1.0 0.0 0.02299384980577538 0.0 0.009956709956709957 0.0 0.057338138239963296
0 0.007142857142857143 0.0 1.0 0.0 0.024755030697819414 0.0 0.009523809523809523 0.0 0.021883025967567644
0 0.007407407407407408 0.0 1.0 0.0 0.04256591639971817 0.0 0.010052910052910053 0.0 0.02239342494629854
0 0.00625 0.0 1.0 0.0 0.023056218147232615 0.0 0.003333333333333333 0.0 0.0001796380897227675
0 0.0032679738562091504 0.0 1.0 0.0 0.033487448751375264 0.016897647406908228 0.01296296296296296 0.003189792663476874 0.04913810711718633
0 0.00326797385620915 0.0 1.0 0.0 0.03062073895914937 0.00833680973012789 0.008123249299719889 0.0019701660568533634 0.014310761195143915
0 0.007518796992481203 0.0 1.0 0.0 0.03389553711159501 0.0 0.009523809523809523 0.0 0.09162521659420228
0 0.0071428571428571435 0.0 1.0 0.0 0.02931947508421395 0.0 0.01020408163265306 0.0 0.000277556700981265
0 0.006802721088435374 0.0 1.0 0.0 0.040267381698883345 0.0 0.013605442176870748 0.0 0.028220940765133217
0 0.011363636363636364 0.0 1.0 0.0 0.04055146022286187 0.022194282115188174 0.01904761904761905 0.004784688995215311 0.10535574697773707
0 0.0033444816053511705 0.0 1.0 0.0 0.03073367557587311 0.0 0.007326007326007327 0.0 0.0426345900920279
0 0.09090909090909091 0.0 1.0 0.0 0.04448970565839419 0.041847831779090024 0.01769041769041769 0.010869565217391302 0.09090909090909091
0 0.05 0.0 1.0 0.0 0.023586087765000183 0.047539456653868474 0.011891891891891892 0.009782608695652173 0.05896511089567789
0 0.06666666666666667 0.0 1.0 0.0 0.04148761429226946 0.037734422309576944 0.010810810810810811 0.010869565217391304 0.13216740464074378
0 0.014705882352941176 0.0 1.0 0.11764705882352941 0.021176462477401597 0.03906274576979821 0.007631160572337044 0.0019181585677749361 6.619703075947368e-05
0 0.05 0.0 1.0 0.0 0.02857962004901004 0.0169783773763816 0.010810810810810811 0.0 0.0005626025672619022
0 0.023809523809523808 0.0 1.0 0.0 0.01620055575820093 0.0 0.003088803088803089 0.0 0.00030240023193660364
0 0.02040816326530612 0.0 1.0 0.0 0.018140984328802946 0.0 0.012355212355212355 0.0 0.00024984177159757576
0 0.013888888888888888 0.0 1.0 0.0 0.04816220685036859 0.013417622449150925 0.019219219219219222 0.0024154589371980675 0.026928549564801285
0 0.0101010101010101 0.0 1.0 0.0 0.02314984142843235 0.0 0.00687960687960688 0.0 0.00011947813756983893
0 0.01 0.0 1.0 0.0 0.027320056203295508 0.0 0.011891891891891892 0.0 0.0001206840495857084
0 0.006493506493506494 0.0 1.0 0.0 0.03495619730302401 0.032880439254999304 0.0138996138996139 0.008540372670807452 0.0704576571365446
0 0.05 0.0 1.0 0.0 0.023586087765000183 0.047539456653868474 0.011891891891891892 0.009782608695652173 0.05896511089567789
0 0.06666666666666667 0.0 1.0 0.0 0.04148761429226946 0.037734422309576944 0.010810810810810811 0.010869565217391304 0.13216740464074378
0 0.014705882352941176 0.0 1.0 0.11764705882352941 0.021176462477401597 0.03906274576979821 0.007631160572337044 0.0019181585677749361 6.619703075947368e-05
0 0.05 0.0 1.0 0.0 0.02857962004901004 0.0169783773763816 0.010810810810810811 0.0 0.0005626025672619022
0 0.023809523809523808 0.0 1.0 0.0 0.01620055575820093 0.0 0.003088803088803089 0.0 0.00030240023193660364
0 0.02040816326530612 0.0 1.0 0.0 0.018140984328802946 0.0 0.012355212355212355 0.0 0.00024984177159757576
0 0.013888888888888888 0.0 1.0 0.0 0.04816220685036859 0.013417622449150925 0.019219219219219222 0.0024154589371980675 0.026928549564801285
0 0.0101010101010101 0.0 1.0 0.0 0.02314984142843235 0.0 0.00687960687960688 0.0 0.00011947813756983893
0 0.01 0.0 1.0 0.0 0.027320056203295508 0.0 0.011891891891891892 0.0 0.0001206840495857084
0 0.2 0.0 1.0 0.0 0.012499015239831051 0.02658741648726991 0.007407407407407407 0.00425531914893617 0.2
0 0.16666666666666666 0.0 1.0 0.0 0.0 0.011078090203029129 0.005291005291005291 0.0035460992907801418 0.0006544884576848287
0 0.047619047619047616 0.0 1.0 0.0 0.012038527975606351 0.031564647070078104 0.006802721088435374 0.005319148936170213 0.00010814997176523206
1 0.014705882352941176 0.0 1.0 0.0 0.006861235146150183 0.025674749637332166 0.008092125739184563 0.005632040050062576 3.682214135540959e-05
0 0.022222222222222223 0.0 1.0 0.0 0.0 0.007385393468686086 0.0023515579071134627 0.004728132387706856 0.00012325374108395156
1 0.013888888888888888 0.0 1.0 0.16666666666666666 0.019998482764315505 0.024311210775468075 0.007054673721340388 0.005319148936170213 0.009900590200550721
0 0.017857142857142856 0.0 1.0 0.25 0.034558826146212716 0.02907998678295147 0.007936507936507936 0.0013297872340425532 4.349658980996225e-05
0 0.010416666666666666 0.0 1.0 0.0 0.029060150948636673 0.030464748058330115 0.006613756613756613 0.0008865248226950354 3.6108671694245445e-05
0 0.0101010101010101 0.0 1.0 0.0 0.021601877899598883 0.011414834205470903 0.007215007215007215 0.0019342359767891683 4.7788891210803354e-05
0 0.008333333333333333 0.0 1.0 0.0 0.005927803410782959 0.0 0.0026455026455026454 0.0 6.525347352065207e-05
0 0.01818181818181818 0.0 1.0 0.0 0.02829386289066904 0.0 0.0031746031746031746 0.0 0.00015482238735845598
0 0.008333333333333333 0.0 1.0 0.0 0.02642733109499997 0.0 0.008994708994708995 0.0 3.46622498523317e-05
1 0.012820512820512822 0.0 1.0 0.0 0.035864590692593734 0.0 0.01146384479717813 0.0 6.232732765991042e-05
0 0.0037593984962406013 0.0 1.0 0.0 0.0070916896940554615 0.0 0.003063213589529379 0.0 3.0644567905277404e-05
0 0.009523809523809523 0.0 1.0 0.0 0.018816176379678688 0.0 0.006046863189720332 0.0 0.02862928898192168
0 0.015625 0.0 1.0 0.0 0.025328554672444825 0.0 0.006613756613756613 0.0 0.0002479499158405675
0 0.00980392156862745 0.0 1.0 0.3333333333333333 0.03432532355533754 0.0 0.007054673721340388 0.0 6.390735956350076e-05
0 0.007936507936507936 0.0 1.0 0.0 0.03886697102098989 0.0 0.006046863189720332 0.0 5.3705806561996196e-05
0 0.010526315789473684 0.0 1.0 0.0 0.013223371162980802 0.0 0.002116402116402116 0.0 0.00017771090122011126
0 0.0125 0.0 1.0 0.0 0.0514879853330063 0.0 0.010582010582010581 0.0 9.883105439413175e-05
0 0.007936507936507936 0.0 1.0 0.0 0.028815585570762203 0.0 0.008818342151675485 0.0 6.449880288133838e-05
0 0.003246753246753247 0.0 1.0 0.0 0.011757500948936905 0.0035247758070473625 0.003401360544217687 0.0007598784194528875 4.4427402784547875e-05
0 0.1 0.0 1.0 0.1 0.03156510205122462 0.0031397200374414214 0.013000000000000003 0.004522613065326633 0.10000000000000002
0 0.08333333333333333 0.0 1.0 0.3333333333333333 0.03215911220614031 0.015698600187207108 0.013333333333333336 0.004187604690117253 0.1340264658336399
0 0.037037037037037035 0.0 1.0 0.2222222222222222 0.03462483668794025 0.02790862255503486 0.011111111111111113 0.00446677833612507 0.08420420561165397
1 0.013157894736842105 0.0 1.0 0.0 0.015580558282103564 0.02891083149539152 0.00868421052631579 0.005554086220576566 0.017058139730136795
0 0.028571428571428574 0.0 1.0 0.0 0.008340553960109933 0.01912063473550183 0.007857142857142858 0.00574300071787509 0.0005431362577945322
0 0.011904761904761904 0.0 1.0 0.0 0.015788157305011295 0.023513853479800617 0.006785714285714285 0.002512562814070352 0.0001346822962935129
0 0.017857142857142856 0.0 1.0 0.0 0.010693259957367567 0.02545064340244397 0.00375 0.001256281407035176 0.00034265886357362415
0 0.008928571428571428 0.0 1.0 0.0 0.009411044503378997 0.023674042676723957 0.0032142857142857142 0.0007178750897343862 0.00018887851131288875
0 0.005555555555555555 0.0 1.0 0.0 0.017540425250458718 0.002443089705220371 0.006749999999999999 0.0005025125628140704 0.01597287048527764
0 0.011111111111111112 0.0 1.0 0.0 0.04278831720098553 0.006977155638758715 0.012777777777777779 0.0011166945840312675 0.09934030877343873
0 0.010101010101010102 0.0 1.0 0.0 0.03602616843462209 0.0 0.010555555555555556 0.0 0.08109919322526084
0 0.020833333333333332 0.0 1.0 0.0 0.007810053593135536 0.0 0.0025 0.0 0.0013129550982929968
0 0.019230769230769232 0.0 1.0 0.0 0.0 0.0 0.0 0.0 0.0015135458015915438
0 0.005494505494505494 0.0 1.0 0.0 0.02908317452469692 0.0 0.006153846153846154 0.0 0.055063379547330905
0 0.00392156862745098 0.0 1.0 0.0 0.029867118920470795 0.00227617357476208 0.011764705882352944 0.0005911912503694946 0.0475190208975942
0 0.005681818181818182 0.0 1.0 0.18181818181818182 0.03816370955311015 0.00570858188625713 0.010454545454545454 0.0009136592051164915 0.07912255197012981
0 0.0058823529411764705 0.0 1.0 0.2 0.032460981785838644 0.0 0.011000000000000001 0.0 0.09279257437229976
0 0.009259259259259259 0.0 1.0 0.3333333333333333 0.04686370915185462 0.0 0.008333333333333333 0.0 0.12945369861978878
0 0.005263157894736842 0.0 1.0 0.0 0.018848699319803163 0.0 0.006 0.0 0.04295849225458061