1 0.045454545454545456 0.0 1.0 0.2727272727272727 0.028383202179550572 0.01224822307009832 0.007106101445724087 0.0029484029484029488 0.045454545454545456
1 0.1 0.0 1.0 0.2 0.05982802207061168 0.0485067808306063 0.01994609164420485 0.009189189189189189 0.1105853962270285
0 0.037037037037037035 0.0 1.0 0.1111111111111111 0.016403712358822924 0.007931501692264219 0.0071877807726864335 0.003003003003003003 0.00012857303683031006
0 0.008928571428571428 0.0 1.0 0.21428571428571427 0.012645556877392966 0.006634022357103544 0.004331921447824413 0.0022200772200772203 0.009695978275889439
0 0.014285714285714287 0.0 1.0 0.0 0.021027928245320397 0.020696652023239726 0.008856372737774353 0.003281853281853282 0.010372797271138634
0 0.0045045045045045045 0.0 1.0 0.10810810810810811 0.03336470596950709 0.028037933297439498 0.009688934217236106 0.004017531044558072 0.014225740922864003
0 0.003663003663003663 0.0 1.0 0.05128205128205128 0.022928134240538505 0.015324051433649547 0.007740686985970002 0.00200970200970201 0.011161675704412594
0 0.008928571428571428 0.0 1.0 0.0 0.007983881634921584 0.0 0.004043126684636119 0.0 8.393442435395196e-05
0 0.00326797385620915 0.0 1.0 0.058823529411764705 0.014140930508102608 0.008064875583903688 0.005153004598065642 0.001589825119236884 0.01500800293004233
0 0.011111111111111112 0.0 1.0 0.0 0.005904179945733214 0.0 0.002395926924228811 0.0 0.0012141261750625817
0 0.00909090909090909 0.0 1.0 0.0 0.042381242500731366 0.027679256100514277 0.01536388140161725 0.005405405405405406 0.04914714123226276
0 0.008333333333333333 0.0 1.0 0.0 0.023945144790844447 0.0 0.008355795148247979 0.0 8.642947743218269e-05
0 0.01098901098901099 0.0 1.0 0.0 0.02712097749661956 0.014474230597316826 0.0050057758952637655 0.002316602316602317 0.00016207368438336375
0 0.003105590062111801 0.0 1.0 0.0 0.02749045629340403 0.008697067978958369 0.008437829602718857 0.0017626321974148062 0.023806476877311945
0 0.004166666666666667 0.0 1.0 0.0 0.036601798560466844 0.006728715433378342 0.011960916442048518 0.0013513513513513514 0.0329049913183877
0 0.004464285714285714 0.0 1.0 0.14285714285714285 0.03185778030099766 0.026536089428414174 0.008278783211397767 0.0042471042471042475 0.014529005529688123
0 0.003676470588235294 0.0 1.0 0.0 0.04964246304741543 0.04348964868489389 0.013645552560646904 0.007601351351351352 0.032647326476477084
0 0.0020576131687242796 0.0 1.0 0.0 0.02970325738110804 0.017491968969055943 0.008385744234800839 0.0032032032032032033 0.01751030242610276
0 0.004784688995215311 0.0 1.0 0.0 0.03245601271406675 0.010121730881258614 0.009801519235481499 0.0019656019656019656 0.0522298296057881
0 0.0019230769230769232 0.0 1.0 0.0 0.019779637997365113 0.002500265822081828 0.005287165664524155 0.0005197505197505198 0.021749006887126436
0 0.2 0.0 1.0 0.0 0.012477286729852289 0.00925635981408656 0.0049261083743842365 0.0019753086419753087 0.2
0 0.0125 0.0 1.0 0.05 0.031080920568908384 0.02669444460358609 0.01126847290640394 0.00524691358024691 0.002821153950376577
0 0.016666666666666666 0.0 1.0 0.0 0.026669483043483055 0.0238619888772198 0.009236453201970442 0.00506172839506173 0.00984138261229596
1 0.006756756756756757 0.0 1.0 0.0 0.015213882905117364 0.013545957319540846 0.00732259352949008 0.003536870203536869 0.00508204225504253
0 0.014285714285714287 0.0 1.0 0.0 0.03912559069448945 0.021441185433276905 0.012667135819845176 0.004585537918871252 1.5626016511017738e-05
0 0.041666666666666664 0.0 1.0 0.0 0.008142477952580489 0.007713633178405468 0.006157635467980296 0.0006172839506172839 0.00031660969221557395
0 0.009523809523809523 0.0 1.0 0.0 0.00287082511519651 0.010284844237873956 0.0016420361247947454 0.0 8.021328192642669e-05
0 0.020833333333333332 0.0 1.0 0.0 0.006844993978372074 0.016642165948787934 0.005336617405582922 0.0012345679012345679 0.00016538184996432303
0 0.01111111111111111 0.0 1.0 0.0 0.02893920138296175 0.025443101358482673 0.01083743842364532 0.004197530864197531 2.9453603906125117e-05
0 0.002631578947368421 0.0 1.0 0.0 0.022145263111697792 0.008167456640434285 0.008620689655172412 0.0007147498375568551 5.0967289230774136e-06
0 0.005681818181818182 0.0 1.0 0.0 0.01478701977948093 0.003428947959227459 0.0049261083743842365 0.0006172839506172839 2.9151633434838344e-05
0 0.009259259259259259 0.0 1.0 0.0 0.024155276581909437 0.01836559605375148 0.007936507936507936 0.0035665294924554186 3.45773898131816e-05
0 0.004524886877828055 0.0 1.0 0.0 0.02103563736818029 0.0037396010064199847 0.0076789336424224865 0.0007262164124909223 1.9666096943750493e-05
0 0.07142857142857142 0.0 1.0 0.0 0.0 0.0 0.0049261083743842365 0.0 0.011322079396088282
0 0.009523809523809523 0.0 1.0 0.0 0.01833510558610688 0.008326588055348793 0.007389162561576355 0.0014109347442680775 8.367078925456859e-05
0 0.001524390243902439 0.0 1.0 0.0 0.014609246212380427 0.00691903957216904 0.005827225759942327 0.0013851249623607347 0.0011013193811877974
0 0.014705882352941176 0.0 1.0 0.0 0.009106268074536484 0.0 0.0018472906403940886 0.0 0.08433943570265219
0 0.01111111111111111 0.0 1.0 0.0 0.0 0.0 0.0009852216748768472 0.0 0.0004342105570878394
0 0.002506265664160401 0.0 1.0 0.0 0.018654286816814514 0.004316374110161138 0.0075064508562045495 0.000823045267489712 1.5259592534537313e-05
0 0.004545454545454546 0.0 1.0 0.0 0.041539619286686716 0.02889777720087933 0.01410658307210031 0.0053872053872053875 2.2478869636754847e-05
0 0.005291005291005291 0.0 1.0 0.0 0.05952362065819386 0.012684711204403362 0.016420361247947452 0.0024691358024691358 2.429669926577476e-05
0 0.0023923444976076554 0.0 1.0 0.0 0.03740170126098877 0.014865486414693251 0.011926367643246047 0.002729044834307992 1.0277139169442179e-05
0 0.004347826086956522 0.0 1.0 0.0 0.033305402546556485 0.003085453271362187 0.01206896551724138 0.0004938271604938272 3.07022435421171e-05
1 0.0008865248226950354 0.0 1.0 0.0425531914893617 0.012044362483335076 0.0018983660447605421 0.0037207839849072413 0.00036774363015497764 6.404527611564285e-06
0 0.1111111111111111 0.0 1.0 0.0 0.01086168509383407 0.0 0.010301692420897722 0.0059259259259259265 0.1111111111111111
0 0.029411764705882353 0.0 1.0 0.11764705882352941 0.01952160196226375 0.01470127735178454 0.007401636151149201 0.006274509803921569 0.03798549543195663
0 0.012345679012345678 0.0 1.0 0.07407407407407407 0.023047960628278876 0.015632684251206987 0.004169732646553839 0.0032098765432098768 2.4847980722682932e-05
0 0.03125 0.0 1.0 0.0 0.05793588795534854 0.03461589628685232 0.012417218543046357 0.0016666666666666668 8.500516742819828e-05
0 0.02 0.0 1.0 0.0 0.038504179935042016 0.03239869908996503 0.008609271523178808 0.0013333333333333335 7.241650050488638e-05
0 0.010416666666666666 0.0 1.0 0.0 0.030014375565082466 0.04599633986042973 0.01283112582781457 0.005833333333333334 0.02195385961106384
0 0.023809523809523808 0.0 1.0 0.0 0.04615390124123462 0.012344212653218854 0.012141280353200884 0.0022222222222222222 0.00013480449630496157
0 0.017857142857142856 0.0 1.0 0.0 0.041753976592698125 0.029425317633373253 0.014191106906338695 0.005714285714285714 0.00011310967141294006
0 0.009259259259259259 0.0 1.0 0.0 0.011613829044154403 0.0 0.005518763796909493 0.0 0.00012242223025687234
0 0.014285714285714287 0.0 1.0 0.0 0.03916374099250195 0.0 0.008514664143803216 0.0 0.08483866752848125
0 0.011363636363636364 0.0 1.0 0.0 0.030026236481610995 0.03500531241911574 0.014900662251655629 0.006666666666666667 0.06220441715300038
0 0.008333333333333333 0.0 1.0 0.0 0.010747827915816046 0.006184806616099105 0.003311258278145696 0.0013333333333333335 0.00019691193451902038
0 0.005494505494505495 0.0 1.0 0.0 0.03390369782549852 0.0 0.008514664143803216 0.0 4.2718961823676605e-05