0 0.047619047619047616 0.0 1.0 0.09523809523809523 0.0284282767112509 0.010068191853450589 0.008459271932325827 0.0024761904761904764 0.04761904761904763
0 0.05 0.0 1.0 0.2 0.043612905593161416 0.006943133704962158 0.014770459081836326 0.0024000000000000007 0.07539975809433327
0 0.041666666666666664 0.0 1.0 0.25 0.032815446143974275 0.012765132270945955 0.01472055888223553 0.0045000000000000005 0.06300810129171563
0 0.027777777777777776 0.0 1.0 0.0 0.027003615513845253 0.00776608929160314 0.009980039920159679 0.0022222222222222227 0.04146200104523365
0 0.05 0.0 1.0 0.0 0.09560695067206987 0.009372064311762645 0.020459081836327345 0.0025 0.2280270856050265
0 0.01111111111111111 0.0 1.0 0.0 0.032087373893093955 0.008330723832677904 0.009314703925482367 0.0020000000000000005 0.06400576705891153
0 0.007936507936507936 0.0 1.0 0.0 0.009026718106635613 0.010413404790847382 0.003770237303171435 0.0018888888888888898 0.002556338206583755
0 0.00625 0.0 1.0 0.0 0.03198600827164718 0.014027268498698033 0.012475049900199599 0.002800000000000001 0.020920138582386307
0 0.0101010101010101 0.0 1.0 0.18181818181818182 0.03250154172511517 0.007952054567556181 0.009617129377608419 0.0018181818181818186 0.07189618299497859
1 0.02 0.0 1.0 0.0 0.03511522251366633 0.015425777333906788 0.015169660678642713 0.006 0.0848559967556243
0 0.006060606060606061 0.0 1.0 0.0 0.03271370369503701 0.01166301336574907 0.006786427145708583 0.0021333333333333343 0.0587986434240022
0 0.008333333333333333 0.0 1.0 0.0 0.008496090928019676 0.0049984342996067434 0.004990019960079841 0.0004 0.026961427723901893
0 0.006410256410256411 0.0 1.0 0.0 0.026650405625805094 0.011454745269932119 0.006154357950765136 0.0 0.02555875081247273
0 0.0047619047619047615 0.0 1.0 0.0 0.029764613443882197 0.009996868599213485 0.008782435129740519 0.0 0.05740148871372449
0 0.002898550724637681 0.0 1.0 0.0 0.029465185244069096 0.013636486002884297 0.010240388787642106 0.0014782608695652175 0.03114596883184453
0 0.00625 0.0 1.0 0.2 0.016408853207993054 0.005187288330033304 0.008383233532934133 0.0018 0.008652396819075585
0 0.007352941176470588 0.0 1.0 0.0 0.013466633690490218 0.0027774478469742418 0.005988023952095808 0.0005 0.006192638747976404
0 0.004629629629629629 0.0 1.0 0.0 0.009768097866029208 0.0 0.00249500998003992 0.0 0.00021672318106040562
0 0.006578947368421052 0.0 1.0 0.0 0.03749885852561686 0.0 0.010978043912175649 0.0 0.09136823723509584
1 0.0071428571428571435 0.0 1.0 0.0 0.008930680340031555 0.009233257274359584 0.008554319931565439 0.0037142857142857142 0.0004840794720065061
0 0.011904761904761904 0.0 1.0 0.0 0.017705883886855137 0.0 0.006986027944111776 0.0 0.07035962278697816
0 0.004132231404958678 0.0 1.0 0.0 0.04154514850830436 0.005912444354086286 0.017964071856287425 0.001090909090909091 0.05930695036445465
0 0.004347826086956522 0.0 1.0 0.0 0.014733457545832777 0.0022219582775793935 0.009381237524950098 0.0004 0.00018360141088697771
0 0.008333333333333333 0.0 1.0 0.0 0.05946157517966895 0.006665874832738181 0.018762475049900203 0.0012000000000000001 0.1442820592177208
0 0.005 0.0 1.0 0.0 0.0430556125623878 0.0 0.010728542914171656 0.0 0.08700155214089057
0 0.019230769230769232 0.0 1.0 0.0 0.011087616155585794 0.0 0.005988023952095808 0.0 0.003313126273731807
0 0.0018518518518518517 0.0 1.0 0.0 0.016528130330257355 0.004092066591116478 0.00898203592814371 0.0015 0.014558778189205918
0 0.011904761904761904 0.0 1.0 0.0 0.006422337860852025 0.0 0.004657351962741184 0.0 0.027359214857377422
0 0.011494252873563218 0.0 1.0 0.0 0.023725549351601833 0.0 0.015302727877578179 0.0 0.025967887838189502
0 0.0047619047619047615 0.0 1.0 0.0 0.008843391713870942 0.0 0.004277159965782721 0.0 0.011946061209697484
0 0.0032258064516129032 0.0 1.0 0.0 0.032183377454017746 0.004558989384139499 0.009580838323353293 0.0008 0.06967837389505474
0 0.003125 0.0 1.0 0.0 0.020667798185129208 0.005392709650705218 0.010179640718562874 0.001 0.019851084791781038
0 0.0017825311942959003 0.0 1.0 0.0 0.026759978096744644 0.0031721821474736574 0.01103675002935306 0.0005882352941176471 0.00811100230734256
0 0.0029411764705882353 0.0 1.0 0.0 0.019884373362423068 0.0 0.005988023952095809 0.0 0.00013802122799497012
0 0.0047619047619047615 0.0 1.0 0.0 0.006738712809532671 0.0 0.006320691949434464 0.0 0.0007078776997379763
0 0.003472222222222222 0.0 1.0 0.0 0.008459445496753428 0.0 0.0062375249500998 0.0 0.0004891111085920495
0 0.0018018018018018018 0.0 1.0 0.0 0.01643515883698885 0.0 0.003592814371257485 0.0 0.05092188681749369
0 0.003289473684210526 0.0 1.0 0.0 0.03171508805663278 0.0 0.0074850299401197605 0.0 0.09498589687415998
0 0.008547008547008546 0.0 1.0 0.0 0.022200285353661222 0.0 0.013972055888223553 0.0 0.0010197250906550906
0 0.0035714285714285718 0.0 1.0 0.0 0.02684212571463152 0.005625256793045168 0.011976047904191616 0.0025714285714285713 0.00021604819840970822
0 0.0040650406504065045 0.0 1.0 0.0 0.01719059501451227 0.00656279959188603 0.010978043912175649 0.0029999999999999996 0.0004855747309145853
0 0.003401360544217687 0.0 1.0 0.0 0.010531104786450961 0.005625256793045168 0.0065583119475335055 0.0025714285714285713 0.0004886185541757924
0 0.002583979328165375 0.0 1.0 0.0 0.033750281666202 0.0 0.01086715457972943 0.0 0.09051274928171078
0 0.0009090909090909091 0.0 1.0 0.0 0.025841175900646152 0.0023989807957870983 0.010698602794411175 0.0008799999999999999 0.023923986017473964
0 0.00202020202020202 0.0 1.0 0.0 0.01941583617896528 0.0041445358037631806 0.005625113409544548 0.0007272727272727273 0.00011799335117147228
0 0.002717391304347826 0.0 1.0 0.0 0.007450051266712012 0.0 0.0014970059880239522 0.0 0.00035684107026633517
0 0.0019342359767891683 0.0 1.0 0.0 0.034321907130779115 0.00631193973178378 0.010887316276537834 0.001090909090909091 0.06315000741877602
0 0.0013020833333333333 0.0 1.0 0.25 0.04311727409530431 0.0015620107186271072 0.010728542914171656 0.00025 0.030383078531527018
0 0.5 0.0 1.0 0.0 0.020740563361765125 0.007619564481107841 0.0072992700729927005 0.0012195121951219512 0.5
0 0.025 0.0 1.0 0.0 0.018604078356444724 0.011277721147048444 0.009124087591240877 0.0034146341463414643 0.007304965969073912
0 0.06666666666666667 0.0 1.0 0.0 0.03359338559742942 0.0077909950737978075 0.009732360097323601 0.0024390243902439024 4.890081728457789e-05
0 0.017857142857142856 0.0 1.0 0.0 0.012581523554399615 0.0106799750872904 0.0074730622175877654 0.0036585365853658547 4.012862104613912e-05
0 0.022222222222222223 0.0 1.0 0.0 0.02231040570825605 0.009408040250626231 0.010543390105433903 0.0024390243902439024 4.826700786499518e-05
0 0.027777777777777776 0.0 1.0 0.0 0.04160147286901121 0.007619564481107841 0.01338199513381995 0.0020325203252032522 3.829720011925553e-05
0 0.011904761904761904 0.0 1.0 0.0 0.021985992515106825 0.014257764381463181 0.010543390105433903 0.0032520325203252037 2.9716172982364816e-05
0 0.03125 0.0 1.0 0.0 0.037895830150188554 0.0190489112027696 0.023722627737226276 0.003048780487804878 0.07793711224645582
0 0.006172839506172839 0.0 1.0 0.05555555555555555 0.019234507370040916 0.014413199426206356 0.011624763449580966 0.003929539295392955 1.762082321073237e-05
0 0.01 0.0 1.0 0.0 0.019726672172331847 0.01615653955998398 0.013138686131386862 0.005365853658536586 5.1061356221723354e-05
0 0.006060606060606061 0.0 1.0 0.0 0.024337820392673588 0.009934005590888523 0.010056772100567721 0.0003252032520325203 1.4001688620498779e-05
0 0.009259259259259259 0.0 1.0 0.0 0.007803769388654658 0.011852655859501087 0.007028926736955933 0.0 7.781966787525843e-05
0 0.015384615384615385 0.0 1.0 0.0 0.008454984354622417 0.0030478257924431364 0.00583941605839416 0.0 0.00017167677168710793
0 0.007936507936507936 0.0 1.0 0.0 0.03214656764420594 0.01661329458022951 0.0137875101378751 0.0027100271002710027 2.5356921719528023e-05
0 0.006060606060606061 0.0 1.0 0.0 0.03617816552140274 0.012217886881786348 0.016589250165892504 0.0017738359201773836 1.8750227251070153e-05
0 0.008928571428571428 0.0 1.0 0.0 0.04393735620574134 0.008708073692694674 0.020507473062217587 0.0 3.502718945586917e-05
0 0.0058823529411764705 0.0 1.0 0.0 0.033210340577999105 0.00879171075631274 0.015571776155717759 0.001707317073170732 2.0287051362343334e-05
0 0.006172839506172839 0.0 1.0 0.0 0.04032750279024681 0.00837305786315499 0.016761286834279535 0.0016260162601626016 2.0174267630651602e-05
0 0.005847953216374269 0.0 1.0 0.0 0.035099195416047765 0.004186528931577495 0.008380643417139767 0.0008130081300813008 2.10211792840674e-05
0 0.005 0.0 1.0 0.0 0.019905148633294935 0.0027097052165602356 0.0075425790754257895 0.0004878048780487805 2.842740666278669e-05
0 0.003968253968253968 0.0 1.0 0.0 0.027106155776572854 0.010232434465161802 0.014598540145985398 0.0020325203252032522 2.0360811805293606e-05
0 0.004545454545454545 0.0 1.0 0.0 0.03317675298804691 0.015623428937057907 0.01897810218978102 0.002926829268292683 2.3629419740318224e-05
0 0.0036231884057971015 0.0 1.0 0.0 0.02872191668997297 0.00958451331072748 0.016423357664233577 0.0018292682926829267 1.9711805923269772e-05
0 0.005208333333333333 0.0 1.0 0.0 0.024942632700724953 0.0 0.0072992700729927005 0.0 3.573749934249698e-05
0 0.006666666666666667 0.0 1.0 0.0 0.03572863994404716 0.00837305786315499 0.015815085158150853 0.0016260162601626016 4.541243473970185e-05
0 0.0038461538461538464 0.0 1.0 0.0 0.029043169038528688 0.008036363577857813 0.01678832116788321 0.0026829268292682925 2.5181664045980636e-05
0 0.018518518518518517 0.0 1.0 0.0 0.07042820518564255 0.013548526082801179 0.019464720194647202 0.0024390243902439024 0.00015235864397249366
0 0.00510204081632653 0.0 1.0 0.0 0.025526777660705175 0.0 0.016336461591936045 0.0 6.31844697480071e-05
0 0.0021551724137931034 0.0 1.0 0.0 0.026030937264339138 0.006883541045543466 0.00836374695863747 0.0012195121951219512 1.3046482494125196e-05
0 0.003703703703703704 0.0 1.0 0.0 0.021021484613425685 0.00715769664911649 0.009191673425250067 0.0013550135501355014 5.2624504550863996e-05
0 0.0018975332068311196 0.0 1.0 0.0 0.02405273684911145 0.004057089939035064 0.009016745384285102 0.000860832137733142 1.2293557260110409e-05
0 0.003125 0.0 1.0 0.0 0.017578876350202603 0.004571738688664705 0.00583941605839416 0.0007317073170731707 4.887744027154249e-05
0 0.005050505050505051 0.0 1.0 0.0 0.014887226494581145 0.0 0.006082725060827251 0.0 0.00014742701946448083
0 0.007352941176470588 0.0 1.0 0.0 0.01317999986842075 0.0 0.0072992700729927005 0.0 0.00022821636261298087
0 0.0025974025974025974 0.0 1.0 0.0 0.038408179297799334 0.0 0.010174740101747402 0.0 0.0022083710008746755
0 0.003968253968253968 0.0 1.0 0.0 0.019283332424732014 0.016781003408288517 0.015988877302745917 0.0031358885017421607 6.810520182982354e-05
0 0.003861003861003861 0.0 1.0 0.0 0.015068189513126303 0.009968846794283292 0.011122697254084116 0.003484320557491289 0.000106738856530423
0 0.005263157894736842 0.0 1.0 0.0 0.020871224947239038 0.0 0.012652068126520682 0.0 0.00010935222973231732
0 0.004273504273504273 0.0 1.0 0.0 0.01981789926815492 0.01637014805640621 0.018248175182481754 0.002845528455284553 8.150558191819385e-05
0 0.004166666666666667 0.0 1.0 0.0 0.026603668423775664 0.012421457496524846 0.012165450121654502 0.0024390243902439024 7.60110357773876e-05
0 0.0024390243902439024 0.0 1.0 0.0 0.010377264576173207 0.0 0.008759124087591242 0.0 6.069550889137083e-05
0 0.001984126984126984 0.0 1.0 0.0 0.026798368245593118 0.013583058407353089 0.018045417680454177 0.0024390243902439024 2.5230617143429436e-05
0 0.007751937984496124 0.0 1.0 0.0 0.006275598169975722 0.0 0.007299270072992701 0.0 0.0005683149663042323
0 0.011363636363636364 0.0 1.0 0.0 0.016988555368244777 0.0 0.010948905109489052 0.0 0.0007832608937515764
0 0.0011695906432748538 0.0 1.0 0.0 0.03649040187728354 0.00597951750242306 0.015494941733896787 0.0011553273427471118 8.261722194033648e-06
0 0.14285714285714285 0.0 1.0 0.0 0.04340846886954052 0.02408172391403555 0.012276785714285714 0.007874015748031496 0.14285714285714285
0 0.0625 0.0 1.0 0.0 0.008542495208007496 0.017766714018666675 0.0068359375 0.006889763779527559 0.00019109524399934537
0 0.08333333333333333 0.0 1.0 0.0 0.05572257616510159 0.010934834043205676 0.029296875 0.005905511811023622 0.00025899004483340154
0 0.03125 0.0 1.0 0.0 0.022305019185121858 0.02871111326804255 0.0126953125 0.008858267716535433 0.0001649585800053444
0 0.1 0.0 1.0 0.0 0.016081157285015652 0.0 0.0078125 0.003937007874015748 0.0016112515535378464
0 0.01515151515151515 0.0 1.0 0.0 0.021529666693715158 0.012425078212172796 0.012073863636363636 0.0035790980672870437 9.0649399292046e-05
0 0.011904761904761904 0.0 1.0 0.0 0.05509540925399286 0.006757782921050288 0.017578125 0.0013123359580052493 0.05544360211169969
0 0.010416666666666666 0.0 1.0 0.0 0.05611786247048456 0.019895813234998918 0.022786458333333332 0.003937007874015748 4.385861801930294e-05
0 0.037037037037037035 0.0 1.0 0.0 0.012079700422068565 0.0 0.005208333333333333 0.0 0.0009545876399659841
0 0.03333333333333333 0.0 1.0 0.0 0.06507934922428228 0.025520989571593378 0.036458333333333336 0.005249343832020997 0.00031716513788579843
0 0.012987012987012988 0.0 1.0 0.0 0.06270710214826275 0.023169541443600984 0.017857142857142856 0.004499437570303712 9.29622038594853e-05
1 0.003623188405797101 0.0 1.0 0.0 0.05853253957537334 0.0 0.018342391304347828 0.0 0.0212027784949877
0 0.007692307692307693 0.0 1.0 0.0 0.04667961276794595 0.03826618002751775 0.0140625 0.0015748031496062992 0.001637593296488049
0 0.03571428571428571 0.0 1.0 0.0 0.0 0.024598593994127674 0.0078125 0.0 0.0022589237089355044
0 0.006666666666666666 0.0 1.0 0.0 0.03715337170766467 0.04209432846325676 0.0140625 0.0031496062992125984 6.992036765134395e-05
0 0.010416666666666666 0.0 1.0 0.0 0.08288976917906704 0.032798125325503566 0.03125 0.0 0.14744210423892923
0 0.07692307692307693 0.0 1.0 0.0 0.010774287253497852 0.012873714713959676 0.009230769230769232 0.004120879120879119 0.07692307692307693
0 0.027777777777777776 0.0 1.0 0.1111111111111111 0.07464414386626869 0.030755401018129243 0.024444444444444442 0.007192460317460316 0.008583101166195147
0 0.047619047619047616 0.0 1.0 0.0 0.0848196558256594 0.027673896214323198 0.02412698412698413 0.005739795918367346 0.0062965013518968835
0 0.041666666666666664 0.0 1.0 0.0 0.08528685927875206 0.020196125180977187 0.02666666666666667 0.007440476190476189 0.0002747493013429328
0 0.04 0.0 1.0 0.0 0.07665505299920072 0.015498066305719104 0.03377777777777778 0.004464285714285714 0.0814984212883168
1 0.027777777777777776 0.0 1.0 0.0 0.026515552060958167 0.02609739813790136 0.017777777777777778 0.006696428571428571 0.0008674465997619233
0 0.03571428571428571 0.0 1.0 0.0 0.030601549045704658 0.020930632670752465 0.013333333333333334 0.005580357142857142 0.001402039897602335
0 0.0125 0.0 1.0 0.0 0.03301018592825404 0.004959728298168289 0.015111111111111112 0.0017857142857142857 0.03601668287786285
0 0.007936507936507936 0.0 1.0 0.14285714285714285 0.021136405258614457 0.019926705036528453 0.009206349206349206 0.0009566326530612245 0.00842730144242357
0 0.008333333333333333 0.0 1.0 0.0 0.05818375852210892 0.0029356084683886782 0.0162962962962963 0.000744047619047619 0.00010694987450129917
0 0.007575757575757576 0.0 1.0 0.0 0.036137850737565445 0.017245171214834345 0.019259259259259257 0.004464285714285713 0.03177734109393931
0 0.027777777777777776 0.0 1.0 0.0 0.0 0.0 0.007407407407407408 0.0 0.0068323913300786685
0 0.025641025641025644 0.0 1.0 0.0 0.04931645184073279 0.014469489623180174 0.031111111111111114 0.002976190476190476 0.1989959556123938
0 0.01020408163265306 0.0 1.0 0.0 0.03567337366656726 0.013136302514898774 0.011428571428571429 0.002551020408163265 0.0006690886171607047
0 0.002898550724637681 0.0 1.0 0.0 0.061287345549299 0.0018873247334582836 0.018357487922705314 0.00038819875776397513 0.005981308233707966
0 0.004166666666666667 0.0 1.0 0.0 0.04157866295028631 0.02476069467979225 0.013925925925925927 0.0014880952380952378 0.012509313543504335
0 0.004524886877828054 0.0 1.0 0.0 0.03740749603922588 0.009259460251897694 0.019487179487179485 0.0017170329670329668 0.02536745544834189
0 0.0037037037037037034 0.0 1.0 0.0 0.02272655844192108 0.008024865551644668 0.012444444444444445 0.0014880952380952378 0.029828057102757818
0 0.004784688995215311 0.0 1.0 0.0 0.05316781057793474 0.0071487064082004234 0.021414141414141417 0.0016233766233766233 0.01819654221252244
0 0.008333333333333333 0.0 1.0 0.0 0.03548619625915753 0.007662843133690951 0.02074074074074074 0.001488095238095238 0.07459927375831339
0 0.007936507936507936 0.0 1.0 0.0 0.06913139111236424 0.009297682848970876 0.02148148148148148 0.001488095238095238 0.0019815799409078484
0 0.007575757575757576 0.0 1.0 0.0 0.07737643084864917 0.009297682848970876 0.017777777777777778 0.001488095238095238 0.0002845883739226221
0 0.004347826086956522 0.0 1.0 0.2 0.033027787583087984 0.0 0.009333333333333334 0.0 0.00018198253348166707