0 0.09090909090909091 0.0 1.0 0.0 0.08948499937929018 0.03169975544218648 0.02509760178471835 0.007295173961840628 0.09090909090909091
0 0.05555555555555555 0.0 1.0 0.0 0.06439672943112436 0.045631856681931746 0.021813224267211995 0.008230452674897118 0.08856451589685775
0 0.02564102564102564 0.0 1.0 0.3076923076923077 0.08894017629562762 0.026701037925249693 0.02312411514865503 0.005698005698005697 0.06554759336099991
0 0.027777777777777776 0.0 1.0 0.0 0.03831351823777366 0.03428281412624652 0.010224948875255623 0.006172839506172839 0.07131633417181324
0 0.013333333333333334 0.0 1.0 0.0 0.05535529028065593 0.03971314818491158 0.012269938650306749 0.0028806584362139915 0.042820734272771485
0 0.01111111111111111 0.0 1.0 0.0 0.06305796469161842 0.016001757143061474 0.013496932515337425 0.0028806584362139915 0.06051506657531285
1 0.005952380952380952 0.0 1.0 0.0 0.0447673133898587 0.013571669230395095 0.011247443762781187 0.0023148148148148147 0.037193974493461304
0 0.015625 0.0 1.0 0.0 0.03896993926679006 0.014463062209510252 0.013803680981595092 0.0023148148148148147 0.06265974261656258
0 0.018518518518518517 0.0 1.0 0.0 0.07834647599554809 0.011429826530758197 0.01738241308793456 0.0020576131687242796 0.10945043028437028
0 0.006666666666666667 0.0 1.0 0.0 0.03019055202531088 0.011429826530758197 0.0057259713701431495 0.0020576131687242796 0.02792825825787083
0 0.006993006993006993 0.0 1.0 0.0 0.05246824346575012 0.004405132917449504 0.013213780084945729 0.0009496676163342829 0.03433560342217696
0 0.006944444444444444 0.0 1.0 0.0 0.065067305794497 0.03565512037755411 0.018916155419222907 0.006172839506172839 0.05351507198665429
0 0.00591715976331361 0.0 1.0 0.0 0.023941836611393822 0.0 0.009438414346389807 0.0 0.037731008702390746
0 0.05555555555555555 0.0 1.0 0.0 0.04895997846479063 0.06281371031962987 0.016726403823178013 0.011473429951690817 0.055555555555555566
0 0.05555555555555555 0.0 1.0 0.0 0.08686151033394728 0.060367564004912354 0.016726403823178016 0.007246376811594203 0.08575005563962086
0 0.041666666666666664 0.0 1.0 0.0 0.07831238452743451 0.030189650510589583 0.016129032258064516 0.005434782608695652 0.08249623930365946
0 0.03571428571428571 0.0 1.0 0.0 0.021651969542991253 0.0 0.007680491551459293 0.0 0.00026013082538777144
1 0.022222222222222223 0.0 1.0 0.0 0.07043914130104088 0.02683524489830185 0.016726403823178016 0.004830917874396135 0.07305655034970036
1 0.008333333333333333 0.0 1.0 0.0 0.05077688075812512 0.012388558109074726 0.012365591397849466 0.002173913043478261 0.04124603199757151
0 0.015873015873015872 0.0 1.0 0.0 0.029031092374520635 0.0 0.0023894862604540027 0.0 0.00014284970194044846
0 0.009615384615384616 0.0 1.0 0.0 0.03119191692214231 0.0 0.007444168734491315 0.0 0.052807550956672084
0 0.05555555555555555 0.0 1.0 0.1111111111111111 0.09824536593761962 0.05225364411177898 0.026004728132387703 0.011947431302270013 0.05555555555555555
1 0.038461538461538464 0.0 1.0 0.0 0.09185553140794753 0.05684737106666064 0.018821603927986905 0.009925558312655089 0.05877819130761998
0 0.023809523809523808 0.0 1.0 0.0 0.02479956457684723 0.02879282430649046 0.00303951367781155 0.0 9.545605245495558e-05
0 0.017857142857142856 0.0 1.0 0.0 0.04431728393748071 0.0 0.006079027355623099 0.0 6.280650679045869e-05
0 0.03333333333333333 0.0 1.0 0.0 0.13542951303928877 0.0 0.02482269503546099 0.0 0.15144419114190757
0 0.011904761904761904 0.0 1.0 0.0 0.06068214248208779 0.0 0.014437689969604863 0.0 0.06400383829037039
0 0.009523809523809523 0.0 1.0 0.0 0.05276314814379487 0.0 0.011347517730496453 0.0 0.04426616995129607