0 0.1 0.0 1.0 0.0 0.026074674417176914 0.04499819318050698 0.012844036697247707 0.009259259259259259 0.10000000000000002
0 0.045454545454545456 0.0 1.0 0.0 0.06445813188961991 0.042074362791302555 0.016680567139282735 0.008417508417508417 0.009072463549364796
0 0.027777777777777776 0.0 1.0 0.0 0.019464427260512094 0.033747145155523926 0.0045871559633027525 0.005401234567901234 7.024441241002892e-05
0 0.041666666666666664 0.0 1.0 0.0 0.06578184595494062 0.029823680262224202 0.024464831804281346 0.0030864197530864196 4.971205927116162e-05
0 0.05 0.0 1.0 0.0 0.14112088765706143 0.05464323411322644 0.034403669724770644 0.004629629629629629 7.216975099316729e-05
0 0.018518518518518517 0.0 1.0 0.2222222222222222 0.0164604393267822 0.0 0.004077471967380225 0.0 0.0001159078982538912
0 0.023809523809523808 0.0 1.0 0.0 0.08425236522585022 0.017144739796137294 0.01834862385321101 0.0030864197530864196 4.9064403804487186e-05
0 0.017857142857142856 0.0 1.0 0.0 0.07714833955757074 0.0 0.015727391874180867 0.0 4.1852496875132834e-05
0 0.037037037037037035 0.0 1.0 0.0 0.0 0.0 0.0 0.0 0.0008607362079356283
0 0.016666666666666666 0.0 1.0 0.0 0.08382915263453834 0.0 0.01834862385321101 0.0 4.947678839236686e-05
0 0.022727272727272728 0.0 1.0 0.0 0.0 0.0 0.0 0.0 0.0005272036939518647
0 0.013888888888888888 0.0 1.0 0.0 0.06578184595494062 0.0 0.015290519877675842 0.0 4.9518335429365784e-05
0 0.019230769230769232 0.0 1.0 0.0 0.11115755035393508 0.0 0.03211009174311927 0.0 7.4725413998236e-05
0 0.011904761904761904 0.0 1.0 0.0 0.10151445799979712 0.0 0.025993883792048932 0.0 4.771586148521367e-05
0 0.011111111111111112 0.0 1.0 0.0 0.017262092773946924 0.010539597316210533 0.01070336391437309 0.0030864197530864196 0.00015426328169019919
0 0.006944444444444444 0.0 1.0 0.0 0.08444464406687334 0.011429826530758197 0.017329255861365953 0.0020576131687242796 0.035078656384633804
0 0.07692307692307693 0.0 1.0 0.15384615384615385 0.04505501297592806 0.02158735056929651 0.01506740681998414 0.005579912315663612 0.07692307692307691
0 0.05 0.0 1.0 0.0 0.032924919873523986 0.01618663957126536 0.010824742268041235 0.00466321243523316 0.012130626923532088
0 0.027777777777777776 0.0 1.0 0.0 0.01905619453030454 0.01618663957126536 0.0042955326460481094 0.004749568221070811 0.00011778323505949812
0 0.020833333333333332 0.0 1.0 0.0 0.009055046603352908 0.024279959356898043 0.001718213058419244 0.004749568221070811 0.00016541973672871954
0 0.02 0.0 1.0 0.0 0.018452692170917127 0.028063555740085462 0.009278350515463918 0.005181347150259067 0.03649598276941652
0 0.01282051282051282 0.0 1.0 0.0 0.015278954373343978 0.019369489292525924 0.004758128469468675 0.0007971303308090873 0.014218965390685262
0 0.023809523809523808 0.0 1.0 0.0 0.03081545923953283 0.01618663957126536 0.008591065292096219 0.0 0.03268134583547497
0 0.03125 0.0 1.0 0.0 0.06063086907765756 0.03575430421471766 0.01675257731958763 0.006476683937823835 0.0002558351126951083
0 0.018518518518518517 0.0 1.0 0.0 0.007391980627926315 0.00539554652375512 0.001718213058419244 0.0 0.00048522422618801155
0 0.0125 0.0 1.0 0.0 0.035238766483687387 0.0 0.009664948453608248 0.0 0.11729100543653581
0 0.00909090909090909 0.0 1.0 0.0 0.024798352583527396 0.005756368594765268 0.006701030927835051 0.0010362694300518134 0.01606332588345219
0 0.009259259259259259 0.0 1.0 0.0 0.04386074216166779 0.012293770857371104 0.012600229095074458 0.0028785261945883708 0.05329321096457829
0 0.01098901098901099 0.0 1.0 0.0 0.015537813843831436 0.0 0.0029455081001472753 0.0 0.0003273936035657135
0 0.017857142857142856 0.0 1.0 0.0 0.01722789976268186 0.0 0.00902061855670103 0.0 0.06698268042647801
0 0.013333333333333332 0.0 1.0 0.0 0.019397609405775403 0.0 0.005154639175257732 0.0 0.08230057009002494
0 0.015625 0.0 1.0 0.0 0.024908777084919807 0.0 0.002577319587628866 0.0 0.0006752909801157016
0 0.014705882352941176 0.0 1.0 0.0 0.050763065724639775 0.0 0.011597938144329896 0.0 0.00025375608218091057
0 0.018518518518518517 0.0 1.0 0.0 0.014183171716711076 0.0 0.005154639175257732 0.0 0.06039823174618985
0 0.017543859649122806 0.0 1.0 0.0 0.06414587657724767 0.0 0.015463917525773195 0.0 0.0003467660908919868
0 0.016666666666666666 0.0 1.0 0.0 0.025501415580010418 0.0 0.006872852233676976 0.0 0.000979536297420042
0 0.011904761904761904 0.0 1.0 0.0 0.03880789829661315 0.0 0.011597938144329896 0.0 0.0002639913333052224
0 0.022727272727272728 0.0 1.0 0.0 0.0 0.0 0.0 0.0 0.004316077307923146
0 0.004347826086956522 0.0 1.0 0.0 0.03412180380954333 0.0 0.011340206185567012 0.0 0.10263733668192085
0 0.005952380952380952 0.0 1.0 0.0 0.012470269017739661 0.007582893109812464 0.004418262150220913 0.0022205773501110288 0.0004159846256491062
0 0.004 0.0 1.0 0.0 0.03831488636346512 0.0 0.009793814432989689 0.0 0.011957128565057807
0 0.002564102564102564 0.0 1.0 0.0 0.014385973261803043 0.0 0.003092783505154639 0.0 0.0011835227204839824
1 0.03125 0.0 1.0 0.0 0.024865693763951396 0.040873613438522804 0.0075520833333333325 0.008403361344537816 0.03125000000000001
0 0.045454545454545456 0.0 1.0 0.0 0.032372993252215376 0.03173344197419617 0.010606060606060607 0.0015278838808250573 0.037742641139079054
0 0.0303030303030303 0.0 1.0 0.0 0.05220665695332541 0.00680868358331608 0.01515151515151515 0.0015278838808250573 0.044028242262426104
0 0.0625 0.0 1.0 0.0 0.022861843738849995 0.0 0.00625 0.0 0.02042196759882868
0 0.02 0.0 1.0 0.0 0.054727032250885654 0.007795974726175342 0.014166666666666666 0.001680672268907563 0.03564848414088158
0 0.027777777777777776 0.0 1.0 0.0 0.01195036868181421 0.0 0.008333333333333333 0.0 0.00041354528794695705
0 0.03571428571428571 0.0 1.0 0.0 0.0 0.0 0.004166666666666667 0.0 0.0010636559724677404
0 0.015625 0.0 1.0 0.0 0.013444164767040988 0.0 0.007291666666666667 0.0 0.0002580023524711741
0 0.012345679012345678 0.0 1.0 0.0 0.047146737557363046 0.021666908821699332 0.018518518518518517 0.004668534080298787 0.06583069030074214
0 0.0125 0.0 1.0 0.0 0.02019352906797532 0.013557140941553936 0.015625 0.0031512605042016808 0.0417952133697414
0 0.011363636363636364 0.0 1.0 0.0 0.01213524536355022 0.025227089878420497 0.013541666666666667 0.005252100840336135 0.00035089391568118963
0 0.009259259259259259 0.0 1.0 0.0 0.021073728645282574 0.010373287943881388 0.010185185185185184 0.0018674136321195143 0.029270533029223625
1 0.125 0.0 1.0 0.0 0.052006648673715405 0.026474757942832328 0.01995798319327731 0.007415254237288135 0.125
0 0.03333333333333333 0.0 1.0 0.0 0.025652234487323015 0.021179806354265862 0.010084033613445377 0.007909604519774013 5.4893098772798796e-05
0 0.037037037037037035 0.0 1.0 0.0 0.07561677732892126 0.023533118171406513 0.020541549953314656 0.007532956685499058 0.08607070177987641
0 0.041666666666666664 0.0 1.0 0.0 0.08101285295845197 0.026474757942832328 0.021008403361344536 0.00423728813559322 0.12082476949179662
0 0.022222222222222223 0.0 1.0 0.0 0.05888150932166209 0.03529967725710977 0.014939309056956115 0.0 0.09535945320962051
0 0.023809523809523808 0.0 1.0 0.0 0.007000812399359484 0.022692649665284854 0.007202881152460984 0.0 0.00035531165538002274
0 0.023809523809523808 0.0 1.0 0.0 0.07017614419004617 0.026474757942832328 0.018207282913165264 0.0 0.14223985981595436
0 0.03125 0.0 1.0 0.0 0.07482773047112543 0.0 0.018907563025210083 0.0 0.22368167819525953
0 0.018518518518518517 0.0 1.0 0.0 0.0 0.0 0.0 0.0 0.0004734708506451859
0 0.02 0.0 1.0 0.0 0.01983687154362506 0.0 0.0 0.0 0.0004622124201377053
0 0.030303030303030304 0.0 1.0 0.0 0.06324598697009125 0.0 0.01680672268907563 0.0 0.00032875544463587913
0 0.008333333333333333 0.0 1.0 0.0 0.04493997753428501 0.0 0.013445378151260503 0.0 0.0072478514271815345
0 0.012820512820512822 0.0 1.0 0.0 0.034260043079291265 0.0 0.015406162464985993 0.0 0.00025873251011822795
0 0.011904761904761904 0.0 1.0 0.0 0.04703775714354393 0.0 0.018207282913165267 0.0 0.00014784434112502967
0 0.03333333333333333 0.0 1.0 0.0 0.0 0.0 0.0 0.0 0.0036421838169033733
0 0.015625 0.0 1.0 0.0 0.027561870249390552 0.0 0.014705882352941176 0.0 0.017304837830374675
0 0.007352941176470588 0.0 1.0 0.0 0.053830958551446366 0.0 0.011554621848739496 0.0 0.00010255598588700751
0 0.01111111111111111 0.0 1.0 0.0 0.07074624995784294 0.0 0.015126050420168066 0.0 0.17507703697115454