0 0.1111111111111111 0.0 1.0 0.2222222222222222 0.0186938511607236 0.013271856947010123 0.008098477486232589 0.003898635477582846 0.11111111111111113
0 0.045454545454545456 0.0 1.0 0.0 0.027696719006572137 0.008859482765468074 0.008481314603763583 0.0029239766081871343 0.03257012628965353
0 0.041666666666666664 0.0 1.0 0.25 0.03669679982628246 0.023052031600398794 0.010204081632653062 0.0043859649122807015 0.10046141543891698
0 0.027777777777777776 0.0 1.0 0.0 0.038229043473446175 0.03698877200995792 0.017816650469711693 0.008447043534762833 7.562434732438406e-05
0 0.018181818181818184 0.0 1.0 0.18181818181818182 0.03159104190591661 0.022994850476364685 0.01060164325470448 0.004784688995215311 0.06128948736194673
0 0.018518518518518517 0.0 1.0 0.0 0.038229043473446175 0.03698877200995792 0.017816650469711693 0.008447043534762833 7.562434732438406e-05
0 0.014285714285714285 0.0 1.0 0.0 0.06687206164535407 0.027237285611679096 0.029737609329446062 0.005263157894736842 3.097081412640447e-05
1 0.0078125 0.0 1.0 0.125 0.051730973129442005 0.014821220421336637 0.02095481049562682 0.003472222222222222 0.018443180740361078
0 0.013888888888888888 0.0 1.0 0.0 0.04921868657020446 0.010108441313627939 0.017128279883381926 0.0007309941520467836 6.0503744767818075e-05
0 0.025 0.0 1.0 0.0 0.05220297887529614 0.009134565606006475 0.020408163265306124 0.0 0.00013633467653568942
0 0.022727272727272728 0.0 1.0 0.0 0.04544116406177671 0.013701848409009712 0.020408163265306124 0.0 0.000137473893673232
0 0.013888888888888888 0.0 1.0 0.0 0.03774420982715398 0.015566803022695424 0.01749271137026239 0.001949317738791423 0.00013456348428257967
0 0.009615384615384616 0.0 1.0 0.0 0.04689625631909857 0.0045672828030032375 0.019314868804664723 0.0 6.169703756561596e-05
0 0.005952380952380952 0.0 1.0 0.0 0.04911996499165278 0.014029601607622018 0.02040816326530612 0.0029239766081871343 3.4099327607753344e-05
0 0.0044444444444444444 0.0 1.0 0.0 0.027072770156395753 0.0 0.010689990281827016 0.0 3.039664503814131e-05
0 0.0078125 0.0 1.0 0.0 0.01636886280931947 0.0045672828030032375 0.0036443148688046646 0.0007309941520467836 0.00016738410792943112
0 0.008403361344537815 0.0 1.0 0.2857142857142857 0.028657912824731686 0.005812788173025474 0.010412328196584756 0.0012531328320802004 0.0001588005502811473
0 0.009259259259259259 0.0 1.0 0.0 0.039568770372705446 0.03186945539350769 0.01652089407191448 0.00682261208576998 0.00012400846666917777
0 0.005263157894736842 0.0 1.0 0.2 0.03158930222031945 0.002843127785607332 0.009037900874635569 0.0005847953216374269 0.03967120830195229
0 0.005555555555555556 0.0 1.0 0.0 0.03418107270926838 0.028869158137952163 0.017816650469711693 0.007147498375568551 7.562434732438406e-05
0 0.004329004329004329 0.0 1.0 0.18181818181818182 0.037508605487011674 0.01564455156518674 0.012721971905645375 0.003189792663476874 0.05386142901625069
0 0.005050505050505051 0.0 1.0 0.0 0.03418107270926838 0.028869158137952163 0.017816650469711693 0.007147498375568551 7.562434732438406e-05
0 0.004347826086956522 0.0 1.0 0.0 0.06505047480147406 0.016275806884471326 0.029737609329446062 0.003508771929824561 3.097902634826976e-05
0 0.002976190476190476 0.0 1.0 0.14285714285714285 0.053409454212851315 0.01434157615855162 0.023740108288213244 0.003132832080200501 0.02116729026913432
0 0.0033333333333333335 0.0 1.0 0.0 0.0448468925690619 0.015201746509241042 0.02040816326530612 0.00341130604288499 2.9767725450619767e-05
0 0.004807692307692308 0.0 1.0 0.0 0.035123001707899934 0.017278358378814175 0.01457725947521866 0.003289473684210526 6.538963301233327e-05
0 0.007407407407407407 0.0 1.0 0.0 0.07382058477483447 0.00730765248480518 0.02448979591836735 0.0011695906432748538 9.209238625592338e-05
0 0.003968253968253968 0.0 1.0 0.0 0.026724970958469083 0.003345958795217881 0.010042112082928411 0.000649772579597141 5.914629094866213e-05
0 0.0049261083743842365 0.0 1.0 0.0 0.060097577292951905 0.012479086160196298 0.025406080799666806 0.002506265664160401 6.493456811848678e-05
0 0.002777777777777778 0.0 1.0 0.16666666666666666 0.03434853453171094 0.01932552079768537 0.01457725947521866 0.004142300194931774 5.0602463380670004e-05
0 0.0064516129032258064 0.0 1.0 0.0 0.005855097973702765 0.0 0.004664723032069971 0.0 0.000570471717615831
0 0.0078125 0.0 1.0 0.0 0.01318612871621828 0.006515034218246161 0.006559766763848396 0.0014619883040935672 0.00044632401368047294
0 0.007575757575757576 0.0 1.0 0.5 0.02773435682649812 0.0 0.006559766763848396 0.0 0.00031103380110504976
0 0.004901960784313725 0.0 1.0 0.0 0.03590656943531964 0.005018938192826822 0.017006802721088437 0.0009746588693957114 9.664255284700785e-05
0 0.004081632653061224 0.0 1.0 0.2857142857142857 0.02865181488529121 0.025339129172604242 0.011245314452311538 0.005847953216374269 0.00011016882123051939
0 0.002525252525252525 0.0 1.0 0.18181818181818182 0.03367248213365195 0.03454490976761884 0.018022793532997617 0.007708665603402445 5.992249831427031e-05
0 0.009009009009009009 0.0 1.0 0.3333333333333333 0.06058821874903561 0.012179420808008634 0.0272108843537415 0.001949317738791423 0.00018294884877823546
0 0.008771929824561403 0.0 1.0 0.6666666666666666 0.008102237770317966 0.0 0.001943634596695821 0.0 0.000946488895798063
0 0.008547008547008546 0.0 1.0 0.6666666666666666 0.014174193916584659 0.0 0.0029154518950437317 0.0 0.0007335973064474618
0 0.008333333333333333 0.0 1.0 0.6666666666666666 0.008661386599184402 0.0 0.003887269193391642 0.0 0.0010697659202425493
0 0.0040650406504065045 0.0 1.0 0.0 0.03406777286982399 0.009757484502172377 0.011175898931000973 0.001949317738791423 0.00013121707584747992
0 0.003968253968253968 0.0 1.0 0.0 0.032839091963237456 0.009935185824583638 0.012633624878522836 0.001949317738791423 0.0001337944226738347
0 0.004651162790697674 0.0 1.0 0.0 0.021413390037275402 0.0 0.015160349854227406 0.0 0.0003096775164952226
0 0.06666666666666667 0.0 1.0 0.0 0.011189329770541075 0.012622308837390767 0.0071839080459770105 0.004329004329004329 0.06666666666666667
0 0.03333333333333333 0.0 1.0 0.0 0.01798586408650468 0.02311472117983002 0.009482758620689653 0.005194805194805196 5.742375348360049e-05
0 0.041666666666666664 0.0 1.0 0.0 0.0 0.010142926744331865 0.003771551724137931 0.0037878787878787876 0.0003496623180956097
0 0.0625 0.0 1.0 0.0 0.026377846555752253 0.02028585348866373 0.005387931034482759 0.003246753246753247 0.0003404016174799809
0 0.03333333333333333 0.0 1.0 0.0 0.02494903111009278 0.02253983720962637 0.006465517241379309 0.004329004329004329 0.10014865432270416
0 0.009259259259259259 0.0 1.0 0.0 0.014201728047341933 0.01953452558167619 0.00574712643678161 0.004088504088504089 0.0017866890105033006
0 0.015873015873015872 0.0 1.0 0.0 0.03464429545572121 0.02103718139565128 0.0067049808429118785 0.0 9.367978143145573e-05
0 0.011363636363636364 0.0 1.0 0.0 0.018734564557195785 0.00983556532783696 0.009012539184952978 0.0 0.01582876899759528
1 0.009259259259259259 0.0 1.0 0.0 0.019342318611124492 0.020285853488663737 0.00646551724137931 0.0 0.011625789660390455
0 0.01 0.0 1.0 0.0 0.022557916901735354 0.005409560930310328 0.00603448275862069 0.0008658008658008658 0.029392418131538024
0 0.015151515151515152 0.0 1.0 0.0 0.027778819449902434 0.0 0.007183908045977012 0.0 0.00017495239735914605
0 0.007575757575757575 0.0 1.0 0.0 0.01461541868018127 0.0 0.00274294670846395 0.0 0.00012844593059637368
0 0.012820512820512822 0.0 1.0 0.0 0.03213167737171483 0.016987998773562437 0.015804597701149423 0.003607503607503608 0.0001659731496485685
0 0.011904761904761904 0.0 1.0 0.0 0.01646641038777062 0.0 0.007902298850574712 0.0 0.00024228719356482302
0 0.005128205128205128 0.0 1.0 0.0 0.015823180401850618 0.004161200715623329 0.007957559681697614 0.000666000666000666 8.14781156747445e-05
0 0.005681818181818182 0.0 1.0 0.0 0.018313560925056357 0.0 0.006269592476489028 0.0 0.00011389969848929759
0 0.00980392156862745 0.0 1.0 0.0 0.03077582709950089 0.0 0.01293103448275862 0.0 0.00019263433946170225
0 0.004273504273504273 0.0 1.0 0.0 0.016163674361506876 0.005864828552456446 0.009283819628647215 0.001998001998001998 0.011305432294799085
0 0.008771929824561403 0.0 1.0 0.0 0.02485861285069328 0.009015934883850546 0.01221264367816092 0.001443001443001443 0.07557505753098719
0 0.0038461538461538464 0.0 1.0 0.0 0.008789914388175465 0.0 0.004641909814323607 0.0 0.0001046286081828457
0 0.006802721088435374 0.0 1.0 0.0 0.008207920054546316 0.0 0.009236453201970444 0.0 0.00021519028245169328
0 0.005681818181818182 0.0 1.0 0.0 0.005167877743099937 0.0 0.0021551724137931034 0.0 0.00020855483828474203
0 0.007246376811594203 0.0 1.0 0.0 0.009927062655368862 0.0 0.004310344827586207 0.0 0.00034356309366941285
0 0.003472222222222222 0.0 1.0 0.0 0.01109007954007697 0.002367532320305206 0.00610632183908046 0.0010822510822510823 0.01810661806766546
0 0.25 0.0 1.0 0.0 0.053468591242110765 0.008072406814610375 0.017396907216494846 0.001937984496124031 0.25
0 0.05 0.0 1.0 0.0 0.045911690002770275 0.026103329446242517 0.01804123711340206 0.00516795865633075 0.00010303890386059191
0 0.0303030303030303 0.0 1.0 0.0 0.02742826268305372 0.014546882042816166 0.00796626054358013 0.002818886539816772 0.0040695503150599685
0 0.027777777777777776 0.0 1.0 0.0 0.03950477139219882 0.014350945448196222 0.010595647193585338 0.0022968705139247776 0.09546118219847198
0 0.018181818181818184 0.0 1.0 0.0 0.05251080235631242 0.016144813629220746 0.015229615745079661 0.0028188865398167716 0.0692610310215911
0 0.023809523809523808 0.0 1.0 0.0 0.03571108306340424 0.013838411682189215 0.012886597938144327 0.002583979328165375 0.0002088492802667247
0 0.017857142857142856 0.0 1.0 0.0 0.0470674719414015 0.010090508518262969 0.015141752577319586 0.002260981912144703 0.10739993752838968
0 0.03125 0.0 1.0 0.0 0.05197313433954962 0.012108610221915561 0.020618556701030927 0.001937984496124031 0.0003349840572914457
0 0.02222222222222222 0.0 1.0 0.0 0.04485791425539134 0.009686888177532448 0.013917525773195874 0.0020671834625323 0.19344737834644332
0 0.025 0.0 1.0 0.0 0.07202606659807317 0.008072406814610375 0.023195876288659795 0.001937984496124031 0.2257264654539748
0 0.01818181818181818 0.0 1.0 0.0 0.025744393716973218 0.016088966194498545 0.01288659793814433 0.00310077519379845 0.00039768724095852123
0 0.020833333333333332 0.0 1.0 0.0 0.039115374866098424 0.012108610221915561 0.01288659793814433 0.001937984496124031 0.00040313155821285445
0 0.019230769230769232 0.0 1.0 0.0 0.0062651398368409 0.008072406814610375 0.005798969072164948 0.001937984496124031 0.001469801379424034
0 0.011904761904761904 0.0 1.0 0.0 0.020343722691189076 0.020639249764567373 0.007731958762886598 0.00301464254952627 0.00040481277063226904
0 0.013333333333333332 0.0 1.0 0.0 0.08032411733435221 0.022992910363166346 0.022164948453608245 0.0025839793281653744 0.16058896137967343
0 0.00625 0.0 1.0 0.0 0.013542720633387722 0.010769068495818348 0.008505154639175255 0.0018087855297157622 0.00021521619012389027
0 0.011764705882352941 0.0 1.0 0.0 0.01542308740391481 0.0 0.005154639175257732 0.0 0.0005527478862664399
0 0.007936507936507936 0.0 1.0 0.0 0.027775276439667953 0.0 0.01251840942562592 0.0 0.00021594463226569673
0 0.010526315789473684 0.0 1.0 0.0 0.03338316364194919 0.011482988514622188 0.014432989690721649 0.0020671834625323 0.0003617056316922754
1 0.00625 0.0 1.0 0.0 0.030143356313658335 0.0060194004642564036 0.01288659793814433 0.0012919896640826874 0.00020149964345230164
0 0.007936507936507936 0.0 1.0 0.0 0.037630367074763485 0.0 0.018041237113402064 0.0 0.00021347505417863234
0 0.005050505050505051 0.0 1.0 0.0 0.03894925942336631 0.011567614331810827 0.01517754868270332 0.002583979328165375 0.09468216749988928
0 0.008695652173913044 0.0 1.0 0.0 0.0585419878657885 0.0197639476373222 0.015979381443298968 0.0036175710594315244 0.00022914585684607368
0 0.002976190476190476 0.0 1.0 0.0 0.02392148316041321 0.00581336151715441 0.008284241531664212 0.0011074197120708748 0.0028452331492768166
0 0.004 0.0 1.0 0.0 0.03624635001525337 0.0032289627258441497 0.010309278350515465 0.000516795865633075 0.08900076352824463
1 0.002564102564102564 0.0 1.0 0.0 0.05715940807622526 0.009816945271618216 0.01632302405498282 0.0017226528854435833 0.03744563733900829
0 0.004629629629629629 0.0 1.0 0.0 0.052112747047550506 0.013013566123287182 0.021585051546391752 0.0029069767441860465 0.1015187210228103
0 0.0032467532467532465 0.0 1.0 0.0 0.04478954760083325 0.01115996518850915 0.017806935332708527 0.002583979328165375 0.07247121494019047
0 0.0038314176245210726 0.0 1.0 0.0 0.032415825181311905 0.005471973970974129 0.01145475372279496 0.001435544071202986 0.00013528240624573402
0 0.003333333333333333 0.0 1.0 0.0 0.02975740651363229 0.010503140875127857 0.00979381443298969 0.0025839793281653744 0.00012750221593553496
0 0.01075268817204301 0.0 1.0 0.0 0.055412810947230724 0.00956915709551849 0.020618556701030927 0.0017226528854435831 0.000490606656548279
0 0.00390625 0.0 1.0 0.0 0.05487312587160243 0.003588433910819434 0.019007731958762885 0.0006459948320413437 0.09721153829614898
0 0.0033670033670033673 0.0 1.0 0.0 0.04488658372363932 0.0 0.014032073310423825 0.0 0.09188294492498936
0 0.0024509803921568627 0.0 1.0 0.0 0.02182116671030899 0.007002248912031563 0.009235395189003437 0.0012919896640826874 0.00012984819255690362
0 0.0047619047619047615 0.0 1.0 0.0 0.051375048816373614 0.008072406814610373 0.018470790378006873 0.0012919896640826874 0.15049227307534285
0 0.0027777777777777775 0.0 1.0 0.0 0.04287905044680903 0.020202537065848906 0.015979381443298968 0.003617571059431525 0.07960053822896995
0 0.009009009009009009 0.0 1.0 0.0 0.026221914210308197 0.0 0.011168384879725086 0.0 0.0009997178002862867
0 0.003289473684210526 0.0 1.0 0.0 0.026985782728533903 0.021978372961402357 0.01514175257731959 0.003875968992248062 0.00018932290822408599
0 0.004273504273504273 0.0 1.0 0.0 0.024268250319597492 0.017641563910128864 0.009020618556701032 0.003014642549526271 0.00035826125347726816
0 0.004166666666666667 0.0 1.0 0.0 0.017327161590845606 0.00956915709551849 0.010738831615120273 0.0017226528854435831 0.0003779601083300223
0 0.0024390243902439024 0.0 1.0 0.0 0.018164291136409827 0.0 0.00824742268041237 0.0 0.09577546480130647
0 0.0021645021645021645 0.0 1.0 0.0 0.04589972931802564 0.007012901106747064 0.01593252108716026 0.0011745360582569885 0.06997181575206363
0 0.003875968992248062 0.0 1.0 0.0 0.05036657101305244 0.0 0.021048109965635737 0.0 0.1463291226004277
0 0.005681818181818182 0.0 1.0 0.0 0.019476156960368644 0.0 0.007731958762886597 0.0 0.0006809398174217913
0 0.0024691358024691358 0.0 1.0 0.0 0.05322359798368231 0.0 0.016036655211912942 0.0 0.08472921631276892
0 0.002717391304347826 0.0 1.0 0.0 0.0037211478109311132 0.0 0.0009664948453608248 0.0 0.000524029913200138
0 0.00303951367781155 0.0 1.0 0.0 0.018522750690589233 0.007035395105538166 0.006995581737849779 0.001845699520118125 0.0002774973381042441
0 0.0016025641025641025 0.0 1.0 0.0 0.04397212539853948 0.00726424097871078 0.01704996034892942 0.0017889087656529517 0.05699211588681597
0 0.003401360544217687 0.0 1.0 0.0 0.028679217174439203 0.00956915709551849 0.014175257731958763 0.0017226528854435831 0.0002741235162901608
0 0.0014285714285714286 0.0 1.0 0.0 0.007935239383814002 0.007135183099999177 0.004418262150220913 0.0014765596160945 0.00020413657918084602