0 0.125 0.0 1.0 0.0 0.1002645694824867 0.06589728159792214 0.03784403669724771 0.011574074074074073 0.125
1 0.012195121951219513 0.0 1.0 0.0 0.04199890479409247 0.038714668270088605 0.017229805325576192 0.0067750677506775055 0.01705027466130225
0 0.0303030303030303 0.0 1.0 0.0 0.06318267524425479 0.011713648894127092 0.022518765638031693 0.002525252525252525 0.04699527348266943
1 0.007352941176470588 0.0 1.0 0.058823529411764705 0.05862761629208684 0.01282780214805016 0.018618456556934705 0.0024509803921568627 0.01820046089279165
0 0.05 0.0 1.0 0.0 0.030630014418260257 0.0 0.011467889908256881 0.0 0.0009844567234041572
0 0.01515151515151515 0.0 1.0 0.0 0.06831235548586843 0.0 0.0158465387823186 0.0 0.0686229595285894
0 0.08333333333333333 0.0 1.0 0.0 0.07755144714587958 0.03785734482370117 0.024561403508771933 0.007936507936507936 0.08333333333333336
0 0.03333333333333333 0.0 1.0 0.4 0.05777772201652984 0.025957749605989858 0.016842105263157894 0.00564373897707231 0.08402641384333594
0 0.041666666666666664 0.0 1.0 0.0 0.05837134229735071 0.0301520461913988 0.021710526315789472 0.006613756613756613 0.16341111113600948
0 0.0125 0.0 1.0 0.0 0.041030813212234465 0.03067201743212178 0.01131578947368421 0.0047619047619047615 0.0632648886005979
0 0.016666666666666666 0.0 1.0 0.0 0.01979852948177568 0.022038951938301337 0.012719298245614035 0.0 0.004276992616917148
0 0.00980392156862745 0.0 1.0 0.0 0.042592074807053626 0.003889226812641412 0.019814241486068113 0.0006224712107065047 0.07234228295572726
0 0.011904761904761904 0.0 1.0 0.0 0.01926328554889153 0.0 0.006578947368421053 0.0 0.0043999702104123555
0 0.011363636363636364 0.0 1.0 0.18181818181818182 0.05740407141777977 0.023933860112661656 0.01674641148325359 0.004329004329004329 0.11738758071705555
0 0.015873015873015872 0.0 1.0 0.0 0.014003136448167367 0.005455760460911822 0.006015037593984962 0.001511715797430083 0.0006969051397772132
0 0.016666666666666666 0.0 1.0 0.3333333333333333 0.013896700983301221 0.006365053871063793 0.008771929824561403 0.001763668430335097 0.0007419696507971141
1 0.00909090909090909 0.0 1.0 0.0 0.024305736440600613 0.0051447074215751724 0.01 0.001058201058201058 0.019780853138271885
0 0.007575757575757575 0.0 1.0 0.0 0.052456145122501525 0.012021246511800728 0.015789473684210523 0.0019240019240019239 0.11399362161856336
0 0.015384615384615385 0.0 1.0 0.0 0.10160342787542961 0.0 0.023157894736842106 0.0 0.2655286195509198
0 0.007936507936507936 0.0 1.0 0.0 0.060799522028607327 0.007346317312767112 0.020467836257309944 0.0011757789535567313 0.1399090152080553
0 0.006666666666666666 0.0 1.0 0.0 0.05079775004018803 0.006611685581490401 0.013684210526315788 0.001058201058201058 0.12713708510023383
0 0.0025 0.0 1.0 0.08 0.05653925715452182 0.007003980548651456 0.01810526315789474 0.0012698412698412698 0.030150560186011394
0 0.05263157894736842 0.0 1.0 0.0 0.043435640995637056 0.04180129485835058 0.02274754683318465 0.01079622132253711 0.05263157894736843
0 0.025 0.0 1.0 0.0 0.041135198226539646 0.045696720974985464 0.01864406779661017 0.009829059829059827 0.04017686988212957
0 0.02564102564102564 0.0 1.0 0.0 0.022415528323174002 0.016431407953999815 0.010430247718383311 0.0 0.053027241033196844
0 0.014705882352941176 0.0 1.0 0.0 0.04117145720770054 0.02298022970188606 0.011964107676969093 0.002513826043237808 0.030790390325080214
0 0.015384615384615385 0.0 1.0 0.0 0.01829345537300795 0.0 0.0 0.0 0.00024578371852939664
0 0.009259259259259259 0.0 1.0 0.0 0.05577037279202154 0.0294656185549471 0.023069679849340868 0.006647673314339981 0.04272640397874215
0 0.007936507936507936 0.0 1.0 0.0 0.044500838487153346 0.02468310421329866 0.02306967984934087 0.005698005698005697 0.016923664995960156