0 0.09090909090909091 0.0 1.0 0.0 0.053194648058825685 0.09090971885064764 0.021548821548821543 0.015603799185888735 0.0909090909090909
0 0.027777777777777776 0.0 1.0 0.1111111111111111 0.021194896913551607 0.017221838948682747 0.0102880658436214 0.007462686567164176 0.015024100878082116
0 0.03333333333333333 0.0 1.0 0.0 0.030745769637708566 0.009325437126131982 0.01111111111111111 0.0007462686567164179 0.03078947352851521
0 0.014705882352941176 0.0 1.0 0.0 0.07169461630577476 0.010006561422606452 0.0130718954248366 0.000877963125548727 2.4474112385889816e-05
0 0.09090909090909091 0.0 1.0 0.0 0.053194648058825685 0.09090971885064764 0.021548821548821543 0.015603799185888735 0.0909090909090909
0 0.023809523809523808 0.0 1.0 0.0 0.023120956589217794 0.01097959613185569 0.005291005291005291 0.0021321961620469083 0.0002355875150237132
0 0.008928571428571428 0.0 1.0 0.0 0.03568448204082942 0.038859009869290265 0.009722222222222222 0.004197761194029851 0.05161941763996995
0 0.010416666666666666 0.0 1.0 0.0 0.04547047259379202 0.0064047644102491535 0.008641975308641976 0.0012437810945273632 0.052895432615206316
0 0.027777777777777776 0.0 1.0 0.0 0.05721589539822577 0.0 0.011111111111111112 0.0 0.18670133563461666
0 0.004545454545454546 0.0 1.0 0.0 0.06381952465318168 0.014249109532882932 0.01515151515151515 0.0027137042062415195 0.014305448716255564
0 0.012987012987012988 0.0 1.0 0.0 0.08116056362613831 0.02282372341106354 0.020105820105820106 0.0042643923240938165 0.010154177701230643
0 0.047619047619047616 0.0 1.0 0.0 0.02279658809001728 0.010619614659150001 0.010213556174558961 0.0033253524873636596 0.047619047619047616
1 0.017857142857142856 0.0 1.0 0.0 0.046249316795498444 0.008040028375763925 0.010346199761241544 0.003092577813248203 2.2911486022141767e-05
0 0.02222222222222222 0.0 1.0 0.0 0.020210828820871034 0.009804258274137756 0.004456824512534819 0.002979515828677839 0.018094206670713174
0 0.03571428571428571 0.0 1.0 0.0 0.00553753079435853 0.01440621024977282 0.002785515320334262 0.002793296089385475 0.0007850311859405542
0 0.014285714285714287 0.0 1.0 0.0 0.01744174825151724 0.011312786358597757 0.004377238360525269 0.0031923383878691134 0.00012100596217611793
1 0.008771929824561403 0.0 1.0 0.0 0.042160087239945944 0.013727875957090007 0.012754728045741095 0.0017641870038224052 0.0038243698141409623
0 0.015873015873015872 0.0 1.0 0.0 0.031367613241044645 0.01996710815174435 0.007428040854224698 0.0012414649286157666 0.0254492770918149
0 0.017857142857142856 0.0 1.0 0.0 0.02397524963752231 0.014082614792384021 0.011142061281337047 0.0007980845969672786 0.08867640004019638
0 0.013888888888888888 0.0 1.0 0.0 0.031003904793801117 0.021815792159596475 0.007311977715877437 0.0013966480446927375 0.00017860528139463673
0 0.0071428571428571435 0.0 1.0 0.0 0.013341034559790984 0.0162060170328431 0.0021886191802626344 0.0 0.028058627952973085
0 0.008264462809917356 0.0 1.0 0.0 0.04686618328136896 0.019230953764669635 0.01215497594327678 0.002031488065007618 0.03143448291502569
0 0.041666666666666664 0.0 1.0 0.0 0.0 0.0 0.002785515320334262 0.0 0.007660626957399223
1 0.003663003663003663 0.0 1.0 0.0 0.02303068244379805 0.005817544575892392 0.006897466507494363 0.000931098696461825 0.016942809796073457
0 0.0047619047619047615 0.0 1.0 0.0 0.05139293319791533 0.005203794693954901 0.011327762302692666 0.000931098696461825 0.0030479705027080454
0 0.004166666666666667 0.0 1.0 0.0 0.014057430657565182 0.0 0.002959610027855153 0.0 9.315444107724754e-05
0 0.005208333333333333 0.0 1.0 0.0 0.021276833750796 0.0023973140529982865 0.007892293407613741 0.0004655493482309125 0.009867886879075808
0 0.00392156862745098 0.0 1.0 0.0 0.04185063274437749 0.0019178512423986293 0.010770659238625812 0.00037243947858472997 6.200686416431984e-05
0 0.005555555555555555 0.0 1.0 0.0 0.022873619101203297 0.0031032936837701026 0.0052924791086350976 0.000558659217877095 0.04122341899110444
0 0.008771929824561403 0.0 1.0 0.0 0.040596378740580856 0.007191942158994859 0.009749303621169917 0.0013966480446927375 0.016894586478127322
0 0.005 0.0 1.0 0.0 0.028486527441040972 0.0034905267455354353 0.006685236768802229 0.000558659217877095 0.00018021538328385217
0 0.015873015873015872 0.0 1.0 0.0 0.02222039705580428 0.0 0.014856081708449397 0.0 0.10176680212245409
0 0.003787878787878788 0.0 1.0 0.0 0.031365832940638126 0.004794628105996573 0.008588672237697307 0.000931098696461825 0.007173045305316927
0 0.014492753623188406 0.0 1.0 0.0 0.07672810927969062 0.02327017830356957 0.015784586815227482 0.0037243947858473 0.0004807370263815937
0 0.003472222222222222 0.0 1.0 0.0 0.02257046153897703 0.004794628105996573 0.005106778087279481 0.000931098696461825 0.00013957593708917475
0 0.005714285714285714 0.0 1.0 0.0 0.016982386943453106 0.0 0.00477516912057302 0.0 0.0012146795326383418
0 0.004273504273504274 0.0 1.0 0.0 0.043447391651853434 0.007756726101189857 0.008356545961002786 0.0012414649286157666 0.00012512048723968062
0 0.0028490028490028487 0.0 1.0 0.0 0.0481462195199889 0.00839152748054035 0.010499250053567602 0.001504082509669102 6.83947843307855e-05
0 0.003968253968253968 0.0 1.0 0.0 0.05692670680602252 0.011635089151784786 0.011761064685855771 0.00186219739292365 0.00011837718812994329
0 0.0011123470522803114 0.0 1.0 0.25806451612903225 0.05441394420783225 0.009827074255628034 0.011860903944649118 0.001712020183816904 0.0009232949362995731
0 0.07692307692307693 0.0 1.0 0.0 0.05825147721538823 0.07282101252340827 0.02262443438914027 0.020979020979020976 0.07692307692307694
0 0.023809523809523808 0.0 1.0 0.0 0.10834627706339099 0.027047804651551644 0.018207282913165267 0.0 0.011156841948024594