0 0.16666666666666666 0.0 1.0 0.0 0.022691374615546545 0.020220203477373553 0.012820512820512822 0.008090614886731391 0.16666666666666666
1 0.0625 0.0 1.0 0.0 0.11041711448672352 0.09940199007367856 0.039663461538461536 0.023058252427184463 0.017986152555867885
1 0.013333333333333332 0.0 1.0 0.08 0.03350576575126719 0.029043419696649777 0.006538461538461537 0.005048543689320387 0.009209057250264944
0 0.03571428571428571 0.0 1.0 0.0 0.02560200713421079 0.04332900745151476 0.013736263736263738 0.0 0.0001719789115761105
0 0.009523809523809525 0.0 1.0 0.0 0.0469113280448456 0.045391951503759465 0.02564102564102564 0.010171058714748034 1.7706410201135567e-05
0 0.011904761904761904 0.0 1.0 0.0 0.062356447110308987 0.04319718913339916 0.028846153846153848 0.009708737864077669 2.7596461824295702e-05
0 0.006211180124223602 0.0 1.0 0.0 0.061061098380101354 0.02629394121163427 0.020066889632107024 0.0059096665259603205 1.3067336216905459e-05
0 0.05555555555555555 0.0 1.0 0.0 0.01645723804749123 0.011095822421223027 0.0074309978768577496 0.0035498757543485976 0.055555555555555566
0 0.03571428571428571 0.0 1.0 0.0 0.007832574480004585 0.014948320875450715 0.006596906278434941 0.004107713372889092 0.004876535257747472
0 0.02564102564102564 0.0 1.0 0.0 0.039188457583739525 0.03222144312486703 0.01567858892699657 0.006881297616121897 0.018075273552748093
0 0.041666666666666664 0.0 1.0 0.0 0.021389789442383386 0.009980899160556595 0.004246284501061571 0.0026624068157614484 0.0006356223699095765
0 0.05 0.0 1.0 0.0 0.02785684945931513 0.009980899160556595 0.011146496815286623 0.0023961661341853034 0.0012183106178377382
0 0.03333333333333333 0.0 1.0 0.0 0.01606438729657787 0.003992359664222638 0.014649681528662422 0.0025559105431309905 0.061983521291549507
0 0.02040816326530612 0.0 1.0 0.0 0.03844808962836109 0.027529273821923463 0.010009099181073703 0.005020538566864445 0.06235810683257444
0 0.006944444444444444 0.0 1.0 0.0 0.029942807340063247 0.02557789704630868 0.014154281670205236 0.006389776357827476 0.004855564017063344
0 0.027777777777777776 0.0 1.0 0.0 0.04281623877230928 0.009980899160556595 0.019904458598726117 0.0007987220447284345 0.03434123793672235
0 0.025 0.0 1.0 0.0 0.03193196707605364 0.004990449580278298 0.007165605095541401 0.0 0.0006398058728175531
0 0.008264462809917356 0.0 1.0 0.0 0.025976926527985163 0.024561931006447546 0.014475969889982628 0.004937554458321231 0.011447123621477788
0 0.011904761904761904 0.0 1.0 0.0 0.02290280689938271 0.0 0.006369426751592357 0.0 0.0004921606741597658
0 0.012820512820512822 0.0 1.0 0.0 0.014346387700957745 0.009980899160556595 0.010615711252653927 0.0 0.05698007620813478
0 0.005952380952380952 0.0 1.0 0.0 0.02669873759135841 0.006653932773704397 0.015392781316348197 0.0 0.012622238751978277
0 0.005555555555555556 0.0 1.0 0.0 0.021532952515638564 0.004990449580278298 0.004511677282377919 0.0 0.00021069044445161234
0 0.006944444444444444 0.0 1.0 0.0 0.019508764058903626 0.01799332922474132 0.006723283793347488 0.0014199503017394391 0.00039453367199712117
0 0.0032679738562091504 0.0 1.0 0.0 0.0319037327564675 0.01043465477821099 0.012031139419674451 0.0010649627263045792 0.0050863481451372435
0 0.00505050505050505 0.0 1.0 0.0 0.024513165980784946 0.0 0.006948465547191662 0.0 0.00019943252781889182
0 0.007518796992481203 0.0 1.0 0.0 0.02336619586384953 0.012599257143693273 0.009099181073703366 0.002738475581926061 0.02639356480015791
0 0.008333333333333333 0.0 1.0 0.0 0.017889274290913606 0.0 0.005307855626326964 0.0 0.000689137147814763
0 0.005952380952380952 0.0 1.0 0.0 0.013221174812115651 0.00388318571356912 0.0035828025477707007 0.0007987220447284345 0.0005962873825324066
0 0.006493506493506494 0.0 1.0 0.0 0.022015009686838234 0.005070648739341382 0.006369426751592357 0.0009128251939753537 0.0005311329833435626
1 0.002717391304347826 0.0 1.0 0.0 0.033261039890512524 0.009660926330385906 0.01413216560509554 0.001996805111821086 0.00587133928383011
0 0.005952380952380952 0.0 1.0 0.0 0.047494680556280956 0.03277684362335993 0.021838034576888078 0.006846188954815153 0.015924508331856536
1 0.0018181818181818182 0.0 1.0 0.0 0.013535043769785817 0.006404354053633745 0.006224667052692531 0.0014522218995062445 0.001601536655817982
0 0.006410256410256411 0.0 1.0 0.0 0.04953416124838326 0.011399708498177638 0.019639065817409766 0.0021299254526091584 0.019041227267661
0 0.005291005291005291 0.0 1.0 0.0 0.010753585539034827 0.0 0.0031847133757961785 0.0 0.0007402330189251214
0 0.002747252747252747 0.0 1.0 0.0 0.02227222460064921 0.015259416896535889 0.011758941695247428 0.003194888178913738 0.009597884517575135
0 0.0028735632183908046 0.0 1.0 0.0 0.034924631406388615 0.019488913402529687 0.015658174097664544 0.003993610223642172 0.010417237063904005
0 0.0023809523809523807 0.0 1.0 0.14285714285714285 0.016678426133111945 0.0029453213547145926 0.005004549590536852 0.0006846188954815152 0.00018022417244631224
0 0.0032258064516129032 0.0 1.0 0.0 0.027395257677840505 0.00569493086936789 0.006369426751592357 0.0012779552715654952 0.00019760005860759464
0 0.058823529411764705 0.0 1.0 0.058823529411764705 0.022317477226382967 0.008523783711422614 0.008655714538067478 0.003189227498228208 0.058823529411764705
0 0.05 0.0 1.0 0.2 0.042623797519911244 0.032600841023006276 0.019519519519519517 0.008433734939759036 0.04915172386374692
0 0.08333333333333333 0.0 1.0 0.25 0.017111223820278333 0.004704851562129841 0.005255255255255255 0.0022590361445783136 0.0008255797100106222
0 0.015625 0.0 1.0 0.0 0.030776989880011218 0.026476877138115203 0.015202702702702702 0.007341867469879517 0.030038712569889388
0 0.018181818181818184 0.0 1.0 0.0 0.0370416880226525 0.038249742232002615 0.021567021567021564 0.009036144578313253 0.0530185373445966
0 0.027777777777777776 0.0 1.0 0.0 0.026179174849101396 0.018123475344342714 0.0065065065065065065 0.003012048192771085 0.05355115237550127
0 0.008928571428571428 0.0 1.0 0.0 0.02546081839826345 0.016253289847202427 0.012199699699699699 0.004518072289156627 0.04668133737422502
0 0.0125 0.0 1.0 0.0 0.01261568390878034 0.013173584373963557 0.005105105105105104 0.0018072289156626504 0.0002568309734143907
0 0.0065359477124183 0.0 1.0 0.0 0.03607357846362117 0.027296288467237518 0.014308426073131953 0.004429482636428065 0.031083446209720686
0 0.011111111111111112 0.0 1.0 0.0 0.017721211295949613 0.004182090277448747 0.004671338004671338 0.0 0.019244397299062514
0 0.022727272727272728 0.0 1.0 0.0 0.01657717967855107 0.009409703124259683 0.009009009009009009 0.0 0.0008639589819668247
0 0.020833333333333332 0.0 1.0 0.0 0.033411540066760816 0.009409703124259683 0.009009009009009009 0.0 0.0005067274684966214
0 0.019230769230769232 0.0 1.0 0.0 0.02657463418555682 0.004704851562129841 0.017267267267267267 0.0 0.04639599421526655
0 0.014285714285714285 0.0 1.0 0.0 0.023142465632964727 0.011291643749111619 0.007207207207207208 0.0 0.00045591685576144977
0 0.008333333333333333 0.0 1.0 0.0 0.02805786406687568 0.0023524257810649206 0.006756756756756757 0.0 0.035954262263910845
0 0.008928571428571428 0.0 1.0 0.0 0.023302964866733826 0.008065459820794013 0.006864006864006864 0.0 0.00021516244837086314
0 0.008403361344537815 0.0 1.0 0.0 0.022835460318428563 0.008065459820794013 0.00943800943800944 0.0008605851979345956 0.0002902771412864991
0 0.01111111111111111 0.0 1.0 0.0 0.004513141194093471 0.0 0.005405405405405406 0.0 0.00756845892081977
0 0.004048582995951417 0.0 1.0 0.0 0.027195767279456842 0.02797286328670011 0.0164010164010164 0.005097312326227988 0.04196184187064255
0 0.0125 0.0 1.0 0.0 0.03463184835211147 0.0 0.008258258258258258 0.0 0.0005689707487421444
0 0.0028011204481792717 0.0 1.0 0.0 0.013105252682020386 0.003358820107348661 0.010598834128245893 0.000885896527285613 0.0003786702782560904
0 0.005050505050505051 0.0 1.0 0.0 0.023891849383315625 0.0037181363413309795 0.005005005005005006 0.0006693440428380188 0.00017148175226372572
0 0.043478260869565216 0.0 1.0 0.0 0.04787034607660378 0.0 0.03003003003003003 0.0 0.003790193882672546
0 0.013888888888888888 0.0 1.0 0.0 0.03657512270957992 0.022308818047985877 0.014014014014014012 0.004016064257028113 0.0007565402782164772
0 0.0025 0.0 1.0 0.0 0.026240408202264434 0.00910804199220117 0.010322822822822823 0.001882530120481928 6.904697070888803e-05
0 0.0032051282051282055 0.0 1.0 0.0 0.025127251014929426 0.007905821460828964 0.012262262262262263 0.0015060240963855425 0.000575935455689234
1 0.0015432098765432098 0.0 1.0 0.0 0.023333899960420196 0.008640786672181114 0.008508508508508508 0.0018825301204819277 3.977157866507144e-05
0 0.0032467532467532465 0.0 1.0 0.0 0.021500326937530626 0.009772483723819414 0.0065520065520065516 0.0019167579408543264 0.00017139549465794034
0 0.001567398119122257 0.0 1.0 0.0 0.03393873441907643 0.02748594292023634 0.016243516243516245 0.006161007667031763 0.018323458323197456
0 0.006666666666666666 0.0 1.0 0.0 0.033252994982712676 0.0055886806771979864 0.015615615615615617 0.0012048192771084338 0.0004397491538648345
0 0.01075268817204301 0.0 1.0 0.0 0.026764464896578827 0.0 0.006006006006006006 0.0 0.000748785800354695
0 0.002403846153846154 0.0 1.0 0.0 0.0404879150597407 0.030451301438079816 0.015246015246015246 0.006719184430027803 0.03740866657088268
0 0.010101010101010102 0.0 1.0 0.0 0.02079389735051209 0.0 0.01701701701701702 0.0 0.001211095046796097
0 0.0058823529411764705 0.0 1.0 0.0 0.009249603847952093 0.0 0.0036036036036036037 0.0 0.0007280678332881657
0 0.0023809523809523807 0.0 1.0 0.0 0.022937443397654442 0.0 0.011011011011011013 0.0 0.00012131515527443456