0 0.037037037037037035 0.0 1.0 0.14814814814814814 0.045873264371827545 0.03517875256547168 0.015723270440251572 0.00817852552868326 0.037037037037037035
0 0.022727272727272728 0.0 1.0 0.0 0.052491387491384295 0.04446339651277548 0.021726700971983988 0.01018067106395182 0.029006068973820763
0 0.017543859649122806 0.0 1.0 0.0 0.04896834949333717 0.03285255935847424 0.02068851373717312 0.007471359787481322 0.030744810573423334
0 0.05 0.0 1.0 0.0 0.06678578131397286 0.04161647994736441 0.028930817610062894 0.00883280757097792 0.15740439687563199
0 0.015384615384615385 0.0 1.0 0.0 0.05730413568151514 0.028501131539365596 0.022254475084663765 0.0060664887163309885 0.0605381709920377
0 0.01282051282051282 0.0 1.0 0.0 0.06043373439908728 0.013799857079978798 0.022738268021286888 0.002911914583838874 0.07889653003059163
0 0.010989010989010988 0.0 1.0 0.0 0.0437100959975896 0.021004572448418794 0.016690856313497822 0.004367871875758311 0.052631629811849885
0 0.008333333333333333 0.0 1.0 0.0 0.048909200004567784 0.04161324185406737 0.02012578616352201 0.00946372239747634 0.024661943628044105
0 0.0065359477124183 0.0 1.0 0.0 0.047141892603268495 0.030340200779223985 0.019792822789493153 0.0072369641863054375 0.04087405766048418
0 0.004347826086956522 0.0 1.0 0.0 0.03369536212037365 0.0278453429710507 0.014629477713973202 0.006309148264984229 0.01848823355399336
0 0.012987012987012988 0.0 1.0 0.0 0.07243155719105053 0.057789852122115626 0.02785265049415993 0.012618296529968454 0.11973791613144835
0 0.004166666666666667 0.0 1.0 0.0 0.06004862129183567 0.034016915281216684 0.023270440251572325 0.007570977917981073 0.043657540551015485
0 0.0024813895781637717 0.0 1.0 0.0 0.03152974545681796 0.014554480860633134 0.015114627713532156 0.0026457718530579015 0.008948443368321889
1 0.0015873015873015873 0.0 1.0 0.0 0.026599197213688492 0.021721580505402197 0.012019566736547868 0.004486505432877672 0.015998188298446864
0 0.0030303030303030303 0.0 1.0 0.0 0.02302478315820101 0.011930723050500563 0.009005145797598627 0.0025810151993117298 0.02290035932029996
0 0.005208333333333333 0.0 1.0 0.0 0.025450430301628562 0.014793069039327388 0.010220125786163521 0.0031545741324921135 0.04636807349440697
0 0.004201680672268907 0.0 1.0 0.0 0.0021533125945890587 0.0 0.0022461814914645105 0.0 0.0006242845402854765
0 0.125 0.0 1.0 0.0 0.06953320212731867 0.05142910269794563 0.027583798882681563 0.010504201680672268 0.125
1 0.017241379310344827 0.0 1.0 0.06896551724137931 0.04872953153749249 0.04271532023547204 0.019745713735311112 0.009369264947358253 0.024940899318028665
1 0.08333333333333333 0.0 1.0 0.0 0.10103286222527458 0.07840512252635874 0.038407821229050274 0.016106442577030814 0.19982647434300368
0 0.03125 0.0 1.0 0.0 0.0650725734160894 0.04455723904421854 0.0244413407821229 0.00980392156862745 0.1056365830163805
0 0.06666666666666667 0.0 1.0 0.0 0.005817544575892393 0.016207128162843507 0.00558659217877095 0.0028011204481792717 0.0219073088559547
0 0.020833333333333332 0.0 1.0 0.0 0.006767906707603687 0.015369502143074436 0.006284916201117318 0.0031512605042016808 0.0008112868585425959
0 0.0047619047619047615 0.0 1.0 0.0 0.04685919220352022 0.03749990672339632 0.020949720670391067 0.007282913165266107 0.01821117262410814
0 0.003676470588235294 0.0 1.0 0.0 0.05374671886849252 0.03518901579954623 0.022346368715083803 0.007661888284725656 0.013148457257299472
0 0.013888888888888888 0.0 1.0 0.0 0.039135961126508925 0.0 0.011871508379888268 0.0 0.0842092169801704
0 0.005555555555555556 0.0 1.0 0.1111111111111111 0.024329495560067922 0.007593583391791916 0.008845437616387338 0.0018674136321195143 0.017696672464243487
0 0.0033670033670033673 0.0 1.0 0.0 0.06572478944527586 0.045421127650572934 0.02762259466170081 0.00985579416951966 0.019985402799840048
0 0.005952380952380952 0.0 1.0 0.0 0.07199298755956998 0.05707289618636774 0.028731045490822026 0.012605042016806721 0.041589809220933124
0 0.004273504273504274 0.0 1.0 0.0 0.06098223403944737 0.034757643921735276 0.024518932340161392 0.007469654528478059 0.03651480453297651
0 0.003968253968253968 0.0 1.0 0.0 0.04640898054935865 0.014683281046236162 0.017690875232774673 0.003112356053532524 0.04906005017389327
0 0.005128205128205128 0.0 1.0 0.0 0.04480358277984167 0.024648022588317133 0.017619252256123763 0.005171299288946348 0.05964770722992786
0 0.00390625 0.0 1.0 0.0 0.06270961138725818 0.05495405778642028 0.024790502793296094 0.012079831932773111 0.03700064465237958
0 0.0034602076124567475 0.0 1.0 0.0 0.05545817029078342 0.035384690500039846 0.023496549457771937 0.008238589553468447 0.03896470190501366
0 0.0024154589371980675 0.0 1.0 0.0 0.04598382711552301 0.034988110940138324 0.0188243866893369 0.007794422116672756 0.027016279993085823
0 0.007518796992481203 0.0 1.0 0.0 0.07113575964458722 0.04504288290673671 0.02713487629688747 0.010004001600640255 0.12123385943072694
0 0.004166666666666667 0.0 1.0 0.0 0.020734119812286032 0.009381909763013216 0.005819366852886407 0.002334267040149393 0.032091215673252606
0 0.004329004329004329 0.0 1.0 0.0 0.00693718543514924 0.0 0.005078720162519045 0.0 0.0247173686692526
0 0.005050505050505051 0.0 1.0 0.2222222222222222 0.03562470982593227 0.011798732047988529 0.011793916821849784 0.0028011204481792717 0.03972313431492338
0 0.005434782608695652 0.0 1.0 0.0 0.009183076225062746 0.0 0.005935754189944134 0.0 0.034348871129175285
0 0.0027777777777777775 0.0 1.0 0.0 0.02330978033645171 0.0032893394191981034 0.012662942271880818 0.0007469654528478058 0.00017913669649337333
0 0.08333333333333333 0.0 1.0 0.0 0.026598149821806482 0.032580751626589494 0.009430331023864513 0.006558641975308641 0.08333333333333336
0 0.010869565217391304 0.0 1.0 0.08695652173913043 0.044719694666690846 0.021625593512899645 0.013957224620945874 0.005334138486312398 8.626463144577982e-06
0 0.020833333333333332 0.0 1.0 0.125 0.036333553760169994 0.024491922009612258 0.010536951501154735 0.004774305555555556 4.492965234704052e-05
0 0.008333333333333333 0.0 1.0 0.06666666666666667 0.02213217151618014 0.007702926709812595 0.005927636643571978 0.0016975308641975306 2.522808404854708e-05
0 0.010526315789473684 0.0 1.0 0.10526315789473684 0.04471574997011283 0.026595707131951165 0.016652485717758597 0.005847953216374269 3.2219555263920995e-05
0 0.01111111111111111 0.0 1.0 0.0 0.04480012673568401 0.027937517786275925 0.01909160892994611 0.005092592592592592 5.091659205353993e-05
0 0.01020408163265306 0.0 1.0 0.0 0.04909328653572899 0.025006141539135943 0.020125371164632134 0.004464285714285713 5.6774115009423435e-05
0 0.0078125 0.0 1.0 0.0 0.05136498356405332 0.0194864351826541 0.020640877598152425 0.003472222222222222 4.3968792643639374e-05
0 0.007407407407407407 0.0 1.0 0.0 0.056534851107650816 0.028603802905460607 0.021862971516551193 0.006327160493827161 4.2648893024439494e-05
0 0.00625 0.0 1.0 0.0 0.04748093811561903 0.017086590558708883 0.01890877598152425 0.0030381944444444445 4.274874107384125e-05
0 0.005681818181818182 0.0 1.0 0.0 0.041156322094685005 0.019764106009383463 0.016310623556581985 0.0036168981481481486 4.519720022793738e-05
0 0.005952380952380952 0.0 1.0 0.0 0.05893328567999173 0.029571501026018694 0.024909270867700426 0.006448412698412697 4.412552754728767e-05
0 0.009615384615384616 0.0 1.0 0.0 0.03383122206423953 0.0036185775458581534 0.016454965357967664 0.0008680555555555555 0.00015485891965597915
0 0.002747252747252747 0.0 1.0 0.0 0.04834897647458139 0.02576682803165977 0.020341090779889857 0.00543091168091168 2.022511117684543e-05
1 0.0016260162601626016 0.0 1.0 0.04878048780487805 0.03761672984507054 0.02414221850063585 0.015152368613755423 0.0051377597109304425 0.01089547014966289
0 0.003676470588235294 0.0 1.0 0.0 0.04493839277912769 0.03020325794216691 0.020785219399538105 0.006672113289760349 0.03168730416360315
0 0.004201680672268907 0.0 1.0 0.0 0.04946959730431694 0.03175708847586624 0.021280105575717582 0.007109788359788359 0.040541899600643465
0 0.01111111111111111 0.0 1.0 0.0 0.0504331262653714 0.03292201449185782 0.020785219399538108 0.006944444444444445 0.12527547763041774
0 0.0037593984962406013 0.0 1.0 0.0 0.04208688589375539 0.015846073575410468 0.01699109204882877 0.0033068783068783067 0.030640993604711945
0 0.0038461538461538464 0.0 1.0 0.0 0.029891900306763013 0.03079583951734547 0.011547344110854504 0.00623219373219373 0.07027897255788254
0 0.0031746031746031746 0.0 1.0 0.0 0.044626059055733774 0.032641028573394 0.018937644341801386 0.007253086419753087 0.03784338741077162
0 0.0026737967914438505 0.0 1.0 0.0 0.03482513050959059 0.021008352022093082 0.016030430648009776 0.0049019607843137246 0.03480736803853414
0 0.001610305958132045 0.0 1.0 0.0 0.040568531575820105 0.030860585068983672 0.01573860234368317 0.006944444444444444 0.015694577264725444
0 0.005952380952380952 0.0 1.0 0.0 0.030942635419890747 0.024359264523807107 0.013526888815572418 0.005291005291005291 0.08160425230691969