1 0.043478260869565216 0.0 1.0 0.0 0.03887148391496086 0.033157139346908136 0.013087843833185451 0.007134894091415829 0.043478260869565216
0 0.05 0.0 1.0 0.0 0.04938230839845535 0.03988130241809168 0.01989795918367347 0.008717948717948718 0.08700318102048527
1 0.010416666666666666 0.0 1.0 0.0 0.03249650052384437 0.023496903819885794 0.013073979591836732 0.005769230769230769 0.02279747934265746
0 0.017857142857142856 0.0 1.0 0.0 0.048748344218653636 0.020855403406814917 0.013119533527696797 0.0029304029304029304 0.05703723945424739
0 0.02 0.0 1.0 0.0 0.02180041679945969 0.03424735752422799 0.012755102040816327 0.004615384615384616 0.005931095653413379
0 0.027777777777777776 0.0 1.0 0.0 0.020073024776287265 0.026701037925249697 0.0 0.0 0.000648375883163866
0 0.023809523809523808 0.0 1.0 0.0 0.03641767664962081 0.010680415170099879 0.007653061224489795 0.0 0.0776616964854832
0 0.008928571428571428 0.0 1.0 0.0 0.023787573147596035 0.01695705467817724 0.013483965014577258 0.0032967032967032967 0.0022602879822570406
0 0.012345679012345678 0.0 1.0 0.0 0.020242460301971986 0.0 0.006235827664399093 0.0 0.051932600912457286
0 0.009090909090909092 0.0 1.0 0.18181818181818182 0.026369802119168194 0.013867531573536035 0.008348794063079777 0.002797202797202797 0.027156542833662867
0 0.006060606060606061 0.0 1.0 0.0 0.05956019743491019 0.013019848851587001 0.01938775510204082 0.002735042735042735 0.02989095599590942
0 0.005952380952380952 0.0 1.0 0.0 0.04511352466643266 0.026158400019993727 0.01348396501457726 0.005128205128205128 0.0398046575575426
0 0.009615384615384616 0.0 1.0 0.0 0.055536522179779266 0.03383100526746478 0.018494897959183673 0.00641025641025641 0.08093195629597943
0 0.002976190476190476 0.0 1.0 0.0 0.0221625343527571 0.0 0.004464285714285713 0.0 0.02126546129746563
1 0.02564102564102564 0.0 1.0 0.05128205128205128 0.0234783576020252 0.02679470338069901 0.012086298429910766 0.006580440208758796 0.02564102564102564
0 0.041666666666666664 0.0 1.0 0.16666666666666666 0.01961641388236347 0.002303850617444111 0.006975036710719531 0.004056047197640118 0.00036629884880627774
0 0.02222222222222222 0.0 1.0 0.0 0.06733067547639715 0.01374340990954117 0.022026431718061682 0.004424778761061946 0.025814369164305982
0 0.014705882352941176 0.0 1.0 0.0 0.04197876625375625 0.012984382212219911 0.01606633842964499 0.0026028110359187923 0.02823463623631705
0 0.03333333333333333 0.0 1.0 0.0 0.033199491335446 0.01843080493955289 0.008076358296622614 0.0 0.0005117948622589523
0 0.010416666666666666 0.0 1.0 0.0 0.030892604027291923 0.01329770982872011 0.014592511013215863 0.0013827433628318584 0.022421653771206546
0 0.006802721088435374 0.0 1.0 0.0 0.03540429261003769 0.022757714938132452 0.01300608349066499 0.0029498525073746312 0.0018534132354179537
0 0.013888888888888888 0.0 1.0 0.0 0.020895462846076938 0.009215402469776444 0.0029368575624082235 0.0 0.0005686158648195738
0 0.018518518518518517 0.0 1.0 0.0 0.025371789711564747 0.020993824225886703 0.006607929515418502 0.0014749262536873156 0.0008733685275827539
0 0.009090909090909092 0.0 1.0 0.0 0.04339011132805605 0.021855414969895553 0.014817781337605128 0.002011263073209976 0.028858701676523733
0 0.01818181818181818 0.0 1.0 0.0 0.027467286963579383 0.01720972925093288 0.015859030837004406 0.0035398230088495575 0.01666848877975928
0 0.008333333333333333 0.0 1.0 0.0 0.027471774567519057 0.00860486462546644 0.014537444933920706 0.0017699115044247787 0.0061749134567116205
0 0.009615384615384616 0.0 1.0 0.0 0.02394864944038551 0.0 0.009361233480176213 0.0 0.0793565745952755
0 0.017857142857142856 0.0 1.0 0.0 0.01691077150040414 0.0 0.006607929515418502 0.0 0.0017939783487211636
0 0.009523809523809523 0.0 1.0 0.0 0.017823092338190873 0.007898916402665523 0.005663939584644431 0.0012642225031605561 0.0008972548161597224
0 0.0125 0.0 1.0 0.0 0.019445218286864747 0.0 0.007048458149779736 0.0 0.0013223269091249888
0 0.014705882352941176 0.0 1.0 0.0 0.007061131091415588 0.0 0.003303964757709251 0.0 0.003520335543347684
0 0.005555555555555555 0.0 1.0 0.0 0.03369961121456681 0.023825421468146757 0.010572687224669605 0.004424778761061947 0.00038219692033393825
0 0.005263157894736842 0.0 1.0 0.0 0.020892544909949812 0.0 0.009691629955947138 0.0 0.006304893453782599
0 0.004166666666666667 0.0 1.0 0.0 0.012963493253836866 0.007170720521222033 0.008443465491923643 0.0014749262536873156 0.005983563226118287
0 0.038461538461538464 0.0 1.0 0.0 0.02819623142574396 0.0069486342795531415 0.011437908496732024 0.003909205548549811 0.038461538461538464
0 0.045454545454545456 0.0 1.0 0.0 0.03039009332710835 0.022347694335052504 0.01158645276292335 0.004172876304023846 0.05504487194678846
0 0.0196078431372549 0.0 1.0 0.0 0.03227024003734046 0.02771927147784604 0.010572856593617841 0.005207328833172614 0.045655745591170555
0 0.015625 0.0 1.0 0.0 0.018843519298916193 0.02515648215426892 0.007148692810457517 0.00430327868852459 0.02756824000309397
0 0.022222222222222223 0.0 1.0 0.0 0.017130516235525577 0.015933078368509657 0.006172839506172839 0.001092896174863388 0.054404871912024845
0 0.01515151515151515 0.0 1.0 0.0 0.02440999339695835 0.02404477063481184 0.010398098633392751 0.0020864381520119225 0.02418332706928567
0 0.015873015873015872 0.0 1.0 0.0 0.02765572615348352 0.028789556572412875 0.00980392156862745 0.003642987249544626 0.04988329847070874
0 0.0078125 0.0 1.0 0.0 0.01657066080359236 0.023046059783022887 0.006944444444444445 0.0014344262295081967 0.02907532591742671
0 0.012345679012345678 0.0 1.0 0.0 0.03422352216737489 0.012856478203903225 0.01198257080610022 0.0018214936247723133 0.06265781161402974
0 0.008333333333333333 0.0 1.0 0.0 0.03915381890788972 0.01707646591366725 0.01443355119825708 0.0032786885245901635 0.06470492175089253
0 0.022727272727272728 0.0 1.0 0.0 0.011369129809005707 0.0 0.004084967320261438 0.0 0.038775240958772314
0 0.005952380952380952 0.0 1.0 0.0 0.021364778205360625 0.005852967563942322 0.005368814192343605 0.000936768149882904 0.041976251340268264
0 0.006410256410256411 0.0 1.0 0.0 0.06035878520502456 0.0258040833460637 0.02042483660130719 0.004918032786885246 0.07076793092641172
0 0.008928571428571428 0.0 1.0 0.0 0.04214735132308563 0.034152931827334504 0.01429738562091503 0.006557377049180328 0.09094388784185153
0 0.006666666666666666 0.0 1.0 0.0 0.02697583640237205 0.0 0.01045751633986928 0.0 0.03520367452477534
0 0.005681818181818182 0.0 1.0 0.18181818181818182 0.006565229085645084 0.0 0.0017825311942959 0.0 0.00040995484132844113
0 0.00392156862745098 0.0 1.0 0.0 0.043064827432059534 0.012574874741955438 0.013943355119825711 0.0026229508196721307 0.027888577613927434
0 0.003968253968253968 0.0 1.0 0.0 0.03491804284631816 0.021278554123685487 0.011671335200746966 0.004215456674473068 0.04475240239909839
0 0.006578947368421052 0.0 1.0 0.0 0.041366593485948 0.02959973863557345 0.01511437908496732 0.005737704918032787 0.08803304813751386
0 0.004545454545454546 0.0 1.0 0.0 0.027239044661732548 0.002898210738234598 0.011883541295306 0.0005961251862891207 0.05759211385871272
0 0.005952380952380952 0.0 1.0 0.0 0.003217348938003519 0.0036526913158035855 0.002859477124183007 0.000819672131147541 0.0010344636530347658
0 0.001466275659824047 0.0 1.0 0.6774193548387096 0.03899278611144372 0.012546185756574357 0.010541851149061775 0.002326811210999471 0.023309311704513832
0 0.008695652173913044 0.0 1.0 0.8 0.021629939929658913 0.0 0.0058823529411764705 0.0 0.0007385389062077383
0 0.0021929824561403508 0.0 1.0 0.7894736842105263 0.017779865052507036 0.0 0.004643962848297214 0.0 0.00010438471306391278