1 0.25 0.0 1.0 0.0 0.0 0.06508377994279614 0.0136986301369863 0.010416666666666666 0.24999999999999997
0 0.1 0.0 1.0 0.0 0.06720431456606085 0.017355674651412304 0.01643835616438356 0.01111111111111111 0.00011031182128047597
1 0.02564102564102564 0.0 1.0 0.0 0.026275068413825473 0.03337629740656212 0.014752370916754477 0.010683760683760686 3.779895418692117e-05
0 0.019230769230769232 0.0 1.0 0.15384615384615385 0.02531851000598889 0.020025778443937273 0.0136986301369863 0.0 3.97168541865411e-05
0 0.04 0.0 1.0 0.0 0.06732108830667385 0.027009713963269656 0.03561643835616438 0.005555555555555555 0.00011025084300419227
0 0.01282051282051282 0.0 1.0 0.0 0.04550787244011673 0.04005155688787455 0.015806111696522653 0.0 3.4689637450518985e-05
0 0.007142857142857143 0.0 1.0 0.0 0.0626288206847725 0.014467561399079195 0.021917808219178082 0.0027777777777777775 1.3763062536308932e-05
1 0.02631578947368421 0.0 1.0 0.10526315789473684 0.06562498260179005 0.04082649816152191 0.020490156689433513 0.009514170040485825 0.02631578947368421
0 0.038461538461538464 0.0 1.0 0.0 0.03342898776903004 0.02218240073789975 0.011743981209630066 0.0 0.14642512095509141
0 0.01282051282051282 0.0 1.0 0.07692307692307693 0.04155565775955486 0.026257641958003085 0.011743981209630066 0.002958579881656805 0.05332282801861381
0 0.013888888888888888 0.0 1.0 0.0 0.0166268117176896 0.0 0.004664970313825276 0.0 0.00023361923101078246
0 0.05 0.0 1.0 0.0 0.02120189196163543 0.0 0.003816793893129771 0.0 0.030780650023877976
0 0.023809523809523808 0.0 1.0 0.0 0.10538383774914377 0.024417123929443885 0.03598691384950927 0.004395604395604396 0.20503667429195396
0 0.03571428571428571 0.0 1.0 0.5 0.00990989238231878 0.0213649834382634 0.013358778625954198 0.0038461538461538464 0.013767644511051865
0 0.005952380952380952 0.0 1.0 0.0 0.02024514584859784 0.0 0.009814612868047983 0.0 0.002384673438466974
0 0.05 0.0 1.0 0.2 0.022244960945263438 0.014419688539362574 0.00964673913043478 0.0032697547683923694 0.05
0 0.1 0.0 1.0 0.0 0.07166100439848382 0.013619711988029273 0.02717391304347826 0.0021798365122615805 0.12023183224553816
1 0.01075268817204301 0.0 1.0 0.06451612903225806 0.018695178704036922 0.012805316086723672 0.007450911640953716 0.0031642788081216477 0.025524874741072227
0 0.0625 0.0 1.0 0.0 0.009605270677674724 0.012768479988777445 0.002717391304347826 0.0020435967302452314 0.0023934618972040527
0 0.013333333333333334 0.0 1.0 0.0 0.03383566154738663 0.015889663986034152 0.010326086956521738 0.0025431425976385094 0.04423504143184284
0 0.013888888888888888 0.0 1.0 0.0 0.022593196287267928 0.014187199987530492 0.005434782608695652 0.0024977293369663933 0.00016590338225539621
0 0.023809523809523808 0.0 1.0 0.0 0.03300578612860391 0.008512319992518296 0.013586956521739128 0.0 0.14097246714179498
0 0.008928571428571428 0.0 1.0 0.14285714285714285 0.03400753854985813 0.015538782212434737 0.011451863354037266 0.0007785130400934215 0.04800798686292956
0 0.02222222222222222 0.0 1.0 0.0 0.03884946725030087 0.010214783991021955 0.017391304347826087 0.0 0.16914103238320827
0 0.014285714285714287 0.0 1.0 0.0 0.03208831238287765 0.003469274741362689 0.013198757763975152 0.0007785130400934215 0.12589329510638025
0 0.00909090909090909 0.0 1.0 0.0 0.03510659701674578 0.013619711988029273 0.01168478260869565 0.0021798365122615805 0.0001601857929910669
0 0.016666666666666666 0.0 1.0 0.0 0.04147162454786671 0.01702463998503659 0.0125 0.0027247956403269754 0.0004433062273906901
0 0.012820512820512822 0.0 1.0 0.0 0.025080896643372656 0.0 0.007246376811594203 0.0 0.00039090975984988787
0 0.004201680672268907 0.0 1.0 0.0 0.04666320860660994 0.005786498298754718 0.018062659846547317 0.0012822567719185766 0.027588164636365552
0 0.003333333333333333 0.0 1.0 0.0 0.04368891798698331 0.010595168898539342 0.01576086956521739 0.0019073569482288826 0.02467878137644407
0 0.003289473684210526 0.0 1.0 0.0 0.02434114549196893 0.0 0.006864988558352402 0.0 0.04434713833167731
0 0.0053475935828877 0.0 1.0 0.0 0.02703378939392829 0.006190778176376943 0.010622529644268776 0.0009908347783007183 0.00014462307068766457
0 0.005555555555555555 0.0 1.0 0.0 0.007593580844167884 0.003404927997007318 0.0024456521739130437 0.0005449591280653951 0.00046288695055036083
0 0.010526315789473684 0.0 1.0 0.0 0.021995214000603953 0.0 0.005978260869565218 0.0 0.0008028335740084576
0 0.005555555555555556 0.0 1.0 0.0 0.03111067910056756 0.0 0.013888888888888888 0.0 0.10233085538104067
0 0.0047619047619047615 0.0 1.0 0.0 0.0017290014859755467 0.0 0.001358695652173913 0.0 0.0009010089265760497
0 0.0025252525252525255 0.0 1.0 0.0 0.04000112048590463 0.013541279934616908 0.015096618357487927 0.0024220405691795332 0.034431549626561406
0 0.005434782608695652 0.0 1.0 0.0 0.0510625998543707 0.013719442257570911 0.018002717391304348 0.0027247956403269754 0.0917982311054078
0 0.013888888888888888 0.0 1.0 0.0 0.010519229885171141 0.0 0.0018115942028985507 0.0 0.004197742045130064
0 0.006666666666666667 0.0 1.0 0.0 0.019735362871426593 0.0 0.008605072463768116 0.0 0.0003961629051358927
0 0.006410256410256411 0.0 1.0 0.0 0.06889788366025242 0.014627676016267056 0.024456521739130432 0.0027247956403269754 0.1121086614870211
0 0.006172839506172839 0.0 1.0 0.0 0.006540401303755536 0.0 0.0022644927536231885 0.0 0.0015204687612576885
0 0.008928571428571428 0.0 1.0 0.0 0.0 0.0 0.0 0.0 0.011319909857130404
0 0.005747126436781609 0.0 1.0 0.0 0.011526297841141701 0.0032779160262426618 0.004981884057971015 0.0009082652134423251 0.001123373553045525
0 0.003333333333333333 0.0 1.0 0.0 0.017103059657285542 0.0 0.004891304347826087 0.0 0.024077918742005856
0 0.0024813895781637717 0.0 1.0 0.0 0.02279329889331809 0.0026191753823133217 0.008152173913043476 0.00041919932928107315 0.017407955165116586
0 0.003125 0.0 1.0 0.0 0.028059235070888006 0.006809855994014636 0.011956521739130435 0.0010899182561307902 0.09079195775964936
0 0.0030303030303030303 0.0 1.0 0.0 0.023351180625153435 0.007948362692188345 0.009782608695652173 0.0016348773841961851 0.08057620157421046
0 0.00267379679144385 0.0 1.0 0.0 0.028559599844250452 0.006641858084629165 0.011116600790513832 0.0014862521674510775 0.08115228405244852
0 0.005714285714285714 0.0 1.0 0.0 0.06239888440716246 0.021951107612113458 0.02282608695652174 0.004359673024523161 0.1537751582759866
0 0.002525252525252525 0.0 1.0 0.0 0.03195748081500089 0.0 0.010375494071146244 0.0 0.06861285981088408