0 0.125 0.0 1.0 0.0 0.060950619414416304 0.021439362804685787 0.01708984375 0.003431372549019608 0.12500000000000003
0 0.05 0.0 1.0 0.0 0.051934306690463596 0.01974255212244823 0.01484375 0.00392156862745098 0.07406763524039371
0 0.027777777777777776 0.0 1.0 0.0 0.040897674345123786 0.016334752613093934 0.013020833333333334 0.003594771241830065 0.08117277130060943
0 0.03571428571428571 0.0 1.0 0.0 0.04248780237908232 0.0245021289196409 0.01171875 0.00392156862745098 0.07679945413599125
0 0.014285714285714287 0.0 1.0 0.0 0.011587720990383198 0.01575136859119772 0.006138392857142857 0.0036414565826330533 0.00012887628477609644
0 0.020833333333333332 0.0 1.0 0.0 0.08309650400331701 0.027564895034596013 0.021484375 0.004411764705882353 0.10629098905416313
0 0.008928571428571428 0.0 1.0 0.0 0.005708014969499507 0.01684521363225312 0.001953125 0.0029411764705882353 0.00017110286138609731
0 0.008928571428571428 0.0 1.0 0.0 0.024673183075094335 0.014001216525509086 0.005022321428571429 0.0 0.05591705324794595
0 0.0101010101010101 0.0 1.0 0.0 0.05901174717303456 0.0 0.013494318181818182 0.0 0.08661310337223443
0 0.01 0.0 1.0 0.2 0.024661065909643187 0.013094591535019153 0.01015625 0.0027450980392156863 0.0001703201934615631
0 0.004545454545454545 0.0 1.0 0.1 0.04055120847534364 0.002621343179576691 0.0103515625 0.000588235294117647 0.027046941202304598
0 0.006944444444444444 0.0 1.0 0.0 0.027289714327147985 0.0 0.0078125 0.0 0.06565808807793383
0 0.019230769230769232 0.0 1.0 0.0 0.006101604369637138 0.0 0.001953125 0.0 0.0012593659091463976
0 0.008928571428571428 0.0 1.0 0.0 0.026498716658763813 0.006125532229910225 0.00927734375 0.000980392156862745 0.000245876023153344
0 0.005128205128205128 0.0 1.0 0.0 0.028237516539502624 0.002270368763028916 0.008713942307692308 0.0006033182503770739 0.03859362345964408
0 0.003472222222222222 0.0 1.0 0.0 0.04178019119488362 0.00291260353286299 0.009548611111111112 0.00065359477124183 0.03058031532592091
0 0.007352941176470588 0.0 1.0 0.0 0.0628444636479269 0.0 0.01611328125 0.0 0.12245423016260536
0 0.009259259259259259 0.0 1.0 0.0 0.04219602392887719 0.0 0.01171875 0.0 0.13337262582398376
0 0.006578947368421052 0.0 1.0 0.0 0.03455757211039347 0.006125532229910225 0.0068359375 0.000980392156862745 0.06832346485173588
0 0.0035714285714285718 0.0 1.0 0.0 0.03690861772330226 0.002723668634951562 0.01171875 0.0005602240896358543 0.0692365460985804
0 0.003663003663003663 0.0 1.0 0.0 0.035081288211207054 0.0019931245220766143 0.010817307692307692 0.0006033182503770739 0.05902925053785032
0 0.006493506493506494 0.0 1.0 0.0 0.06175653315617739 0.005447337269903124 0.017299107142857144 0.0011204481792717086 0.1406635064221209
0 0.002898550724637681 0.0 1.0 0.0 0.0016270944985699034 0.0 0.0005208333333333333 0.0 0.0009690504620571701
0 0.09090909090909091 0.0 1.0 0.0 0.028350062875672946 0.012464895313921453 0.008824132977631849 0.0024681201151789387 0.09090909090909091
1 0.011904761904761904 0.0 1.0 0.0 0.05537217569699545 0.01334434876120454 0.014135225196173279 0.002477914242620126 0.008117272746539374
0 0.03333333333333333 0.0 1.0 0.0 0.006935935067655023 0.008481506164491082 0.0024830699774266362 0.0020361990950226246 0.00031992437104192014
0 0.025 0.0 1.0 0.0 0.021369411061465282 0.012722259246736622 0.006094808126410835 0.0020361990950226246 0.00015190144398398623
0 0.011111111111111112 0.0 1.0 0.0 0.03429191364589685 0.012655482129774505 0.009907198394783044 0.0027652086475615885 0.04702896003674624
0 0.011904761904761904 0.0 1.0 0.0 0.038889469167733344 0.0142519279372122 0.011770396646243146 0.002747252747252747 0.06028482396194804
0 0.01020408163265306 0.0 1.0 0.0 0.03675563372421891 0.013799799402300932 0.01322154143824573 0.0009696186166774402 6.091086884394143e-05
0 0.007352941176470588 0.0 1.0 0.0 0.04528260222071258 0.01831734901855866 0.014739078475634045 0.0019962736225712006 0.045793843276421865
0 0.027777777777777776 0.0 1.0 0.0 0.017885872675882507 0.005825147721538823 0.003950338600451467 0.0011312217194570137 0.0010321296849290995
0 0.00625 0.0 1.0 0.0 0.028267249577244854 0.009743790852072545 0.009875846501128669 0.0016968325791855204 6.198950110206065e-05
0 0.01818181818181818 0.0 1.0 0.0 0.01394879616931915 0.0 0.002708803611738149 0.0 0.0005846513806345618
0 0.007575757575757575 0.0 1.0 0.0 0.01895124254271474 0.0045700499333183745 0.0067720090293453715 0.0008227067050596463 0.00012621507850761447
0 0.009615384615384616 0.0 1.0 0.0 0.05837272849671254 0.008213515213576337 0.018340857787810385 0.0014140271493212671 0.10903605859347713
0 0.014285714285714285 0.0 1.0 0.0 0.031640048371344376 0.006990177265846586 0.009480812641083521 0.0013574660633484162 0.0003380966132761047
0 0.013333333333333332 0.0 1.0 0.0 0.002820786850793873 0.0 0.0009029345372460496 0.0 0.0012575165929513247
0 0.006944444444444444 0.0 1.0 0.0 0.03618691793922996 0.0 0.009029345372460496 0.0 0.10595214491205933
0 0.008403361344537815 0.0 1.0 0.0 0.02772112526051503 0.004270981118735603 0.00999677523379555 0.0012928248222365871 0.0002060823182706719
0 0.00505050505050505 0.0 1.0 0.0 0.017636737519278033 0.0034045981258086183 0.0063615842396880775 0.0008227067050596463 0.00014200857286804057
0 0.003289473684210526 0.0 1.0 0.0 0.03779291262623419 0.012546424746760213 0.012274266365688489 0.002403846153846154 0.053776987219289814
0 0.004545454545454546 0.0 1.0 0.0 0.016964451600340755 0.003177353302657539 0.005951159450030782 0.0006170300287947347 0.00017779496396638222
0 0.007936507936507936 0.0 1.0 0.0 0.018386863302386387 0.0 0.00526711813393529 0.0 0.0003624019260296202
0 0.004132231404958678 0.0 1.0 0.0 0.02663643775673332 0.007997587383307154 0.010260619741432383 0.0014397367338543807 9.608923429633294e-05
0 0.004830917874396135 0.0 1.0 0.0 0.021804421809036037 0.0 0.007022824178580387 0.0 0.00015539483947290544
0 0.0027777777777777775 0.0 1.0 0.0 0.02588361739733176 0.0 0.009179834462001503 0.0 7.148514102684475e-05
0 0.003076923076923077 0.0 1.0 0.0 0.03379809963751422 0.0021747451703823285 0.010418475429762113 0.0003480682213713888 0.06905643557516468
0 0.006410256410256411 0.0 1.0 0.0 0.062242659751882666 0.01335174046205533 0.0199398043641836 0.0022624434389140274 0.15241314787618063
0 0.0028490028490028487 0.0 1.0 0.0 0.026751417619212826 0.0011885936409509966 0.007987497829484286 0.0003480682213713888 0.07188656686176773
0 0.0032467532467532465 0.0 1.0 0.0 0.05845789963850296 0.00831766006901577 0.015185717217319926 0.0014397367338543807 0.07532635667486119
0 0.0028735632183908046 0.0 1.0 0.0 0.03940633876056321 0.0037749544114739284 0.012039127163280663 0.0007541478129713424 0.0751307218452595
0 0.002777777777777778 0.0 1.0 0.0 0.02629331375891304 0.008181121656119677 0.008653122648607977 0.0015082956259426848 0.00010218369726247793
0 0.002932551319648094 0.0 1.0 0.0 0.03266765337481791 0.005140306766358231 0.009439770162117792 0.0008227067050596463 0.08611584982513998
0 0.00625 0.0 1.0 0.0 0.024704718255573698 0.0 0.005869074492099323 0.0 0.0004022721879957212
0 0.0025252525252525255 0.0 1.0 0.0 0.03724764711021663 0.006130928346054785 0.01109857035364936 0.0011312217194570137 0.07493789534590814
0 0.0021008403361344537 0.0 1.0 0.0 0.010396339502452367 0.0021354905593678015 0.006288294098677845 0.0006464124111182936 0.0001803868280223964
0 0.004081632653061224 0.0 1.0 0.0 0.0044875249552476576 0.0 0.0025798129635601417 0.0 0.0005157296786425824
0 0.002525252525252525 0.0 1.0 0.0 0.028673892198492524 0.0 0.007592858608659964 0.0 0.0851495580028479
0 0.003003003003003003 0.0 1.0 0.0 0.028186668878154558 0.0 0.007022824178580387 0.0 0.10810108825199712
1 0.0011961722488038277 0.0 1.0 0.0 0.01950683588370718 0.0034363353497445658 0.005848553252616458 0.0007198683669271904 0.0426451022011546
0 0.0625 0.0 1.0 0.0 0.015471764513160914 0.031166880535986884 0.006425233644859813 0.0052816901408450695 0.0625
0 0.1 0.0 1.0 0.0 0.07248080637808775 0.023466827697684243 0.01775700934579439 0.003755868544600939 7.00490854080803e-05
0 0.05555555555555555 0.0 1.0 0.0 0.11034603131335613 0.029333534622105303 0.0264797507788162 0.004694835680751174 0.02333934420717927
0 0.08333333333333333 0.0 1.0 0.0 0.0 0.02085763414917194 0.006230529595015576 0.004694835680751174 0.0011062324449967115
0 0.015384615384615385 0.0 1.0 0.15384615384615385 0.025933840103593803 0.02256425740161946 0.003953989935298346 0.004333694474539544 0.028796873597768523
0 0.020833333333333332 0.0 1.0 0.0 0.06278495594408107 0.03408801619155625 0.015186915887850466 0.006455399061032863 0.00407413770352344
0 0.011904761904761904 0.0 1.0 0.16666666666666666 0.03934031936312372 0.02879116593622115 0.013629283489096573 0.003129890453834116 2.8334467644549034e-05
0 0.020833333333333332 0.0 1.0 0.0 0.01840457985135763 0.01033991829528009 0.008566978193146417 0.003129890453834116 0.0002353225591826587
0 0.027777777777777776 0.0 1.0 0.0 0.0746839103390155 0.0 0.018691588785046728 0.0 9.250103126072596e-05
0 0.01 0.0 1.0 0.0 0.03809781127715805 0.014886156681341897 0.009345794392523364 0.0028169014084507044 5.550092010027475e-05
0 0.006060606060606061 0.0 1.0 0.13333333333333333 0.031110014451466154 0.0076132103190187555 0.009657320872274142 0.0018779342723004694 2.367443357219832e-05
0 0.041666666666666664 0.0 1.0 0.0 0.012978728256888979 0.0 0.0 0.0 0.0016484250280166563
0 0.006993006993006993 0.0 1.0 0.0 0.037673572813086004 0.013333424828229683 0.01146983857264231 0.0021340162185232605 0.013479315272659715
0 0.011904761904761904 0.0 1.0 0.0 0.02227789842203763 0.0 0.006230529595015576 0.0 0.00020162128614552126
0 0.0044444444444444444 0.0 1.0 0.0 0.023725920441970586 0.012798786626460617 0.009034267912772585 0.0031298904538341154 3.861073008727158e-05
0 0.00625 0.0 1.0 0.0 0.012395784766526443 0.0043554976169712005 0.004205607476635514 0.0009389671361502347 0.00011831444482710543
0 0.0053475935828877 0.0 1.0 0.0 0.042444024579854224 0.013333424828229683 0.012744265080713678 0.0021340162185232605 0.007887213918004267
0 0.007936507936507936 0.0 1.0 0.0 0.0427033782339579 0.0 0.011348464619492656 0.0 5.2588799050865736e-05
0 0.013157894736842105 0.0 1.0 0.0 0.07923042937886436 0.0 0.02336448598130841 0.0 9.16298528925975e-05
0 0.002777777777777778 0.0 1.0 0.4444444444444444 0.026585626845262784 0.00634434193251563 0.007268951194184838 0.001564945226917058 2.7419225643239068e-05
0 0.009523809523809523 0.0 1.0 0.0 0.07506292831525677 0.0 0.01775700934579439 0.0 7.264656977413537e-05
1 0.007575757575757576 0.0 1.0 0.0 0.006812706458722489 0.0 0.002336448598130841 0.0 0.0002869793640472533
0 0.004347826086956522 0.0 1.0 0.0 0.05104246393026206 0.0043554976169712005 0.013551401869158878 0.0009389671361502347 3.3155702349629204e-05
0 0.006944444444444444 0.0 1.0 0.0 0.029026589647421663 0.016117153633303034 0.007009345794392523 0.003129890453834116 0.00012322811671676678
0 0.008 0.0 1.0 0.0 0.0633843435030915 0.0 0.014953271028037382 0.0 7.323491589112299e-05