0 0.03571428571428571 0.0 1.0 0.0 0.049779528623648574 0.026515073879658745 0.016153846153846158 0.006062610229276897 0.03571428571428571
0 0.03125 0.0 1.0 0.0 0.02613918353446472 0.01765498042829672 0.0075 0.003279320987654321 0.08615565441287608
0 0.020833333333333332 0.0 1.0 0.0 0.014777660517942328 0.017745123051505846 0.005384615384615386 0.0036651234567901233 0.00739289141740771
0 0.041666666666666664 0.0 1.0 0.0 0.03186502455773541 0.012856055297342446 0.005641025641025642 0.00257201646090535 0.01575178111147931
0 0.016666666666666666 0.0 1.0 0.0 0.04938506942949422 0.03236273873668402 0.01769230769230769 0.007716049382716049 0.12126026642272864
0 0.007936507936507936 0.0 1.0 0.0 0.04018468344224825 0.02708761876608329 0.011868131868131867 0.004703115814226925 0.05341336169608621
0 0.009523809523809523 0.0 1.0 0.0 0.024847410176656523 0.022553706986496225 0.011076923076923076 0.0024691358024691358 0.006556692270038094
1 0.006578947368421052 0.0 1.0 0.0 0.03938121232818274 0.015374970975599093 0.011821862348178136 0.003248862897985705 0.07496190299710177
0 0.007936507936507936 0.0 1.0 0.0 0.015485420264211083 0.0027548689922876667 0.0068131868131868145 0.0004409171075837742 0.012641881176456546
0 0.005263157894736842 0.0 1.0 0.0 0.04701930431125644 0.013476797562213691 0.013927125506072877 0.0029239766081871343 0.05984635887383364
0 0.003134796238244514 0.0 1.0 0.06896551724137931 0.024273968740832128 0.01111812420997669 0.005411140583554378 0.0025542784163473816 0.05010384799825365
0 0.007575757575757575 0.0 1.0 0.18181818181818182 0.005243112901685395 0.0 0.0 0.0 0.0005276783799778695
0 0.004048582995951417 0.0 1.0 0.0 0.007222895675659052 0.002727153278599955 0.003562753036437247 0.0008122157244964262 0.005278693762522755
0 0.0037593984962406013 0.0 1.0 0.21052631578947367 0.03338922635648813 0.0037837844030166015 0.010364372469635626 0.0011371020142949967 0.06019225505917741
0 0.0044444444444444444 0.0 1.0 0.0 0.013876637494216885 0.0031722609079155605 0.007179487179487179 0.0008230452674897119 0.03588618821820622
0 0.004166666666666667 0.0 1.0 0.0 0.042102335936345915 0.008252376676445138 0.010666666666666666 0.0018518518518518517 0.0773345405380011
0 0.003676470588235294 0.0 1.0 0.0 0.03121796279424014 0.014568882060641017 0.009807692307692307 0.0030864197530864196 0.09231858087061551
0 0.0015873015873015873 0.0 1.0 0.0 0.009491531486435733 0.005595620589843508 0.00378021978021978 0.001146384479717813 0.0018849179445290156
0 0.1 0.0 1.0 0.0 0.01297247351125316 0.017295620413864163 0.004482758620689655 0.003114186851211073 0.1
0 0.0625 0.0 1.0 0.0 0.024245903617469027 0.01561503585031604 0.009051724137931035 0.0034602076124567475 4.2276982659476786e-05
0 0.010416666666666666 0.0 1.0 0.0 0.02020864401886004 0.02231939777340804 0.007004310344827586 0.005082179930795846 6.9240861217121636e-06
0 0.025 0.0 1.0 0.0 0.01646535856611625 0.02089999557211227 0.006206896551724138 0.0038062283737024223 4.7766675493240895e-05
1 0.004878048780487805 0.0 1.0 0.14634146341463414 0.024958501325405988 0.015239399837983059 0.008074011774600508 0.0021942779981433025 0.0023982798931296433
0 0.027777777777777776 0.0 1.0 0.0 0.03481143177830413 0.014413017011553468 0.009195402298850575 0.0 5.7998276627626665e-05
0 0.047619047619047616 0.0 1.0 0.0 0.04051210564487395 0.021702054352482292 0.016091954022988506 0.0057670126874279125 0.00018630091928911133
0 0.03125 0.0 1.0 0.0 0.030741366803199926 0.0 0.006896551724137931 0.0 9.955275540413367e-05
0 0.004830917874396135 0.0 1.0 0.17391304347826086 0.0295256045493008 0.009839903823822282 0.010044977511244377 0.0022566571385587487 9.614662147593056e-06
0 0.011111111111111112 0.0 1.0 0.0 0.03421353898795612 0.0 0.009578544061302683 0.0 3.357799906961478e-05
0 0.005681818181818182 0.0 1.0 0.125 0.00565510566741374 0.0 0.0028017241379310344 0.0 4.0573998549855066e-05
0 0.007575757575757575 0.0 1.0 0.0 0.00975246003476083 0.0 0.0025078369905956114 0.0 5.862610487852837e-05
0 0.008547008547008548 0.0 1.0 0.0 0.003296653429465989 0.0 0.0030651340996168583 0.0 9.824299791989164e-05
0 0.007936507936507936 0.0 1.0 0.0 0.016858876899472464 0.0 0.0038314176245210726 0.0 5.871784095374842e-05
0 0.0044444444444444444 0.0 1.0 0.0 0.011415610650520828 0.0 0.005057471264367815 0.0 2.7309112482295395e-05
0 0.0014204545454545455 0.0 1.0 0.4090909090909091 0.02483674428125437 0.005811829519497513 0.01081504702194357 0.0012582573136206354 0.002168033358998074
0 0.004524886877828054 0.0 1.0 0.0 0.028863178752586538 0.005930640677775319 0.008222811671087533 0.0013308490817141338 0.01185779351326288
0 0.005555555555555555 0.0 1.0 0.0 0.014994564820652628 0.005766327709981125 0.006896551724137931 0.001038062283737024 5.430340047450913e-05
0 0.003095975232198142 0.0 1.0 0.0 0.015877238515377173 0.012781077301451945 0.007910750507099391 0.0028495827396702623 1.4973160413412444e-05
0 0.037037037037037035 0.0 1.0 0.07407407407407407 0.03320333225714865 0.03393747346746475 0.01194743130227001 0.007696007696007697 0.037037037037037035
1 0.011627906976744186 0.0 1.0 0.18604651162790697 0.04272894518330818 0.029866382908622743 0.01440360090022506 0.004379341588643915 0.0009465071477537322
0 0.02564102564102564 0.0 1.0 0.0 0.04836885388423025 0.012227093708160885 0.013399503722084368 0.002497502497502497 0.054223679406653666
0 0.041666666666666664 0.0 1.0 0.0 0.046042218183543426 0.01352390232577582 0.017204301075268817 0.0021645021645021645 0.0043441471012051576
0 0.03333333333333333 0.0 1.0 0.0 0.027618220902256917 0.0 0.00967741935483871 0.0 0.0003649674406625934
0 0.007246376811594202 0.0 1.0 0.0 0.055163260413701516 0.027725084270865088 0.01654978962131837 0.005646527385657821 0.03597060200049078
0 0.007936507936507936 0.0 1.0 0.4444444444444444 0.032005787341395316 0.013445933504572745 0.010035842293906812 0.002886002886002886 0.004048970474115153
0 0.017857142857142856 0.0 1.0 0.0 0.03285808526832079 0.03735673860738337 0.014746543778801843 0.006493506493506494 0.09153834729623299
0 0.009259259259259259 0.0 1.0 0.08333333333333333 0.0029865030612626253 0.012023583753135246 0.0064516129032258064 0.0021645021645021645 0.0002946565775536313