0 0.058823529411764705 0.0 1.0 0.0 0.009933650160058217 0.02253395096878355 0.0029559562518474726 0.005347593582887701 0.058823529411764705
0 0.022727272727272728 0.0 1.0 0.0 0.030407914419288643 0.02496151653397335 0.009136592051164917 0.0057392102846648314 0.018082249198691065
0 0.014492753623188404 0.0 1.0 0.0 0.034869901859951355 0.023730856957944513 0.010924186148131964 0.0021958717610891525 0.011022383489844944
0 0.014705882352941176 0.0 1.0 0.0 0.032168554050224764 0.01660390820352811 0.010050251256281409 0.0017825311942959003 3.7890539039737323e-05
0 0.025 0.0 1.0 0.0 0.028145788167452987 0.0 0.007537688442211055 0.0 0.00011051042040141187
1 0.0047619047619047615 0.0 1.0 0.0 0.029897375674872956 0.021719032193807063 0.010480976310122039 0.004040404040404041 0.009316168006744924
0 0.02040816326530612 0.0 1.0 0.0 0.05084011359543773 0.008015722502090166 0.012203876525484565 0.0014430014430014432 0.00011763415201318828
0 0.009615384615384616 0.0 1.0 0.0 0.030803083390639804 0.01510655394624685 0.010050251256281405 0.00271950271950272 5.715052822777871e-05
0 0.0101010101010101 0.0 1.0 0.0 0.014390157815422 0.0 0.007309273640931932 0.0 0.00011032522721232679
0 0.0125 0.0 1.0 0.0 0.03512799724625729 0.007888943023369229 0.00942211055276382 0.0012626262626262627 0.00010761975579669807
0 0.008264462809917356 0.0 1.0 0.0 0.04912838570564721 0.007651371479267885 0.012791228871630882 0.0013774104683195593 0.02699088308850748
0 0.027777777777777776 0.0 1.0 0.0 0.0 0.0 0.0 0.0 0.0017160955454407567
0 0.008547008547008548 0.0 1.0 0.0 0.02415126742949505 0.005456507871367608 0.008375209380234505 0.001122334455667789 0.00011511891624333028
0 0.0047619047619047615 0.0 1.0 0.0 0.024250808463652553 0.03050653991174627 0.010385259631490788 0.0053872053872053875 6.035958630663666e-05
0 0.1 0.0 1.0 0.0 0.011000362952434783 0.029060664532597348 0.006358381502890172 0.005232558139534884 0.1
0 0.03125 0.0 1.0 0.0 0.035195689618127565 0.03673620232062485 0.010115606936416182 0.007630813953488372 2.0536038173685656e-05
0 0.06666666666666667 0.0 1.0 0.0 0.007223170953188936 0.029060664532597348 0.0 0.004651162790697674 0.0002169860607890462
0 0.08333333333333333 0.0 1.0 0.0 0.011236371346178132 0.024217220443831122 0.0038535645472061657 0.003875968992248062 0.09843701094021991
0 0.01 0.0 1.0 0.1 0.04842966816126145 0.04201386257588057 0.017630057803468206 0.009011627906976747 9.54729261967152e-06
0 0.023809523809523808 0.0 1.0 0.0 0.0168277366690645 0.025947021904104774 0.00908340214698596 0.0 0.00011776912929720191
0 0.14285714285714285 0.0 1.0 0.0 0.0 0.0 0.0 0.0 0.0038846602126205603
0 0.013888888888888888 0.0 1.0 0.2222222222222222 0.03709395228146913 0.02388548278601741 0.011560693641618495 0.004521963824289406 4.27755287216008e-05
0 0.012345679012345678 0.0 1.0 0.0 0.03469063016145614 0.0 0.0109184328837508 0.0 5.03777208823331e-05
0 0.016666666666666666 0.0 1.0 0.0 0.027308867029662603 0.0 0.010597302504816955 0.0 7.751663117081862e-05
0 0.01818181818181818 0.0 1.0 0.0 0.007223170953188936 0.0 0.0 0.0 0.0002661955874372513
0 0.020833333333333332 0.0 1.0 0.0 0.048248511237633865 0.0 0.013005780346820808 0.0 0.00011304412118272508
0 0.007692307692307693 0.0 1.0 0.0 0.05845311586882899 0.04058248001672615 0.019075144508670518 0.00813953488372093 2.6445171734714437e-05
0 0.03571428571428571 0.0 1.0 0.0 0.0 0.0 0.0 0.0 0.001175226547908021
0 0.007407407407407408 0.0 1.0 0.0 0.07965291501613934 0.046571077649718656 0.02569043031470777 0.009043927648578812 2.5067276542411867e-05
0 0.03125 0.0 1.0 0.0 0.03814725774290672 0.0 0.005780346820809248 0.0 0.0006059644727251657
0 0.004901960784313725 0.0 1.0 0.0 0.020819201585873314 0.003925211528267645 0.010115606936416182 0.0009689922480620155 3.0936241279835246e-05
0 0.005555555555555555 0.0 1.0 0.0 0.0491106206691786 0.0329324049094439 0.015606936416184969 0.006395348837209302 2.898596742978037e-05
0 0.003289473684210526 0.0 1.0 0.125 0.014538204228913743 0.0 0.0025289017341040463 0.0 0.010936111817334733
0 0.005555555555555556 0.0 1.0 0.0 0.01710975154097281 0.005233615371023527 0.00899165061014772 0.0012919896640826874 5.760220439143981e-05
1 0.023809523809523808 0.0 1.0 0.0 0.01805792738297234 0.0 0.0 0.0 0.000737975150649453
1 0.007575757575757576 0.0 1.0 0.0 0.06621412362734967 0.05488734151573984 0.023121387283236997 0.01065891472868217 5.05631425211319e-05
0 0.05555555555555555 0.0 1.0 0.0 0.058563562151088044 0.06498520831975968 0.017985611510791366 0.012882447665056362 0.05555555555555555
0 0.02631578947368421 0.0 1.0 0.0 0.030923034444801788 0.03932933697291799 0.014009844755774329 0.010678871090770408 0.02205431179201098
0 0.041666666666666664 0.0 1.0 0.0 0.05462749575525425 0.05350710520379359 0.016187050359712234 0.006340579710144927 0.06944674598310122
0 0.020833333333333332 0.0 1.0 0.0 0.046547007121203056 0.053733431826964835 0.016786570743405275 0.006038647342995169 0.032956381709915085
0 0.013333333333333334 0.0 1.0 0.0 0.05046086595665424 0.026890463548256978 0.01486810551558753 0.005797101449275362 0.03277067680261839
0 0.013888888888888888 0.0 1.0 0.0 0.07064494134343953 0.03295249408461849 0.02158273381294964 0.007246376811594203 0.048857507311004404
0 0.015873015873015872 0.0 1.0 0.0 0.0410241704109317 0.0 0.011191047162270186 0.0 0.00020131023891490588
0 0.0125 0.0 1.0 0.0 0.04450842223456032 0.03731471439014724 0.014388489208633093 0.007246376811594203 0.04397839348133745
0 0.009259259259259259 0.0 1.0 0.0 0.03387698523938309 0.012310991130462334 0.01079136690647482 0.0024154589371980675 0.004903351135713804
0 0.011111111111111112 0.0 1.0 0.0 0.03975717800854 0.04146079376683027 0.01598721023181455 0.008051529790660227 0.05885319813735068
0 0.006060606060606061 0.0 1.0 0.0 0.019470463211635352 0.013445231774128489 0.006714628297362111 0.002898550724637681 0.03900639768308777