1 0.022727272727272728 0.0 1.0 0.0 0.02609982120572407 0.01816877309305136 0.00958524234386303 0.004231141199226302 0.02272727272727273
0 0.038461538461538464 0.0 1.0 0.0 0.02005219869979339 0.014664623082671201 0.0071413997143440116 0.002864157119476268 0.06382877668668006
0 0.013333333333333332 0.0 1.0 0.0 0.028432002263112714 0.016402496231025406 0.00880636604774536 0.003191489361702126 0.030840022227354016
0 0.03125 0.0 1.0 0.0 0.018042035693666518 0.0041542838261359235 0.009615384615384616 0.0 0.1331491388582565
0 0.1 0.0 1.0 0.0 0.008703978238575636 0.0 0.006631299734748011 0.0 0.009729343619260778
0 0.023809523809523808 0.0 1.0 0.0 0.03206679595311422 0.017629492423104607 0.010989010989010988 0.001519756838905775 0.024559310708069194
0 0.008403361344537815 0.0 1.0 0.0 0.015302936415744147 0.010687125387007312 0.007177406771727258 0.0015644555694618273 0.007342860955782498
0 0.03125 0.0 1.0 0.0 0.022948494446513396 0.004799182905443046 0.008620689655172414 0.0013297872340425532 0.04994866091122922
0 0.006172839506172839 0.0 1.0 0.0 0.016003555602868123 0.009950085292327547 0.008399646330680815 0.001182033096926714 0.0015305489897222222
0 0.009090909090909092 0.0 1.0 0.0 0.03694851790157224 0.022837308739506058 0.014709428502531952 0.005319148936170213 0.0946800686403537
1 0.0022727272727272726 0.0 1.0 0.0 0.03012080960481493 0.016615163679400045 0.010543766578249335 0.0036569148936170205 0.010147946333262221
0 0.005555555555555555 0.0 1.0 0.0 0.0186355031584192 0.004920778075556633 0.006012378426171529 0.0010638297872340426 0.023757790821403214
0 0.006993006993006993 0.0 1.0 0.0 0.02432171416305928 0.0026861197746365973 0.006510730648661683 0.00048355899419729207 0.0767997324472486
0 0.014285714285714285 0.0 1.0 0.0 0.01108006366723668 0.0 0.003713527851458886 0.0 0.0015561049646385084
0 0.004166666666666667 0.0 1.0 0.0 0.026772674574334014 0.011689759091927151 0.006962864721485412 0.0029920212765957447 0.023316681821464496
0 0.003472222222222222 0.0 1.0 0.0 0.0195520291283364 0.0 0.005894488653109343 0.0 0.051989078768663106
0 0.008403361344537815 0.0 1.0 0.0 0.024663929079673217 0.005869411761976047 0.008715422508525956 0.0011398176291793312 0.006286803854254781
0 0.01111111111111111 0.0 1.0 0.0 0.022104284790105087 0.0 0.003183023872679045 0.0 0.0009879655422072558
0 0.007518796992481203 0.0 1.0 0.0 0.02319055586737876 0.0 0.005305039787798408 0.0 0.006010750608863753
0 0.005555555555555556 0.0 1.0 0.0 0.013483720242226502 0.006024527574481567 0.002357795461243737 0.001182033096926714 0.0005292097440348723
0 0.005952380952380952 0.0 1.0 0.0 0.02118402831621606 0.0 0.0069628647214854105 0.0 0.11950437273206342
0 0.0034965034965034965 0.0 1.0 0.0 0.035929995585646794 0.031100132451792026 0.013874719445011221 0.006546644844517184 0.08400715468714882
0 0.002288329519450801 0.0 1.0 0.0 0.028815104830646154 0.017856877985187283 0.009074410163339382 0.004059350503919373 0.04698365042010287
0 0.0015432098765432098 0.0 1.0 0.0 0.026656122854287402 0.01389634569036571 0.010118872187837705 0.0032505910165484624 0.034319076592734706
0 0.0014285714285714286 0.0 1.0 0.07142857142857142 0.025104219562871045 0.010103685866063448 0.009757483895414929 0.0023746200607902735 0.032464909684529024
0 0.07142857142857142 0.0 1.0 0.0 0.05887765734067085 0.031752245982634285 0.02343966712898752 0.006114508060033352 0.07142857142857142
0 0.021739130434782608 0.0 1.0 0.0 0.013831977134610885 0.008105187037577746 0.004558885605740818 0.002537641684994079 0.021424633228077698
0 0.01282051282051282 0.0 1.0 0.07692307692307693 0.029838851096800643 0.014718942680213936 0.012098581030619867 0.004190362167015862 0.037583819376447086
0 0.010416666666666666 0.0 1.0 0.0 0.019325999083450583 0.009358640173452712 0.007686084142394822 0.0031614785992217878 0.027258403343331725
0 0.025 0.0 1.0 0.0 0.05493843901995765 0.028092851660768213 0.020631067961165046 0.005593385214007782 0.17146511004883003
0 0.010416666666666666 0.0 1.0 0.0 0.020049110484828752 0.006077862718393412 0.007281553398058253 0.0018239299610894942 0.044282559201938444
0 0.01020408163265306 0.0 1.0 0.0 0.0009313928201420983 0.0052095966157657825 0.0008321775312066575 0.0011117287381878821 0.001150828040597391
0 0.0078125 0.0 1.0 0.0 0.02467243073604592 0.011298568962898716 0.009708737864077673 0.0010943579766536965 0.042108440735132834
0 0.013888888888888888 0.0 1.0 0.0 0.056452432243261616 0.01322820911132497 0.021359223300970873 0.0019455252918287938 0.09491597089965388
0 0.0125 0.0 1.0 0.0 0.03161852568523344 0.013000923431015584 0.010194174757281554 0.0009727626459143969 0.06557696944705345
0 0.022727272727272728 0.0 1.0 0.0 0.011323644133332913 0.006077862718393413 0.003883495145631068 0.0 0.002510902829961135
0 0.010416666666666666 0.0 1.0 0.0 0.0570211284571676 0.024936952543051595 0.022815533980582527 0.004377431906614786 0.09532320154666135
0 0.015384615384615385 0.0 1.0 0.0 0.044645629539422485 0.01873398949076259 0.01825242718446602 0.0038910505836575876 0.21563427654634265
0 0.011904761904761904 0.0 1.0 0.0 0.0673905188122113 0.0 0.0255663430420712 0.0 0.2278407035779171
0 0.022222222222222223 0.0 1.0 0.0 0.03697600205959476 0.0 0.010355987055016181 0.0 0.2182668039529898
0 0.002717391304347826 0.0 1.0 0.0 0.01758068583089105 0.01049755884880842 0.008526804558885605 0.0017763491794958552 0.013403565401624377
0 0.014705882352941176 0.0 1.0 0.0 0.01963010017184886 0.003510686327717092 0.007281553398058253 0.0009727626459143969 0.00223954580752726
0 0.0021367521367521365 0.0 1.0 0.0 0.024923402431408205 0.009580250919996584 0.011874533233756536 0.0010475905417539658 0.008331755044641644
0 0.007518796992481203 0.0 1.0 0.0 0.026996944497420083 0.006946128821021044 0.010818307905686548 0.0 0.15688488831094646
0 0.0071428571428571435 0.0 1.0 0.0 0.030745621055159093 0.00964860159110917 0.012760055478502081 0.0005558643690939411 0.15591910038507342
0 0.003663003663003663 0.0 1.0 0.0 0.025027229389238397 0.0031178222709778575 0.0070201643017177 0.000598623166716552 0.08095077838265724
0 0.005681818181818182 0.0 1.0 0.0 0.05231072431270968 0.015197020183500295 0.01796116504854369 0.0026750972762645915 0.1490115885245226
0 0.0036231884057971015 0.0 1.0 0.0 0.024193989763651374 0.002025954239464471 0.009061488673139158 0.00032425421530479895 0.08861326028255835
0 0.0018939393939393938 0.0 1.0 0.0 0.018993058486378913 0.007554330220330296 0.005825242718446601 0.0017686593562079944 0.0001575882139390791
0 0.0019047619047619048 0.0 1.0 0.0 0.03190207646644898 0.011719072206086848 0.01155802126675913 0.0020381693533444508 0.05002404756601962
0 0.0027472527472527475 0.0 1.0 0.0 0.03394342266094923 0.013078249738773194 0.01345353675450763 0.003196220122290161 0.06474812801052522
0 0.005291005291005291 0.0 1.0 0.0 0.034807991941999586 0.006175537180598648 0.010818307905686548 0.0011117287381878821 0.15251701730314982
0 0.002747252747252747 0.0 1.0 0.0 0.0192693282786569 0.0013338172419276788 0.008215085884988798 0.000299311583358276 0.0827103316143407
0 0.011494252873563218 0.0 1.0 0.0 0.0055691038517192435 0.0 0.0 0.0 0.008285931986311194
0 0.0047619047619047615 0.0 1.0 0.0 0.016039053966071026 0.0 0.0030513176144244107 0.0 0.0013760373943516452
0 0.0024813895781637717 0.0 1.0 0.0 0.031103160967892472 0.007205380573370227 0.012247946228528752 0.00149655791679138 0.05916741976261571
0 0.0020833333333333333 0.0 1.0 0.0 0.020914574365340013 0.0057976880179425976 0.00854368932038835 0.0012970168612191958 0.07950771227947388
0 0.001893939393939394 0.0 1.0 0.0 0.05270223037323757 0.017859588784470797 0.018932038834951457 0.003404669260700389 0.049948413944028894
0 0.0016339869281045752 0.0 1.0 0.1111111111111111 0.03172160509638598 0.004816562262516618 0.012081984897518876 0.00108084738434933 0.042022652884793336
0 0.0014285714285714286 0.0 1.0 0.05 0.03136819984992975 0.00252353083715896 0.01 0.00048638132295719845 0.034865857981265104
0 0.0011574074074074073 0.0 1.0 0.08333333333333333 0.030979934529896527 0.008832907609288777 0.011974110032362461 0.002107652399481193 0.0340096529341481
1 0.0018018018018018018 0.0 1.0 0.0 0.05495248018462613 0.026393902800648843 0.021877022653721687 0.005188067444876783 0.06664830143137183
0 0.0043859649122807015 0.0 1.0 0.0 0.02432180235207032 0.005009173721634552 0.010679611650485437 0.0009727626459143969 0.0824626862890195
0 0.004273504273504273 0.0 1.0 0.0 0.015240830545661346 0.0 0.00970873786407767 0.0 0.08588231371027442
0 0.0020833333333333333 0.0 1.0 0.0 0.021704355425173086 0.011504037553013255 0.005987055016181229 0.0027561608300907914 0.00035502465324474157
0 0.04 0.0 1.0 0.0 0.045880319411518454 0.026028840374269953 0.014845360824742264 0.005167958656330748 0.04
0 0.021739130434782608 0.0 1.0 0.08695652173913043 0.031320971258067855 0.01699902519821103 0.011878081577767813 0.004606224019773059 0.03907929003495088
1 0.3333333333333333 0.0 1.0 0.0 0.0 0.0 0.005154639175257732 0.0 0.04452319761130691
0 0.016666666666666666 0.0 1.0 0.0 0.052275256748190634 0.009528577238272539 0.01718213058419244 0.0027562446167097325 0.054288649287817854
0 0.04 0.0 1.0 0.0 0.0763161569723364 0.04090689099555486 0.020103092783505156 0.007235142118863049 0.2534063855729724
0 0.008333333333333333 0.0 1.0 0.0 0.02835030799424612 0.021785568508475066 0.010695876288659796 0.004651162790697673 0.03854683041129414
0 0.02040816326530612 0.0 1.0 0.0 0.008541681012349226 0.013838411682189215 0.0033136966126656848 0.00073827980804725 0.004003070191798145
0 0.025 0.0 1.0 0.0 0.008984219980660955 0.009686888177532448 0.004123711340206186 0.0 0.0018193434561894456
0 0.006944444444444444 0.0 1.0 0.0 0.055634888803238663 0.03487718924653583 0.01659149484536082 0.005813953488372093 0.05524239715985108
0 0.0071428571428571435 0.0 1.0 0.0 0.034752575808380336 0.017689370679001847 0.013438880706921943 0.0033222591362126247 0.02089629433027246
0 0.012987012987012988 0.0 1.0 0.0 0.056159277222351096 0.015991116270105955 0.02098674521354934 0.0022148394241417496 0.14221390877032722
0 0.005952380952380952 0.0 1.0 0.0 0.027845626741401508 0.0 0.012150220913107511 0.0 0.024851206160863747
0 0.00591715976331361 0.0 1.0 0.0 0.048461346522620234 0.006900351525504034 0.016851704996034892 0.0011926058437686344 0.08574089070211029
0 0.0047619047619047615 0.0 1.0 0.0 0.04671375680582616 0.007515630548728948 0.016494845360824743 0.0013781223083548665 0.07226821900844273
0 0.0022988505747126436 0.0 1.0 0.27586206896551724 0.04159438072265798 0.010631191954111555 0.016441521507287588 0.0019602601799875254 0.034233700017008296
0 0.003472222222222222 0.0 1.0 0.0 0.02879279364738933 0.0055309080086933995 0.010882016036655211 0.0012919896640826876 0.06722021120752304
0 0.0032679738562091504 0.0 1.0 0.0 0.03657297684748803 0.01614036343398017 0.014175257731958761 0.003732414585127763 0.02096135247360705
0 0.0022222222222222222 0.0 1.0 0.0 0.02722519609661989 0.011088820785040367 0.009793814432989689 0.0025839793281653744 0.02942277818681736
0 0.002105263157894737 0.0 1.0 0.0 0.026378759112703775 0.007363134573062875 0.010618556701030927 0.0018604651162790697 0.010275154010704925
0 0.002380952380952381 0.0 1.0 0.0 0.05681889095900729 0.008236191628165346 0.019759450171821305 0.0015996062507690415 0.043130990182184324
0 0.0022675736961451248 0.0 1.0 0.09523809523809523 0.06129599792412491 0.009739735951322588 0.019391261659302893 0.001722652885443583 0.03790320844939172
0 0.002840909090909091 0.0 1.0 0.0 0.04245678457287872 0.019412446528894334 0.01675257731958763 0.00436046511627907 0.04964327267102753
0 0.0012422360248447205 0.0 1.0 0.0 0.03428294521759558 0.01571420069847727 0.012665684830633284 0.0036175710594315244 0.026448099908249867