0 0.06666666666666667 0.0 1.0 0.13333333333333333 0.023749906104923706 0.011837437451531044 0.00893470790378007 0.005181347150259068 0.06666666666666667
0 0.03125 0.0 1.0 0.125 0.027214857087518224 0.023920923159478434 0.01095360824742268 0.0064766839378238355 0.02269834923009293
0 0.02564102564102564 0.0 1.0 0.0 0.013089697290907278 0.00996100896693253 0.009119746233148296 0.004782781984854523 0.016819546465495803
0 0.025 0.0 1.0 0.0 0.004213093309520542 0.01942396748551843 0.002061855670103093 0.0025906735751295338 0.00015830763531984583
0 0.015384615384615385 0.0 1.0 0.0 0.03943764892581774 0.037642296055696696 0.012291831879460745 0.0039856516540454365 0.0038250122692563395
0 0.01111111111111111 0.0 1.0 0.0 0.02248808556247915 0.029103186327547437 0.01134020618556701 0.0006908462867012091 5.4007118346801854e-05
0 0.007936507936507936 0.0 1.0 0.0 0.03356673917847495 0.013197027106734439 0.013745704467353952 0.0017271157167530224 3.283825057404494e-05
0 0.041666666666666664 0.0 1.0 0.0 0.015313688677939431 0.0 0.006872852233676976 0.0 0.0007960655998967139
1 0.006172839506172839 0.0 1.0 0.0 0.015123928134027837 0.0 0.0031500572737686136 0.0 6.0089461589206446e-05
0 0.0071428571428571435 0.0 1.0 0.0 0.013331307464069813 0.0 0.006995581737849779 0.0 7.98966642807364e-05
0 0.010101010101010102 0.0 1.0 0.0 0.042803727409464025 0.013590027136968236 0.019473081328751432 0.002302820955670697 8.932457256098299e-05
0 0.011904761904761904 0.0 1.0 0.0 0.055027841755913506 0.03563756698094734 0.016200294550810016 0.007401924500370097 0.00011328157681256253
1 0.038461538461538464 0.0 1.0 0.0 0.0 0.0 0.0 0.0 0.002330296552183793
0 0.023809523809523808 0.0 1.0 0.0 0.010145037829910997 0.0 0.003436426116838488 0.0 0.0012820717211392781
0 0.011111111111111112 0.0 1.0 0.0 0.03982551593010048 0.01079109304751024 0.018041237113402064 0.0017271157167530226 0.0001942106208546126
0 0.005681818181818182 0.0 1.0 0.0 0.02584683530916613 0.008396200480980451 0.007497656982193065 0.0018841262364578427 8.374360442068292e-05
0 0.011764705882352941 0.0 1.0 0.0 0.0499296320536368 0.0 0.024742268041237112 0.0 0.00020915780995285112
0 0.007936507936507936 0.0 1.0 0.0 0.061173848659595895 0.00924950832643735 0.02577319587628866 0.0014803849000740194 0.00010604671478683505
0 0.013157894736842105 0.0 1.0 0.0 0.041863604915152515 0.01618663957126536 0.010309278350515464 0.0025906735751295338 0.00038699402994021273
0 0.01 0.0 1.0 0.0 0.02327713128693049 0.0 0.008247422680412371 0.0 0.00022272998789106243
1 0.058823529411764705 0.0 1.0 0.0 0.02517006593796024 0.02914950784159425 0.01154132539091586 0.007118771075309104 0.05882352941176472
0 0.029411764705882353 0.0 1.0 0.0 0.053967501128027964 0.05072218122799012 0.011169024571854062 0.0086174597227426 0.002292433908455438
0 0.011494252873563218 0.0 1.0 0.0 0.046497680912780476 0.02809423753539923 0.008075076385857707 0.0032945310784098392 0.01646699056480825
0 0.125 0.0 1.0 0.0 0.08829332255709421 0.05307225185301099 0.028481012658227847 0.009554140127388535 0.0385268192003557
0 0.028571428571428574 0.0 1.0 0.0 0.07033693967496468 0.023427800663513736 0.018987341772151896 0.004549590536851683 0.10777929613692802
0 0.018518518518518517 0.0 1.0 0.0 0.06661597676997555 0.010932973642973076 0.01687763713080169 0.0021231422505307855 0.06452693358665192
0 0.017857142857142856 0.0 1.0 0.0 0.05452636633255986 0.008199730232229807 0.015031645569620253 0.0015923566878980893 0.09949227575017344
0 0.025 0.0 1.0 0.0 0.013036533128709667 0.0 0.002531645569620253 0.0 0.0006579866340809786
0 0.009259259259259259 0.0 1.0 0.0 0.027001653730312918 0.016829890515529855 0.011603375527426163 0.003184713375796179 0.06268712027299456
0 0.0125 0.0 1.0 0.0 0.0565369892254054 0.0099491128574975 0.01819620253164557 0.0015923566878980893 0.09804225805181294
0 0.011363636363636364 0.0 1.0 0.0 0.019418418148715016 0.0 0.007120253164556962 0.0 0.0003248680159592189
0 0.009259259259259259 0.0 1.0 0.0 0.05784661964362792 0.020637489618444662 0.01687763713080169 0.003538570417551309 0.07530376828482647
0 0.006410256410256411 0.0 1.0 0.0 0.016556245973051064 0.00712881341106638 0.010021097046413503 0.0021231422505307855 0.012486511902651353
0 0.011904761904761904 0.0 1.0 0.0 0.06854279908583429 0.00913403975680067 0.023206751054852325 0.0021231422505307855 0.13351892636290932
0 0.007407407407407408 0.0 1.0 0.0 0.01544459537905312 0.0 0.009142053445850914 0.0 0.020847246555121664
0 0.1111111111111111 0.0 1.0 0.0 0.038304220423719934 0.055607865521047906 0.01996007984031936 0.012048192771084336 0.1111111111111111
0 0.038461538461538464 0.0 1.0 0.0 0.031087011045741998 0.049545687811247525 0.011054813450023031 0.012048192771084338 6.243196872500707e-05
0 0.016666666666666666 0.0 1.0 0.0 0.03685684172085726 0.03631518323358317 0.004790419161676647 0.0024096385542168677 0.015104256195792374
0 0.025 0.0 1.0 0.0 0.022318639326153085 0.011715056658767563 0.013173652694610776 0.0024096385542168677 0.007984757095031972
0 0.0125 0.0 1.0 0.0 0.01694248435797602 0.0 0.012724550898203593 0.0 0.0154087453854614
1 0.006666666666666666 0.0 1.0 0.0 0.028821380269562512 0.020018831587577245 0.010538922155688621 0.004337349397590361 0.02714179039273811
0 0.038461538461538464 0.0 1.0 0.0 0.031087011045741998 0.049545687811247525 0.011054813450023031 0.012048192771084338 6.243196872500707e-05
0 0.016666666666666666 0.0 1.0 0.0 0.03685684172085726 0.03631518323358317 0.004790419161676647 0.0024096385542168677 0.015104256195792374
0 0.025 0.0 1.0 0.0 0.022318639326153085 0.011715056658767563 0.013173652694610776 0.0024096385542168677 0.007984757095031972
0 0.0125 0.0 1.0 0.0 0.01694248435797602 0.0 0.012724550898203593 0.0 0.0154087453854614
0 0.006060606060606061 0.0 1.0 0.0 0.02505310152837222 0.0 0.0055888223552894205 0.0 0.005380310060398801