0 0.058823529411764705 0.0 1.0 0.11764705882352941 0.05461423694915846 0.04858638199634135 0.01671826625386997 0.011889862327909884 0.058823529411764705
0 0.125 0.0 1.0 0.0 0.02558815007046599 0.03323427060908739 0.018421052631578946 0.007978723404255319 0.00047027473677900707
0 0.05555555555555555 0.0 1.0 0.0 0.09709356413043635 0.06257275296048644 0.02631578947368421 0.012411347517730495 0.10605963949558735
0 0.027777777777777776 0.0 1.0 0.0 0.012045451662784373 0.022156180406058257 0.004678362573099415 0.002364066193853428 0.0001635319273346523
0 0.014285714285714287 0.0 1.0 0.0 0.03186205470690462 0.004747752944155341 0.015789473684210527 0.0 0.024658360785092582
0 0.01282051282051282 0.0 1.0 0.0 0.019675323333986857 0.02556482354545184 0.00728744939271255 0.0 0.000736569619750656
0 0.02857142857142857 0.0 1.0 0.0 0.07640438812512382 0.0 0.02947368421052632 0.0 0.014438612424478997
0 0.0078125 0.0 1.0 0.0 0.0283585442050046 0.007386829380250643 0.0059210526315789476 0.0013297872340425532 0.03226244285761727
0 0.0101010101010101 0.0 1.0 0.0 0.019160151386083936 0.0 0.010526315789473682 0.0 0.00011434552452658353
1 0.037037037037037035 0.0 1.0 0.07407407407407407 0.06463892881199185 0.074004104091061 0.019063180827886713 0.01216141514648977 0.037037037037037035
0 0.038461538461538464 0.0 1.0 0.0 0.06816820153708808 0.014346826347895358 0.016968325791855206 0.002296211251435132 0.04414422282433032
0 0.023809523809523808 0.0 1.0 0.0 0.006538967770124536 0.0 0.007352941176470588 0.0 0.00806446762206022
0 0.041666666666666664 0.0 1.0 0.0 0.12543682429271988 0.027636296984818325 0.034313725490196074 0.004975124378109453 0.15958257121086422
0 0.025 0.0 1.0 0.0 0.07647226065226234 0.01921429323074746 0.022058823529411766 0.0037313432835820895 0.056036836351034194
0 0.16666666666666666 0.0 1.0 0.0 0.05123811528199323 0.07888943023369228 0.01990049751243781 0.012626262626262626 0.16666666666666663
0 0.125 0.0 1.0 0.0 0.05549599855454253 0.08941620127618874 0.022388059701492536 0.015151515151515152 0.00015799283027509542
0 0.041666666666666664 0.0 1.0 0.0 0.07084904566545508 0.09050590609608186 0.018656716417910446 0.015151515151515152 0.07604014801303777
0 0.027777777777777776 0.0 1.0 0.0 0.034286373771969164 0.031555772093476916 0.006633499170812604 0.0016835016835016836 5.4898861072185155e-05
0 0.022222222222222223 0.0 1.0 0.0 0.02530199435675382 0.0 0.009950248756218905 0.0 5.7317022124968206e-05
0 0.016666666666666666 0.0 1.0 0.0 0.033714497247645636 0.0 0.017910447761194027 0.0 4.850335798768961e-05
0 0.017857142857142856 0.0 1.0 0.0 0.059307764998013254 0.019505418885758786 0.02052238805970149 0.003787878787878788 0.07673340463037386
0 0.009615384615384616 0.0 1.0 0.0 0.042679631109171286 0.012948474811068728 0.01722158438576349 0.002331002331002331 3.1013990987796065e-05