0 0.1111111111111111 0.0 1.0 0.1111111111111111 0.06107908888450105 0.07006028007946014 0.035555555555555556 0.022675736961451243 0.1111111111111111
0 0.041666666666666664 0.0 1.0 0.08333333333333333 0.026627312034199716 0.03503014003973006 0.028333333333333335 0.006802721088435374 0.08586987073617658
0 0.08333333333333333 0.0 1.0 0.0 0.0 0.031877769767900146 0.03 0.0 0.0014895156860103755
0 0.03125 0.0 1.0 0.0 0.04036922744893335 0.015938884883950073 0.005 0.0 0.0003118286506269682
0 0.022222222222222223 0.0 1.0 0.0 0.0355412006661024 0.03902161202225048 0.022222222222222223 0.009070294784580497 0.0002585972479492575
0 0.020833333333333332 0.0 1.0 0.0 0.03562827330283509 0.09002814456559784 0.034999999999999996 0.015306122448979591 0.03334808932937978
0 0.05263157894736842 0.0 1.0 0.05263157894736842 0.018933827460549318 0.022762350465789182 0.013471177944862156 0.0066183422628427364 0.05263157894736842
0 0.25 0.0 1.0 0.0 0.017492293925564468 0.01870671519313901 0.03273809523809524 0.0029940119760479044 0.10313429004073063
0 0.015873015873015872 0.0 1.0 0.0 0.029464034917769763 0.03431870182611363 0.011337868480725625 0.00627316794981466 0.001871987833645012
0 0.020833333333333332 0.0 1.0 0.0 0.016010422688488356 0.03117785865523169 0.00248015873015873 0.0014970059880239524 0.007492549214829479
0 0.03333333333333333 0.0 1.0 0.0 0.02101635160658318 0.01870671519313901 0.01091269841269841 0.0 0.05435217726254704
0 0.01111111111111111 0.0 1.0 0.0 0.028872248849039894 0.008691934400465277 0.007142857142857142 0.001596806387225549 0.006108497888874761
0 0.012987012987012986 0.0 1.0 0.0 0.0154695499690156 0.0 0.005952380952380951 0.0 0.016924525367768683
0 0.0125 0.0 1.0 0.0 0.033277470412367526 0.0 0.020833333333333332 0.0 0.006989825385077487
0 0.006944444444444444 0.0 1.0 0.0 0.02614326942009873 0.017605934788430897 0.017113095238095236 0.0037425149700598802 0.031331418947020184
0 0.007692307692307693 0.0 1.0 0.0 0.02422438177564488 0.0036346916457986036 0.00824175824175824 0.0009212344541685859 0.0008580438549727655
0 0.006060606060606061 0.0 1.0 0.0 0.01678372346608538 0.006869673014695594 0.014682539682539682 0.001596806387225549 0.004089211804997851
1 0.011904761904761904 0.0 1.0 0.2857142857142857 0.004723550760160275 0.0 0.00510204081632653 0.0 0.010205665378997735
0 0.015384615384615385 0.0 1.0 0.0 0.013939389866257274 0.0 0.02261904761904762 0.0 0.07176250870512174
0 0.007936507936507936 0.0 1.0 0.0 0.03098317051214509 0.009258692539070516 0.021825396825396828 0.001996007984031936 0.006278102210803421
0 0.009523809523809523 0.0 1.0 0.0 0.01653488684836481 0.0 0.007653061224489796 0.0 0.0007530739957374912
1 0.02631578947368421 0.0 1.0 0.0 0.017739207884988662 0.035795822588600236 0.00884564352056612 0.006021409455843 0.02631578947368421
0 0.16666666666666666 0.0 1.0 0.0 0.0 0.0 0.008403361344537815 0.0 0.0319597910214836
0 0.023809523809523808 0.0 1.0 0.0 0.028103290126539678 0.04626116023399746 0.01800720288115246 0.009685230024213076 0.01573114701127162
0 0.022727272727272728 0.0 1.0 0.0 0.034690999354027925 0.052011456006165684 0.020626432391138275 0.01078582434514638 0.0013043374592019335
0 0.05 0.0 1.0 0.0 0.01837713254831865 0.0 0.014705882352941176 0.0 0.0011924487702611151
0 0.008771929824561403 0.0 1.0 0.10526315789473684 0.03760380598999869 0.013460021360836384 0.01901813356921716 0.003568242640499554 0.017175616280035343
0 0.006211180124223602 0.0 1.0 0.0 0.03332710936698905 0.010254837793826813 0.01059554256485203 0.002210759027266028 0.006305551053444701
0 0.017857142857142856 0.0 1.0 0.0 0.02514273233441177 0.0 0.01920768307322929 0.0 0.005336794493510365