0 0.07692307692307693 0.0 1.0 0.0 0.07363719879719254 0.0758247361192052 0.02934179222839017 0.016826923076923076 0.07692307692307693
0 0.017241379310344827 0.0 1.0 0.0 0.04979527213952899 0.051081170176937245 0.02879488091006044 0.011494252873563218 0.025493102967461653
1 0.013333333333333332 0.0 1.0 0.0 0.07834544940835342 0.07302287258496515 0.03876288659793815 0.017083333333333332 0.02102912968666775
1 0.022727272727272728 0.0 1.0 0.0 0.05313125573915893 0.08023593054761811 0.04686035613870665 0.017045454545454544 0.029598023652543402
1 0.010526315789473684 0.0 1.0 0.0 0.030322638358527488 0.03116057080750324 0.024416711882799782 0.00712719298245614 0.03812237507667863
0 0.034482758620689655 0.0 1.0 0.06896551724137931 0.032181845575695645 0.028053685097436224 0.019348659003831415 0.009632055480639563 0.034482758620689655
0 0.018518518518518517 0.0 1.0 0.0 0.02239421633234021 0.03564118744103907 0.012345679012345678 0.004552038071591145 0.025137824611869596
0 0.015873015873015872 0.0 1.0 0.0 0.038713367554744624 0.03273367911164222 0.01825396825396825 0.004256451183825486 0.01424918261887303
0 0.01 0.0 1.0 0.0 0.03160460742461366 0.022967630773687225 0.018444444444444444 0.004469273743016759 0.01600120679274468
0 0.03333333333333333 0.0 1.0 0.0 0.013717232155489612 0.0 0.007407407407407408 0.0 0.0022972776534069305
0 0.006666666666666666 0.0 1.0 0.0 0.05539288527794098 0.04620218292075897 0.027111111111111117 0.010502793296089385 0.029500036488706412
0 0.012987012987012986 0.0 1.0 0.0 0.04566369227501818 0.04303156051715831 0.03131313131313131 0.009141696292534281 0.050330788758753235
0 0.007352941176470588 0.0 1.0 0.0 0.02212475376388996 0.011683819598622162 0.013398692810457514 0.0026289845547157412 0.011625086463402049
0 0.005847953216374269 0.0 1.0 0.0 0.04024393280950234 0.03231429915983027 0.02222222222222222 0.006762716847985887 0.04514830643036923
1 0.09090909090909091 0.0 1.0 0.0 0.04218148895583939 0.09548650675831988 0.04090909090909091 0.02564102564102564 0.09090909090909093
0 0.027777777777777776 0.0 1.0 0.0 0.08197424701779453 0.07001653946493373 0.03333333333333333 0.008547008547008548 0.01824841065712802
0 0.0303030303030303 0.0 1.0 0.0 0.022056664790347576 0.0 0.01363636363636364 0.0 0.0084087142549715