0 0.0625 0.0 1.0 0.125 0.02828721147946317 0.024639092740078236 0.010284810126582278 0.005561440677966103 0.0625
0 0.03125 0.0 1.0 0.0 0.03792247592101708 0.02077647474744963 0.010812236286919833 0.004502118644067798 0.04609603611952322
0 0.037037037037037035 0.0 1.0 0.0 0.018701766901447727 0.022227756249448047 0.007969995311767463 0.004708097928436912 0.04707898600189719
0 0.03125 0.0 1.0 0.0 0.030270085469014968 0.014841810671437472 0.011603375527426161 0.00423728813559322 0.09921764226030365
0 0.018181818181818184 0.0 1.0 0.36363636363636365 0.006754683849444815 0.013200840301302919 0.004602991944764096 0.00423728813559322 0.007557254545037109
1 0.013888888888888888 0.0 1.0 0.0 0.04226829953440284 0.028642829301702723 0.01617440225035162 0.00211864406779661 0.046888428051176934
0 0.008403361344537815 0.0 1.0 0.0 0.01781690300186129 0.01915007682301524 0.00570861255894763 0.0004985044865403788 7.72283822916612e-05
0 0.005681818181818182 0.0 1.0 0.0 0.023641056980138297 0.002139790328947798 0.006329113924050631 0.0003852080123266564 0.030554566136683635
0 0.0044444444444444444 0.0 1.0 0.08 0.03473201041608389 0.005059986442613942 0.012320675105485233 0.0011864406779661016 0.01638267741134196
0 0.004 0.0 1.0 0.0 0.0323240778921375 0.005649046468422186 0.010801687763713081 0.001016949152542373 0.017773956312652904
0 0.0023923444976076554 0.0 1.0 0.0 0.035970180167537835 0.014839216971402924 0.01032644903397735 0.0027876895628902764 0.009150801282324868
0 0.005208333333333333 0.0 1.0 0.0 0.03829715299116914 0.01642710092727664 0.013185654008438819 0.0031779661016949155 0.03806780059554579
0 0.0034965034965034965 0.0 1.0 0.0 0.01474144829408486 0.003610194264931681 0.006712696586114306 0.000963020030816641 6.118263654657268e-05
0 0.0625 0.0 1.0 0.0 0.04827755015610394 0.036843585478785 0.013602941176470588 0.007026627218934912 0.06250000000000001
0 0.038461538461538464 0.0 1.0 0.0 0.01277751657035386 0.028438975304999684 0.0027149321266968325 0.005461993627674102 0.0027282845774201847
0 0.027777777777777776 0.0 1.0 0.0 0.02451487330697996 0.026140784046206938 0.009313725490196078 0.004930966469428008 0.047029778905970036
0 0.020833333333333332 0.0 1.0 0.0 0.021129749217628516 0.019979006063457004 0.006862745098039216 0.0009861932938856016 0.029063415587957175
0 0.014285714285714287 0.0 1.0 0.0 0.03969202514588168 0.03374398267434053 0.013025210084033614 0.005494505494505495 0.040053447273905196
0 0.011904761904761904 0.0 1.0 0.0 0.025570400645468942 0.011346477268753045 0.009663865546218486 0.0021132713440405746 0.04541528738954461
0 0.017857142857142856 0.0 1.0 0.25 0.012166841210433137 0.0055667695631959006 0.004411764705882353 0.0014792899408284023 0.00035093608773319965
0 0.020833333333333332 0.0 1.0 0.0 0.043060936497100945 0.03080888991374965 0.014705882352941175 0.004930966469428008 0.11367396669465786
1 0.0020964360587002093 0.0 1.0 0.0 0.028894951795971964 0.011433878259674315 0.011431742508324084 0.002232890476722117 0.012989832517081142
0 0.004545454545454546 0.0 1.0 0.0 0.026127340357788364 0.006349079380557779 0.006417112299465241 0.0010758472296933835 0.01078646929855487
0 0.08333333333333333 0.0 1.0 0.16666666666666666 0.05155196202741757 0.04628882219561361 0.021035598705501615 0.00934959349593496 0.08333333333333333
0 0.08333333333333333 0.0 1.0 0.0 0.0443895857673089 0.03838354006002248 0.008090614886731391 0.0065040650406504065 0.0005149907337590124
0 0.06666666666666667 0.0 1.0 0.0 0.05703845019063673 0.055546586634736314 0.02330097087378641 0.01073170731707317 0.15745848578280158
0 0.020833333333333332 0.0 1.0 0.3333333333333333 0.04032237879657207 0.055112420927929985 0.018203883495145626 0.01056910569105691 0.07493236806655221
0 0.016666666666666666 0.0 1.0 0.0 0.026741131196404495 0.02031883861628758 0.00849514563106796 0.0032520325203252032 0.07052527675230363
0 0.016666666666666666 0.0 1.0 0.0 0.03381435726695931 0.04707935040917271 0.017475728155339803 0.006829268292682926 0.0776422002950123
0 0.007936507936507936 0.0 1.0 0.0 0.03436336786492046 0.014487749904698125 0.009708737864077667 0.002168021680216802 0.037959959027072686
1 0.0125 0.0 1.0 0.0 0.06957786985934561 0.029581677434281316 0.020873786407766985 0.005853658536585366 0.06540774565658346
0 0.013888888888888888 0.0 1.0 0.0 0.029535738782192757 0.0 0.01577669902912621 0.0012195121951219512 0.0879819111583048
0 0.008333333333333333 0.0 1.0 0.0 0.03657869625158719 0.0 0.011326860841423947 0.0 0.06021294080077528
0 0.00909090909090909 0.0 1.0 0.0 0.06393597901653193 0.05439002253813093 0.02427184466019417 0.01024390243902439 0.06952618845842773
0 0.007575757575757575 0.0 1.0 0.0 0.0514478672812158 0.05224534639121694 0.01897616946160635 0.009756097560975608 0.05377830876519079
0 0.002958579881656805 0.0 1.0 0.0 0.025147526752376456 0.0214952223728572 0.006908140403286033 0.004127579737335834 0.0006975643142814945
0 0.008928571428571428 0.0 1.0 0.0 0.05330884075278007 0.03895497536898904 0.020631067961165046 0.007317073170731707 0.10762674915668607
0 0.007407407407407408 0.0 1.0 0.0 0.005719817932749022 0.0 0.004314994606256742 0.0 0.0024690332588103835
0 0.00390625 0.0 1.0 0.0 0.04482889075277821 0.03992272568802517 0.01668689320388349 0.007621951219512196 0.04244599054966314
0 0.0028011204481792717 0.0 1.0 0.0 0.0054823112798244615 0.0 0.004160887656033287 0.0004645760743321719 0.00020748640252461206