0 0.07692307692307693 0.0 1.0 0.0 0.09259795767006078 0.10180289846259402 0.028402366863905328 0.016826923076923076 0.07692307692307691
0 0.1 0.0 1.0 0.0 0.05709052261014559 0.0976256699141942 0.018461538461538463 0.015625 0.11172138355426606
0 0.06666666666666667 0.0 1.0 0.0 0.04765904062735733 0.0 0.018461538461538463 0.0 0.06876479535455038
0 0.011904761904761904 0.0 1.0 0.0 0.05032018568809098 0.02583011050953184 0.012454212454212455 0.004464285714285714 0.027821235215059987
1 0.025 0.0 1.0 0.0 0.10557634886365218 0.0 0.023076923076923078 0.0 0.08911829514845207
0 0.027777777777777776 0.0 1.0 0.0 0.05494785850170587 0.0 0.012820512820512822 0.0 0.08078045553912011
0 0.03571428571428571 0.0 1.0 0.0 0.029616520013154297 0.0 0.015384615384615385 0.0 0.008067603079030868
0 0.041666666666666664 0.0 1.0 0.6666666666666666 0.0 0.0 0.0 0.0 0.03984254641188919
1 0.05 0.0 1.0 0.0 0.059666554599241604 0.10216967560849244 0.022388059701492536 0.01742424242424242 0.05
0 0.023809523809523808 0.0 1.0 0.0 0.0391404251627662 0.026177186271424967 0.011371712864250177 0.005050505050505051 0.030157541364486822
0 0.041666666666666664 0.0 1.0 0.0 0.08259362690205399 0.021041271567986682 0.022388059701492536 0.003787878787878788 0.0750555096431923
0 0.03125 0.0 1.0 0.0 0.04393643349228615 0.0 0.009328358208955223 0.0 0.05190025669349404
0 0.02 0.0 1.0 0.0 0.04741721823697946 0.02340650266291054 0.014925373134328356 0.004545454545454545 0.05285902410481056
0 0.07142857142857142 0.0 1.0 0.0 0.09012280189166058 0.12272941360641557 0.02613240418118467 0.02142857142857143 0.07142857142857142
0 0.041666666666666664 0.0 1.0 0.0 0.0774065169377516 0.0 0.016260162601626018 0.0 0.02708729361667224
1 0.02222222222222222 0.0 1.0 0.0 0.08407692122326305 0.0 0.016260162601626015 0.0 0.03227059944213233