0 0.1 0.0 1.0 0.0 0.06961163435358886 0.02952699301627107 0.02145922746781116 0.00603448275862069 0.09999999999999998
0 0.08333333333333333 0.0 1.0 0.0 0.03329804521970585 0.013465609643337132 0.012875536480686693 0.003591954022988506 0.07565873573237479
0 0.0303030303030303 0.0 1.0 0.0 0.04318060505620553 0.016594829843432257 0.01404603979711276 0.004310344827586208 0.06448443197558594
0 0.025 0.0 1.0 0.0 0.020177243450198303 0.02538659905458111 0.009871244635193135 0.004741379310344828 0.05468852602237081
0 0.04 0.0 1.0 0.0 0.008343252280275791 0.018770082476866824 0.006008583690987125 0.004310344827586207 0.0010963885682912901
0 0.00980392156862745 0.0 1.0 0.0 0.056379062836165166 0.02656553897577965 0.017167381974248927 0.004310344827586208 0.047164354249643305
0 0.02857142857142857 0.0 1.0 0.0 0.038556466735935456 0.021544975429339412 0.014592274678111588 0.0 0.09522686241663184
1 0.011363636363636364 0.0 1.0 0.0 0.0199335223725305 0.014872867008529262 0.009754194303550527 0.0023510971786833857 0.044068691666759446
0 0.018518518518518517 0.0 1.0 0.0 0.05198892623307311 0.03422286755605136 0.022889842632331906 0.005747126436781609 0.07239564223701334
0 0.0058823529411764705 0.0 1.0 0.0 0.04287126565685931 0.028152192404779994 0.014642766978035848 0.004817444219066937 0.04254846690536317
0 0.006993006993006993 0.0 1.0 0.0 0.008082571955544363 0.0 0.003961703532518983 0.0 0.0002733602041390186
0 0.009259259259259259 0.0 1.0 0.0 0.02949373191306578 0.018790127481177733 0.00715307582260372 0.0038314176245210726 0.04969027788813453
0 0.005494505494505495 0.0 1.0 0.0 0.051362311581749025 0.017750035408799873 0.014714898835070508 0.003078817733990148 0.0334820756840855
0 0.008928571428571428 0.0 1.0 0.0 0.02258967325990648 0.005548955372672758 0.009120171673819743 0.0010775862068965517 0.00033231405535680676
0 0.011111111111111112 0.0 1.0 0.0 0.020704962084240854 0.007398607163563677 0.007868383404864092 0.0014367816091954023 0.0005314478361914154
0 0.00625 0.0 1.0 0.0 0.03425567730158493 0.0 0.007296137339055794 0.0 0.03351652832787006
0 0.007352941176470588 0.0 1.0 0.0 0.04144520408893174 0.0 0.0101931330472103 0.0 0.042444449563318186
0 0.00505050505050505 0.0 1.0 0.18181818181818182 0.020511372010537477 0.005452905519679853 0.007803355442840421 0.0011755485893416929 0.0017933825487663972
0 0.007518796992481203 0.0 1.0 0.0 0.04763902125976153 0.006841004549197639 0.015328019619865114 0.0012315270935960591 0.10158461897240754
0 0.005 0.0 1.0 0.0 0.022420922691004493 0.004439164298138206 0.006437768240343348 0.0008620689655172414 0.0002529761584742845
0 0.0047619047619047615 0.0 1.0 0.0 0.04099409078432865 0.010437360369786045 0.014592274678111588 0.0021551724137931034 0.03478809559564588
0 0.003246753246753247 0.0 1.0 0.0 0.0449054506736965 0.007267819315552286 0.016247700797057025 0.0012315270935960591 0.042733246342092454
0 0.006211180124223602 0.0 1.0 0.0 0.015243960008825826 0.007694634081906932 0.004291845493562232 0.0012315270935960591 0.0005520947221666118
0 0.005208333333333333 0.0 1.0 0.0 0.033640271096924766 0.0127186838022165 0.012875536480686695 0.0021551724137931034 0.05332426349133432
0 0.125 0.0 1.0 0.0 0.0327412297483604 0.020065974402022447 0.015734265734265736 0.00704225352112676 0.125
0 0.027777777777777776 0.0 1.0 0.0 0.04870466237580208 0.02761426656472172 0.015540015540015542 0.007824726134585288 0.019137820009613303
0 0.02564102564102564 0.0 1.0 0.0 0.023156714778746514 0.012348291939706121 0.01183431952662722 0.007042253521126762 0.031800622224335655
0 0.020833333333333332 0.0 1.0 0.0 0.024972968885099617 0.007333383655526326 0.01048951048951049 0.0 0.03751964085945859
0 0.03333333333333333 0.0 1.0 0.0 0.029628366219964352 0.02675463253602993 0.018648018648018648 0.002347417840375587 0.0003230447369687422
0 0.016666666666666666 0.0 1.0 0.0 0.03367074208230131 0.030800211353210566 0.013286713286713287 0.0014084507042253522 0.005048881928745763
0 0.010989010989010988 0.0 1.0 0.0 0.06438948620447395 0.01234829193970612 0.017213555675094135 0.0021668472372697724 4.743775888339096e-05
0 0.008928571428571428 0.0 1.0 0.0 0.06099396349346586 0.01885727225706769 0.016483516483516484 0.002012072434607646 4.527795804128474e-05
0 0.009259259259259259 0.0 1.0 0.0 0.0698904852680305 0.03775470801931941 0.02272727272727273 0.002347417840375587 0.02036533935419494
0 0.006666666666666667 0.0 1.0 0.0 0.025370073719051974 0.0 0.010722610722610723 0.0 9.296122790018429e-05
0 0.006060606060606061 0.0 1.0 0.0 0.018412579594302505 0.0 0.004662004662004662 0.0 0.019989231443635947
0 0.011904761904761904 0.0 1.0 0.0 0.0 0.0 0.001998001998001998 0.0 0.0005842613666651296
0 0.058823529411764705 0.0 1.0 0.11764705882352941 0.027498370646065945 0.009188298344865337 0.010739565535757872 0.00392156862745098 0.0588235294117647
0 0.03125 0.0 1.0 0.0 0.04241835134638731 0.026010842047404968 0.014004149377593362 0.005729166666666666 0.04923422691964849
1 0.018518518518518517 0.0 1.0 0.1111111111111111 0.06612120435452194 0.036912128806158434 0.026509912402028588 0.006944444444444444 0.03165889275868812
0 0.016666666666666666 0.0 1.0 0.0 0.0604584055714704 0.03187043022737911 0.025172890733056712 0.005277777777777778 0.04612576961684579
0 0.016666666666666666 0.0 1.0 0.0 0.034377185502167486 0.032463470588813395 0.01313969571230982 0.0024305555555555556 0.07087316102436599
0 0.01515151515151515 0.0 1.0 0.0 0.018347429469762977 0.011833414535053844 0.006412674462466994 0.0 0.02605851714196478
1 0.008403361344537815 0.0 1.0 0.0 0.038960094249016995 0.01700377163347381 0.016353429338540393 0.0031862745098039215 0.04358332477608492
0 0.009615384615384616 0.0 1.0 0.0 0.029255551783316586 0.012073036709395798 0.012767315671879987 0.0022435897435897434 0.07573972703488142
0 0.0101010101010101 0.0 1.0 0.0 0.03196093602199787 0.007802167554303513 0.010562052055827989 0.0015151515151515152 0.0002463131926135651
0 0.016666666666666666 0.0 1.0 0.0 0.04137380905303193 0.014303973849556442 0.015214384508990318 0.002777777777777778 0.0005115866727071161
0 0.01818181818181818 0.0 1.0 0.0 0.04646887562419914 0.01716476861946773 0.016597510373443987 0.003333333333333333 0.0005993475167284814
0 0.007575757575757575 0.0 1.0 0.0 0.04488950175376024 0.0039010837771517566 0.015088645794039984 0.0007575757575757576 0.00015238862925490834
0 0.006993006993006993 0.0 1.0 0.0 0.04927929311240719 0.01841203291076381 0.01772915880799698 0.003409090909090909 0.011382298272856684
0 0.007142857142857143 0.0 1.0 0.0 0.044289134836829926 0.012873576464600796 0.012863070539419087 0.0025 0.0001952560140484884
0 0.009523809523809523 0.0 1.0 0.0 0.04042272584077362 0.0 0.013040901007705986 0.0 0.0003372732715407924
0 0.003676470588235294 0.0 1.0 0.0 0.04839041065355649 0.012253446383709891 0.015377105198926044 0.0022058823529411764 8.035691886183845e-05
0 0.00392156862745098 0.0 1.0 0.0 0.023689926650510076 0.0 0.010511756569847855 0.0 0.014494484900041968
0 0.0037037037037037034 0.0 1.0 0.0 0.0525742919731172 0.01662406536516349 0.02074688796680498 0.0030555555555555557 0.05082696323268109
0 0.0037593984962406013 0.0 1.0 0.0 0.04380225419098444 0.01818567042661706 0.01896858328393598 0.003273809523809524 0.06175462322801622