0 0.16666666666666666 0.0 1.0 0.0 0.07428520474405086 0.04962209000988966 0.029325513196480937 0.011764705882352943 0.16666666666666666
0 0.03125 0.0 1.0 0.25 0.04622219076452232 0.03029530284466568 0.02126099706744868 0.007536764705882352 0.056419168656188214
0 0.047619047619047616 0.0 1.0 0.0 0.06451266353063877 0.04515844810700981 0.028068705488060324 0.010504201680672271 0.14437850676994785
0 0.05 0.0 1.0 0.0 0.0328982744979025 0.024851878244555342 0.025219941348973606 0.0058823529411764705 0.0010134984977966763
0 0.011111111111111112 0.0 1.0 0.0 0.04663161449522567 0.03176952017600664 0.028022157054415117 0.008496732026143788 0.04261480052666559
0 0.041666666666666664 0.0 1.0 0.0 0.03143018043072743 0.022895883549887586 0.024193548387096774 0.0058823529411764705 0.001497289939311207
0 0.015873015873015872 0.0 1.0 0.0 0.04620242195605753 0.04174930488794651 0.02606712284131639 0.010784313725490198 0.10155992831013039
0 0.020833333333333332 0.0 1.0 0.0 0.055712312448745 0.02287127567892734 0.028836754643206258 0.004411764705882353 0.13287217469252877
0 0.013888888888888888 0.0 1.0 0.0 0.03182787950202352 0.01735726260067193 0.011363636363636364 0.0029411764705882353 0.10085555539252339
0 0.014285714285714287 0.0 1.0 0.0 0.06324616154254183 0.012543663870345485 0.025555090071219106 0.0029411764705882353 0.08174185058094016
0 0.010101010101010102 0.0 1.0 0.0 0.048599493512284694 0.015881715240178937 0.017595307917888565 0.00065359477124183 0.06410522695097248
0 0.010416666666666666 0.0 1.0 0.0 0.037990305193428116 0.015318594422554444 0.015762463343108504 0.0022058823529411764 0.09681702278053188
0 0.009615384615384616 0.0 1.0 0.0 0.03493414585850979 0.014040853925396852 0.015029325513196481 0.0014705882352941176 0.09755745764118395
1 0.0047619047619047615 0.0 1.0 0.0 0.05407166169223103 0.03803517727972242 0.02834799608993157 0.009411764705882352 0.0387389049781564
1 0.0035087719298245615 0.0 1.0 0.0 0.04270655313365086 0.03682414026408556 0.025466893039049233 0.009442724458204335 0.035209524974995104
0 0.010416666666666666 0.0 1.0 0.0 0.02846868421089398 0.014486753130677267 0.02541544477028348 0.004901960784313725 0.011694690941681992
0 0.006535947712418301 0.0 1.0 0.0 0.02706571005654673 0.01332483745885335 0.02150537634408602 0.00261437908496732 0.005718906283874251
0 0.013888888888888888 0.0 1.0 0.5 0.03382774753219747 0.027079812384247698 0.0249266862170088 0.005147058823529412 0.0013791072146550904
1 0.02631578947368421 0.0 1.0 1.0 0.03187302213921582 0.0 0.030791788856304986 0.0 0.004354751118935652
0 0.0071428571428571435 0.0 1.0 0.0 0.01702369954585707 0.003897987363087671 0.013405948889819858 0.0008403361344537815 0.010239091976728792
0 0.011904761904761904 0.0 1.0 0.0 0.014726377080997676 0.0 0.005131964809384165 0.0 0.002151869067800241
1 0.011363636363636364 0.0 1.0 0.5 0.032763046411294475 0.01789151403938236 0.02346041055718475 0.003676470588235294 0.0014034547069178875
0 0.004830917874396135 0.0 1.0 0.2222222222222222 0.02587894822939433 0.0267800193782929 0.02574128380579994 0.00522875816993464 0.00048056447257808024
0 0.006944444444444444 0.0 1.0 0.0 0.0187488305906521 0.0 0.007820136852394917 0.0 0.000870473862753558
0 0.003076923076923077 0.0 1.0 0.0 0.030883332113561198 0.014752662001337099 0.014662756598240468 0.0036199095022624436 0.060071011253978804
0 0.0034965034965034965 0.0 1.0 0.0 0.034904340453322094 0.028541668874367047 0.018928285790455877 0.006149732620320855 0.07001676140093102
0 0.0037037037037037034 0.0 1.0 0.0 0.024701282900159324 0.015085573870496175 0.014369501466275659 0.003823529411764706 0.08292091621936941
0 0.004464285714285714 0.0 1.0 0.0 0.010649862558380251 0.0 0.005131964809384164 0.0 0.0007206996364411698
0 0.0034482758620689655 0.0 1.0 0.0 0.003914375910597868 0.0 0.002346041055718475 0.0 0.0010671535960024852
0 0.008333333333333333 0.0 1.0 0.0 0.011114434783229394 0.0068214778854034245 0.005131964809384165 0.0014705882352941176 0.00275232235475394
0 0.008064516129032258 0.0 1.0 0.0 0.01518693895767843 0.0068214778854034245 0.005131964809384165 0.0014705882352941176 0.002644126278352857
0 0.002232142857142857 0.0 1.0 0.14285714285714285 0.008107197468869839 0.0 0.0010473397570171764 0.0 0.00040898323305844426
0 0.006060606060606061 0.0 1.0 0.0 0.055205144136724796 0.03017114774099235 0.02756598240469208 0.007647058823529412 0.16315434540678822
0 0.001838235294117647 0.0 1.0 0.0 0.006788981913589946 0.0 0.001466275659824047 0.0 0.00036648061055698293
0 0.004081632653061224 0.0 1.0 0.0 0.022417396637853155 0.003897987363087671 0.013405948889819858 0.0008403361344537815 0.0006472007993303675
0 0.0023148148148148147 0.0 1.0 0.0 0.030347480600903434 0.009188298344865337 0.010508308895405672 0.0014705882352941176 0.0002450743232896428
0 0.0013513513513513514 0.0 1.0 0.1 0.035971099207942926 0.0029444644409496643 0.013196480938416421 0.000588235294117647 0.026174836241733824
0 0.0023923444976076554 0.0 1.0 0.0 0.03887538580358045 0.0029705324566569433 0.014129565449213543 0.0005347593582887701 0.06510651148125811
0 0.08333333333333333 0.0 1.0 0.16666666666666666 0.030699292765120584 0.025641404656927647 0.01593137254901961 0.007407407407407405 0.08333333333333333
0 0.1 0.0 1.0 0.0 0.031088208407792334 0.018512719628173125 0.013235294117647059 0.0059259259259259265 0.20836055937833714
0 0.03333333333333333 0.0 1.0 0.0 0.04375371879929137 0.04652139009233869 0.029411764705882353 0.01185185185185185 0.018719882550796197
0 0.041666666666666664 0.0 1.0 0.0 0.04595291066298248 0.03585554295704436 0.024509803921568624 0.003703703703703704 0.0003796044853920527
0 0.04 0.0 1.0 0.0 0.05900812201921222 0.07453006055650424 0.044117647058823525 0.011851851851851853 0.0003009541683554505
0 0.041666666666666664 0.0 1.0 0.0 0.0528768425757772 0.04221286466795833 0.009191176470588236 0.003703703703703704 0.000678610024538682
0 0.015873015873015872 0.0 1.0 0.0 0.07900639071087141 0.09774828251191371 0.05718954248366012 0.023045267489711932 0.0001011920689504497
0 0.008928571428571428 0.0 1.0 0.0 0.033998126087346314 0.028027679794546394 0.01523109243697479 0.005291005291005291 9.33852642576965e-05
0 0.027777777777777776 0.0 1.0 0.0 0.026551731655199848 0.0339743058994464 0.04044117647058823 0.009259259259259259 0.0008472721871059766
0 0.0125 0.0 1.0 0.0 0.026604850073990636 0.03349190630261348 0.035845588235294115 0.008333333333333333 0.00030915720193036924
0 0.022727272727272728 0.0 1.0 0.0 0.021590341413258336 0.018971275169178962 0.016544117647058824 0.005555555555555556 0.0011039837221104801
1 0.0030864197530864196 0.0 1.0 0.07407407407407407 0.037278471206765515 0.014152543333490475 0.01906318082788671 0.0032921810699588472 0.017163720877326247
0 0.007692307692307693 0.0 1.0 0.0 0.02784023437506037 0.023380490557122276 0.024264705882352938 0.0059259259259259265 0.002879821574827472
0 0.00510204081632653 0.0 1.0 0.0 0.022545960292083472 0.011327329396601906 0.01207983193277311 0.0021164021164021165 0.06503363059172557
0 0.016666666666666666 0.0 1.0 0.0 0.01214560255640437 0.0 0.011029411764705881 0.0 0.001295811186593708
0 0.1 0.0 1.0 0.1 0.021759635666931718 0.05979779644463508 0.01818181818181818 0.012244897959183671 0.1
0 0.1 0.0 1.0 0.0 0.04770822580885349 0.046520299838158155 0.022222222222222223 0.012244897959183673 0.000548612603152368
1 0.06666666666666667 0.0 1.0 0.0 0.0690731595591537 0.05927140774531821 0.014141414141414144 0.01020408163265306 0.0004475720870826718
0 0.03125 0.0 1.0 0.0 0.01474340346484079 0.026003828204139826 0.016414141414141416 0.01020408163265306 0.0003613930319654541
0 0.05 0.0 1.0 0.0 0.0151007390731664 0.015938884883950073 0.005050505050505051 0.0 0.0011282000384064208
0 0.016666666666666666 0.0 1.0 0.0 0.018510541623773916 0.025502215814320116 0.006060606060606061 0.0 0.00023882103887151214
0 0.011904761904761904 0.0 1.0 0.0 0.05568738731036232 0.0 0.01346801346801347 0.0 0.04370643995318719
0 0.017857142857142856 0.0 1.0 0.0 0.023069471307812287 0.01725418854889672 0.021645021645021644 0.004373177842565598 0.11816072086946705
1 0.009259259259259259 0.0 1.0 0.16666666666666666 0.028309304336621155 0.017953727269295755 0.021043771043771045 0.005952380952380952 0.059856330175965554
0 0.00625 0.0 1.0 0.0 0.014201686346696003 0.0050324716600948765 0.00946969696969697 0.0012755102040816326 0.0001408820326066989
0 0.00909090909090909 0.0 1.0 0.0 0.03568779818476256 0.0 0.011111111111111112 0.0 0.06648324419746868