0 0.14285714285714285 0.0 1.0 0.0 0.01108672377881057 0.008039348396491971 0.006450071667462971 0.0016750418760469008 0.14285714285714288
0 0.125 0.0 1.0 0.0 0.017425899280697935 0.005232866729069036 0.005016722408026756 0.001256281407035176 0.10679897391037704
0 0.06666666666666667 0.0 1.0 0.0 0.007940827110537719 0.006279440074882843 0.0020066889632107026 0.001340033500837521 0.11326013848659511
0 0.03125 0.0 1.0 0.0 0.009269610929919143 0.01308216682267259 0.003971571906354515 0.0025125628140703514 0.00038939381689322985
0 0.04 0.0 1.0 0.2 0.007843166977573889 0.012558880149765686 0.003678929765886288 0.002345058626465661 0.0009428894114065416
0 0.008771929824561403 0.0 1.0 0.05263157894736842 0.007298641387040272 0.012624947854600157 0.003784544974476324 0.002468482764700697 0.00010658723783744489
0 0.011904761904761904 0.0 1.0 0.0 0.007825475210186391 0.013998247167715305 0.0037625418060200666 0.0025125628140703514 0.00019394151076583476
0 0.009615384615384616 0.0 1.0 0.0 0.011795614347265811 0.009729504368636739 0.006688963210702341 0.0021904393763690242 0.0001277729257712129
0 0.004830917874396135 0.0 1.0 0.08695652173913043 0.02717336019337914 0.008975649696549763 0.00996073869419805 0.002330493044934819 0.001812845458857529
0 0.02 0.0 1.0 0.0 0.016718337178614918 0.010465733458138072 0.00802675585284281 0.001675041876046901 0.05454292758521628
0 0.005681818181818182 0.0 1.0 0.0 0.015977130114470713 0.010289428189865949 0.007107023411371237 0.0023031825795644884 0.013684813996786659
0 0.003968253968253968 0.0 1.0 0.09523809523809523 0.022774760756632192 0.012943715564383798 0.008918617614269788 0.0020738613703437823 0.00015417426741679902
0 0.005128205128205128 0.0 1.0 0.0 0.05356641097537516 0.02298997544658132 0.018171683389074694 0.004913456169737577 2.105527069055483e-05
0 0.007142857142857143 0.0 1.0 0.0 0.013115266338161877 0.015270127525804433 0.006521739130434782 0.0021775544388609714 0.00019984618286360826
0 0.0044444444444444444 0.0 1.0 0.0 0.003976780008145498 0.0020931466916276143 0.0014492753623188406 0.0 0.00020244263644489215
0 0.03125 0.0 1.0 0.0 0.10746071167987857 0.008625511869079262 0.026755852842809368 0.0016750418760469012 0.00027829422888721474
0 0.014705882352941176 0.0 1.0 0.0 0.017567347923571782 0.01986028526276946 0.012541806020066892 0.005443886097152429 0.000635239617695694
0 0.00505050505050505 0.0 1.0 0.0 0.03373551986812678 0.007294205540527424 0.013681970203709332 0.001979594944419065 0.005986313766049415
0 0.005263157894736842 0.0 1.0 0.0 0.031085991131141938 0.009054371489476966 0.009197324414715718 0.0018425460636515914 5.315608108347474e-05
0 0.0029411764705882353 0.0 1.0 0.0 0.0370835681217661 0.020603512173621694 0.012689356679126499 0.004236870627648043 2.2074743896924064e-05
0 0.007936507936507936 0.0 1.0 0.0 0.041914586303479245 0.01219711602065312 0.015328874024526198 0.002512562814070352 9.083967102574082e-05
0 0.003787878787878788 0.0 1.0 0.0 0.04500213916144564 0.015371715534829347 0.01435340022296544 0.003070910106085985 3.176466070935957e-05
0 0.005434782608695652 0.0 1.0 0.0 0.0043547843676158115 0.006594805841696524 0.0033444816053511705 0.001256281407035176 0.00045588046873291515
0 0.004629629629629629 0.0 1.0 0.0 0.009633295518272376 0.0026353937639353947 0.005945745076179859 0.000744463056020845 0.00022440045874687684
0 0.04 0.0 1.0 0.0 0.0 0.0 0.0 0.0 0.019559124610859367
1 0.002958579881656805 0.0 1.0 0.0 0.04201428272882458 0.008368745698344206 0.014406997684589657 0.0018038912511274322 0.003243249966178222
0 0.005291005291005291 0.0 1.0 0.0 0.0070578210733415764 0.0 0.004300047778308648 0.0 0.0004874035362058402
0 0.003968253968253968 0.0 1.0 0.0 0.037844762600742717 0.011977193181436465 0.010962467484206614 0.002419504932067746 5.88125133081777e-05
0 0.017241379310344827 0.0 1.0 0.0 0.008559074984596966 0.0 0.0033444816053511705 0.0 0.0029571991324202473
0 0.0022222222222222222 0.0 1.0 0.0 0.02834497293063528 0.008860930348590946 0.01237458193979933 0.0022333891680625345 0.00433388102265792
0 0.002932551319648094 0.0 1.0 0.0 0.04264594247314935 0.013329615157072629 0.014898145332927942 0.002893254149535556 0.012736385481100194
1 0.00625 0.0 1.0 0.0 0.04171994478951658 0.0 0.012374581939799333 0.0 0.00011155475302406656
0 0.007575757575757576 0.0 1.0 0.0 0.003725989469297972 0.0 0.0 0.0 0.0014195824236392844
0 0.0017301038062283738 0.0 1.0 0.0 0.0340536942164523 0.010577434364890892 0.011213850088530394 0.002167701251354813 0.0028065677307595014
0 0.014285714285714285 0.0 1.0 0.0 0.0064383739159031075 0.0 0.004180602006688963 0.0 0.003541323986918552
0 0.013888888888888888 0.0 1.0 0.0 0.0064383739159031075 0.0 0.0 0.0 0.004144372717466173
0 0.0033783783783783786 0.0 1.0 0.0 0.06951389664506848 0.024430897052203714 0.019230769230769232 0.005025125628140704 5.050343835477316e-05
0 0.0018796992481203006 0.0 1.0 0.0 0.02671623151412424 0.016683137712927974 0.011466794075489728 0.0032304379038047377 0.006388911567121771
0 0.005128205128205128 0.0 1.0 0.0 0.02674669865366059 0.0 0.00903010033444816 0.0 0.0001778728338846675
0 0.00625 0.0 1.0 0.5 0.03048274638340292 0.0 0.007525083612040134 0.0 0.0002228989718769129
0 0.004878048780487805 0.0 1.0 0.0 0.024386197106722334 0.0041862933832552286 0.006020066889632107 0.0006700167504187605 0.00017815688004425064
0 0.0047619047619047615 0.0 1.0 0.4 0.024386197106722334 0.0041862933832552286 0.006020066889632107 0.0006700167504187605 0.00017785431188401373
0 0.0009302325581395348 0.0 1.0 0.0 0.03146823838960101 0.014270384414469896 0.010635451505016724 0.002680067001675042 1.792827384375582e-05
1 0.0008116883116883117 0.0 1.0 0.0 0.034599080847489964 0.019808324572775225 0.010869565217391302 0.003709021296960995 0.0017741545611890883
0 0.0012345679012345679 0.0 1.0 0.0 0.027175525190704222 0.009876056260877878 0.009104422147900408 0.0018611576400521122 3.097273838000239e-05
0 0.007246376811594203 0.0 1.0 0.0 0.057761811813731155 0.035289073519849806 0.016722408026755852 0.0072585147962032385 0.0002761222826550479
0 0.001519756838905775 0.0 1.0 0.0 0.020109332830480626 0.006398568275577163 0.007286192068800765 0.0013161043311797082 5.463369098521639e-05
0 0.003472222222222222 0.0 1.0 0.0 0.052864994306950054 0.016100377305058578 0.015607580824972128 0.0033500837520938024 8.773164105618917e-05
0 0.001020408163265306 0.0 1.0 0.1 0.013968983768478794 0.005523432736239257 0.005852842809364547 0.0012562814070351757 5.71284142378559e-05
0 0.002857142857142857 0.0 1.0 0.0 0.041626679580927355 0.007653769876704085 0.013377926421404684 0.00191433357262503 7.708499643184542e-05
0 0.0021786492374727667 0.0 1.0 0.0 0.023195822677831268 0.0 0.005388331475287997 0.0 6.180159054397785e-05
0 0.001201923076923077 0.0 1.0 0.0 0.019311419081218167 0.007518024955562141 0.00689799331103679 0.0015703517587939697 0.0037095930953563367
0 0.001347708894878706 0.0 1.0 0.0 0.008111422530703046 0.0020428508796675117 0.004897276636407071 0.0005982292414453218 0.00014043419392295969
0 0.0013227513227513227 0.0 1.0 0.0 0.022407928249103894 0.006900161702167963 0.007047300525561394 0.0014357501794687725 3.751023664975472e-05
0 0.0013986013986013986 0.0 1.0 0.0 0.010680782509088273 0.0 0.003473115513249292 0.0 0.00015513606367146876
0 0.0011160714285714285 0.0 1.0 0.0 0.02595225130998341 0.007609394769928166 0.010346989966555182 0.0016750418760469008 0.007590343848494034
0 0.001949317738791423 0.0 1.0 0.0 0.015126914881507414 0.00206770731209696 0.008175399479747304 0.0003722315280104225 0.03129062604784195
1 0.05263157894736842 0.0 1.0 0.0 0.06645818696423118 0.03461324436811101 0.020621729763004 0.00928792569659443 0.05263157894736842
0 0.16666666666666666 0.0 1.0 0.0 0.029787334667828153 0.0245021289196409 0.011695906432748537 0.00392156862745098 0.02074168107151673
0 0.08333333333333333 0.0 1.0 0.0 0.14752716135230065 0.047821241099227314 0.038011695906432746 0.008823529411764706 0.2830938073459661
0 0.0625 0.0 1.0 0.0 0.00876994575639943 0.0 0.01023391812865497 0.0058823529411764705 0.0022856800218141633
0 0.028571428571428574 0.0 1.0 0.0 0.08871825941464143 0.00865450518628625 0.030910609857978277 0.006722689075630252 0.1707232011577385
0 0.05555555555555555 0.0 1.0 0.0 0.030647446245914794 0.01225106445982045 0.005847953216374269 0.00392156862745098 0.0025180842536868223
0 0.023809523809523808 0.0 1.0 0.0 0.0 0.006125532229910225 0.003898635477582846 0.0 0.0014234829882674431
0 0.03125 0.0 1.0 0.0 0.12872515566328607 0.06842400785696563 0.03070175438596491 0.010294117647058823 0.33916691227641316
0 0.027777777777777776 0.0 1.0 0.0 0.02222772326114669 0.0 0.01023391812865497 0.0 0.001441113117991764
0 0.03333333333333333 0.0 1.0 0.0 0.028472237419597063 0.01225106445982045 0.011695906432748537 0.0 0.0020425822291815564
0 0.010101010101010102 0.0 1.0 0.0 0.06841938447242413 0.00582520706572598 0.02599090318388564 0.00130718954248366 0.13302085343861839
0 0.016666666666666666 0.0 1.0 0.0 0.0663291884917087 0.00735063867589227 0.01871345029239766 0.0 0.2469885597451127
0 0.025641025641025644 0.0 1.0 0.0 0.01951496900434475 0.01225106445982045 0.0 0.0 0.0030325637645977747
0 0.008928571428571428 0.0 1.0 0.0 0.06436257783164304 0.05131659678099282 0.019736842105263157 0.009558823529411764 0.16867680069697552
0 0.006666666666666666 0.0 1.0 0.0 0.07495750541402936 0.0438527434649474 0.021637426900584796 0.005294117647058823 0.13184017625411643
0 0.00390625 0.0 1.0 0.0 0.04139769984998923 0.006851494057844789 0.01608187134502924 0.0014705882352941176 0.07380115538600455
0 0.008403361344537815 0.0 1.0 0.0 0.01953483073916475 0.0 0.01086048454469507 0.0 0.020617856375961748
0 0.013888888888888888 0.0 1.0 0.5 0.0 0.0 0.0029239766081871343 0.0 0.003123882127234669
0 0.003095975232198142 0.0 1.0 0.0 0.04981170129331055 0.025351566011909646 0.016511867905056758 0.005190311418685121 0.05864188447833672
0 0.025 0.0 1.0 0.0 0.0 0.0 0.005847953216374269 0.0 0.006427467418381652
0 0.007936507936507936 0.0 1.0 0.0 0.08905214128686041 0.009532840222330467 0.022417153996101363 0.00196078431372549 0.19530260033575178
0 0.00909090909090909 0.0 1.0 0.0 0.039146815195202925 0.01143940826679656 0.00935672514619883 0.002352941176470588 0.0007043130684077873
0 0.006211180124223602 0.0 1.0 0.0 0.036310992300432464 0.015806795454888306 0.009189640768588136 0.003361344537815126 0.0004454884317077267
0 0.004166666666666667 0.0 1.0 0.0 0.031150178028361352 0.011064756818421815 0.00760233918128655 0.002352941176470588 0.00028409859035767804
0 0.008 0.0 1.0 0.0 0.11252913467913003 0.050952293550433445 0.03391812865497076 0.010588235294117647 0.2688064391234667
0 0.25 0.0 1.0 0.0 0.08985335119345264 0.021126375530800934 0.022368421052631583 0.005291005291005291 0.25
0 0.08333333333333333 0.0 1.0 0.0 0.04619354198529713 0.011019475969150669 0.011403508771929825 0.004409171075837742 0.16225767879242056
0 0.023809523809523808 0.0 1.0 0.0 0.03919726033133432 0.016529213953726002 0.012406015037593986 0.005668934240362812 4.608698666710695e-05
0 0.0625 0.0 1.0 0.0 0.11378909441394713 0.0369634623102352 0.03421052631578947 0.006613756613756613 0.2276718437281575
0 0.03333333333333333 0.0 1.0 0.0 0.06065128276397225 0.017977955301627536 0.024561403508771933 0.007054673721340388 0.1582667617261339
0 0.016666666666666666 0.0 1.0 0.0 0.08572495335644334 0.039042777605996434 0.026842105263157896 0.007936507936507936 0.06571499650585069
0 0.03571428571428571 0.0 1.0 0.0 0.03765651894194552 0.025894273936282138 0.018421052631578946 0.006613756613756613 0.0004377682257840427
0 0.009615384615384616 0.0 1.0 0.0 0.06728552616462216 0.03070566294375956 0.0145748987854251 0.001628001628001628 3.22172236781554e-05
0 0.027777777777777776 0.0 1.0 0.0 0.016836601449963767 0.0 0.009210526315789473 0.0 0.0005758025529494558
0 0.014285714285714287 0.0 1.0 0.0 0.07248466432527564 0.018890530232829716 0.015037593984962405 0.0 7.392471366415633e-05
0 0.045454545454545456 0.0 1.0 0.0 0.033673202899927535 0.0 0.013157894736842105 0.0 0.0012222596751697188
0 0.005555555555555555 0.0 1.0 0.0 0.04061866950416779 0.006416146996370161 0.016140350877192983 0.002116402116402116 0.05929281511136464
0 0.007692307692307693 0.0 1.0 0.0 0.04045636669246222 0.02008230508241623 0.013157894736842108 0.001058201058201058 0.00011643168820556327
0 0.007936507936507936 0.0 1.0 0.0 0.06991416458407222 0.00571634157952797 0.025730994152046785 0.0011757789535567313 0.10055570976266281
0 0.0047619047619047615 0.0 1.0 0.0 0.06171318721321888 0.0077844755643844575 0.01842105263157895 0.001511715797430083 0.03986383677475652
0 0.008928571428571428 0.0 1.0 0.0 0.09300820016270779 0.030567243579406402 0.02556390977443609 0.005291005291005291 0.10244333023314049
0 0.006535947712418301 0.0 1.0 0.0 0.036138596382452204 0.004762866898497601 0.005847953216374269 0.0011757789535567313 7.843901988350757e-05
0 0.01111111111111111 0.0 1.0 0.0 0.011388381209544978 0.008573160417295682 0.003157894736842105 0.002116402116402116 0.0006769220989579552
0 0.005263157894736842 0.0 1.0 0.0 0.01992600546586585 0.0 0.004736842105263158 0.0 0.0002066653405616632
0 0.0035714285714285718 0.0 1.0 0.0 0.050812244344233724 0.005512186523116256 0.014661654135338348 0.0011337868480725624 0.054927756468537536
0 0.015873015873015872 0.0 1.0 0.0 0.06059923414844076 0.025723537107875862 0.017543859649122806 0.005291005291005291 0.00041529283525102546
0 0.005681818181818182 0.0 1.0 0.0 0.04845007108407769 0.009646326415453448 0.013157894736842105 0.001984126984126984 0.00010843828188601169
0 0.0036231884057971015 0.0 1.0 0.0 0.01791910715215415 0.005509737984575334 0.0043859649122807015 0.0008818342151675485 9.673112936740319e-05
0 0.05555555555555555 0.0 1.0 0.0 0.03566496638441593 0.010685613946270338 0.01045751633986928 0.00437445319335083 0.05555555555555555
0 0.125 0.0 1.0 0.0 0.05279854821431471 0.008772211427717273 0.016666666666666666 0.003937007874015748 0.3273267285654418
0 0.08333333333333333 0.0 1.0 0.0 0.01378627195725595 0.0 0.00392156862745098 0.002952755905511811 0.027995932418899586
0 0.016666666666666666 0.0 1.0 0.0 0.02023891818776213 0.020754953092490293 0.00915032679738562 0.005774278215223096 0.08431038545751633
0 0.011111111111111112 0.0 1.0 0.0 0.02273424068037792 0.011061966503936878 0.008714596949891067 0.0050306211723534534 0.05069159539413663
0 0.05555555555555555 0.0 1.0 0.0 0.020131490727895728 0.0 0.00784313725490196 0.0026246719160104987 0.0015151506768909075
0 0.023809523809523808 0.0 1.0 0.0 0.02592149693163413 0.023240507844382977 0.00784313725490196 0.005905511811023622 0.0004226554980536165
0 0.008928571428571428 0.0 1.0 0.0 0.024001862465660585 0.007349743629160796 0.008683473389355743 0.001968503937007874 0.002089955686728833
0 0.02222222222222222 0.0 1.0 0.0 0.06182611883585748 0.01878933501127108 0.018823529411764704 0.003937007874015748 0.2574018236243808
0 0.009090909090909092 0.0 1.0 0.0 0.014134262698105 0.01788988654118376 0.0042780748663101605 0.0 0.012067051588421618
0 0.022727272727272728 0.0 1.0 0.0 0.07718112612180228 0.018448945495595757 0.018627450980392157 0.0 0.30045125078315327
0 0.004901960784313725 0.0 1.0 0.0 0.029469932643874666 0.0260455701114293 0.008996539792387542 0.0013895321908290875 7.843495963016017e-05
0 0.004807692307692308 0.0 1.0 0.0 0.029625826878847933 0.026226070441381713 0.009068627450980391 0.001968503937007874 0.004779065210089767
0 0.03571428571428571 0.0 1.0 0.0 0.010891952341075458 0.012299296997063837 0.0 0.0 0.003805473821957507
0 0.006666666666666666 0.0 1.0 0.0 0.022789233947788947 0.01598166637808508 0.00823529411764706 0.0027559055118110236 0.0002069919586815426
0 0.005208333333333333 0.0 1.0 0.0 0.011957432433726095 0.004099765665687946 0.0058823529411764705 0.0006561679790026247 0.0002125032170556261
0 0.011764705882352941 0.0 1.0 0.0 0.008716436014797175 0.0 0.00392156862745098 0.0 0.0008176050474960926
0 0.006172839506172839 0.0 1.0 0.0 0.02320915388859764 0.0 0.01045751633986928 0.0 0.00023712217054185458
0 0.02631578947368421 0.0 1.0 0.0 0.06569435396023651 0.0 0.013725490196078431 0.0 0.0010763356530618326
0 0.005 0.0 1.0 0.0 0.017927444050192146 0.014759156396476606 0.004705882352941176 0.002362204724409449 0.00028787003804359694
0 0.006802721088435374 0.0 1.0 0.0 0.02852642375154831 0.0 0.0061624649859943975 0.0 0.00028078835304288846
0 0.002840909090909091 0.0 1.0 0.0 0.007110654281928769 0.0 0.0014705882352941176 0.0 0.0001422845992542925
0 0.0036231884057971015 0.0 1.0 0.16666666666666666 0.04950809997336766 0.004785185544673758 0.013398692810457516 0.000984251968503937 0.07887312240592534
0 0.013888888888888888 0.0 1.0 0.0 0.07430506156339155 0.016399062662751783 0.02091503267973856 0.0026246719160104987 0.43787531012011605
0 0.0036363636363636364 0.0 1.0 0.0 0.030172458572193736 0.0 0.009269162210338681 0.0 0.11369434701863877
1 0.0018315018315018315 0.0 1.0 0.0 0.01077384491003131 0.005778393982928514 0.005788982259570495 0.0014998125234345708 0.005863171756856686