0 0.037037037037037035 0.0 1.0 0.14814814814814814 0.02393792815529625 0.02414635263883126 0.013789173789173789 0.0052583447645176045 0.037037037037037035
0 0.03125 0.0 1.0 0.0 0.007438352748439082 0.019066159328398034 0.0023076923076923075 0.003279320987654321 0.001162145174732109
0 0.0303030303030303 0.0 1.0 0.0 0.04124999483627069 0.028503462514355597 0.01846153846153846 0.006172839506172839 0.08992190142644509
0 0.008928571428571428 0.0 1.0 0.0 0.03498189460765871 0.02921251225219352 0.013736263736263738 0.005621693121693125 0.023487014763390154
0 0.022222222222222223 0.0 1.0 0.0 0.016334968674203823 0.013294405631681412 0.005811965811965813 0.0006858710562414266 0.0007704123490256671
0 0.008771929824561403 0.0 1.0 0.0 0.016685580950430594 0.016488546766482735 0.006639676113360322 0.0022742040285899934 0.0027772157456667744
0 0.01020408163265306 0.0 1.0 0.0 0.010745850829651404 0.006811416118836401 0.0065934065934065925 0.0013227513227513227 0.011781982712761527
0 0.008333333333333333 0.0 1.0 0.0 0.024033113848231393 0.011214498076534102 0.009846153846153846 0.0020576131687242796 0.03431569501422491
0 0.009259259259259259 0.0 1.0 0.0 0.016125159318236916 0.0032140138243356114 0.00435897435897436 0.0005144032921810699 0.000557332655578131
0 0.011111111111111112 0.0 1.0 0.0 0.014611955842230549 0.0028591229991965657 0.0037606837606837607 0.0006858710562414266 0.0008875905007911413
0 0.007575757575757576 0.0 1.0 0.0 0.00813952043650624 0.002500899441043487 0.0015384615384615387 0.0005144032921810699 0.0007008946858506684
0 0.00641025641025641 0.0 1.0 0.0 0.0243456067340901 0.0029667819916944106 0.004023668639053254 0.00047483380816714147 0.04112803675108106
0 0.007692307692307693 0.0 1.0 0.0 0.009607974418515177 0.0 0.004 0.0 0.00082569900558878
0 0.005952380952380952 0.0 1.0 0.0 0.013908603591672683 0.001935769662922031 0.010512820512820514 0.0005144032921810699 0.011781583191713914
0 0.006666666666666666 0.0 1.0 0.0 0.034395947164458 0.013484589378388728 0.018153846153846152 0.0027777777777777775 0.08651378961080135
0 0.004464285714285714 0.0 1.0 0.0 0.010306251732049396 0.0 0.0032967032967032976 0.0 0.0004964674721441833
0 0.0053475935828877 0.0 1.0 0.0 0.02948832062723299 0.00211174872318767 0.016223776223776225 0.0005611672278338944 0.05530998583095471
0 0.0037037037037037034 0.0 1.0 0.0 0.017113458388050694 0.006418515192790662 0.009025641025641027 0.0014403292181069957 0.03121325987873179
0 0.004784688995215311 0.0 1.0 0.0 0.02522155982057921 0.011480774653125615 0.013146853146853148 0.002525252525252525 0.08162986698147347
0 0.0008771929824561404 0.0 1.0 0.0 0.026261931186007934 0.010545344872878427 0.009770580296896089 0.001841022308858566 0.005492601347762804
0 0.034482758620689655 0.0 1.0 0.0 0.03470060388531054 0.0269595394491874 0.016131419268906315 0.005945303210463735 0.03448275862068966
0 0.041666666666666664 0.0 1.0 0.0 0.0388608387873138 0.028501598290162133 0.01609442060085837 0.005387931034482759 0.08331268482275343
0 0.017543859649122806 0.0 1.0 0.0 0.054392941418236605 0.03504556826078936 0.0210074542579625 0.0063520871143375665 0.03620088904853477
0 0.025 0.0 1.0 0.0 0.03574287601009034 0.025984139727477623 0.012446351931330474 0.0034482758620689663 0.06983611662813585
0 0.014285714285714287 0.0 1.0 0.0 0.04810026837912173 0.018245552007455694 0.015328019619865118 0.0012315270935960591 0.034463989740080817
0 0.01282051282051282 0.0 1.0 0.0 0.056342015646255295 0.0070983596019819645 0.020468801584681413 0.001326259946949602 0.03795388449801171
0 0.007518796992481203 0.0 1.0 0.0 0.021385819172134553 0.010030244494043564 0.008131917777275807 0.0020417422867513614 0.005356560216452924
0 0.017857142857142856 0.0 1.0 0.0 0.04946548830046971 0.005987375016488348 0.017167381974248927 0.0012315270935960591 0.0997362453492137
0 0.006944444444444444 0.0 1.0 0.0 0.03784951628515938 0.0 0.010729613733905581 0.0 0.037618860854362536
0 0.005555555555555556 0.0 1.0 0.0 0.017462928342877233 0.010587480299268206 0.008583690987124463 0.0021551724137931034 0.02513712112885544
0 0.006993006993006993 0.0 1.0 0.0 0.02929065512886214 0.0 0.008253549026081216 0.0 0.04875895271686269
0 0.009259259259259259 0.0 1.0 0.0 0.07553980825420337 0.004443108201220621 0.026704816404387224 0.0009578544061302681 0.06785174041576678
0 0.004524886877828055 0.0 1.0 0.0 0.03562853434973187 0.005428157342692091 0.012370613481444082 0.0010141987829614604 0.04541474898185859
0 0.008928571428571428 0.0 1.0 0.0 0.011945088550661728 0.0 0.002682403433476395 0.0 0.0006895490072274853
0 0.006060606060606061 0.0 1.0 0.0 0.04003373718008585 0.0038101477377653122 0.014826375341396802 0.0007836990595611285 0.0789742689623901
0 0.008928571428571428 0.0 1.0 0.0 0.012499694244050046 0.006841004549197639 0.002452483139178418 0.0012315270935960591 0.0008476709947324307
0 0.0053475935828877 0.0 1.0 0.0 0.029777000186577505 0.0 0.014436207569254778 0.0 0.062442309961403784
1 0.009433962264150943 0.0 1.0 0.0 0.028438308875779767 0.019778010420487713 0.009433962264150943 0.003504043126684635 0.009433962264150943