0 0.07692307692307693 0.0 1.0 0.0 0.02419647406646535 0.026215564508426974 0.006487488415199258 0.005594405594405593 0.07692307692307693
1 0.01282051282051282 0.0 1.0 0.0 0.04722471533803368 0.04050024546973506 0.016373185047883848 0.00745920745920746 0.008845682802416153
0 0.015873015873015872 0.0 1.0 0.0 0.02514995011352966 0.014687530670134704 0.010327022375215147 0.00202020202020202 0.026780346107382256
0 0.019230769230769232 0.0 1.0 0.0 0.00534512899301315 0.0 0.0009267840593141798 0.0 8.59989018141863e-05
0 0.05 0.0 1.0 0.0 0.0 0.0 0.0030120481927710845 0.0 0.0005153779382639448
0 0.018518518518518517 0.0 1.0 0.0 0.04927693654877084 0.02696613898782184 0.02074966532797858 0.0053872053872053875 0.06707138251020499
0 0.006493506493506493 0.0 1.0 0.0 0.04545957282107988 0.028617172385142775 0.0156078860898138 0.005234159779614325 1.494425451830763e-05
0 0.010416666666666666 0.0 1.0 0.0 0.056114986581023714 0.012622308837390767 0.016064257028112452 0.00202020202020202 3.2833576281162576e-05
0 0.01111111111111111 0.0 1.0 0.0 0.06257508089273672 0.04155421699900412 0.021084337349397592 0.00787878787878788 0.04786433153770565
0 0.02 0.0 1.0 0.0 0.044200053989225455 0.026932827607022952 0.013253012048192769 0.0048484848484848485 0.00011362404573120922
0 0.005050505050505051 0.0 1.0 0.0 0.022588350009221395 0.0074813410019508204 0.010374832663989295 0.0013468013468013469 0.005103924438071329
0 0.14285714285714285 0.0 1.0 0.0 0.12590696014721095 0.10970469533290839 0.04826254826254827 0.021379980563654033 0.14285714285714288
1 0.013157894736842105 0.0 1.0 0.0 0.037538052601591085 0.026204711642049697 0.01546941678520626 0.0066237021124239195 0.02064455828416201
0 0.017543859649122806 0.0 1.0 0.0 0.04027516847125041 0.04567469840357054 0.01386913229018492 0.00322234156820623 0.046814120666004835
0 0.011904761904761904 0.0 1.0 0.0 0.07945255957559694 0.058459875793885306 0.02992277992277993 0.011985746679624229 0.03435734033933452
0 0.009523809523809525 0.0 1.0 0.0 0.037501720944053386 0.024386070709938885 0.012548262548262547 0.00550696469063816 0.045575594615661116
0 0.00980392156862745 0.0 1.0 0.11764705882352941 0.06747878967575743 0.04653686581914348 0.019475357710651828 0.008803521408563426 0.05393964850293915
0 0.005714285714285714 0.0 1.0 0.08 0.062930211710268 0.04483857925085448 0.018648648648648646 0.00870748299319728 0.029782181495578017
0 0.07142857142857142 0.0 1.0 0.0 0.013066079200718351 0.024123717662194708 0.013333333333333334 0.01254826254826255 0.07142857142857142
0 0.05555555555555555 0.0 1.0 0.0 0.017485834916232464 0.04690722878760082 0.008888888888888889 0.009009009009009009 0.008784600205203868
0 0.0196078431372549 0.0 1.0 0.0 0.043877997854633706 0.057853171634948276 0.009411764705882354 0.001589825119236884 0.004030472009553136
0 0.03571428571428571 0.0 1.0 0.0 0.04556004917295746 0.019881971373900846 0.009523809523809523 0.003861003861003861 0.00018027562012206563
0 0.013333333333333334 0.0 1.0 0.0 0.02857218608437601 0.0 0.009777777777777778 0.0 8.365403737204649e-05
0 0.01282051282051282 0.0 1.0 0.0 0.03374224694983681 0.0 0.01641025641025641 0.0 9.519173220562906e-05