1 0.05555555555555555 0.0 1.0 0.1111111111111111 0.022557929039234953 0.0355313024359622 0.009114583333333334 0.007436570428696412 0.055555555555555566
0 0.045454545454545456 0.0 1.0 0.0 0.04725496982950683 0.04025224471766347 0.009943181818181818 0.007874015748031496 0.04269221102868532
0 0.041666666666666664 0.0 1.0 0.0 0.03781081797756712 0.03689789099119151 0.0087890625 0.002952755905511811 0.09596136880338664
0 0.041666666666666664 0.0 1.0 0.0 0.05563476884829203 0.016399062662751783 0.016927083333333332 0.0 0.00011619885064131761
0 0.018181818181818184 0.0 1.0 0.18181818181818182 0.028382863926047528 0.0066408088218673274 0.008522727272727272 0.0014316392269148174 0.04214901053573277
0 0.08333333333333333 0.0 1.0 0.0 0.0 0.0 0.0 0.0 0.002506342478590113
0 0.02857142857142857 0.0 1.0 0.0 0.07467174399832735 0.01967887519530214 0.0140625 0.0031496062992125984 0.0001415099253143857
0 0.125 0.0 1.0 0.0 0.0 0.0 0.0 0.0 0.008433788907838915
0 0.013888888888888888 0.0 1.0 0.0 0.03143516506300624 0.009131112130067575 0.0126953125 0.001968503937007874 0.0001073042124498633
0 0.014285714285714287 0.0 1.0 0.0 0.027753870483378025 0.0 0.005580357142857143 0.0 0.00014288006015163512
0 0.01818181818181818 0.0 1.0 0.0 0.010671342282663166 0.0 0.00625 0.0 0.000379216678302509
0 0.011904761904761904 0.0 1.0 0.0 0.040713682590379295 0.024491896145293044 0.016741071428571428 0.004499437570303712 0.00010185287771875883
0 0.005494505494505495 0.0 1.0 0.0 0.026639325368538583 0.012245948072646522 0.008370535714285714 0.002249718785151856 0.021016409943280554
0 0.007142857142857143 0.0 1.0 0.0 0.02104734585638767 0.00874786723456454 0.0046875 0.0015748031496062992 0.0001028537728474822
0 0.011111111111111112 0.0 1.0 0.0 0.013409975483959164 0.0 0.0026041666666666665 0.0 0.00020361456982252247
0 0.006944444444444444 0.0 1.0 0.0 0.022784249579528015 0.00971985248284949 0.008680555555555556 0.0017497812773403325 0.0004762318876317072
0 0.08333333333333333 0.0 1.0 0.0 0.06758896708470609 0.07361648320973391 0.019406392694063926 0.016091954022988506 0.08333333333333333
0 0.03571428571428571 0.0 1.0 0.0 0.047279654544470986 0.07250267993397168 0.009784735812133072 0.009852216748768473 0.018849404105400026
0 0.1111111111111111 0.0 1.0 0.0 0.028529876139307894 0.0 0.0 0.0 0.0006528644715055597
0 0.0625 0.0 1.0 0.0 0.12011953115527202 0.053269971577658476 0.0273972602739726 0.010344827586206896 0.15060248281661986
0 0.2 0.0 1.0 0.0 0.07080770488708994 0.0 0.0273972602739726 0.0 0.0028701183853640693
0 0.08333333333333333 0.0 1.0 0.0 0.09909220893499474 0.0 0.0136986301369863 0.0 0.0007063236043864536
0 0.023809523809523808 0.0 1.0 0.0 0.01256408818740616 0.0 0.0045662100456621 0.0 0.00028342779939496786
0 0.0625 0.0 1.0 0.0 0.038047230780469066 0.0 0.0 0.0 0.0010975081537432355
0 0.01111111111111111 0.0 1.0 0.0 0.07981803557570441 0.017235980343471527 0.01643835616438356 0.002758620689655172 0.0241662981243956
0 0.0125 0.0 1.0 0.0 0.07887576240000604 0.04817996121816864 0.017123287671232876 0.008620689655172414 0.06563080100124587
0 0.00909090909090909 0.0 1.0 0.0 0.027356894699442646 0.0 0.010958904109589041 0.0 0.00010012732123111664
1 0.005952380952380952 0.0 1.0 0.0 0.05793340035831951 0.0630998427512005 0.016634050880626222 0.013793103448275862 0.07123717318913143
0 0.03571428571428571 0.0 1.0 0.0 0.047279654544470986 0.07250267993397168 0.009784735812133072 0.009852216748768473 0.018849404105400026
0 0.1111111111111111 0.0 1.0 0.0 0.028529876139307894 0.0 0.0 0.0 0.0006528644715055597
0 0.0625 0.0 1.0 0.0 0.12011953115527202 0.053269971577658476 0.0273972602739726 0.010344827586206896 0.15060248281661986
0 0.2 0.0 1.0 0.0 0.07080770488708994 0.0 0.0273972602739726 0.0 0.0028701183853640693
0 0.08333333333333333 0.0 1.0 0.0 0.09909220893499474 0.0 0.0136986301369863 0.0 0.0007063236043864536
0 0.023809523809523808 0.0 1.0 0.0 0.01256408818740616 0.0 0.0045662100456621 0.0 0.00028342779939496786
0 0.0625 0.0 1.0 0.0 0.038047230780469066 0.0 0.0 0.0 0.0010975081537432355
0 0.01111111111111111 0.0 1.0 0.0 0.07981803557570441 0.017235980343471527 0.01643835616438356 0.002758620689655172 0.0241662981243956
0 0.0125 0.0 1.0 0.0 0.07887576240000604 0.04817996121816864 0.017123287671232876 0.008620689655172414 0.06563080100124587
0 0.00909090909090909 0.0 1.0 0.0 0.027356894699442646 0.0 0.010958904109589041 0.0 0.00010012732123111664
0 0.2 0.0 1.0 0.0 0.05430889537029086 0.019835056744471204 0.021875 0.012698412698412698 0.20000000000000004
0 0.041666666666666664 0.0 1.0 0.0 0.04766328293133159 0.08264606976863002 0.009114583333333334 0.01455026455026455 0.027626730179705267
0 0.08333333333333333 0.0 1.0 0.0 0.0587990035112567 0.07438146279176701 0.015625 0.003968253968253968 0.00017747986737006097
0 0.025 0.0 1.0 0.0 0.03556850496194713 0.009917528372235602 0.00625 0.0 4.7379074004155514e-05
1 0.06666666666666667 0.0 1.0 0.0 0.08684586110059568 0.0 0.020833333333333332 0.0 0.00022387886147716342
0 0.041666666666666664 0.0 1.0 0.0 0.03164701794665789 0.0 0.0078125 0.0 0.12742223468655633
0 0.14285714285714285 0.0 1.0 0.0 0.0976256699141942 0.0 0.0 0.0 0.0012924952488310897
0 0.03125 0.0 1.0 0.0 0.05426600921720964 0.0 0.0078125 0.0 0.00017990111779435752
0 0.01111111111111111 0.0 1.0 0.0 0.02436126682257638 0.0 0.009375 0.0 5.654403073752138e-05
0 0.05 0.0 1.0 0.0 0.09814096653756763 0.0 0.015625 0.0 0.0004545604765943512
0 0.045454545454545456 0.0 1.0 0.0 0.07247820253241138 0.0 0.015625 0.0 0.00040844553773587065
0 0.011904761904761904 0.0 1.0 0.0 0.033599430577860974 0.0 0.013392857142857142 0.0 8.910148142399793e-05