0 0.1111111111111111 0.0 1.0 0.0 0.06391697994105021 0.04857685978675999 0.05288461538461539 0.010735373054213633 0.1111111111111111
0 0.05555555555555555 0.0 1.0 0.0 0.04208379230608204 0.05808557573088191 0.04487179487179487 0.012345679012345677 0.04900626739729342
0 0.017543859649122806 0.0 1.0 0.0 0.035483864030062186 0.03953848418604909 0.024291497975708502 0.009661835748792268 0.05561499993872245
1 0.0625 0.0 1.0 0.0 0.042629876671291624 0.04521983902351576 0.039663461538461536 0.010869565217391304 0.16831388673790054
0 0.04 0.0 1.0 0.0 0.06072206060873865 0.04231929024463946 0.04038461538461538 0.010628019323671498 0.25060803703187184
0 0.041666666666666664 0.0 1.0 0.0 0.01678861165702872 0.009784585258870071 0.03485576923076923 0.004830917874396135 0.1867825497262637
0 0.01020408163265306 0.0 1.0 0.0 0.036553557011964215 0.04566350400891735 0.02506868131868132 0.007246376811594201 0.08135819166848267
0 0.010416666666666666 0.0 1.0 0.0 0.052730239360075516 0.04065759925742515 0.03205128205128205 0.008051529790660225 0.07900947868627552
0 0.015873015873015872 0.0 1.0 0.0 0.011198187262586779 0.008623937714987479 0.006868131868131869 0.0 0.0036990416460471673
0 0.0058823529411764705 0.0 1.0 0.0 0.031186774489874437 0.01141347920161098 0.013857466063348414 0.00312588803637397 0.06738850029491011
0 0.012987012987012988 0.0 1.0 0.0 0.07082213716002363 0.03206693536180412 0.041895604395604406 0.00759144237405107 0.1411045481627565
0 0.016666666666666666 0.0 1.0 0.0 0.0520344357228323 0.019060182519393155 0.04038461538461539 0.004830917874396135 0.2740458050391273
0 0.01098901098901099 0.0 1.0 0.0 0.05105020717656986 0.015731502360729812 0.028159340659340663 0.0027605244996549345 0.049607354902289624
0 0.014285714285714285 0.0 1.0 0.0 0.02795163276279562 0.01722235132475507 0.03173076923076923 0.003864734299516908 0.12380727907288491
0 0.009523809523809523 0.0 1.0 0.0 0.04151169714281853 0.028033181878412004 0.026785714285714284 0.005521048999309869 0.056396300935355075
0 0.00390625 0.0 1.0 0.0 0.005207805840321031 0.0033544056122877313 0.006009615384615386 0.0006038647342995169 0.002722843920878862
0 0.006535947712418301 0.0 1.0 0.0 0.032589265474818295 0.005219268398699451 0.012820512820512822 0.0010735373054213634 0.11056153632972757
0 0.007936507936507936 0.0 1.0 0.0 0.004467459616695657 0.007667212828086243 0.0027472527472527475 0.0013802622498274672 0.004593692760065215
0 0.010526315789473684 0.0 1.0 0.0 0.0 0.0 0.004807692307692308 0.0 0.006929825430844997
0 0.004545454545454546 0.0 1.0 0.0 0.03415956083407386 0.004074312658826815 0.020979020979020976 0.0008783487044356609 0.02921607309687256
0 0.006802721088435374 0.0 1.0 0.0 0.030891546566997607 0.006402491321013566 0.0260989010989011 0.0013802622498274672 0.05726004632896693
0 0.045454545454545456 0.0 1.0 0.0 0.06204999123249686 0.0 0.014423076923076924 0.0 0.02589808934877313
0 0.007246376811594203 0.0 1.0 0.0 0.024709507285625987 0.0 0.007211538461538461 0.0 0.002838972852859958
0 0.004166666666666667 0.0 1.0 0.0 0.024169427889513068 0.0 0.008173076923076924 0.0 0.001264550568463201
0 0.008 0.0 1.0 0.0 0.025544780177520588 0.0 0.009615384615384614 0.0 0.003311480363920475
0 0.25 0.0 1.0 0.0 0.07106262417548241 0.08068245719353334 0.04687499999999999 0.01937269372693727 0.25000000000000006
0 0.125 0.0 1.0 0.0 0.05682442207571269 0.04206863277156814 0.04871323529411765 0.00922509225092251 0.0013895203941936233
0 0.05555555555555555 0.0 1.0 0.0 0.08175295110213397 0.09792165195755366 0.05943627450980391 0.027060270602706025 0.13764473750600945
0 0.027777777777777776 0.0 1.0 0.0 0.07455328068336947 0.055142444041253624 0.04697712418300653 0.015170151701517013 0.00962815484133372
0 0.05 0.0 1.0 0.0 0.07364920724047451 0.06747889007962363 0.06801470588235295 0.02121771217712177 0.034071177297315576
0 0.01515151515151515 0.0 1.0 0.18181818181818182 0.0818229556259603 0.08526194599849969 0.043449197860962574 0.021133847702113382 0.05955093544335064
0 0.02857142857142857 0.0 1.0 0.0 0.0474385222992155 0.033835034810919144 0.03455882352941177 0.006642066420664207 0.03089740041396701
0 0.020833333333333332 0.0 1.0 0.0 0.0570257085698485 0.06661382796343902 0.03982843137254901 0.016605166051660517 0.1595238963000036
0 0.009259259259259259 0.0 1.0 0.0 0.05902120500986822 0.07508503904160845 0.04411764705882354 0.021217712177121772 0.061879198050169455
1 0.016666666666666666 0.0 1.0 0.0 0.054396539723479576 0.06475087159834664 0.03676470588235294 0.015375153751537515 0.15698172165835778
0 0.125 0.0 1.0 0.0 0.05682442207571269 0.04206863277156814 0.04871323529411765 0.00922509225092251 0.0013895203941936233
0 0.013888888888888888 0.0 1.0 0.0 0.07792449345844009 0.09023648237021242 0.0588235294117647 0.025830258302583023 0.14068390706480594
0 0.008547008547008548 0.0 1.0 0.0 0.07455328068336947 0.05258072084547321 0.04697712418300653 0.014350143501435014 0.00962815484133372
0 0.017857142857142856 0.0 1.0 0.0 0.05642114784385201 0.0444233813175999 0.06525735294117647 0.017527675276752766 0.037652794653932634
0 0.006060606060606061 0.0 1.0 0.18181818181818182 0.08135962194911543 0.07897407997249323 0.04378342245989304 0.020127474002012747 0.06001067820904975
0 0.0125 0.0 1.0 0.0 0.0474385222992155 0.029223933058514402 0.03455882352941177 0.005904059040590406 0.030870704556197275
0 0.006535947712418301 0.0 1.0 0.2222222222222222 0.04525041543557802 0.0469709418380731 0.03431372549019608 0.011070110701107009 0.10170953787787447
0 0.004629629629629629 0.0 1.0 0.0 0.05710697618802127 0.06739986945426721 0.04411764705882354 0.02060270602706027 0.06183444166338085
0 0.006578947368421052 0.0 1.0 0.0 0.03735516705147231 0.04279927650825405 0.0275735294117647 0.010608856088560884 0.12108459422574232
0 0.002380952380952381 0.0 1.0 0.09523809523809523 0.06245463151316849 0.04906596948495387 0.03956582633053221 0.012300123001230009 0.027274280417461372
0 0.015873015873015872 0.0 1.0 0.0 0.017827523634421045 0.0168011293011179 0.03431372549019608 0.004920049200492005 0.004296885186184465
0 0.011363636363636364 0.0 1.0 0.0 0.027191982798502424 0.029467785795729715 0.01011029411764706 0.005535055350553505 0.002862106004160903
0 0.003952569169960474 0.0 1.0 0.18181818181818182 0.06362688580438433 0.038534359792468956 0.04077540106951872 0.011405568601140557 0.0002790469302046515
0 0.006944444444444444 0.0 1.0 0.0 0.0 0.0 0.0 0.0 0.0036345460510980037
0 0.0025 0.0 1.0 0.0 0.06293475882392821 0.06650538048852811 0.051011029411764705 0.019833948339483393 0.03670063662803449
0 0.0032051282051282055 0.0 1.0 0.16666666666666666 0.07347105897954596 0.04695753821585003 0.03125 0.01230012300123001 0.04977540986937681
0 0.003367003367003367 0.0 1.0 0.0 0.07474757517633057 0.057606980906228795 0.042780748663101616 0.01576652130157665 0.060747888408051946
0 0.008928571428571428 0.0 1.0 0.0 0.06790652077493367 0.055951135698611765 0.06525735294117647 0.019372693726937267 0.03618144939966888
0 0.005747126436781609 0.0 1.0 0.0 0.049806889401963074 0.051808676367110666 0.03676470588235294 0.012915129151291511 0.16262288294091123
0 0.006666666666666666 0.0 1.0 0.0 0.08964926064863286 0.055323762250017186 0.05441176470588235 0.014022140221402213 0.16513791204270462
0 0.0035842293906810036 0.0 1.0 0.0 0.029031083426640698 0.03453911757807378 0.022467320261437905 0.008610086100861008 0.1087588943931704
0 0.00625 0.0 1.0 0.0 0.0 0.0 0.0 0.0 0.005877630515760936
0 0.0012626262626262627 0.0 1.0 0.08333333333333333 0.015416474197426783 0.011525783802086914 0.009650735294117646 0.002921279212792128 0.03589937560507939
1 0.03225806451612903 0.0 1.0 0.12903225806451613 0.04645931445697907 0.04620530827934816 0.02674243690456292 0.0126008064516129 0.03225806451612903
0 0.038461538461538464 0.0 1.0 0.0 0.03843432946145467 0.02643398484954949 0.01753686727779992 0.00801282051282051 0.07482204942475035
0 0.015873015873015872 0.0 1.0 0.0 0.04159830705251771 0.03951512522149628 0.024673081667900318 0.00818452380952381 0.04317475842938828
0 0.014705882352941176 0.0 1.0 0.0 0.046523369857064595 0.03950904870936125 0.026211520877781162 0.009803921568627453 0.07413989204064038
0 0.016666666666666666 0.0 1.0 0.0 0.055321196178901 0.03967686476878454 0.03367875647668394 0.011284722222222224 0.0763548579374884
1 0.010416666666666666 0.0 1.0 0.0 0.015915679657761687 0.013342140197409445 0.009067357512953367 0.0032552083333333335 0.06094153540023806
0 0.007936507936507936 0.0 1.0 0.1111111111111111 0.005401585221933801 0.0 0.00201496833621186 0.0 0.004157838803394707
0 0.010416666666666666 0.0 1.0 0.16666666666666666 0.05465483271074637 0.0058024523506254875 0.02072538860103627 0.0013020833333333333 0.04847580553180797
0 0.008547008547008546 0.0 1.0 0.0 0.03914870310537349 0.004451038216304875 0.012754085292945395 0.0008012820512820513 0.06624730843068141
0 0.02 0.0 1.0 0.0 0.06046598505881562 0.011572699362392674 0.020725388601036267 0.0020833333333333333 0.1903189673162985
0 0.010101010101010102 0.0 1.0 0.0 0.01781955873715806 0.0 0.007484168105929764 0.0 0.011424052711075666
0 0.016666666666666666 0.0 1.0 0.0 0.034287693712219736 0.022300679749560005 0.007253886010362695 0.004166666666666667 0.002777762179261241
0 0.015384615384615385 0.0 1.0 0.0 0.017304165749673573 0.014495640506482277 0.016580310880829015 0.003125 0.04475792905739367
0 0.014285714285714285 0.0 1.0 0.0 0.0364238815705219 0.022300679749560005 0.02072538860103627 0.004166666666666667 0.008082647195896882
0 0.006060606060606061 0.0 1.0 0.18181818181818182 0.02496464467389253 0.01317785500589298 0.022138483278379653 0.002840909090909091 0.015662629086572108