0 0.0625 0.0 1.0 0.0 0.05807052541965229 0.08100700639004778 0.023437500000000007 0.01523109243697479 0.06250000000000001
0 0.02631578947368421 0.0 1.0 0.0 0.03291707310716139 0.05268083114307726 0.015789473684210527 0.011941618752764262 0.03651985912932045
0 0.027777777777777776 0.0 1.0 0.0 0.07045883489818462 0.07503037039809504 0.024999999999999998 0.011904761904761906 0.06223331338464274
0 0.022727272727272728 0.0 1.0 0.18181818181818182 0.02327763288238399 0.012730853385672614 0.00681818181818182 0.002291825821237586 0.0440637180642747
0 0.022222222222222223 0.0 1.0 0.6666666666666666 0.03337593898229837 0.0 0.005555555555555556 0.0 0.00025203457980443986
1 0.010416666666666666 0.0 1.0 0.0 0.04534848556074634 0.02250872644194544 0.01875 0.004726890756302521 0.039783855800246896
0 0.03571428571428571 0.0 1.0 0.0 0.03069199940255936 0.0 0.0125 0.0 0.046988143078162924
0 0.010416666666666666 0.0 1.0 0.16666666666666666 0.011108835106303235 0.0 0.002777777777777778 0.0 0.0002796024782842957
0 0.009259259259259259 0.0 1.0 0.0 0.04484851266765685 0.022519002930608992 0.01597222222222222 0.005602240896358544 0.0395491612082955
0 0.011111111111111112 0.0 1.0 0.0 0.027433400175535565 0.0 0.003703703703703704 0.0 0.00022637086571302635
0 0.05263157894736842 0.0 1.0 0.0 0.053504419991934726 0.04685258589321819 0.020075963103635373 0.012609649122807017 0.05263157894736842
0 0.5 0.0 1.0 0.0 0.07694912329214629 0.0 0.041237113402061855 0.0 0.22649185411346215
0 0.02564102564102564 0.0 1.0 0.0 0.0751377631335895 0.05957477987286298 0.019032513877874704 0.008012820512820512 0.03744862071103054
1 0.05 0.0 1.0 0.0 0.04724197261208072 0.02603351197711845 0.01855670103092783 0.0 0.0987094180589347
0 0.025 0.0 1.0 0.0 0.00663586415701072 0.016270944985699032 0.0 0.0 0.00046888765189009683
0 0.041666666666666664 0.0 1.0 0.0 0.05338993893174744 0.0 0.020618556701030927 0.0 0.11126846375723908
0 0.01020408163265306 0.0 1.0 0.42857142857142855 0.0764527328541016 0.018595365697941752 0.015463917525773195 0.002976190476190476 4.5374142503265233e-05
0 0.017857142857142856 0.0 1.0 0.0 0.05227214139292961 0.0413310691514024 0.013254786450662737 0.00744047619047619 0.07148156446653355
0 0.01111111111111111 0.0 1.0 0.2 0.05513323056419992 0.0 0.010309278350515464 0.0 0.020403320173030367
0 0.03333333333333333 0.0 1.0 0.0 0.050626715010953845 0.0 0.020618556701030927 0.0 0.15017000057117486
0 0.006993006993006993 0.0 1.0 0.0 0.012742530063635545 0.010012889221968635 0.004758128469468676 0.0016025641025641025 0.018040413199254292
1 0.02702702702702703 0.0 1.0 0.05405405405405406 0.03162418069988873 0.0739072218465688 0.01821386603995299 0.013662013662013665 0.027027027027027032
0 0.05555555555555555 0.0 1.0 0.0 0.0641488821688954 0.02465980580273135 0.018115942028985508 0.002442002442002442 0.0391997330272956
0 0.037037037037037035 0.0 1.0 0.0 0.016145954366957878 0.0 0.0036231884057971015 0.0 0.03826517565057537
0 0.03571428571428571 0.0 1.0 0.0 0.02398803067938037 0.0 0.009316770186335404 0.0 0.0009333979520579178
0 0.04 0.0 1.0 0.0 0.03358324295113251 0.0 0.013043478260869565 0.0 0.0006047784329668291
0 0.041666666666666664 0.0 1.0 0.0 0.026422546268415968 0.0 0.010869565217391304 0.0 0.07203714435753422
0 0.014285714285714285 0.0 1.0 0.6 0.05252822856252628 0.0 0.007608695652173913 0.0 0.014966362072586887
0 0.011363636363636364 0.0 1.0 0.18181818181818182 0.0230556600438629 0.0 0.003952569169960474 0.0 0.0002771812034302491