0 0.07142857142857142 0.0 1.0 0.14285714285714285 0.0360447400407126 0.03474392601728118 0.022959183673469385 0.0099601593625498 0.07142857142857144
0 0.023809523809523808 0.0 1.0 0.0 0.08347776718243692 0.0494849707611134 0.03552532123960696 0.012900777841016883 0.01621473456194305
0 0.0196078431372549 0.0 1.0 0.0 0.06024237793800728 0.03714222886371073 0.03174603174603174 0.01054605108975861 0.02837374185404193
0 0.017857142857142856 0.0 1.0 0.0 0.06729583982322532 0.044283763731311813 0.03231292517006802 0.010244735344336937 0.026761440615756377
0 0.007692307692307693 0.0 1.0 0.0 0.06565396774360098 0.041766256928227025 0.033272283272283265 0.009193993257738276 0.0103032557196969
1 0.00505050505050505 0.0 1.0 0.0 0.06088232488626947 0.039588991852313925 0.027777777777777773 0.008692502716407096 0.010188613965791338
0 0.007518796992481203 0.0 1.0 0.0 0.07205970329758186 0.034636541501269436 0.02777777777777778 0.007129377227930383 0.01170990656516431
0 0.006944444444444444 0.0 1.0 0.0 0.06213874895708745 0.036192832621982474 0.031746031746031744 0.009517485613103142 0.022757249923179266
0 0.0065359477124183 0.0 1.0 0.0 0.07257175002913836 0.046889427237905984 0.03711484593837534 0.011717834544176233 0.02656435056347103
0 0.03333333333333333 0.0 1.0 0.0 0.11570449767608203 0.0 0.018518518518518517 0.0 0.0007739218301228505
0 0.007575757575757576 0.0 1.0 0.0 0.045198781187163084 0.0 0.028108465608465607 0.0 0.02733307924716683
0 0.0026041666666666665 0.0 1.0 0.03125 0.03208346980883319 0.0 0.011408730158730156 0.0 0.005784900261084185
0 0.01098901098901099 0.0 1.0 0.0 0.06505513908457036 0.007112171741045452 0.010770975056689341 0.0011383039271485487 0.0003263082637417631
0 0.005494505494505494 0.0 1.0 0.0 0.02325864239202333 0.0038296309374860125 0.011599511599511602 0.0006129328838492185 0.037897473467971295
0 0.011111111111111112 0.0 1.0 0.0 0.07555226194985885 0.0 0.013227513227513227 0.0 0.00037974805071885285
0 0.1111111111111111 0.0 1.0 0.0 0.04176342729797502 0.04083688153273483 0.0121654501216545 0.006535947712418302 0.1111111111111111
1 0.041666666666666664 0.0 1.0 0.0 0.046641775212586715 0.05014978314337659 0.0267639902676399 0.011642156862745098 0.0005538141090579164
0 0.018518518518518517 0.0 1.0 0.0 0.03208600381065919 0.04493221889728746 0.01987023519870235 0.00980392156862745 0.0003652782754645191
0 0.015625 0.0 1.0 0.0 0.03952299351178735 0.024706657164514634 0.02281021897810219 0.0078125 0.03083857535718972
0 0.018181818181818184 0.0 1.0 0.0 0.05623751009470578 0.041554288307209954 0.038487060384870604 0.014705882352941178 0.044448056419205254
0 0.007246376811594202 0.0 1.0 0.0 0.04420575315340294 0.033472817352678555 0.020311012377023166 0.0076726342710997444 0.011610312853666661
0 0.015873015873015872 0.0 1.0 0.0 0.07730821375929282 0.020418440766367413 0.021086780210867802 0.0032679738562091504 0.03507602062924358
0 0.0125 0.0 1.0 0.0 0.05420342132429372 0.03745924462593135 0.024817518248175182 0.008823529411764706 5.536815186821696e-05
0 0.007936507936507936 0.0 1.0 0.0 0.03663159700809694 0.018558590990646946 0.025026068821689257 0.005777310924369747 3.825413925588788e-05
0 0.0125 0.0 1.0 0.0 0.03262934325767006 0.014074631477696754 0.020985401459854017 0.006433823529411764 0.08171745647193043
1 0.012987012987012988 0.0 1.0 0.0 0.03094771585315324 0.0 0.014598540145985401 0.0 0.00010684816201464504
0 0.07692307692307693 0.0 1.0 0.15384615384615385 0.04540336373662113 0.044830144858046705 0.022952853598014886 0.012507817385866168 0.0769230769230769
0 0.027777777777777776 0.0 1.0 0.0 0.050162519166861694 0.061144844250453495 0.03494623655913978 0.019421860885275515 0.0414561628677824
0 0.02222222222222222 0.0 1.0 0.0 0.01086398429370246 0.04086292185396379 0.012903225806451611 0.004336043360433605 0.0048642485971725795
0 0.019230769230769232 0.0 1.0 0.0 0.04317955870908728 0.02455359930536185 0.021712158808933006 0.0075046904315197 0.0634761446694423
0 0.016666666666666666 0.0 1.0 0.0 0.038033753949023925 0.04120762006200277 0.03225806451612903 0.014227642276422765 0.012453915831963177
0 0.016666666666666666 0.0 1.0 0.4 0.04357674297841906 0.010159419308143788 0.008064516129032258 0.0016260162601626018 0.07896556371914545
0 0.007518796992481203 0.0 1.0 0.0 0.03697666565024998 0.02787546113869774 0.010186757215619692 0.0047068891741549 0.012009731560964366
0 0.005208333333333333 0.0 1.0 0.0 0.05308300677681874 0.023491991985424704 0.0168010752688172 0.005420054200542006 0.028483216509368293
0 0.06666666666666667 0.0 1.0 0.13333333333333333 0.061109705147824954 0.036146156820745914 0.023809523809523805 0.009580838323353293 0.06666666666666667
0 0.05555555555555555 0.0 1.0 0.0 0.039366774832154304 0.03959955505496777 0.01984126984126984 0.0073186959414504316 0.07183566795962797
0 0.013333333333333332 0.0 1.0 0.0 0.029793516197148224 0.04164307544807829 0.012142857142857143 0.007425149700598802 0.027450013257854077
0 0.015625 0.0 1.0 0.0 0.050662947798229684 0.026038286563964175 0.02120535714285714 0.00561377245508982 0.04190620617176121
0 0.015384615384615385 0.0 1.0 0.0 0.01821351564186972 0.01533055275806247 0.01923076923076923 0.005527406725011516 0.004309823578304026
0 0.03333333333333333 0.0 1.0 0.0 0.05517247056257485 0.0 0.02023809523809524 0.0 0.13186543327024627
0 0.008403361344537815 0.0 1.0 0.0 0.0753535005431998 0.030005320632192536 0.024859943977591035 0.007396970764353646 0.04712262528400414
0 0.005952380952380952 0.0 1.0 0.09523809523809523 0.03599507708545505 0.023580965455128656 0.021541950113378686 0.008839463929284289 0.02796330422526255
1 0.002364066193853428 0.0 1.0 0.0 0.0567151402784092 0.023431069124105017 0.017603850050658558 0.005351000127404765 0.01158300549971943