0 0.06666666666666667 0.0 1.0 0.0 0.04169315361134131 0.02761627588741806 0.017479674796747967 0.0065439672801636 0.06666666666666668
0 0.125 0.0 1.0 0.0 0.14427884140239108 0.028748663533014245 0.03810975609756098 0.006134969325153374 0.1543362407723283
0 0.047619047619047616 0.0 1.0 0.0 0.03608973062546631 0.027379679555251665 0.010452961672473867 0.0052585451358457495 0.00019595464657224936
0 0.03125 0.0 1.0 0.0 0.0371491484908537 0.033540107455183286 0.006859756097560975 0.005368098159509203 0.0002328039195231957
0 0.0125 0.0 1.0 0.125 0.025774681074812747 0.029910153966158506 0.009908536585365854 0.003450920245398773 0.002835431878166641
0 0.01111111111111111 0.0 1.0 0.06666666666666667 0.01936037682451107 0.021188888740634803 0.007317073170731706 0.0028629856850715747 0.020787854093678528
0 0.03571428571428571 0.0 1.0 0.5 0.0 0.0 0.0 0.0 0.0015124963813656096
0 0.041666666666666664 0.0 1.0 0.3333333333333333 0.012699274135179734 0.0 0.0 0.0 0.0018790233446125688
0 0.02222222222222222 0.0 1.0 0.0 0.06448579960235702 0.015332620550940932 0.018292682926829267 0.00245398773006135 0.17177825225200527
0 0.0125 0.0 1.0 0.0 0.056804107435427915 0.008519778671700128 0.014481707317073171 0.0015337423312883436 0.1016888529338703
1 0.0011507479861910242 0.0 1.0 0.05063291139240506 0.04224092917332796 0.006091626710989061 0.011191725841309053 0.001164867593383552 0.004752734291331789
0 0.05263157894736842 0.0 1.0 0.0 0.06187966945361842 0.010607882639233325 0.020885547201336674 0.015280135823429533 0.05263157894736841
0 0.038461538461538464 0.0 1.0 0.0 0.05960453283011277 0.06976722812726534 0.01221001221001221 0.0 0.05525366413474548
0 0.027777777777777776 0.0 1.0 0.0 0.04657893489164447 0.0167958141787861 0.015873015873015872 0.0 0.0682323121245161
0 0.03571428571428571 0.0 1.0 0.0 0.08188584472652909 0.028792824306490456 0.018140589569160998 0.0 0.11018388267092445
0 0.016666666666666666 0.0 1.0 0.0 0.0812349580070794 0.0 0.021164021164021163 0.0 0.04588989933166332
0 0.07692307692307693 0.0 1.0 0.0 0.022851581321763275 0.02822918471987176 0.00838497994896099 0.005494505494505495 0.07692307692307693
0 0.03571428571428571 0.0 1.0 0.0 0.020454172721732364 0.02668434307699653 0.005416384563303995 0.004761904761904761 0.009435617672847323
1 0.020833333333333332 0.0 1.0 0.0 0.03966573882153431 0.030786946471548667 0.010071090047393361 0.005357142857142856 0.0179790216499246
0 0.03125 0.0 1.0 0.0 0.057925367092823754 0.022314438837530107 0.012440758293838863 0.0035714285714285718 4.261033445417011e-05
0 0.02 0.0 1.0 0.0 0.0680913273902017 0.016861340812081304 0.019905213270142184 0.0014285714285714286 0.018534882873773435
0 0.009259259259259259 0.0 1.0 0.0 0.050578833303683284 0.0025723537107875867 0.01369141653501843 0.0005291005291005291 0.0018474747711242157
0 0.004608294930875576 0.0 1.0 0.0 0.03672948164045558 0.0 0.009937318452835957 0.0 0.004405712224890242
0 0.005681818181818182 0.0 1.0 0.0 0.05726602495027067 0.005409560930310329 0.013140887548470486 0.0008658008658008659 8.8688744126747e-06
0 0.0044444444444444444 0.0 1.0 0.0 0.042752861842708344 0.018095023370011214 0.011753554502369666 0.0030476190476190477 1.0817523850529164e-05
0 0.01 0.0 1.0 0.0 0.0637479667761661 0.0 0.013270142180094788 0.0 3.107373751212044e-05
0 0.015151515151515152 0.0 1.0 0.0 0.05437140356634368 0.039670113488942414 0.018167456556082148 0.00634920634920635 0.00010852876501816285
0 0.0021929824561403508 0.0 1.0 0.0 0.05600052601194011 0.0204315683434913 0.016213519580942876 0.0035087719298245606 4.2175014360758454e-06