0 0.0625 0.0 1.0 0.125 0.018056748192481053 0.03269147282853098 0.008522727272727272 0.00634517766497462 0.0625
1 0.03333333333333333 0.0 1.0 0.0 0.024956535554811303 0.03242294514679362 0.009427609427609429 0.005752961082910322 0.017404581490427735
0 0.03333333333333333 0.0 1.0 0.0 0.0335542276281149 0.01902957220662465 0.010606060606060607 0.004568527918781726 9.967819112593499e-05
0 0.014705882352941176 0.0 1.0 0.0 0.03396192850888537 0.01969420211924542 0.010101010101010102 0.0011943863839952223 4.9323650793362886e-05
0 0.0058823529411764705 0.0 1.0 0.0 0.026400744317808044 0.018522140786309732 0.010249554367201428 0.003433860853986265 0.008889548530262555
0 0.013888888888888888 0.0 1.0 0.0 0.03197092231586616 0.005459559296260299 0.013468013468013467 0.001269035532994924 0.03456364159911319
0 0.017857142857142856 0.0 1.0 0.0 0.04555215375261614 0.013844520930786863 0.01767676767676768 0.0031725888324873096 0.013658946504118231
0 0.017857142857142856 0.0 1.0 0.0 0.016631692098194765 0.0 0.004329004329004329 0.0 0.0003917519372530052
0 0.015873015873015872 0.0 1.0 0.0 0.029571997704347926 0.007051121846828917 0.01082251082251082 0.00145032632342277 0.00016509211230099084
0 0.0125 0.0 1.0 0.0 0.053576999239648364 0.03083632527598194 0.016414141414141416 0.005076142131979695 0.00012283454993714592
0 0.012987012987012988 0.0 1.0 0.0 0.027649541762030234 0.0 0.0101010101010101 0.0 0.00016633035975051753
0 0.009259259259259259 0.0 1.0 0.0 0.03184656130886606 0.014492406614812511 0.01346801346801347 0.0028200789622109417 0.009091174001527157
0 0.01098901098901099 0.0 1.0 0.0 0.05072681760239558 0.015524766178083833 0.015151515151515152 0.00290065264684554 0.0001398166632041174
0 0.01020408163265306 0.0 1.0 0.0 0.05126425623313456 0.0 0.016594516594516596 0.0 0.00013895842940934977
0 0.005128205128205128 0.0 1.0 0.0 0.04198682193963606 0.0 0.011655011655011652 0.0 5.577827915455277e-05
0 0.002976190476190476 0.0 1.0 0.0 0.025407240602508086 0.011216056093210374 0.009860509860509861 0.00193376843123036 3.9751519499185456e-05
0 0.05263157894736842 0.0 1.0 0.0 0.01779572063989113 0.012051209344853773 0.006886374815543531 0.002465179341797116 0.05263157894736842
0 0.08333333333333333 0.0 1.0 0.0 0.031457524156932065 0.012193682424879839 0.011682242990654205 0.0019516003122560497 0.1276407697306496
0 0.041666666666666664 0.0 1.0 0.0 0.006288645169624263 0.0124726534214987 0.0035046728971962616 0.0029274004683840747 0.00039402751074534904
0 0.011363636363636364 0.0 1.0 0.045454545454545456 0.025828580704432846 0.02163437433843725 0.012000849617672045 0.004364487971045348 0.02911489624347233
0 0.011111111111111112 0.0 1.0 0.05555555555555555 0.010947573270201898 0.013006594586538496 0.002206645898234683 0.0022118136872235233 0.043644955601768516
0 0.027777777777777776 0.0 1.0 0.0 0.02667084824561648 0.01621353456058657 0.00661993769470405 0.00273224043715847 0.04753322783185541
0 0.015873015873015872 0.0 1.0 0.0 0.014417890833873594 0.01243484736370836 0.008307372793354102 0.0026021337496747333 0.016523070026812563
0 0.041666666666666664 0.0 1.0 0.0 0.007122525761386487 0.009754945939903871 0.011682242990654205 0.00156128024980484 0.0017471446804021367
0 0.012345679012345678 0.0 1.0 0.0 0.022693505227796736 0.018443784975630866 0.006230529595015576 0.003382773874577153 0.010440322219813175
0 0.0058823529411764705 0.0 1.0 0.0 0.014329195765090867 0.020524563087232262 0.005497526113249038 0.003857280617164899 0.006668626312251687
0 0.09090909090909091 0.0 1.0 0.0 0.0 0.0 0.0 0.0 0.01412628725061543
0 0.016666666666666666 0.0 1.0 0.0 0.06782251877185459 0.005852967563942322 0.01822429906542056 0.001873536299765808 0.12209460103680067
0 0.01098901098901099 0.0 1.0 0.0 0.032930954048444996 0.012542073351304977 0.01001335113484646 0.0006691201070592171 0.10813931512424138
0 0.005494505494505494 0.0 1.0 0.0 0.006360148877897066 0.00900456548298819 0.004313443565780014 0.0 0.00014654145081100013
0 0.011111111111111112 0.0 1.0 0.0 0.00788750563298957 0.0 0.008566978193146417 0.0 0.004266574366146209
0 0.0125 0.0 1.0 0.0 0.017847950479747594 0.0 0.006074766355140187 0.0 0.000413466151945469
0 0.0053475935828877 0.0 1.0 0.0 0.03062208847149134 0.0 0.007009345794392523 0.0 7.072029225234678e-05
0 0.00505050505050505 0.0 1.0 0.0 0.01607794894629533 0.0 0.0038232795242141033 0.0 0.00010568777784803874
0 0.008771929824561403 0.0 1.0 0.0 0.022216540601223193 0.0 0.00778816199376947 0.0 0.0002515818684286309
0 0.0038461538461538464 0.0 1.0 0.0 0.023016873966264433 0.0 0.004493170381020848 0.0 7.381508629538063e-05
0 0.009523809523809523 0.0 1.0 0.0 0.014284372136714995 0.0039050129581532484 0.004672897196261682 0.000936768149882904 0.0005212011500390551
0 0.011363636363636364 0.0 1.0 0.0 0.028727828256262064 0.0 0.009929906542056074 0.0 0.0237718608708326
0 0.010869565217391304 0.0 1.0 0.0 0.0626234152116321 0.0 0.015186915887850466 0.0 0.0002162053818536776
0 0.006944444444444444 0.0 1.0 0.0 0.003070680304505255 0.0 0.003894080996884735 0.0 0.0010149110272115285
0 0.0044444444444444444 0.0 1.0 0.0 0.02254881372297646 0.0 0.007009345794392522 0.0 0.08641146526692509
0 0.0038461538461538464 0.0 1.0 0.0 0.02173057318295263 0.0019525064790766242 0.012383177570093457 0.000468384074941452 0.00010433610625089655
0 0.004115226337448559 0.0 1.0 0.0 0.05431524345355043 0.0028909163122292393 0.01843198338525441 0.0005204267499349467 0.05176276753534967
0 0.0023809523809523807 0.0 1.0 0.0 0.021072016709524615 0.003252660174031857 0.006386292834890965 0.000624512099921936 0.039571046100914865
0 0.011494252873563218 0.0 1.0 0.0 0.04638705999840519 0.0 0.014018691588785047 0.0 0.27361305611479475
0 0.003703703703703704 0.0 1.0 0.0 0.02402773606101083 0.0 0.010643821391484943 0.0 0.082397835016689
0 0.016129032258064516 0.0 1.0 0.0 0.010837862060921327 0.0 0.002336448598130841 0.0 0.0025771788156786113
0 0.001736111111111111 0.0 1.0 0.0 0.013876440065764436 0.0 0.0032450674974039456 0.0 4.936472176615358e-05
0 0.002331002331002331 0.0 1.0 0.0 0.016058870816640418 0.006357599111820276 0.007368799424874191 0.0010808863267879661 0.00010092934512869962
0 0.001838235294117647 0.0 1.0 0.125 0.033835898368966194 0.012662086461524398 0.009199766355140186 0.002488290398126464 0.034986830548363004
0 0.005714285714285714 0.0 1.0 0.0 0.041019369801450316 0.0 0.01261682242990654 0.0 0.15070379233925518
0 0.003472222222222222 0.0 1.0 0.0 0.00868426830261338 0.0 0.0040887850467289715 0.0 0.0060133563083329105
0 0.0019305019305019305 0.0 1.0 0.0 0.013350215981173488 0.0 0.005173564753004005 0.0 0.004797919303362437
0 0.0023923444976076554 0.0 1.0 0.0 0.024715608034925795 0.0 0.00870858113848768 0.0 0.06357721078658457
0 0.003663003663003663 0.0 1.0 0.2857142857142857 0.01359103581535981 0.0 0.005674232309746328 0.0 0.0003064394781770031
0 0.004166666666666667 0.0 1.0 0.0 0.045055749275297104 0.0 0.010514018691588784 0.0 0.0001605346697123493
0 0.0013550135501355014 0.0 1.0 0.0 0.021568567718161083 0.007948755449383867 0.007139148494288681 0.0013010668748373666 5.414279546158868e-05
0 0.0026455026455026454 0.0 1.0 0.0 0.035321848867963065 0.009183198717073732 0.013239875389408098 0.00156128024980484 0.0731006998696198
0 0.0017889087656529517 0.0 1.0 0.0 0.015362652359016958 0.001671268226292318 0.007189072609633357 0.0003602954422626554 0.00011288568371842091
0 0.0022727272727272726 0.0 1.0 0.0 0.013215832861947985 0.0021726486941800135 0.00397196261682243 0.000468384074941452 0.0001769478214213165
0 0.0024691358024691358 0.0 1.0 0.0 0.018327582228384712 0.0019584367549937177 0.007009345794392522 0.0005204267499349467 0.0001598700319185136
0 0.125 0.0 1.0 0.0 0.05767254160742645 0.024579264018908614 0.019067796610169493 0.006392045454545455 0.12500000000000003
0 0.05555555555555555 0.0 1.0 0.0 0.03180217087205851 0.023666829070107684 0.011299435028248588 0.005050505050505052 0.00010737505654117744
0 0.02222222222222222 0.0 1.0 0.0 0.04939567317304305 0.02787508338370502 0.01544256120527307 0.006060606060606059 0.04986046233049293
0 0.03125 0.0 1.0 0.0 0.08403711774084972 0.029093545027925584 0.02330508474576271 0.006392045454545455 7.316168725239712e-05
0 0.013333333333333334 0.0 1.0 0.0 0.07838977028275479 0.035500243605161526 0.018455743879472693 0.00340909090909091 0.03839836013334285
0 0.008771929824561403 0.0 1.0 0.0 0.04874781936935406 0.01681590486560283 0.016354445435622957 0.0014952153110047847 0.0008555433441190875
0 0.017857142857142856 0.0 1.0 0.0 0.020987051114242386 0.007314532082159544 0.009180790960451978 0.0014204545454545455 0.000160578627937027
0 0.003125 0.0 1.0 0.0 0.061397070073543246 0.009534949955411636 0.018079096045197744 0.0018465909090909093 0.011686945821182498
1 0.00202020202020202 0.0 1.0 0.0 0.05203056294647549 0.005665918544365286 0.013764766307139189 0.0009297520661157024 0.006967498771228801