0 0.034482758620689655 0.0 1.0 0.13793103448275862 0.050323651421728954 0.03642519865536327 0.016507703595010997 0.01186503522432332 0.03448275862068965
0 0.017241379310344827 0.0 1.0 0.06896551724137931 0.03381347527982678 0.02728595481386031 0.006603081438004402 0.0007415647015202077 0.013893902694993642
0 0.0303030303030303 0.0 1.0 0.36363636363636365 0.03685374701886779 0.02839001935015242 0.008704061895551257 0.0019550342130987292 0.0446618991448744
0 0.027777777777777776 0.0 1.0 0.0 0.0 0.0 0.0 0.0 0.0003249624021882612
0 0.018181818181818184 0.0 1.0 0.0 0.01822390847911346 0.0 0.006769825918762088 0.0 0.02903880271015187
0 0.03333333333333333 0.0 1.0 0.0 0.0315267946517889 0.0 0.019148936170212766 0.0 0.054130766209228076
1 0.017543859649122806 0.0 1.0 0.10526315789473684 0.041783606724529264 0.045994132767210656 0.010721247563352826 0.0077291129922708885 0.017543859649122806
0 0.125 0.0 1.0 0.0 0.0237140939614737 0.0 0.010416666666666666 0.0 0.0006550486052016265
0 0.007575757575757575 0.0 1.0 0.0 0.02658432385125371 0.005259664350346175 0.006313131313131313 0.0009535918626827718 0.018932846354890894
0 0.011904761904761904 0.0 1.0 0.0 0.02795779868437418 0.005552582527910214 0.006944444444444446 0.001332001332001332 0.0016391088214591236
0 0.016666666666666666 0.0 1.0 0.0 0.02318536878887917 0.006001667349464241 0.008680555555555556 0.0011655011655011655 0.013401933939082233
0 0.027777777777777776 0.0 1.0 0.0 0.015326509496065836 0.012003334698928482 0.008101851851851851 0.002331002331002331 0.01388537988923576
1 0.1111111111111111 0.0 1.0 0.0 0.05126952948808182 0.05558657955773526 0.015343915343915345 0.011695906432748537 0.1111111111111111
0 0.03333333333333333 0.0 1.0 0.0 0.04039588539050974 0.04250817340569856 0.0126984126984127 0.008293460925039872 0.04082033429475549
1 0.006802721088435374 0.0 1.0 0.16326530612244897 0.03029045552871918 0.0270906560979665 0.00991253644314869 0.005077629137779512 0.010961292431369089
0 0.08333333333333333 0.0 1.0 0.0 0.04631779258698437 0.019929961322195943 0.011111111111111112 0.0 0.0004008147028098186
0 0.014285714285714287 0.0 1.0 0.0 0.01672341080347623 0.010676764994033541 0.006122448979591836 0.0 0.00011910717930016607
0 0.009259259259259259 0.0 1.0 0.0 0.006440371361387101 0.0 0.0021164021164021165 0.0 0.000130293212384937
0 0.015873015873015872 0.0 1.0 0.0 0.033776407495193374 0.006643320440731982 0.010582010582010581 0.0010632642211589579 0.00010498285890747381
0 0.011363636363636364 0.0 1.0 0.0 0.02951229598641368 0.012382612288082805 0.01038961038961039 0.002174858634188778 0.0337491778999293
0 0.005847953216374269 0.0 1.0 0.0 0.036473803354355974 0.010315716796605192 0.011027568922305764 0.0017627801561319568 3.624683565872336e-05
1 0.005263157894736842 0.0 1.0 0.0 0.05409974040058301 0.03873163470864467 0.017794486215538852 0.007554772097708386 0.03722330332431998
0 0.007575757575757576 0.0 1.0 0.0 0.04706180371607303 0.032277702955018424 0.013492063492063493 0.006379585326953748 0.07685761663508778
0 0.005952380952380952 0.0 1.0 0.0 0.03933048818023347 0.01921817698926038 0.008503401360544218 0.0030758714969241286 5.409106145992362e-05
0 0.004273504273504274 0.0 1.0 0.0 0.042050137080164314 0.02268658377614531 0.011375661375661376 0.0042530568846358315 0.035036376228920287