1 0.0625 0.0 1.0 0.0 0.01933649363445237 0.045182128224751025 0.006659836065573771 0.007747933884297521 0.0625
0 0.08333333333333333 0.0 1.0 0.0 0.12258157113991475 0.08415170025339451 0.02868852459016394 0.013774104683195593 4.750917525806125e-05
0 0.02564102564102564 0.0 1.0 0.0 0.05352012117043693 0.03177644182839633 0.011349306431273644 0.004450095359186269 0.002657133882562208
0 0.25 0.0 1.0 0.0 0.05121346618449532 0.0 0.0 0.0 0.002312244735966904
0 0.018181818181818184 0.0 1.0 0.0 0.05588371907081891 0.0 0.00819672131147541 0.0 0.012849170309949266
0 0.041666666666666664 0.0 1.0 0.0 0.11242936067293813 0.0 0.022540983606557378 0.0 7.981589344305364e-05
0 0.008403361344537815 0.0 1.0 0.0 0.04939981578964474 0.0 0.011571841851494695 0.0 0.0021427661363307656
0 0.013888888888888888 0.0 1.0 0.0 0.09105118275571424 0.07576013493438201 0.02641165755919854 0.01285583103764922 0.001313054522298208
0 0.018518518518518517 0.0 1.0 0.0 0.027278668877231852 0.0 0.0068306010928961755 0.0 0.00015500451974133087
0 0.0125 0.0 1.0 0.0 0.010496402245242458 0.011477057218901826 0.010245901639344263 0.002066115702479339 0.004857051189030596
0 0.00909090909090909 0.0 1.0 0.0 0.06495100700256419 0.01836329155024292 0.013934426229508199 0.003305785123966942 2.8345779323174438e-05
0 0.016666666666666666 0.0 1.0 0.0 0.1377639657192214 0.03672658310048584 0.027868852459016397 0.006611570247933884 5.754698021774708e-05
0 0.004807692307692308 0.0 1.0 0.125 0.04010821641613951 0.0 0.010245901639344262 0.0 1.781598276774273e-05
1 0.037037037037037035 0.0 1.0 0.0 0.09149391665446081 0.03408349543946602 0.020512820512820506 0.007464829170255532 0.03703703703703704
0 0.0625 0.0 1.0 0.0 0.03891857449836071 0.0410368272872472 0.009615384615384616 0.007751937984496124 0.00030834618307785786
0 0.047619047619047616 0.0 1.0 0.0 0.07048652520059613 0.04151523504656763 0.013186813186813187 0.0011074197120708748 0.29730140876106503
0 0.022727272727272728 0.0 1.0 0.0 0.022452128642704853 0.016635572330453718 0.007692307692307693 0.0014094432699083862 0.0002300037629554765
0 0.025 0.0 1.0 0.0 0.06322343383944522 0.011775634584802935 0.015384615384615385 0.0029069767441860465 0.25806681498150735
0 0.01515151515151515 0.0 1.0 0.0 0.05144583903043597 0.0 0.012587412587412588 0.0 0.1841960321312617
0 0.02040816326530612 0.0 1.0 0.0 0.02569552630070997 0.01345786809691764 0.006593406593406593 0.0033222591362126247 0.00042443795685174855
0 0.0625 0.0 1.0 0.0 0.0 0.0 0.0 0.0 0.004850310659129112
1 0.013888888888888888 0.0 1.0 0.0 0.023990446807344284 0.0 0.0057692307692307696 0.0 0.01944059105768378
0 0.0125 0.0 1.0 0.0 0.058920225999422274 0.0 0.0125 0.0 0.26461643649807326
0 0.006060606060606061 0.0 1.0 0.0 0.043321767727284535 0.0 0.007692307692307693 0.0 0.13584148324021506
0 0.009259259259259259 0.0 1.0 0.0 0.03126656419888188 0.010467230742047053 0.008547008547008548 0.002583979328165375 0.015075055478473388
0 0.008547008547008548 0.0 1.0 0.0 0.010043686752643015 0.0 0.003418803418803419 0.0 0.0004971637710980998
0 0.2 0.0 1.0 0.0 0.10956052987917833 0.053554653210072245 0.030985915492957743 0.011428571428571429 0.2
0 0.05555555555555555 0.0 1.0 0.0 0.07491452898732964 0.06244738248712153 0.026604068857589983 0.015873015873015872 0.05980668179682632
0 0.05555555555555555 0.0 1.0 0.0 0.07891050105135632 0.05950517023341361 0.02112676056338028 0.011904761904761904 0.09984208457281735
0 0.027777777777777776 0.0 1.0 0.0 0.05869748630045135 0.049587641861178006 0.012519561815336464 0.0 0.06083455510527459
0 0.025 0.0 1.0 0.0 0.06357690340739366 0.0 0.007042253521126761 0.0 0.07488605107237346
0 0.023809523809523808 0.0 1.0 0.0 0.05170027550918025 0.0 0.008048289738430584 0.0 0.09154614327176813
0 0.012987012987012986 0.0 1.0 0.0 0.019562602715397646 0.0 0.0 0.0 9.112306189570544e-05
0 0.011363636363636364 0.0 1.0 0.0 0.06964815356226638 0.02675028875761205 0.020486555697823303 0.005194805194805195 0.04684007379461401
0 0.02222222222222222 0.0 1.0 0.0 0.027390132469794583 0.0 0.005633802816901409 0.0 0.0002090253721763439
0 0.07142857142857142 0.0 1.0 0.0 0.08192797365867897 0.06271359508863047 0.026785714285714284 0.018140589569160998 0.07142857142857141
0 0.045454545454545456 0.0 1.0 0.0 0.036849285519878 0.06311154418695382 0.005681818181818182 0.005772005772005772 9.55982290119753e-05
1 0.0303030303030303 0.0 1.0 0.0 0.06348827255538113 0.018031869767701093 0.014204545454545454 0.0 0.08782515455707667
0 0.041666666666666664 0.0 1.0 0.0 0.05984033313579604 0.0 0.010416666666666666 0.0 0.00019868954423443404
0 0.02 0.0 1.0 0.0 0.0579570474818927 0.0 0.009375 0.0 0.0888126746415257
0 0.013888888888888888 0.0 1.0 0.0 0.07213932867716794 0.04010743302928354 0.015625 0.007936507936507936 0.024635343174906548