0 0.08333333333333333 0.0 1.0 0.08333333333333333 0.12432189650737567 0.09605995972321447 0.03395061728395062 0.018867924528301886 0.08333333333333336
0 0.041666666666666664 0.0 1.0 0.0 0.09727467718290156 0.04911983391909142 0.015432098765432098 0.0047169811320754715 0.05489659008000956
0 0.047619047619047616 0.0 1.0 0.0 0.12747406430795066 0.0 0.021164021164021163 0.0 0.11127639674077532
0 0.041666666666666664 0.0 1.0 0.0 0.13450625346425082 0.0 0.027777777777777776 0.0 0.08625094527077126
0 0.011764705882352941 0.0 1.0 0.0 0.1028714579611845 0.012330512084236368 0.022875816993464054 0.0022197558268590455 0.031219724424267882
0 0.14285714285714285 0.0 1.0 0.0 0.028000900298193247 0.043540368463473374 0.01248266296809986 0.008362369337979094 0.14285714285714282
0 0.05 0.0 1.0 0.0 0.10559481001107811 0.05746039981134456 0.029126213592233004 0.013658536585365855 4.3626452336440235e-05
1 0.047619047619047616 0.0 1.0 0.0 0.02969299938915063 0.05031632457969434 0.005547850208044382 0.00975609756097561 0.00020805638649152024
0 0.017857142857142856 0.0 1.0 0.0 0.10665716052049017 0.04975121641508366 0.022884882108183076 0.004181184668989547 0.005189939068835606
0 0.025 0.0 1.0 0.0 0.14624921500187438 0.03866769967226615 0.038834951456310676 0.007317073170731707 5.2405640789607726e-05
0 0.016666666666666666 0.0 1.0 0.0 0.1119042833032996 0.0 0.027184466019417475 0.0 4.237486405967355e-05
0 0.14285714285714285 0.0 1.0 0.0 0.0746850812231114 0.0 0.04854368932038835 0.0 0.5977370293522014
0 0.015625 0.0 1.0 0.0 0.13002488221565942 0.030478257924431363 0.032766990291262135 0.004878048780487805 0.002420464384795745
0 0.02222222222222222 0.0 1.0 0.0 0.014937016244622282 0.0 0.009708737864077669 0.0 0.08679608322711348
0 0.0125 0.0 1.0 0.0 0.1799157459064722 0.045717386886647046 0.046116504854368925 0.007317073170731707 0.007560886641737781
0 0.011363636363636364 0.0 1.0 0.0 0.05302693362034386 0.0 0.009708737864077669 0.0 0.00012926944203848638
0 0.011904761904761904 0.0 1.0 0.0 0.06433571375969942 0.0 0.013869625520110956 0.0 8.044726809904813e-05
0 0.008547008547008548 0.0 1.0 0.0 0.18124408168533596 0.04063767723257515 0.04314994606256742 0.0065040650406504065 3.549655675667237e-05
0 0.007936507936507936 0.0 1.0 0.0 0.021778478009705858 0.03386473102714596 0.009708737864077669 0.0065040650406504065 0.10695615110424637
0 0.05 0.0 1.0 0.0 0.10559481001107811 0.05746039981134456 0.029126213592233004 0.013658536585365855 4.3626452336440235e-05
0 0.047619047619047616 0.0 1.0 0.0 0.02969299938915063 0.05031632457969434 0.005547850208044382 0.00975609756097561 0.00020805638649152024
0 0.017857142857142856 0.0 1.0 0.0 0.10665716052049017 0.04975121641508366 0.022884882108183076 0.004181184668989547 0.005189939068835606
0 0.025 0.0 1.0 0.0 0.14624921500187438 0.03866769967226615 0.038834951456310676 0.007317073170731707 5.2405640789607726e-05
0 0.016666666666666666 0.0 1.0 0.0 0.1119042833032996 0.0 0.027184466019417475 0.0 4.237486405967355e-05
0 0.14285714285714285 0.0 1.0 0.0 0.0746850812231114 0.0 0.04854368932038835 0.0 0.5977370293522014
0 0.015625 0.0 1.0 0.0 0.13002488221565942 0.030478257924431363 0.032766990291262135 0.004878048780487805 0.002420464384795745
0 0.02222222222222222 0.0 1.0 0.0 0.014937016244622282 0.0 0.009708737864077669 0.0 0.08679608322711348
0 0.0125 0.0 1.0 0.0 0.1799157459064722 0.045717386886647046 0.046116504854368925 0.007317073170731707 0.007560886641737781
0 0.011363636363636364 0.0 1.0 0.0 0.05302693362034386 0.0 0.009708737864077669 0.0 0.00012926944203848638
0 0.011904761904761904 0.0 1.0 0.0 0.06433571375969942 0.0 0.013869625520110956 0.0 8.044726809904813e-05
0 0.008547008547008548 0.0 1.0 0.0 0.18124408168533596 0.04063767723257515 0.04314994606256742 0.0065040650406504065 3.549655675667237e-05
0 0.041666666666666664 0.0 1.0 0.0 0.07257874778008815 0.0638924478903503 0.02588383838383838 0.013676844783715019 0.041666666666666664
1 0.025 0.0 1.0 0.0 0.050545176896849564 0.052621486188111855 0.01590909090909091 0.0076335877862595426 0.06507857702507155
0 0.013333333333333332 0.0 1.0 0.16 0.06785079357769523 0.048229766797532436 0.019696969696969692 0.008244274809160306 0.04480202633231809
0 0.013888888888888888 0.0 1.0 0.0 0.04555097294502361 0.01580254852638114 0.010942760942760942 0.0029686174724342664 0.07886136403407369
0 0.014285714285714287 0.0 1.0 0.0 0.03405535019852104 0.0 0.00974025974025974 0.0 0.01249641952921468
1 0.007936507936507936 0.0 1.0 0.0 0.0385655003206882 0.01310287680875399 0.011183261183261184 0.0025445292620865138 0.06423451280901013
0 0.014285714285714285 0.0 1.0 0.0 0.10637995781524134 0.06293651767823935 0.03257575757575758 0.011450381679389313 0.11127181478023337