0 0.1 0.0 1.0 0.2 0.034428114987019934 0.03555796757850326 0.011336032388663967 0.007317073170731709 0.09999999999999999
0 0.045454545454545456 0.0 1.0 0.0 0.04642325422036322 0.04156126080604278 0.013249907986750091 0.007390983000739099 0.01360712327304628
0 0.0303030303030303 0.0 1.0 0.0 0.0172968806409469 0.027707507204028516 0.004416635995583364 0.007390983000739099 0.024458173478405534
0 0.017857142857142856 0.0 1.0 0.0 0.008435653869384394 0.02177018423173669 0.001156737998843262 0.0017421602787456446 4.9438669486557924e-05
0 0.022222222222222223 0.0 1.0 0.0 0.0 0.01693236551357298 0.001799370220422852 0.0 0.00012732592123449845
0 0.013888888888888888 0.0 1.0 0.0 0.017905069255495603 0.0 0.005060728744939271 0.0 4.417208667587849e-05
0 0.02040816326530612 0.0 1.0 0.0 0.026685456025268655 0.0 0.006940427993059572 0.0 8.023615253199448e-05
0 0.041666666666666664 0.0 1.0 0.0 0.0740755209505247 0.03010783573955818 0.021592442645074223 0.005420054200542006 0.0937403818527191
0 0.012345679012345678 0.0 1.0 0.0 0.038496924157163076 0.0 0.018893387314439944 0.0 6.136290613843773e-05
0 0.014285714285714287 0.0 1.0 0.0 0.04310216034129997 0.012903358174096364 0.020821283979178713 0.00232288037166086 6.397863716862296e-05
0 0.01818181818181818 0.0 1.0 0.0 0.055482970434440324 0.0 0.017813765182186234 0.0 9.805013832238389e-05
0 0.013888888888888888 0.0 1.0 0.0 0.0448410186815964 0.0 0.020242914979757085 0.0 0.03421187502312602
0 0.01098901098901099 0.0 1.0 0.0 0.05350805544382854 0.012903358174096364 0.020242914979757085 0.00232288037166086 6.474723371430025e-05
0 0.007936507936507936 0.0 1.0 0.0 0.05304594187143582 0.010035945246519394 0.028789923526765626 0.001806684733514002 3.9943156870342874e-05
0 0.06666666666666667 0.0 1.0 0.0 0.0 0.0 0.0 0.0 0.0037111447691579587
0 0.020833333333333332 0.0 1.0 0.0 0.0 0.0 0.004048582995951417 0.0 0.0005939042231181588
0 0.004901960784313725 0.0 1.0 0.16666666666666666 0.02869009582251661 0.02963163964875272 0.010458839406207827 0.006097560975609757 0.08233288185549571
0 0.045454545454545456 0.0 1.0 0.0 0.04642325422036322 0.04156126080604278 0.013249907986750091 0.007390983000739099 0.01360712327304628
0 0.0303030303030303 0.0 1.0 0.0 0.0172968806409469 0.027707507204028516 0.004416635995583364 0.007390983000739099 0.024458173478405534
0 0.017857142857142856 0.0 1.0 0.0 0.008435653869384394 0.02177018423173669 0.001156737998843262 0.0017421602787456446 4.9438669486557924e-05
0 0.022222222222222223 0.0 1.0 0.0 0.0 0.01693236551357298 0.001799370220422852 0.0 0.00012732592123449845
0 0.013888888888888888 0.0 1.0 0.0 0.017905069255495603 0.0 0.005060728744939271 0.0 4.417208667587849e-05
0 0.02040816326530612 0.0 1.0 0.0 0.026685456025268655 0.0 0.006940427993059572 0.0 8.023615253199448e-05
0 0.041666666666666664 0.0 1.0 0.0 0.0740755209505247 0.03010783573955818 0.021592442645074223 0.005420054200542006 0.0937403818527191
0 0.012345679012345678 0.0 1.0 0.0 0.038496924157163076 0.0 0.018893387314439944 0.0 6.136290613843773e-05
0 0.014285714285714287 0.0 1.0 0.0 0.04310216034129997 0.012903358174096364 0.020821283979178713 0.00232288037166086 6.397863716862296e-05
0 0.01818181818181818 0.0 1.0 0.0 0.055482970434440324 0.0 0.017813765182186234 0.0 9.805013832238389e-05
0 0.013888888888888888 0.0 1.0 0.0 0.0448410186815964 0.0 0.020242914979757085 0.0 0.03421187502312602
0 0.01098901098901099 0.0 1.0 0.0 0.05350805544382854 0.012903358174096364 0.020242914979757085 0.00232288037166086 6.474723371430025e-05
0 0.007936507936507936 0.0 1.0 0.0 0.05304594187143582 0.010035945246519394 0.028789923526765626 0.001806684733514002 3.9943156870342874e-05
0 0.06666666666666667 0.0 1.0 0.0 0.0 0.0 0.0 0.0 0.0037111447691579587
0 0.07692307692307693 0.0 1.0 0.0 0.02930501855754924 0.02089646446323889 0.014137214137214138 0.005016722408026754 0.07692307692307693
0 0.045454545454545456 0.0 1.0 0.0 0.043670400838271214 0.0339567547527632 0.014250614250614252 0.005928853754940711 0.04898324139403649
0 0.041666666666666664 0.0 1.0 0.0 0.039458682451169624 0.025467566064572397 0.01418918918918919 0.004755434782608696 0.10470691133163466
0 0.027777777777777776 0.0 1.0 0.0 0.038737537159338524 0.030710813685321067 0.008408408408408409 0.006038647342995168 0.00014289387371059232
0 0.015384615384615385 0.0 1.0 0.0 0.03603940449668909 0.02873263863695348 0.009563409563409564 0.005434782608695652 0.007080217171983807
1 0.041666666666666664 0.0 1.0 0.0 0.05144461295578564 0.0254675660645724 0.013513513513513514 0.0 0.21076602484331605
0 0.006493506493506493 0.0 1.0 0.0 0.03171839599071655 0.013145585484014203 0.010073710073710074 0.0012351778656126482 4.003783673750939e-05
0 0.015625 0.0 1.0 0.0 0.01371747515749698 0.0 0.00472972972972973 0.0 0.0003802010883683069
0 0.0044444444444444444 0.0 1.0 0.08 0.019311875175367917 0.0018704924893274417 0.006702702702702703 0.00043478260869565214 0.025683526650436602
0 0.0125 0.0 1.0 0.0 0.038221007893003575 0.0 0.008108108108108109 0.0 0.0908890965167402
0 0.008264462809917356 0.0 1.0 0.0 0.04662187265373747 0.006605163150119131 0.015233415233415233 0.0014822134387351778 0.06015100491888037
0 0.013888888888888888 0.0 1.0 0.0 0.011257734909024196 0.0 0.005405405405405406 0.0 0.002129576896258863
0 0.00591715976331361 0.0 1.0 0.0 0.020883762580981787 0.0 0.009563409563409564 0.0 0.05928701711042606
0 0.014285714285714285 0.0 1.0 0.0 0.05949922779121246 0.009352462446637209 0.016216216216216217 0.002173913043478261 0.0002771790626724083
0 0.022222222222222223 0.0 1.0 0.0 0.0 0.0 0.0 0.0 0.0018433680104648189
0 0.010416666666666666 0.0 1.0 0.0 0.011257734909024196 0.0 0.0 0.0 0.0006236749220686703
0 0.006535947712418301 0.0 1.0 0.0 0.008996971384440677 0.0 0.005405405405405406 0.0 0.014559666979729359
0 0.05555555555555555 0.0 1.0 0.0 0.0 0.0 0.0 0.0 0.008485171900642744
0 0.005263157894736842 0.0 1.0 0.0 0.03441907863926171 0.014863257649147565 0.011351351351351352 0.002717391304347826 0.00011580968165636684
0 0.05263157894736842 0.0 1.0 0.0 0.0340134095421505 0.04324710696802748 0.014354066985645932 0.009210526315789473 0.05263157894736842
0 0.05 0.0 1.0 0.0 0.051334209032824506 0.03644691676796584 0.013223140495867768 0.0075 8.510919267033039e-05
0 0.02564102564102564 0.0 1.0 0.0 0.036322232555644776 0.037988174948856465 0.01144310235219326 0.005128205128205128 0.01572193359619825
0 0.019230769230769232 0.0 1.0 0.0 0.00829770093700586 0.012015467066362364 0.003178639542275906 0.0 0.00011208859037469508
0 0.025 0.0 1.0 0.0 0.05740471791841285 0.0 0.015495867768595042 0.0 0.00010930879411519522
1 0.008771929824561403 0.0 1.0 0.0 0.01463001854354049 0.0 0.0013049151805132667 0.0 0.006509339329296715
1 0.007936507936507936 0.0 1.0 0.0 0.04399872056454752 0.0037507576825668606 0.010560146923783287 0.000925925925925926 0.026813403502764496
0 0.015625 0.0 1.0 0.0 0.028121036124208527 0.008439204785775437 0.011363636363636364 0.0020833333333333333 0.00017642995837542202
0 0.008547008547008546 0.0 1.0 0.0 0.04725278626794221 0.0 0.013350286077558806 0.0 0.00032667224270925435