1 0.047619047619047616 0.0 1.0 0.0 0.04986166587876897 0.0527195867234301 0.020127638684339717 0.012400793650793648 0.047619047619047616
0 0.08333333333333333 0.0 1.0 0.0 0.0795105216369543 0.032541889971398064 0.022336769759450172 0.008680555555555554 0.12309336107931856
0 0.023809523809523808 0.0 1.0 0.0 0.009925980876752314 0.026861579528222233 0.008836524300441826 0.001488095238095238 0.005267460530790733
0 0.014705882352941176 0.0 1.0 0.0 0.04837419503224842 0.026799203505857228 0.012734990903577926 0.001838235294117647 0.0318468893237564
0 0.04 0.0 1.0 0.0 0.02464990087945536 0.0 0.014432989690721649 0.0 0.012586419487082107
0 0.027777777777777776 0.0 1.0 0.0 0.07983512465387531 0.03254188997139807 0.025773195876288662 0.005208333333333333 0.1304214754318148
0 0.007142857142857143 0.0 1.0 0.0 0.05127592978713282 0.01051894841272759 0.013917525773195874 0.0020833333333333333 0.04420881396324098
0 0.015625 0.0 1.0 0.0 0.021487635736229863 0.0 0.006443298969072165 0.0 0.02594189253770907
0 0.2 0.0 1.0 0.0 0.1385745013360766 0.13509281890829036 0.037333333333333336 0.021621621621621623 0.20000000000000004
0 0.1 0.0 1.0 0.0 0.1037173016189555 0.0 0.037333333333333336 0.021621621621621623 0.1616950023115536
0 0.05555555555555555 0.0 1.0 0.0 0.12476390574072498 0.11257734909024197 0.022222222222222223 0.0045045045045045045 0.1176020434421814
0 0.008928571428571428 0.0 1.0 0.0 0.05188172500690837 0.024123717662194708 0.008571428571428572 0.003861003861003861 0.024604858860693694
0 0.1 0.0 1.0 0.0 0.1037173016189555 0.0 0.037333333333333336 0.021621621621621623 0.1616950023115536
0 0.05555555555555555 0.0 1.0 0.0 0.12476390574072498 0.11257734909024197 0.022222222222222223 0.0045045045045045045 0.1176020434421814
0 0.007142857142857143 0.0 1.0 0.0 0.03799078967565257 0.0 0.002666666666666667 0.0 2.2323569704447506e-05
0 0.14285714285714285 0.0 1.0 0.2857142857142857 0.0656429332791646 0.020285853488663734 0.013963480128893662 0.006493506493506494 0.14285714285714288
0 0.07142857142857142 0.0 1.0 0.0 0.007604710361774907 0.02554748607891107 0.012889366272824918 0.007575757575757576 0.0002795589668762162
0 0.02564102564102564 0.0 1.0 0.0 0.004976440399598746 0.01375633865787519 0.004626951995373048 0.005827505827505826 0.00011708425374936208
0 0.08333333333333333 0.0 1.0 0.0 0.1452670792235752 0.06779233640876188 0.03508771929824561 0.010101010101010102 0.3204227529681375
0 0.025 0.0 1.0 0.0 0.05965206152189853 0.017750121802580766 0.018796992481203006 0.0 0.11850679441311358
0 0.03333333333333333 0.0 1.0 0.0 0.031622909788152874 0.0 0.009022556390977442 0.0 0.0003404352561565104
0 0.02857142857142857 0.0 1.0 0.0 0.10909294759454455 0.10695724786196611 0.03609022556390977 0.019696969696969695 0.18454058828369432
0 0.017857142857142856 0.0 1.0 0.0 0.06711109424821084 0.08114341395465494 0.015037593984962405 0.012987012987012988 0.00010713679079659734
0 0.015873015873015872 0.0 1.0 0.0 0.09805686227056651 0.08992193651289448 0.027926960257787323 0.014069264069264068 0.1272525213785062
0 0.014285714285714287 0.0 1.0 0.0 0.07792353399610326 0.08992193651289448 0.027926960257787323 0.014069264069264068 0.13144614745030242
0 0.017857142857142856 0.0 1.0 0.0 0.06711109424821084 0.08114341395465494 0.015037593984962405 0.012987012987012988 0.00010713679079659734
1 0.002976190476190476 0.0 1.0 0.0 0.03247821927493872 0.0 0.005907626208378087 0.0 0.02942802603184002
0 0.015384615384615385 0.0 1.0 0.0 0.04551012396806728 0.0 0.013533834586466165 0.0 0.00022390357934347146
0 0.002976190476190476 0.0 1.0 0.08333333333333333 0.05550110881151966 0.0 0.011904761904761904 0.0 0.02294860396907765
0 0.06666666666666667 0.0 1.0 0.0 0.047201130562038965 0.05767424191853934 0.023232323232323233 0.014358974358974359 0.06666666666666667
1 0.045454545454545456 0.0 1.0 0.18181818181818182 0.03627597664016246 0.06990817202247193 0.009641873278236915 0.005594405594405594 0.005566653726595045
0 0.03333333333333333 0.0 1.0 0.2 0.0555299784562755 0.0 0.021212121212121213 0.0 0.03967695480861096
0 0.01 0.0 1.0 0.0 0.044620726417952776 0.0 0.008484848484848484 0.0 0.001877263702560327
0 0.04 0.0 1.0 0.0 0.09170979526898408 0.0 0.015151515151515152 0.0 0.00024991699162312203