0 0.1 0.0 1.0 0.0 0.03261974355375127 0.0038410099638371492 0.013701431492842536 0.0018442622950819673 0.1
0 0.16666666666666666 0.0 1.0 0.0 0.018756205269542938 0.004267788848707943 0.006816632583503749 0.001366120218579235 0.0014992020667739855
0 0.027777777777777776 0.0 1.0 0.0 0.02780323276238951 0.01260952696709741 0.013462849352419905 0.0030737704918032786 0.023202798593373864
0 0.03571428571428571 0.0 1.0 0.0 0.027591158616495488 0.008388448568369804 0.013730645632486122 0.00234192037470726 0.05593286650237328
0 0.02 0.0 1.0 0.0 0.03758930044943641 0.012803366546123829 0.012883435582822086 0.002049180327868852 0.02146964840063159
0 0.023809523809523808 0.0 1.0 0.0 0.027855451997247628 0.005487157091195927 0.011977797253870872 0.0017564402810304452 0.0003836674533851474
0 0.015873015873015872 0.0 1.0 0.0 0.01731430778142708 0.016812702622796542 0.010679391047489207 0.0034153005464480865 0.049022046036592874
0 0.013888888888888888 0.0 1.0 0.0 0.015088809683833455 0.009958173980318532 0.004998863894569416 0.0018214936247723133 0.0003479775154420303
0 0.009259259259259259 0.0 1.0 0.0 0.03168358434859809 0.012825893174468023 0.012781186094069532 0.003244535519125683 0.0001364970552446647
0 0.008333333333333333 0.0 1.0 0.0 0.0320576954019921 0.01383222257176941 0.010736196319018405 0.0027322404371584695 0.053242597191154595
0 0.01818181818181818 0.0 1.0 0.0 0.03399184044554482 0.017459498174909955 0.0196319018404908 0.004508196721311475 0.08950459017703959
0 0.005952380952380952 0.0 1.0 0.0 0.0218922602602405 0.01355174451739574 0.008764241893076249 0.0027810304449648712 0.019342514799931754
0 0.01098901098901099 0.0 1.0 0.0 0.03286117412381108 0.007316209454927903 0.010224948875255626 0.000585480093676815 0.1270546170810802
0 0.008928571428571428 0.0 1.0 0.0 0.013920934501582296 0.009602524909592871 0.004601226993865031 0.0 0.000580312360189858
0 0.0044444444444444444 0.0 1.0 0.0 0.022059560928059243 0.014510482085607006 0.0087252897068848 0.000819672131147541 0.02237527604790589
0 0.005681818181818182 0.0 1.0 0.0 0.02362356587236575 0.01361725971525244 0.016731734523145567 0.0027943368107302535 0.03233916690742816
0 0.00980392156862745 0.0 1.0 0.0 0.02641700852800817 0.0 0.007157464212678937 0.0 0.0003426431825533246
0 0.007936507936507936 0.0 1.0 0.0 0.026309534306382897 0.014247498165624956 0.019281332164767746 0.0038056206088992977 0.00028729178801703114
0 0.007518796992481203 0.0 1.0 0.0 0.024706526482129905 0.009570394233446673 0.01110137306456325 0.001756440281030445 0.13704308195769635
0 0.0125 0.0 1.0 0.0 0.05091540419053678 0.006401683273061915 0.020961145194274028 0.0010245901639344263 0.07086245802516242
0 0.009523809523809523 0.0 1.0 0.0 0.030064503975594053 0.010242693236899063 0.01554192229038855 0.001639344262295082 0.09162113802663567
0 0.002840909090909091 0.0 1.0 0.0 0.024007778772649292 0.0016004208182654788 0.007668711656441719 0.00025614754098360657 0.045797826932107655
0 0.010869565217391304 0.0 1.0 0.0 0.0313046714130727 0.015422689445575528 0.018916155419222903 0.004098360655737705 0.11914020637653559
0 0.041666666666666664 0.0 1.0 0.0 0.025460520724574887 0.0 0.0081799591002045 0.0 0.010199354627276676
0 0.0044444444444444444 0.0 1.0 0.0 0.03571164173956429 0.0031100451097014693 0.01113383321972279 0.0009107468123861566 0.07267950894545133
0 0.002403846153846154 0.0 1.0 0.0 0.017498766047014346 0.004446166563116137 0.007668711656441719 0.0007684426229508197 0.00010932346143600778
0 0.006172839506172839 0.0 1.0 0.0 0.03370273048798967 0.010281792963717019 0.015337423312883436 0.00273224043715847 0.065613030257765
0 0.003968253968253968 0.0 1.0 0.0 0.015388448008110088 0.0 0.004544421722335833 0.0 0.0015625481944551729
0 0.0021551724137931034 0.0 1.0 0.0 0.01659188006312616 0.0016004208182654788 0.004729038854805726 0.00025614754098360657 0.06246131502326558
0 0.003333333333333333 0.0 1.0 0.0 0.006833531485628011 0.002560673309224766 0.0014314928425357876 0.0004098360655737705 0.0043579717693554105
0 0.0035842293906810036 0.0 1.0 0.0 0.01787824325891668 0.002529551773200585 0.007498295841854124 0.0004553734061930783 0.116721234931724
0 0.0026041666666666665 0.0 1.0 0.0 0.03017406386928174 0.0054547608952477825 0.010565780504430813 0.0010245901639344263 0.0001931443481913064
0 0.0021645021645021645 0.0 1.0 0.0 0.02237882836392297 0.0028464569750518377 0.008618171194858314 0.000585480093676815 0.04752140868788886
0 0.00196078431372549 0.0 1.0 0.0 0.026514865379010735 0.013444979109283961 0.018813905930470345 0.0031420765027322405 0.0172912956035401
1 0.002197802197802198 0.0 1.0 0.0 0.00800066983895776 0.0 0.0018876828692779614 0.0 0.003011829333443406
0 0.0021367521367521365 0.0 1.0 0.0 0.0037133674904693765 0.0 0.0009438414346389808 0.0 0.0003866431687717681
0 0.002702702702702703 0.0 1.0 0.0 0.016482041085393147 0.0 0.003680981595092025 0.0 0.0001983193627885301
0 0.0037593984962406013 0.0 1.0 0.0 0.034019694734491 0.011050094966737799 0.019281332164767746 0.0026346604215456678 0.0003093789524484113
0 0.0028490028490028487 0.0 1.0 0.0 0.030273907125330173 0.009276104146400574 0.014314928425357877 0.0020491803278688526 0.00025583113147268244
0 0.0014705882352941176 0.0 1.0 0.0 0.028662047967848006 0.00401869484247346 0.010224948875255626 0.0008437801350048215 0.0438936935381814
0 0.0040650406504065045 0.0 1.0 0.0 0.02437712494510438 0.004267788848707943 0.016359918200409 0.0006830601092896175 0.07216243961838058
0 0.0026455026455026454 0.0 1.0 0.0 0.03324527394160525 0.005101752603607201 0.011815496478073166 0.001138433515482696 0.03668973710728079
0 0.003875968992248062 0.0 1.0 0.0 0.022800171823988604 0.007118513204966859 0.013633265167007498 0.0017076502732240437 0.06991953950904331
0 0.0022727272727272726 0.0 1.0 0.0 0.021054517529264086 0.011088497948991308 0.0147239263803681 0.0024590163934426227 0.03751924241144732
0 0.002777777777777778 0.0 1.0 0.0 0.029565342678339497 0.011574936590796796 0.01584867075664622 0.0020491803278688526 0.044592443740736114
0 0.005434782608695652 0.0 1.0 0.0 0.03046664888205524 0.006997601496828306 0.014314928425357873 0.0020491803278688526 0.0008465405982821093
0 0.00425531914893617 0.0 1.0 0.0 0.034683488014268335 0.0 0.015950920245398775 0.0 0.0838366846400122
0 0.0018939393939393938 0.0 1.0 0.0 0.018899399781755113 0.0015531301538109512 0.006692693809258227 0.00037257824143070045 0.00023632651391117845
0 0.003401360544217687 0.0 1.0 0.0 0.015739397540929952 0.010281792963717019 0.011247443762781187 0.00273224043715847 0.08368710356246169
0 0.0022222222222222222 0.0 1.0 0.0 0.028457570294044783 0.009571476189735788 0.015678254942058625 0.0025045537340619307 0.00026808102497733735
0 0.0016339869281045752 0.0 1.0 0.0 0.018458642615467195 0.004151083088617263 0.01278118609406953 0.0008538251366120219 0.03140776810652426
0 0.002403846153846154 0.0 1.0 0.0 0.01660779558958371 0.01191811612262721 0.011503067484662578 0.0023053278688524594 0.0005709871936334902
0 0.0020964360587002098 0.0 1.0 0.0 0.023939430378082487 0.005101752603607201 0.010906612133605999 0.001138433515482696 0.04186005935283325
1 0.0625 0.0 1.0 0.0 0.019385871119044 0.025516982677097354 0.007922535211267605 0.0050117924528301884 0.06250000000000001
0 0.05555555555555555 0.0 1.0 0.0 0.04114006625436104 0.015193195605284029 0.014606155451225872 0.0052410901467505235 0.06587271445794506
0 0.02564102564102564 0.0 1.0 0.0 0.011033930176071393 0.01586948480462954 0.0025279884434814015 0.0043541364296081275 8.683618018804772e-05
0 0.025 0.0 1.0 0.0 0.026862980086597037 0.024426209497914825 0.008450704225352112 0.005660377358490566 0.036809514949525265
0 0.018181818181818184 0.0 1.0 0.0 0.009386997419526286 0.02727211531075028 0.008536064874093042 0.003001715265866209 0.00016380801372428572
0 0.03333333333333333 0.0 1.0 0.0 0.03057979571698518 0.01178876014058194 0.009389671361502348 0.0 0.0002516126073868414
0 0.015873015873015872 0.0 1.0 0.0 0.024477076780649316 0.016959307406775422 0.02451747522170057 0.0020964360587002098 0.07328262330086584
0 0.017857142857142856 0.0 1.0 0.0 0.008972882941187154 0.012630814436337793 0.01006036217303823 0.0 0.0080963824396137
0 0.007407407407407407 0.0 1.0 0.0 0.021370218445958603 0.010389759594985578 0.007511737089201878 0.00220125786163522 0.04199685752955865
0 0.005555555555555556 0.0 1.0 0.0 0.008297475809873972 0.0019722936188262207 0.004434011476264998 0.0005241090146750524 0.002064990074302456
0 0.010101010101010102 0.0 1.0 0.0 0.03230405980822482 0.0 0.011997913406364108 0.0 0.00011026857074625199
0 0.009259259259259259 0.0 1.0 0.0 0.027651007330257132 0.0 0.00834637454355764 0.0 0.08994371582015027
0 0.005128205128205128 0.0 1.0 0.0 0.022101553255223838 0.0034936450905336375 0.009702660406885758 0.0006289308176100629 6.189358568040859e-05
0 0.014285714285714285 0.0 1.0 0.0 0.03585731940568552 0.0 0.009389671361502348 0.0 0.14591548317451067
0 0.006060606060606061 0.0 1.0 0.0 0.01966088184374233 0.007252931385807151 0.02005975245411865 0.002144082332761578 0.00011346264685552373
0 0.0012254901960784314 0.0 1.0 0.0 0.04331035593549993 0.007666761004168349 0.021909233176838808 0.002312245652978172 0.003282256131281557
0 0.07692307692307693 0.0 1.0 0.0 0.023840044312156524 0.01682165389290731 0.009567546880979718 0.004615384615384615 0.07692307692307693
0 0.05 0.0 1.0 0.0 0.029374943756312416 0.012496085749016858 0.007960199004975124 0.0045 0.00010588427922343904
0 0.0303030303030303 0.0 1.0 0.0 0.03332936717676155 0.021779372592662053 0.012663952962460425 0.005454545454545454 0.043555425355780004
0 0.025 0.0 1.0 0.0 0.03407307681423022 0.026963548253526093 0.012935323383084577 0.0055 0.046394228211382414
1 0.004166666666666667 0.0 1.0 0.0 0.013241009150264771 0.01449222977579625 0.017931177446102817 0.0020833333333333333 0.00833621562125827
0 0.01515151515151515 0.0 1.0 0.0 0.033260465731864836 0.011941091396802793 0.013568521031207597 0.0009090909090909091 0.07332353076339165
0 0.009523809523809523 0.0 1.0 0.0 0.019518904306064268 0.004165361916338953 0.003980099502487562 0.0006666666666666666 7.349870642935691e-05
0 0.0125 0.0 1.0 0.0 0.02844685256347173 0.004456283405280375 0.007960199004975124 0.001 0.053288658827513616
0 0.01111111111111111 0.0 1.0 0.0 0.03868257331655032 0.017709266977419827 0.01741293532338308 0.0035000000000000005 8.826189363627648e-05
0 0.008333333333333333 0.0 1.0 0.0 0.024748265036453915 0.005206702395423691 0.006218905472636815 0.0008333333333333334 8.634001986493135e-05
0 0.004784688995215311 0.0 1.0 0.0 0.025978343817672857 0.0 0.009164702801780571 0.0 0.03705534682162447
0 0.007575757575757575 0.0 1.0 0.0 0.026479422854562305 0.008520058465238766 0.014473089099954772 0.002272727272727273 8.819982618050365e-05
0 0.009615384615384616 0.0 1.0 0.0 0.029156546723479997 0.0 0.014925373134328358 0.00125 0.11268986634348412
0 0.005494505494505494 0.0 1.0 0.0 0.028002412356329328 0.009753501324441123 0.015690776884806735 0.0023076923076923075 7.028075289218058e-05