1 0.16666666666666666 0.0 1.0 0.0 0.0653523724252665 0.014983316245823572 0.01851851851851852 0.003597122302158273 0.16666666666666666
0 0.03571428571428571 0.0 1.0 0.0 0.03412711629277272 0.025685684992840407 0.007168458781362007 0.004110996916752312 5.509991555761347e-05
0 0.16666666666666666 0.0 1.0 0.0 0.02231217676400917 0.011237487184367678 0.016129032258064516 0.0017985611510791368 0.0013719634962747792
0 0.03125 0.0 1.0 0.0 0.021964838552255245 0.014046858980459598 0.006720430107526883 0.0031474820143884887 0.0001415322893517292
0 0.06666666666666667 0.0 1.0 0.0 0.0 0.014983316245823572 0.0023894862604540022 0.0023980815347721825 0.0039144445290878365
0 0.03333333333333333 0.0 1.0 0.0 0.02846788392908901 0.017979979494988287 0.009318996415770608 0.0028776978417266188 0.00023723286193384416
0 0.03571428571428571 0.0 1.0 0.0 0.03304038060673573 0.016856230776551517 0.010752688172043012 0.002697841726618705 0.0003084027505709669
0 0.025 0.0 1.0 0.0 0.06163207121357428 0.03595995898997657 0.012903225806451613 0.0057553956834532375 0.000167710409611366
0 0.02222222222222222 0.0 1.0 0.0 0.08019365538957751 0.0 0.02007168458781362 0.0028776978417266188 0.1774822753581177
0 0.02 0.0 1.0 0.0 0.008711437198219808 0.0 0.002150537634408602 0.0028776978417266188 0.0005290886049357996
0 0.007575757575757576 0.0 1.0 0.0 0.03107566693272842 0.0018729145307279464 0.0062724014336917565 0.0032973621103117496 0.07674178696537268
0 0.009259259259259259 0.0 1.0 0.0 0.01335965382597009 0.0 0.005177220230983673 0.001598721023181455 0.00018177843527470255
0 0.025641025641025644 0.0 1.0 0.0 0.0 0.014983316245823572 0.0 0.0 0.0020230367562856844
0 0.007936507936507936 0.0 1.0 0.0 0.07484619991881375 0.027469413117343213 0.016726403823178016 0.0023980815347721825 0.087721262315496
0 0.008333333333333333 0.0 1.0 0.0 0.00738561673659785 0.011237487184367678 0.005376344086021506 0.0 0.000286708879848335
0 0.0078125 0.0 1.0 0.0 0.01350889318444172 0.016856230776551517 0.005824372759856631 0.0 0.03419347660812215
0 0.003676470588235294 0.0 1.0 0.0 0.01463554700215159 0.02013528777748803 0.00649641577060932 0.0017985611510791368 7.964924418846597e-05
0 0.002525252525252525 0.0 1.0 0.0 0.010644034183382972 0.007492717448120956 0.006516780710329097 0.0013080444735120995 5.42089421087007e-05
1 0.02631578947368421 0.0 1.0 0.0 0.03902024314187368 0.0 0.007168458781362007 0.0 0.0011685978628077284
0 0.005 0.0 1.0 0.0 0.015456963918951802 0.00399632783737301 0.012186379928315411 0.0007194244604316547 0.022625283805096756
0 0.003401360544217687 0.0 1.0 0.0 0.012227395918837754 0.0 0.007168458781362007 0.0 0.015501077768384715
0 0.011363636363636364 0.0 1.0 0.0 0.02426100140742203 0.0 0.008064516129032258 0.0 0.0004549107221442004
0 0.005434782608695652 0.0 1.0 0.0 0.07214702954504833 0.0 0.01299283154121864 0.0 0.10389101230307173
0 0.008333333333333333 0.0 1.0 0.0 0.07491323457660706 0.0 0.017204301075268817 0.0 0.17804722181581195
0 0.002857142857142857 0.0 1.0 0.0 0.0582128861305315 0.008026776560262627 0.016897081413210446 0.0012846865364850976 0.05006976599128329
0 0.006410256410256411 0.0 1.0 0.0 0.01596257481341958 0.0 0.007168458781362008 0.0 0.0003669444090044526
0 0.012345679012345678 0.0 1.0 0.0 0.012230171662578221 0.0 0.0047789725209080045 0.0 0.0010536457096315048
0 0.004464285714285714 0.0 1.0 0.0 0.02762360924345128 0.0 0.009856630824372761 0.0 0.026391973162689607
0 0.005747126436781609 0.0 1.0 0.0 0.08208876832088732 0.03288134982581293 0.025686977299880526 0.00539568345323741 0.13973127584722708
0 0.008333333333333333 0.0 1.0 0.0 0.08227656864630009 0.016856230776551517 0.02598566308243728 0.002697841726618705 0.23189895940751962
0 0.005376344086021505 0.0 1.0 0.0 0.031294259785172855 0.0 0.01015531660692951 0.0 0.00018166054818850204
0 0.00625 0.0 1.0 0.0 0.07926224584322271 0.0 0.022939068100358423 0.0 0.17280282243016787
0 0.007575757575757576 0.0 1.0 0.0 0.03274167864776946 0.0 0.00985663082437276 0.0 0.0003108522556739084
0 0.003676470588235294 0.0 1.0 0.0 0.028497798372960986 0.0 0.00985663082437276 0.0 0.026807518227941265
0 0.005714285714285714 0.0 1.0 0.0 0.07024526915824192 0.008989989747494143 0.014336917562724016 0.0014388489208633094 0.18692846278774186
0 0.003472222222222222 0.0 1.0 0.0 0.03058105812752581 0.0 0.008512544802867384 0.0 0.0001222034569436723
0 0.005405405405405406 0.0 1.0 0.0 0.06914880387692819 0.0 0.015053763440860216 0.0 0.18336884188080144
0 0.002631578947368421 0.0 1.0 0.0 0.0666087487901777 0.004494994873747072 0.014695340501792114 0.0007194244604316547 0.06654577713771452
0 0.0625 0.0 1.0 0.0 0.04736174851566945 0.05611848104872735 0.01726973684210526 0.013333333333333334 0.0625
0 0.05 0.0 1.0 0.0 0.024490945105247307 0.05865717126527927 0.007894736842105263 0.008 0.009389234416071503
0 0.0303030303030303 0.0 1.0 0.0 0.03079802981961913 0.0 0.005980861244019139 0.0 0.07015126034868378
0 0.027777777777777776 0.0 1.0 0.0 0.05076528285528878 0.009636475854679817 0.014619883040935672 0.0029629629629629632 0.007456957318298933
0 0.06666666666666667 0.0 1.0 0.0 0.02436357760503721 0.05553815888451937 0.0 0.0 0.0008865223415114109
0 0.041666666666666664 0.0 1.0 0.0 0.0812201701600059 0.0 0.013157894736842105 0.0 0.00035686167242638696
0 0.02857142857142857 0.0 1.0 0.0 0.08638720598951061 0.0 0.023684210526315787 0.0 0.15520793988742823
0 0.041666666666666664 0.0 1.0 0.0 0.0 0.0 0.0 0.0 0.0012342124998670388
0 0.02222222222222222 0.0 1.0 0.0 0.10167143707733284 0.0 0.02894736842105263 0.0 0.15574559599419963
0 0.02 0.0 1.0 0.0 0.0 0.0 0.0 0.0 0.00046490281150969576
0 0.01818181818181818 0.0 1.0 0.0 0.10431381918107174 0.02962611036772525 0.023684210526315787 0.005333333333333334 0.171076073667129
1 0.05263157894736842 0.0 1.0 0.0 0.06326512856386131 0.05079709654071894 0.022495755517826822 0.009841677364142059 0.05263157894736842
0 0.0625 0.0 1.0 0.0 0.032868594134348984 0.03809782240553921 0.014112903225806451 0.0071138211382113835 0.12138481870915865
1 0.01515151515151515 0.0 1.0 0.0 0.04305545465302875 0.032325425071366605 0.01099706744868035 0.0033259423503325947 0.047287392349410144
0 0.041666666666666664 0.0 1.0 0.0 0.06739663565852676 0.0 0.01747311827956989 0.0 0.17642439774510868
0 0.011111111111111112 0.0 1.0 0.0 0.06946334152303628 0.02905782405822958 0.01747311827956989 0.004968383017163506 0.02036214877396528
0 0.041666666666666664 0.0 1.0 0.0 0.018218216354388344 0.0 0.012096774193548387 0.0 0.0010350531052157636
0 0.07142857142857142 0.0 1.0 0.0 0.1402555977458799 0.0 0.03629032258064516 0.0 0.0007503870064586984
0 0.010416666666666666 0.0 1.0 0.0 0.013929867530960741 0.0 0.005376344086021505 0.0 0.0002214588685362065
0 0.008547008547008546 0.0 1.0 0.0 0.05517285252733535 0.027352282752694815 0.017369727047146403 0.004377736085053158 0.026309527425028432
0 0.0125 0.0 1.0 0.0 0.017564306683666528 0.012699274135179735 0.006048387096774193 0.0020325203252032522 0.00044520225517665174
0 0.007575757575757576 0.0 1.0 0.0 0.01876896880257815 0.00846618275678649 0.007392473118279569 0.0013550135501355016 0.011111028828554054