0 0.16666666666666666 0.0 1.0 0.0 0.021790864044604966 0.025381647235211902 0.011711711711711712 0.005434782608695652 0.1666666666666667
0 0.08333333333333333 0.0 1.0 0.0 0.005628867454512098 0.022637836501842132 0.0009009009009009009 0.004528985507246377 0.0003509657927386986
0 0.0303030303030303 0.0 1.0 0.0 0.01802650852016136 0.02619244567475675 0.004914004914004914 0.005434782608695651 0.06604706379555114
0 0.016666666666666666 0.0 1.0 0.0 0.027572596770562015 0.01584648555128949 0.007207207207207207 0.005072463768115941 3.962344801661083e-05
0 0.03333333333333333 0.0 1.0 0.0 0.005628867454512098 0.03018965051058958 0.0045045045045045045 0.005434782608695652 0.0002442739560086768
0 0.013888888888888888 0.0 1.0 0.0 0.010290690376771702 0.03490293219440666 0.008108108108108109 0.002717391304347826 0.004691676029417577
0 0.01020408163265306 0.0 1.0 0.0 0.027281982256932378 0.01455289489404137 0.008880308880308881 0.0007763975155279503 0.03572427762612111
0 0.011363636363636364 0.0 1.0 0.0 0.01202816492715112 0.0 0.0063882063882063885 0.0 8.515306341079726e-05
0 0.013888888888888888 0.0 1.0 0.0 0.015328974415209484 0.0084891886881908 0.016216216216216217 0.001358695652173913 0.00012565399317918187
0 0.009090909090909092 0.0 1.0 0.0 0.015290701392775708 0.0 0.007862407862407862 0.0 0.0048008733282484855
0 0.004545454545454545 0.0 1.0 0.0 0.019442151740941625 0.00339567547527632 0.00837837837837838 0.0005434782608695652 0.02366790579200674
0 0.041666666666666664 0.0 1.0 0.0 0.04175213988519178 0.0 0.016216216216216217 0.0 0.000812616083357579
1 0.005494505494505495 0.0 1.0 0.0 0.03559991938571134 0.029105789788082738 0.009652509652509652 0.004658385093167702 3.6599509537379595e-05
1 0.014285714285714285 0.0 1.0 0.0 0.010029416134214765 0.0 0.007567567567567568 0.0 0.0003284452624326404
0 0.002898550724637681 0.0 1.0 0.0 0.02611920356965099 0.0 0.00282021151586369 0.0 0.0025633896918675282
0 0.002976190476190476 0.0 1.0 0.0 0.021460888393916674 0.012935906572481217 0.003861003861003861 0.002070393374741201 2.1846002267080086e-05
0 0.05555555555555555 0.0 1.0 0.1111111111111111 0.037155809681363366 0.02884628065840268 0.012004466778336123 0.006453423120089789 0.05555555555555555
0 0.0625 0.0 1.0 0.0 0.029265175623960155 0.02366682907010769 0.01193467336683417 0.00441919191919192 0.00011396033749771304
0 0.02222222222222222 0.0 1.0 0.0 0.023062484044141473 0.012622308837390768 0.006365159128978224 0.0047138047138047135 0.009752353938284528
0 0.017857142857142856 0.0 1.0 0.0 0.024102156770601568 0.02755997244996656 0.0068198133524766695 0.005772005772005773 0.0845471708198109
0 0.014285714285714287 0.0 1.0 0.0 0.013067390508628632 0.01577788604673846 0.00933237616654702 0.0 7.669758592589941e-05
0 0.020833333333333332 0.0 1.0 0.0 0.032499742574864876 0.027611300581792307 0.007537688442211056 0.0 0.00011207300380707466
0 0.008403361344537815 0.0 1.0 0.0 0.019880609795004955 0.009281109439257917 0.00443393437777121 0.0 5.855548924027242e-05
0 0.017857142857142856 0.0 1.0 0.0 0.020518501928634577 0.0060152977385693985 0.016511127063890886 0.0014430014430014432 0.00018718399287631125
0 0.013888888888888888 0.0 1.0 0.25 0.051691610628363735 0.007888943023369229 0.013190954773869348 0.0012626262626262627 0.01884021557853624
0 0.008333333333333333 0.0 1.0 0.0 0.01816090270434546 0.0 0.009212730318257957 0.0 9.274473435184171e-05
0 0.010101010101010102 0.0 1.0 0.0 0.028047002390914386 0.0 0.007816862088218872 0.0 0.11993046072711705
0 0.009259259259259259 0.0 1.0 0.0 0.006871232257838574 0.0 0.0011166945840312675 0.0 0.00026585785602206393
1 0.015384615384615385 0.0 1.0 0.0 0.0245849274824106 0.0 0.005025125628140704 0.0 0.0501597028411764
0 0.008928571428571428 0.0 1.0 0.0 0.003957824221222419 0.005263385521248224 0.005025125628140704 0.0012626262626262627 0.0003724417432903028
0 0.009523809523809523 0.0 1.0 0.0 0.023971274427862736 0.0 0.018664752333094038 0.0014430014430014432 0.04261874689810685
0 0.0015625 0.0 1.0 0.0 0.014727508977138194 0.0016957934932385176 0.01695979899497487 0.001767676767676768 0.003026223544675068
0 0.14285714285714285 0.0 1.0 0.0 0.03194468390881989 0.012842842496420204 0.010752688172043013 0.003083247687564234 0.14285714285714285
1 0.02 0.0 1.0 0.0 0.019825941313905745 0.017184337330649103 0.008028673835125451 0.003884892086330937 0.03633233052144521
1 0.020833333333333332 0.0 1.0 0.0 0.031042979820828077 0.021070288470689397 0.004480286738351254 0.0033723021582733803 0.058296757128475464
0 0.025 0.0 1.0 0.0 0.03308514506088346 0.017979979494988287 0.0064516129032258064 0.0032374100719424455 5.72265407935595e-05
0 0.010526315789473684 0.0 1.0 0.0 0.015472566486261906 0.015377614041766297 0.005847953216374269 0.002271866717152593 3.031229341934764e-05
0 0.01515151515151515 0.0 1.0 0.0 0.015928355883408407 0.016580337746376236 0.0061909416748126425 0.0013080444735120995 0.00011774009214952607
0 0.015873015873015872 0.0 1.0 0.0 0.03583020188238347 0.011621272810268653 0.009159697331740343 0.0019984012789768186 0.10741988252877875
0 0.03125 0.0 1.0 0.0 0.08063220849948978 0.0 0.01971326164874552 0.0 0.2395169265561817
0 0.007936507936507936 0.0 1.0 0.0 0.024962742258897035 0.003210710624105051 0.007168458781362007 0.0005138746145940391 4.0212032485880604e-05
0 0.0125 0.0 1.0 0.0 0.027332215993151783 0.0 0.00582437275985663 0.0 7.45943095230199e-05
0 0.004545454545454545 0.0 1.0 0.0 0.025234628769835916 0.0032715425781851453 0.00842293906810036 0.0007194244604316547 0.0430976779677992
0 0.006944444444444444 0.0 1.0 0.0 0.056575328144568136 0.003745829061455893 0.015232974910394268 0.0005995203836930456 0.05783099974611203
0 0.00591715976331361 0.0 1.0 0.0 0.009055464942321288 0.0 0.0022056796250344637 0.0 0.00011641515895389302
0 0.014285714285714285 0.0 1.0 0.0 0.05277688448418387 0.0 0.017204301075268817 0.0 0.00011708218870179754
0 0.007407407407407408 0.0 1.0 0.0 0.0101588172305066 0.0 0.007566706491437675 0.0 0.00016618097510249106
0 0.008928571428571428 0.0 1.0 0.0 0.06918993779441517 0.006421421248210102 0.01894521249359959 0.0010277492291880781 0.1048899730147945
0 0.004524886877828054 0.0 1.0 0.0 0.04980996782755495 0.0036564514613635743 0.012406947890818858 0.0011068068622025458 0.05525801813125227
0 0.013888888888888888 0.0 1.0 0.0 0.05590319684043481 0.0 0.016129032258064516 0.0 0.24668213542508702
0 0.017543859649122806 0.0 1.0 0.0 0.07375608074838681 0.014983316245823572 0.016726403823178016 0.0023980815347721825 0.0002008463555625132
0 0.0125 0.0 1.0 0.0 0.05590319684043481 0.0 0.012544802867383513 0.0 0.24728774951615587
0 0.009523809523809523 0.0 1.0 0.0 0.016998089908159406 0.009506773799545292 0.011469534050179211 0.0028776978417266188 0.000354970012503996
0 0.011363636363636364 0.0 1.0 0.0 0.04792046025741391 0.0 0.015232974910394265 0.0 0.00015188765123111216
0 0.005434782608695652 0.0 1.0 0.0 0.04151603235779485 0.00625711100999235 0.01299283154121864 0.0013489208633093526 0.12036108723779675
0 0.013888888888888888 0.0 1.0 0.0 0.08439972952574802 0.0 0.022700119474313024 0.0 0.3275350586633977
0 0.04 0.0 1.0 0.0 0.023681748353706015 0.0 0.007168458781362007 0.0 0.004942475921466485
0 0.005494505494505495 0.0 1.0 0.0 0.03022740877686759 0.0047673226742798855 0.011264720942140297 0.0010277492291880781 8.631975037431681e-05
0 0.007407407407407407 0.0 1.0 0.0 0.0562538997627902 0.019001367363481902 0.015053763440860216 0.003597122302158273 0.19502378494496825
0 0.004464285714285714 0.0 1.0 0.0 0.015785074862266643 0.0 0.008512544802867384 0.0 0.00017344614418214493
0 0.001379310344827586 0.0 1.0 0.08 0.0035577982631171514 0.0032673229338989517 0.00903225806451613 0.0014388489208633094 5.064963955883788e-05