1 0.05555555555555555 0.0 1.0 0.0 0.07864279554692213 0.0971917780479089 0.027777777777777776 0.015555555555555557 0.05555555555555555
0 0.0625 0.0 1.0 0.0 0.056744896963735164 0.0 0.009615384615384616 0.0 0.008310558268794824
0 0.06666666666666667 0.0 1.0 0.13333333333333333 0.06806589130216258 0.04779923510552895 0.022222222222222223 0.008196721311475409 0.06666666666666667
0 0.038461538461538464 0.0 1.0 0.15384615384615385 0.03974987881113882 0.04990234289213728 0.014383989993746089 0.01008827238335435 0.0117435310415657
1 0.017543859649122806 0.0 1.0 0.10526315789473684 0.044894404928294995 0.036839153883277895 0.013264869490800173 0.004314063848144953 0.019247343443936128
0 0.0625 0.0 1.0 0.5 0.0677426304140059 0.0 0.012195121951219513 0.0 0.057395470392082704
0 0.013333333333333334 0.0 1.0 0.0 0.061306701885643425 0.019349079620421167 0.02276422764227642 0.003278688524590164 0.028709907782141324
0 0.016666666666666666 0.0 1.0 0.4 0.12823511748241007 0.020485386473798127 0.032520325203252036 0.003278688524590164 0.057112376026976476
0 0.01020408163265306 0.0 1.0 0.0 0.06732895543811808 0.043897256729567416 0.023228803716608598 0.00702576112412178 0.034789938764906124
0 0.006578947368421052 0.0 1.0 0.0 0.10586957255892356 0.026954455886576488 0.0282413350449294 0.004314063848144953 0.031013488120800525
0 0.007936507936507936 0.0 1.0 0.0 0.02815523858780383 0.0 0.010452961672473867 0.0 0.03972017922218611
1 0.05 0.0 1.0 0.2 0.0822238776244121 0.09287631299944962 0.017105263157894735 0.014864864864864866 0.049999999999999996
0 0.027777777777777776 0.0 1.0 0.1111111111111111 0.03959258960406794 0.01876289151504033 0.008771929824561403 0.003003003003003003 0.023123080988769196