0 0.030303030303030304 0.0 1.0 0.0 0.06446853714710032 0.027318908706910384 0.021833239224543572 0.008143939393939394 0.030303030303030297
0 0.038461538461538464 0.0 1.0 0.15384615384615385 0.01939197374085897 0.006007733533181182 0.005255613951266124 0.003365384615384615 0.014092964887365
0 0.037037037037037035 0.0 1.0 0.0 0.04100551146311055 0.0 0.017943409247757072 0.0 0.18543538906930943
0 0.03571428571428571 0.0 1.0 0.0 0.11911590056152586 0.07288920351989038 0.03460514640638864 0.009821428571428573 0.20788469073042778
0 0.016666666666666666 0.0 1.0 0.0 0.14209161002010712 0.05900389212942032 0.04503105590062112 0.011458333333333333 0.08802434412132243
1 0.005208333333333333 0.0 1.0 0.15625 0.049039050538259965 0.008542246117491993 0.012034161490683233 0.0 0.03728361971734655
0 0.007518796992481203 0.0 1.0 0.0 0.10881044621404462 0.03351770796448937 0.029094475318731616 0.004605263157894736 0.04959283204300755
1 0.008928571428571428 0.0 1.0 0.0 0.05098828159220297 0.014774021469811669 0.01818988464951198 0.0017857142857142859 0.10814066775616979
0 0.00505050505050505 0.0 1.0 0.0 0.09841516134502179 0.03494629827138184 0.02682100508187465 0.006818181818181818 0.04268205747967569
1 0.022222222222222223 0.0 1.0 0.08888888888888889 0.053872001868011145 0.02400463429878091 0.018815896188158963 0.007516339869281045 0.022222222222222223
0 0.03571428571428571 0.0 1.0 0.0 0.10666009226922386 0.05672760411200447 0.03858185610010428 0.011554621848739496 0.08432195717101054
0 0.011494252873563218 0.0 1.0 0.1724137931034483 0.056197171131754 0.004752568109413105 0.012836647369745784 0.0 0.04393241273794636
0 0.0125 0.0 1.0 0.0 0.08487356571425168 0.02401638601742681 0.022992700729927006 0.0029411764705882353 0.05213166997067339
0 0.03333333333333333 0.0 1.0 0.0 0.016912185655808504 0.01550868106382162 0.0145985401459854 0.0024509803921568627 0.02325141436181422
0 0.007246376811594202 0.0 1.0 0.0 0.04145797392173007 0.032793242053433105 0.01555061885115836 0.002877237851662404 0.06860723740735356
0 0.05 0.0 1.0 0.2 0.07514655740107472 0.034816336130071436 0.022941176470588236 0.012500000000000002 0.05
0 0.03125 0.0 1.0 0.125 0.06533024218177905 0.021181269085046403 0.019852941176470587 0.001488095238095238 0.04828379942217075
0 0.017543859649122806 0.0 1.0 0.0 0.06932848726624309 0.011844064299866458 0.02043343653250774 0.0012531328320802004 0.053561923907518356
0 0.016666666666666666 0.0 1.0 0.0 0.09252388367857393 0.03485390270462168 0.02588235294117647 0.003968253968253968 0.051256461875518515
0 0.03333333333333333 0.0 1.0 0.0 0.027258463939361946 0.012712382685654786 0.02156862745098039 0.003968253968253968 0.04278951330125183
0 0.018518518518518517 0.0 1.0 0.0 0.09157070993882716 0.0369634623102352 0.026143790849673203 0.003968253968253968 0.11760895887728712