0 0.2 0.0 1.0 0.0 0.08091649441453581 0.09155353534039377 0.02391304347826087 0.015384615384615385 0.20000000000000004
0 0.1 0.0 1.0 0.0 0.04529743905079142 0.041195887084670965 0.021739130434782605 0.008791208791208791 0.00018792483036609008
0 0.037037037037037035 0.0 1.0 0.0 0.025459116536963245 0.03814433989321385 0.006038647342995169 0.009768009768009768 9.155587170185518e-05
0 0.027777777777777776 0.0 1.0 0.0 0.050998993402637215 0.061030943829142155 0.00966183574879227 0.007326007326007326 6.420945353621724e-05
0 0.016666666666666666 0.0 1.0 0.0 0.04844276214168818 0.03814730639183074 0.010869565217391306 0.004578754578754579 0.06997105966664506
0 0.01515151515151515 0.0 1.0 0.0 0.04254236283643081 0.011098692695201766 0.010869565217391304 0.001998001998001998 3.707559986467524e-05
0 0.03571428571428571 0.0 1.0 0.0 0.11426502154482075 0.0 0.027173913043478264 0.0 0.0001093745683174716
0 0.015625 0.0 1.0 0.0 0.05179402099886271 0.022891053683853642 0.019021739130434784 0.004120879120879121 0.06636246801689906
0 0.008547008547008546 0.0 1.0 0.0 0.049888498987315656 0.009391201511324571 0.014214046822742476 0.00169061707523246 2.961685688849158e-05
1 0.016666666666666666 0.0 1.0 0.0 0.0610730530123856 0.0 0.012681159420289856 0.0 8.210946608597198e-05
1 0.00909090909090909 0.0 1.0 0.0 0.010156608126436014 0.0 0.004347826086956522 0.0 8.684862116312992e-05
0 0.14285714285714285 0.0 1.0 0.0 0.022290110354289884 0.045534207854254286 0.017740429505135387 0.008430913348946136 0.14285714285714282
0 0.1 0.0 1.0 0.0 0.0 0.008194154589519251 0.0026143790849673205 0.002622950819672131 0.0023415196782711188
0 0.08333333333333333 0.0 1.0 0.0 0.007322580683908361 0.010242693236899063 0.004901960784313725 0.0024590163934426227 0.060946579861620304
0 0.0625 0.0 1.0 0.0 0.03678972262769079 0.055774625154509594 0.017973856209150325 0.009836065573770493 0.2248264948379284
0 0.018181818181818184 0.0 1.0 0.0 0.013118339512290677 0.020072183981661055 0.0041592394533571005 0.0032786885245901644 0.0023297253461820374
0 0.027777777777777776 0.0 1.0 0.0 0.008284793917000143 0.017071155394831772 0.002178649237472767 0.00273224043715847 0.031189331457961187
0 0.010989010989010988 0.0 1.0 0.0 0.030401628462501752 0.03607101063873967 0.011312217194570135 0.00630517023959647 0.03911892608008861
0 0.025 0.0 1.0 0.0 0.06533901045237574 0.020485386473798127 0.009803921568627449 0.0032786885245901635 0.0002894617026650297
0 0.018518518518518517 0.0 1.0 0.0 0.06656193097323891 0.013656924315865418 0.01361655773420479 0.00273224043715847 0.00019756192777374085
0 0.016666666666666666 0.0 1.0 0.0 0.006806146922122472 0.013656924315865418 0.0 0.00273224043715847 0.0014393079732842378
1 0.004132231404958678 0.0 1.0 0.09090909090909091 0.042562438227352034 0.02003148107499211 0.01158645276292335 0.002831594634873324 0.000717982021610574
0 0.010416666666666666 0.0 1.0 0.0 0.05504389173774204 0.03556933250492909 0.020016339869281044 0.005327868852459017 0.05028343648048454
0 0.004807692307692308 0.0 1.0 0.0 0.037103989774676126 0.019149083322515966 0.011437908496732024 0.0034836065573770497 0.02327330232831341
0 0.014285714285714285 0.0 1.0 0.0 0.04492056968600831 0.0 0.00849673202614379 0.0 0.0002993823326666386
0 0.006060606060606061 0.0 1.0 0.0 0.017828069478331397 0.0 0.0077243018419489015 0.0 0.023970003052750568
0 0.015625 0.0 1.0 0.0 0.0649962649136211 0.0 0.011437908496732025 0.0 0.00037044352347526203
0 0.011764705882352941 0.0 1.0 0.0 0.015867450085624756 0.0 0.004575163398692811 0.0 0.0011001537843124852
0 0.00326797385620915 0.0 1.0 0.0 0.05510999703267067 0.03481385042037674 0.01691657054978854 0.0057859209257473485 0.015625998664377666
1 0.002506265664160401 0.0 1.0 0.0 0.02789283441873162 0.0152847716939772 0.009492685963274197 0.0026541764246682284 0.01923356478690209
0 0.005555555555555556 0.0 1.0 0.0 0.03443493862563464 0.0 0.0058097312999273775 0.0 0.00016158111522654613
0 0.004329004329004329 0.0 1.0 0.0 0.031596066194633884 0.0037246157225087504 0.00683303624480095 0.0005961251862891207 0.00013136650715962663
0 0.004132231404958678 0.0 1.0 0.0 0.04586591019207138 0.01428155579846692 0.012477718360071303 0.002682563338301043 0.0021023781874815613
0 0.002898550724637681 0.0 1.0 0.0 0.010624231484831968 0.006376063624116116 0.00588235294117647 0.0013114754098360654 0.003974816969790073
0 0.002976190476190476 0.0 1.0 0.0 0.026791995933592154 0.0 0.008169934640522876 0.0 0.012208283400935624
0 0.006666666666666667 0.0 1.0 0.0 0.045134765826323475 0.0 0.007080610021786491 0.0 0.0002466176460366116
0 0.0020242914979757085 0.0 1.0 0.0 0.026805376736916093 0.013729964884165861 0.009631922944616442 0.0025884383088869718 0.02024146352956349
0 0.0030864197530864196 0.0 1.0 0.0 0.04724044992884824 0.015177310639203509 0.011982570806100218 0.00273224043715847 0.024390806121639134
0 0.00510204081632653 0.0 1.0 0.0 0.04083688153273483 0.005852967563942322 0.01027077497665733 0.000936768149882904 0.00020630257245854056
0 0.0049261083743842365 0.0 1.0 0.0 0.05771191347911249 0.0 0.011204481792717085 0.0 0.00019628747499442003
0 0.002564102564102564 0.0 1.0 0.0 0.03418755942448919 0.014009825205418623 0.011060834590246354 0.0025220680958385876 0.026200740953204103
0 0.005376344086021505 0.0 1.0 0.0 0.04537784159028232 0.0 0.007625272331154683 0.0 0.00024357384673431476