0 0.02040816326530612 0.0 1.0 0.08163265306122448 0.022906360145898638 0.01577668883875863 0.008068343616516371 0.003948432519861094 0.02040816326530612
1 0.038461538461538464 0.0 1.0 0.15384615384615385 0.02375569252969414 0.016556006276426755 0.008228980322003577 0.0035861574323112788 0.04435196007080111
0 0.015873015873015872 0.0 1.0 0.09523809523809523 0.013833237730044523 0.011174176897107022 0.005537098560354375 0.002886002886002885 0.02898194266735861
0 0.041666666666666664 0.0 1.0 0.0 0.015316975264603535 0.007282101252340825 0.007751937984496124 0.0019425019425019427 0.06401295092711597
0 0.0064516129032258064 0.0 1.0 0.06451612903225806 0.00938070983467435 0.004629027275936575 0.004501125281320331 0.0015038724716144073 0.013163818684174574
0 0.018518518518518517 0.0 1.0 0.0 0.021171289651296585 0.002667407710872996 0.007751937984496124 0.000518000518000518 0.00029271901884497987
0 0.009523809523809523 0.0 1.0 0.0 0.01779440514238858 0.0 0.006201550387596899 0.0 0.03525565330260801
0 0.041666666666666664 0.0 1.0 0.0 0.024283318277042262 0.009709468336454434 0.010852713178294573 0.0 0.0011271750124192796
0 0.01111111111111111 0.0 1.0 0.0 0.017175735985183724 0.004369260751404496 0.0069767441860465115 0.0 0.00028513723185388763
0 0.02 0.0 1.0 0.0 0.014569990966225358 0.008092230425363821 0.008837209302325582 0.0009324009324009324 0.0010710148041658037
0 0.005050505050505051 0.0 1.0 0.0 0.012626582562755716 0.012810738246003714 0.003488372093023256 0.0006475006475006476 0.01966214044152966
0 0.0026041666666666665 0.0 1.0 0.0625 0.013463313715039393 0.00892153030682661 0.004869186046511627 0.0005827505827505828 0.007841963648014923
0 0.004524886877828055 0.0 1.0 0.23529411764705882 0.01837509817624399 0.005856516024133094 0.006839945280437756 0.0015082956259426846 0.02401840876727331
0 0.0037593984962406013 0.0 1.0 0.10526315789473684 0.017965673170405805 0.005493963275207161 0.005997552019583844 0.0012268433321064901 0.004810671565027032
0 0.007407407407407408 0.0 1.0 0.0 0.016413700204839517 0.009439029264583367 0.006459948320413436 0.002072002072002072 0.015174493648606902
0 0.00625 0.0 1.0 0.0 0.0033759090390967452 0.0015919951190919406 0.002325581395348837 0.0004662004662004662 0.014090381911393174
0 0.0028011204481792717 0.0 1.0 0.0 0.004822561641409756 0.0 0.0032115171650055367 0.0 0.013696593917578579
0 0.006172839506172839 0.0 1.0 0.0 0.024146448119453143 0.009783671725262226 0.008527131782945736 0.002072002072002072 0.025857492932035604
0 0.008771929824561403 0.0 1.0 0.0 0.03289547045162728 0.004854734168227217 0.010852713178294573 0.000777000777000777 0.014874764803743378
0 0.004166666666666667 0.0 1.0 0.16666666666666666 0.020758077257653353 0.0036410506261704135 0.008333333333333333 0.0005827505827505828 0.01112459008086658
0 0.0047619047619047615 0.0 1.0 0.0 0.01757905227734938 0.005147054064312305 0.008372093023255815 0.0013986013986013986 0.042237342061293946
0 0.015151515151515152 0.0 1.0 0.0 0.009132645644952723 0.0 0.003875968992248062 0.0 0.0807945262872359
0 0.002898550724637681 0.0 1.0 0.0 0.03292635514730222 0.02535368381334479 0.01054263565891473 0.0052836052836052845 0.04608731352110806
0 0.0013020833333333333 0.0 1.0 0.0 0.018907604293490754 0.0120026818015229 0.00559593023255814 0.002476689976689977 0.0219235703379023
0 0.006666666666666667 0.0 1.0 0.0 0.0316129558360468 0.029670756450928506 0.008527131782945736 0.005050505050505051 0.0005159466887506534
0 0.005494505494505495 0.0 1.0 0.0 0.025344345765256265 0.018032948494470874 0.005980066445182724 0.002997002997002997 0.00045711744120921136
0 0.0028490028490028487 0.0 1.0 0.0 0.011601359839459136 0.0 0.0037567084078711987 0.0 0.00025902487168261515
0 0.005952380952380952 0.0 1.0 0.0 0.028702126727057034 0.017711691469073424 0.0069767441860465115 0.003108003108003108 0.03849527868725821
0 0.0019157088122605363 0.0 1.0 0.0 0.018654302582993987 0.010115039858698468 0.005297157622739018 0.0018130018130018133 0.009983471442047982
0 0.006666666666666666 0.0 1.0 0.0 0.03341299024661566 0.0356049077411142 0.010232558139534883 0.006060606060606061 0.0006443443033643532
1 0.017241379310344827 0.0 1.0 0.10344827586206896 0.02216094133547623 0.0158618325302532 0.007774294670846393 0.0048452051346589455 0.017241379310344827
0 0.027777777777777776 0.0 1.0 0.1111111111111111 0.028542421716972563 0.015159021027962481 0.0098989898989899 0.004257907542579076 0.020822593973042328
0 0.06666666666666667 0.0 1.0 0.0 0.008079848282106885 0.0136818457106024 0.002181818181818182 0.0 0.006794439783013041
0 0.025 0.0 1.0 0.0 0.02803244258590069 0.018246007753845384 0.00909090909090909 0.0010948905109489052 0.029643503323029407
0 0.013333333333333334 0.0 1.0 0.0 0.0349273584216813 0.022003533941871302 0.01309090909090909 0.00194647201946472 0.009884645844271778
0 0.010416666666666666 0.0 1.0 0.0 0.03910515807344322 0.02775205762412506 0.011818181818181818 0.002281021897810219 0.043112568998597715
0 0.005714285714285714 0.0 1.0 0.0 0.030570200077075605 0.019932547187851334 0.008436363636363636 0.0026277372262773716 0.025909510368463187
0 0.013888888888888888 0.0 1.0 0.0 0.03836997103439161 0.014081665358588692 0.012121212121212123 0.0028386050283860497 0.031135312615841612
0 0.006172839506172839 0.0 1.0 0.1111111111111111 0.013666093805592314 0.0 0.0044444444444444444 0.0 0.015141515645455454
0 0.007692307692307693 0.0 1.0 0.0 0.03392236062831718 0.009958071295895191 0.012587412587412587 0.0019651880965749578 9.858402657161897e-05
0 0.007575757575757576 0.0 1.0 0.0 0.021003836379337077 0.00322992032245093 0.006363636363636364 0.0009124087591240877 0.009217635539884987
0 0.006944444444444444 0.0 1.0 0.0 0.02708526656123365 0.006264514094696252 0.009090909090909092 0.0012165450121654502 0.00012719855584611964
0 0.008547008547008548 0.0 1.0 0.0 0.043990224953074676 0.008352685459595003 0.013333333333333334 0.0016220600162206002 0.00015678849777658535
0 0.0047619047619047615 0.0 1.0 0.0 0.026779398094762097 0.0 0.008727272727272728 0.0 0.009964604571906796
0 0.006060606060606061 0.0 1.0 0.0 0.02332455820289003 0.0 0.007272727272727273 0.0 0.00015246419837122813
0 0.020833333333333332 0.0 1.0 0.0 0.02847770961580411 0.0 0.013333333333333334 0.0 0.003799630760863717
0 0.003676470588235294 0.0 1.0 0.0 0.01937502247502168 0.004567143749648201 0.006818181818181819 0.0009124087591240876 0.000293899158399362
0 0.005555555555555555 0.0 1.0 0.0 0.02557298206451659 0.0 0.00909090909090909 0.0 0.013836355895092248
0 0.05 0.0 1.0 0.1 0.021086335379085486 0.00610703815571541 0.008208955223880595 0.0035928143712574863 0.05
0 0.02631578947368421 0.0 1.0 0.0 0.019618210456025863 0.0055611460242222435 0.005970149253731344 0.0031515915537346363 0.013283993841630282
0 0.02564102564102564 0.0 1.0 0.15384615384615385 0.026183650276901307 0.014832080151334122 0.008955223880597015 0.004145555043758637 0.04637639236763843
0 0.03571428571428571 0.0 1.0 0.0 0.01971899199964597 0.020439314978071523 0.003837953091684435 0.0034217279726261765 0.0003026726292681185
0 0.022222222222222223 0.0 1.0 0.2222222222222222 0.016222547354164372 0.012243788528263326 0.006301824212271973 0.0033266799733865605 0.021441707605975618
0 0.16666666666666666 0.0 1.0 0.0 0.0 0.0 0.0 0.0 0.034786970567167334
0 0.008928571428571428 0.0 1.0 0.0 0.018288389773396252 0.014264153403123075 0.009514925373134331 0.0037425149700598807 0.04034568838022275
1 0.005952380952380952 0.0 1.0 0.0 0.02934151310447966 0.01969772008400546 0.009808102345415778 0.00142571998859424 0.006188867492260802
0 0.02222222222222222 0.0 1.0 0.0 0.03761580574868486 0.01870671519313901 0.00955223880597015 0.0011976047904191617 0.0857653753483444
0 0.1 0.0 1.0 0.0 0.0 0.0 0.0 0.0 0.021552702386934134
0 0.003952569169960474 0.0 1.0 0.0 0.020094191515076087 0.014130450262567545 0.008695652173913044 0.001692267638635772 0.02402550498954492
0 0.009259259259259259 0.0 1.0 0.0 0.013586637280039544 0.020056372657764644 0.005306799336650083 0.0019960079840319364 0.00029385412094315786
0 0.003344481605351171 0.0 1.0 0.08695652173913043 0.013424542779625959 0.014618892785035179 0.004672290720311487 0.0014319187711533455 0.0028499897535200695
0 0.011904761904761904 0.0 1.0 0.0 0.008295724045430036 0.0 0.001990049751243781 0.0 0.0005487903926134424
0 0.011111111111111112 0.0 1.0 0.0 0.019873431197086944 0.004629346269535258 0.009452736318407961 0.0009980039920159682 0.05213558544223832
0 0.006944444444444444 0.0 1.0 0.0 0.025024923761759722 0.005139152281277763 0.009618573797678274 0.000998003992015968 0.020759606645344195
0 0.006535947712418301 0.0 1.0 0.0 0.011945105359238194 0.0 0.005306799336650083 0.0 0.00024533102057352975
0 0.007936507936507936 0.0 1.0 0.0 0.01875598591044597 0.011012469174166636 0.006396588486140726 0.00213857998289136 0.0014218937531326689
0 0.013157894736842105 0.0 1.0 0.0 0.0219975712312344 0.0 0.013432835820895522 0.0 0.0026542347004113714
0 0.008333333333333333 0.0 1.0 0.0 0.028030820174858778 0.006235571731046337 0.00845771144278607 0.0009980039920159682 0.0002982470150473642
0 0.0047619047619047615 0.0 1.0 0.0 0.016619745902702657 0.011450071460544447 0.003880597014925374 0.002095808383233533 0.00021588283063180943
0 0.015151515151515152 0.0 1.0 0.0 0.017611903847792137 0.0 0.0029850746268656717 0.0 0.001447310638702708
0 0.007246376811594203 0.0 1.0 0.0 0.017917658038857292 0.006235571731046337 0.006965174129353234 0.0009980039920159682 0.00038380172866968256
0 0.004629629629629629 0.0 1.0 0.0 0.012163746192205428 0.0034261015208518425 0.0033167495854063023 0.0006653359946773121 0.00026597516784980263
0 0.01 0.0 1.0 0.0 0.05519232522540416 0.0 0.018656716417910446 0.0 0.00038757266736457987
0 0.009615384615384616 0.0 1.0 0.0 0.03732197107484265 0.0077087284219166455 0.009701492537313434 0.0014970059880239522 0.0005651801266102375
0 0.0030864197530864196 0.0 1.0 0.0 0.021402144170389797 0.0031177858655231684 0.005223880597014925 0.0004990019960079841 0.00232792184533218
0 0.0035714285714285713 0.0 1.0 0.0 0.023783240993344643 0.0 0.007462686567164178 0.0 0.0001512719524362108
0 0.004310344827586207 0.0 1.0 0.0 0.03290713768619229 0.005299390229650029 0.011567164179104477 0.0014970059880239522 0.03583513799785983
0 0.0022222222222222222 0.0 1.0 0.0 0.014856386820854875 0.0 0.005970149253731343 0.0 0.026885039663143616
0 0.0024813895781637717 0.0 1.0 0.15384615384615385 0.025979773927612134 0.00725398265774818 0.01010332950631458 0.001381851681252879 0.006845749344331265
0 0.002840909090909091 0.0 1.0 0.0 0.0129262537320056 0.006425116259366855 0.005156037991858888 0.0010887316276537834 0.00022025248447455096
0 0.004329004329004329 0.0 1.0 0.0 0.023675729577528382 0.0041588952210338224 0.008528784648187633 0.0008554319931565441 0.0002656476569668878
0 0.0032679738562091504 0.0 1.0 0.0 0.01799788686055466 0.0 0.007960199004975126 0.0 0.0001999017021274959