0 0.03225806451612903 0.0 1.0 0.0 0.046969239887662426 0.021215892867158824 0.01953405017921147 0.00883041989547666 0.03225806451612903
0 0.018518518518518517 0.0 1.0 0.0 0.04222793284449704 0.015739484465617636 0.017078189300411523 0.005586592178770948 0.027341069962553328
0 0.007751937984496124 0.0 1.0 0.0 0.030517552904613405 0.02932362757079501 0.012144702842377262 0.0019488112251526567 0.014264793696255235
0 0.005952380952380952 0.0 1.0 0.0 0.04218247374228177 0.022767101641604566 0.018121693121693122 0.0035913806863527528 0.013920206840223168
0 0.005405405405405406 0.0 1.0 0.0 0.040444980827656386 0.010952945533583329 0.015315315315315315 0.0024158236448739243 0.02200841034747061
0 0.05555555555555555 0.0 1.0 0.0 0.04474882037132034 0.04381004537373188 0.023703703703703703 0.015765765765765764 0.055555555555555566
0 0.03333333333333333 0.0 1.0 0.0 0.040919271116027854 0.046913065574068644 0.020444444444444446 0.0045045045045045045 0.02911100623775666
0 0.1111111111111111 0.0 1.0 0.0 0.05553815888451937 0.05628867454512099 0.0 0.0 0.0011916068518923282
0 0.03125 0.0 1.0 0.0 0.030084969071608902 0.02110825295442037 0.0 0.0 0.00030825957200015825
0 0.02 0.0 1.0 0.0 0.04695076154577625 0.018805155251652682 0.010666666666666666 0.004054054054054054 0.047033700834066536
0 0.05555555555555555 0.0 1.0 0.0 0.07468214388262007 0.05004410535088724 0.017777777777777778 0.009009009009009009 0.14924941854241677
0 0.02040816326530612 0.0 1.0 0.0 0.016976317734401426 0.0 0.00380952380952381 0.0 0.0003785130019166364
0 0.020833333333333332 0.0 1.0 0.16666666666666666 0.07028789382416906 0.031341925419421136 0.022222222222222223 0.006756756756756757 0.08626548068670055
0 0.02222222222222222 0.0 1.0 0.0 0.041400674129752235 0.0 0.005333333333333334 0.0 0.054078560624693586
0 0.14285714285714285 0.0 1.0 0.0 0.07475475263122038 0.034440147346042456 0.025440313111545987 0.011904761904761906 0.14285714285714282
0 0.010638297872340425 0.0 1.0 0.0 0.04410185376124475 0.03386668579940147 0.01632177207811134 0.005319148936170214 0.010919595565964852
0 0.017543859649122806 0.0 1.0 0.0 0.0437934657798393 0.004262921585282493 0.020187454938716654 0.0014619883040935672 0.010751177103342035
0 0.047619047619047616 0.0 1.0 0.0 0.0399223655606344 0.011083160216420576 0.014118210098109596 0.0028787333573227786 0.04761904761904761
0 0.022727272727272728 0.0 1.0 0.0 0.046863303422227644 0.018782903664683288 0.016331658291457288 0.003778337531486145 0.042140181326670925
0 0.023809523809523808 0.0 1.0 0.0 0.03842230678647697 0.027869760851962997 0.012383345297918163 0.0057574667146455556 0.06556899480644754
0 0.025 0.0 1.0 0.0 0.04442402859273113 0.03296060510354239 0.0135678391959799 0.006801007556675062 0.09282881784271471
0 0.006896551724137932 0.0 1.0 0.13793103448275862 0.028906654911244976 0.021690130353123793 0.010050251256281405 0.0031269000260575005 0.028373123394663174
0 0.0037037037037037034 0.0 1.0 0.0 0.031196243677342222 0.01970073400556194 0.010664433277498603 0.003526448362720404 0.013773002007184263
1 0.0025974025974025974 0.0 1.0 0.0 0.03228303012135994 0.012311969671169369 0.011146642302421194 0.0026104877490267923 0.0047066352884333465
1 0.011363636363636364 0.0 1.0 0.0 0.03340046266636146 0.004668422558288441 0.010050251256281407 0.0009159606136936112 0.00016420299796832117
0 0.003367003367003367 0.0 1.0 0.0 0.044963650375484554 0.022191091095247622 0.015151515151515148 0.0047324631707503255 0.023079437974033036
1 0.002380952380952381 0.0 1.0 0.047619047619047616 0.039346756258316004 0.024222265910986078 0.011785116056472837 0.0045579944824277316 0.012436135794274907
1 0.0013774104683195593 0.0 1.0 0.0 0.01891486417619028 0.007212249624563804 0.0075376884422110515 0.0014884359972521183 0.0013852184140952086
0 0.016666666666666666 0.0 1.0 0.0 0.01991132422172654 0.0058188628741209945 0.009045226130653266 0.0015113350125944584 0.02838134493241324
0 0.0017094017094017094 0.0 1.0 0.0 0.026864493890876057 0.010220830754933822 0.009547738693467336 0.0017912118667786176 0.01573894056700034
0 0.1 0.0 1.0 0.0 0.08561056076758947 0.08748949703596769 0.030985915492957743 0.018571428571428572 0.09999999999999998
0 0.016129032258064516 0.0 1.0 0.0 0.07153069148261025 0.05191936776221611 0.028623353021353933 0.011059907834101384 0.019284509547631827
0 0.01111111111111111 0.0 1.0 0.0 0.04991356703205362 0.013556012214429697 0.012676056338028171 0.0019047619047619048 0.020244324669670567