0 0.09090909090909091 0.0 1.0 0.18181818181818182 0.020878005621799426 0.016416297620883945 0.012016718913270635 0.005254860746190224 0.09090909090909093
0 0.03571428571428571 0.0 1.0 0.2857142857142857 0.022074127274609712 0.02837674303038511 0.006568144499178982 0.005367464905037158 7.136536809446602e-05
0 0.0303030303030303 0.0 1.0 0.18181818181818182 0.02402214634502562 0.016416297620883945 0.00522466039707419 0.005254860746190224 0.06060018433899334
1 0.03125 0.0 1.0 0.0 0.024837818544818254 0.011955855524703084 0.007902298850574713 0.001445086705202312 0.05010974265227376
0 0.016666666666666666 0.0 1.0 0.0 0.014312572086675697 0.020009188605116947 0.0038314176245210726 0.0009633911368015414 0.03642432800409724
0 0.020833333333333332 0.0 1.0 0.25 0.024939417043685914 0.039628678836312124 0.007183908045977011 0.002890173410404624 0.00016678586306243909
0 0.007936507936507936 0.0 1.0 0.0 0.01468148937413686 0.0216944922182009 0.007662835249042145 0.00449582530507386 6.37751559956975e-05
1 0.003787878787878788 0.0 1.0 0.06060606060606061 0.022508860105983602 0.004377679365569052 0.0047021943573667705 0.0007006480994920301 0.009831715832336819
0 0.05555555555555555 0.0 1.0 0.0 0.0 0.0 0.0 0.0 0.0021454647548805592
1 0.002777777777777778 0.0 1.0 0.1111111111111111 0.022645393638639762 0.014507321080310711 0.010376756066411235 0.0028901734104046237 0.00864885847275992
0 0.01818181818181818 0.0 1.0 0.0 0.010663459682929491 0.0 0.0022988505747126436 0.0 0.000465915594809512
0 0.011904761904761904 0.0 1.0 0.0 0.01008206582647121 0.017678490965794883 0.006568144499178982 0.0033030553261767133 0.00031484066437668457
0 0.008547008547008548 0.0 1.0 0.0 0.013461142077015051 0.0 0.005108556832694764 0.0 0.0001876126025873972
0 0.07142857142857142 0.0 1.0 0.0 0.04685650176370764 0.038518736574423264 0.017673048600883652 0.01264880952380952 0.07142857142857142
0 0.03333333333333333 0.0 1.0 0.26666666666666666 0.04934096434780024 0.028846580239043594 0.009621993127147765 0.009027777777777777 5.763317677726272e-05
0 0.06666666666666667 0.0 1.0 0.0 0.044938002879354254 0.024063422510687865 0.012371134020618558 0.00625 0.10486183307242505
0 0.013888888888888888 0.0 1.0 0.1111111111111111 0.04935803027829412 0.00668428403074663 0.011454753722794959 0.001736111111111111 0.02907370296601585
0 0.015384615384615385 0.0 1.0 0.0 0.036185838696606284 0.04654325287693257 0.01586042823156225 0.003205128205128205 9.860313360135842e-05
0 0.023809523809523808 0.0 1.0 0.0 0.012278648992131349 0.03392105196532365 0.008836524300441826 0.002976190476190476 0.0002869267347083002
0 0.03571428571428571 0.0 1.0 0.0 0.0 0.016270944985699032 0.007731958762886598 0.0 0.0008740176336184267
0 0.017857142857142856 0.0 1.0 0.0 0.052412599593696214 0.022658582816757398 0.016200294550810013 0.005952380952380952 0.10957195882056128
0 0.007936507936507936 0.0 1.0 0.0 0.030022191473907858 0.0 0.010309278350515464 0.0 0.021732048875861935
0 0.06666666666666667 0.0 1.0 0.26666666666666666 0.0719489490586676 0.06263455532716457 0.023529411764705885 0.016915422885572136 0.06666666666666667
0 0.08333333333333333 0.0 1.0 0.0 0.035612633000795445 0.03469735840280733 0.00980392156862745 0.009950248756218905 0.0003120111152222024
0 0.06666666666666667 0.0 1.0 0.0 0.0 0.0 0.0 0.0 0.0009906451765186565
0 0.013157894736842105 0.0 1.0 0.10526315789473684 0.07060759533807168 0.04249891536608911 0.016253869969040248 0.004713275726630007 0.02719600608587885
0 0.022222222222222223 0.0 1.0 0.0 0.04883112829571709 0.02072319361362663 0.013071895424836602 0.0 0.04763651096462874
0 0.041666666666666664 0.0 1.0 0.0 0.030651480388445534 0.03842858646149492 0.014705882352941176 0.007462686567164179 0.07684147938117078
0 0.047619047619047616 0.0 1.0 0.0 0.0 0.0 0.00980392156862745 0.0 0.001553264268172716
0 0.017857142857142856 0.0 1.0 0.0 0.0 0.0 0.0 0.0 0.0003624937952921165