0 0.06666666666666667 0.0 1.0 0.0 0.038571875069424146 0.02230947688085496 0.014345991561181434 0.004444444444444445 0.06666666666666668
0 0.05 0.0 1.0 0.0 0.05328113635333999 0.03390575703964045 0.01835443037974684 0.006349206349206349 0.09681680512527994
0 0.06666666666666667 0.0 1.0 0.0 0.00747021428383349 0.011901034046682721 0.0 0.0025396825396825397 0.001720495356267792
0 0.013888888888888888 0.0 1.0 0.0 0.042239223155877414 0.016897672470683453 0.013713080168776372 0.0033509700176366855 0.03942038530141377
0 0.014285714285714287 0.0 1.0 0.0 0.03128646095658633 0.018864556799602212 0.011754068716094034 0.004308390022675739 0.05545222719212006
0 0.020833333333333332 0.0 1.0 0.0 0.031584113488237225 0.02100656706530616 0.008306962025316455 0.003571428571428571 0.0003249886358592308
0 0.023809523809523808 0.0 1.0 0.0 0.016963535769953842 0.016529213953726002 0.005274261603375528 0.0026455026455026454 0.0005953649154813445
0 0.017857142857142856 0.0 1.0 0.0 0.040843782614202954 0.019206351818793245 0.014014466546112119 0.003174603174603174 0.10637833347773205
0 0.015873015873015872 0.0 1.0 0.0 0.0561540710945692 0.0329574717145476 0.020795660036166366 0.0058956916099773245 0.1389070232744982
0 0.014285714285714287 0.0 1.0 0.0 0.0562543431877869 0.023351357735462746 0.017179023508137433 0.0036281179138321997 0.11137302082701148
0 0.004545454545454545 0.0 1.0 0.0 0.03838556869485694 0.009458225134814592 0.01107594936708861 0.0012698412698412698 0.02774365593639544
0 0.0043859649122807015 0.0 1.0 0.0 0.03105887262243904 0.003441557617938392 0.008660892738174551 0.0006683375104427736 0.04747077663574644
0 0.025641025641025644 0.0 1.0 0.0 0.0380924906491557 0.0 0.007383966244725738 0.0 0.0014086052460855756
1 0.008928571428571428 0.0 1.0 0.0 0.05812179402384859 0.0 0.0189873417721519 0.0 0.11800747230683972
0 0.013333333333333332 0.0 1.0 0.0 0.02296240102284128 0.009808439211124419 0.008227848101265822 0.001904761904761905 0.00083285004080348
0 0.008928571428571428 0.0 1.0 0.0 0.023687707522736145 0.013224840286105358 0.007233273056057867 0.0022675736961451248 0.0005184586748977489
0 0.004201680672268907 0.0 1.0 0.0 0.01324936925162626 0.0028335795349244577 0.0045207956600361665 0.00045351473922902497 0.00022347923685299038
0 0.009259259259259259 0.0 1.0 0.0 0.011719189227739417 0.0 0.002109704641350211 0.0 0.00443501618027707
0 0.006578947368421052 0.0 1.0 0.0 0.04123272033085587 0.008769270278683077 0.014240506329113925 0.002380952380952381 0.10394457914629887
0 0.0038461538461538464 0.0 1.0 0.0 0.014179421519552756 0.0 0.002677702044790652 0.0 0.0003041626582055365
0 0.006802721088435374 0.0 1.0 0.0 0.04736206838886596 0.010022023175637803 0.014466546112115734 0.00272108843537415 0.11741188127068894
0 0.005681818181818182 0.0 1.0 0.0 0.013094321824698822 0.006612971064224386 0.004746835443037975 0.0011904761904761906 0.0005308424293811897
0 0.007246376811594203 0.0 1.0 0.0 0.0403050059595895 0.0 0.012658227848101266 0.0 0.12997094694342323
0 0.008333333333333333 0.0 1.0 0.0 0.028272699379984972 0.010580753702759018 0.006962025316455696 0.001904761904761905 0.0007812320267939268
0 0.0033333333333333335 0.0 1.0 0.0 0.038184312313631924 0.013807568581143974 0.014240506329113925 0.00291005291005291 0.0806495914936545
0 0.0038461538461538464 0.0 1.0 0.0 0.014210379549599084 0.006173648905890208 0.006962025316455697 0.0012698412698412698 0.061622140381983416
0 0.009259259259259259 0.0 1.0 0.0 0.017578783841609127 0.0 0.0031645569620253164 0.0 0.001016376526962397
0 0.0032467532467532465 0.0 1.0 0.0 0.031894607651559985 0.011556916709066502 0.010932105868814731 0.002308802308802309 0.06874352695044876
0 0.005747126436781609 0.0 1.0 0.0 0.04943970144067087 0.0 0.015295358649789032 0.0 0.12821034382005672
0 0.005555555555555556 0.0 1.0 0.0 0.014497235597550659 0.0 0.007911392405063292 0.0 0.0007621333437529859
0 0.0032258064516129032 0.0 1.0 0.0 0.028619676788562053 0.0 0.009810126582278481 0.0 0.07704925788600234
0 0.005208333333333333 0.0 1.0 0.0 0.027260883261063993 0.0 0.012658227848101266 0.0 0.0043450100732290355
0 0.0030303030303030303 0.0 1.0 0.0 0.032978959510812346 0.007015416222946462 0.0129746835443038 0.001904761904761905 0.08299079231454534
0 0.0032679738562091504 0.0 1.0 0.0 0.019275327926914124 0.005449132895069122 0.005625879043600563 0.0010582010582010583 0.0003921748230189098
0 0.0047619047619047615 0.0 1.0 0.0 0.01529977562262988 0.0 0.006856540084388185 0.0 0.10977649662298876
0 0.06666666666666667 0.0 1.0 0.13333333333333333 0.03927741005980883 0.014429221384986998 0.01307506053268765 0.0037216828478964393 0.06666666666666667
0 0.08333333333333333 0.0 1.0 0.0 0.03414411983359073 0.010110101738686776 0.010088781275221953 0.0020226537216828477 0.06472140625889468
0 0.02564102564102564 0.0 1.0 0.0 0.012583267857828801 0.006999301203706231 0.006518904823989569 0.0022404779686333075 0.0002619128533907862
0 0.022727272727272728 0.0 1.0 0.0 0.026342846999404212 0.02146043397934424 0.009465111160026414 0.004854368932038834 0.00019271496749331316
0 0.02 0.0 1.0 0.0 0.01777398019353366 0.010615606825621116 0.006053268765133172 0.002184466019417475 0.11152206395917268
0 0.013888888888888888 0.0 1.0 0.0 0.032287460649572004 0.022506955481261567 0.009685230024213074 0.0046521035598705495 0.03760597401343017
0 0.007936507936507936 0.0 1.0 0.0 0.02995475697823819 0.01888383995920402 0.009819747107882701 0.0031014023732470327 0.04611469470510716
0 0.006944444444444444 0.0 1.0 0.0 0.034233504316237284 0.011889895586993915 0.013855259617971481 0.0010787486515641855 0.03464077910784005
0 0.007936507936507936 0.0 1.0 0.0 0.008706458069313243 0.004332900745151476 0.0020754064337599448 0.0 0.00033396359662173677
0 0.003125 0.0 1.0 0.0 0.025884955523216974 0.008020246412647645 0.008928571428571428 0.0017445388349514562 0.0247599819333589
1 0.012987012987012988 0.0 1.0 0.0 0.030755095417993854 0.010111224976027153 0.013490141819439638 0.0017337031900138695 0.1558957236697231
0 0.009259259259259259 0.0 1.0 0.0 0.03393617715325 0.014686332155989443 0.009416195856873822 0.0032362459546925564 0.053355098094664904
0 0.009615384615384616 0.0 1.0 0.0 0.045334048231763235 0.02461943183580973 0.015435835351089588 0.005157766990291262 0.03584597385729189
0 0.003401360544217687 0.0 1.0 0.0 0.03406108911867166 0.01027594612246677 0.012683039317421882 0.0021960240406842346 0.03026009010970472
0 0.007407407407407408 0.0 1.0 0.0 0.048858650623951366 0.0063662020326089065 0.01937046004842615 0.0010787486515641855 0.0834653014448532
0 0.015625 0.0 1.0 0.0 0.036715420171232874 0.010112067404032435 0.015738498789346248 0.0018203883495145632 0.28281652636965565
0 0.014705882352941176 0.0 1.0 0.0 0.013636971612792613 0.0 0.0030266343825665863 0.0 0.0018177191666200218
0 0.006944444444444444 0.0 1.0 0.0 0.0331011802937489 0.0044251351760211215 0.012711864406779662 0.0009101941747572816 0.12878683175026312
0 0.004048582995951417 0.0 1.0 0.0 0.022530537146969256 0.003630880144427586 0.008008940212330043 0.0007468259895444361 0.0801232391139156
0 0.005555555555555556 0.0 1.0 0.0 0.027728037059481597 0.0029961681197133135 0.00887812752219532 0.0005393743257820927 0.11577456713016374
0 0.004329004329004329 0.0 1.0 0.0 0.05237139237433818 0.01904058575701509 0.01915034118423949 0.004192409532215357 0.08496517397598559
0 0.022727272727272728 0.0 1.0 0.0 0.08479918338854414 0.0556488042003817 0.03268765133171913 0.013349514563106795 0.0012365096016253073
0 0.006211180124223602 0.0 1.0 0.0 0.021970613207863587 0.004825178531977457 0.00933932895191975 0.0010402219140083217 0.0005380416825161254
0 0.0018115942028985505 0.0 1.0 0.0 0.02640403513589603 0.010094170992099135 0.007369196757553425 0.0021105951878429715 0.017916559877291894
0 0.0019047619047619048 0.0 1.0 0.0 0.04808422670662506 0.034355422121822195 0.016142050040355124 0.00716597318539066 0.03961934836796538
0 0.0020242914979757085 0.0 1.0 0.0 0.019201103901737574 0.00790101121808026 0.005862112909392124 0.0014052120592743993 0.01739458184836488
0 0.0023148148148148147 0.0 1.0 0.0 0.02528388678522481 0.028645318766404405 0.009079903147699757 0.005612864077669902 0.00011977935637066233
0 0.0021008403361344537 0.0 1.0 0.0 0.02546055696409799 0.008728910252644141 0.010254949437402083 0.0017133066818960595 0.021576024708559644
0 0.006896551724137931 0.0 1.0 0.0 0.0227638719770323 0.0 0.00774818401937046 0.0 0.08701653534673442
0 0.0020833333333333333 0.0 1.0 0.0 0.05065012476082055 0.024409132327144697 0.019370460048426155 0.005157766990291262 0.04994014991067364
0 0.008064516129032258 0.0 1.0 0.0 0.005656222443293664 0.0 0.0036319612590799033 0.0 0.002664932001907979
0 0.0010080645161290322 0.0 1.0 0.0 0.024256676614921986 0.02118696566858225 0.008123096149339997 0.00430629502035703 0.011485455121901793
0 0.07692307692307693 0.0 1.0 0.0 0.021934712302737143 0.014067670467059198 0.009133723419437705 0.003431512725193022 0.07692307692307694
0 0.021739130434782608 0.0 1.0 0.0 0.00423933052279592 0.011176267799659117 0.003307251754456723 0.002181994504606432 0.0004847364981533435
0 0.041666666666666664 0.0 1.0 0.0 0.04267727890105154 0.011102955022939408 0.01553803339517625 0.0018587360594795538 0.00013540321798657874
0 0.022727272727272728 0.0 1.0 0.18181818181818182 0.019204743332314287 0.019356865754021714 0.005059875189745319 0.003379520108144643 0.00015465748088074543
0 0.013333333333333334 0.0 1.0 0.13333333333333333 0.01861403517481574 0.011613462592023106 0.004823747680890537 0.002354399008674101 0.04034537286079116
0 0.008771929824561403 0.0 1.0 0.0 0.048624276591887866 0.013955689732376226 0.015037593984962405 0.002934846409704558 0.018790166110865064
0 0.008928571428571428 0.0 1.0 0.0 0.039248704266354115 0.022855977613688815 0.011479591836734691 0.004646840148698885 0.05077607302973151
0 0.0625 0.0 1.0 0.0 0.027029924695640167 0.005806731296011551 0.006493506493506494 0.0009293680297397769 0.0020544656141961493
1 0.0028490028490028487 0.0 1.0 0.0 0.02355321047422475 0.017444322612489974 0.008277436848865422 0.002430654847011724 0.01700213239879597
0 0.003703703703703704 0.0 1.0 0.2222222222222222 0.027121410224832058 0.008995641245876592 0.011131725417439701 0.0018587360594795538 0.026689466529009647
0 0.006493506493506494 0.0 1.0 0.0 0.01865810771206667 0.009894426294531791 0.008613835144447388 0.001858736059479554 0.0010454761125923953
0 0.002525252525252525 0.0 1.0 0.06060606060606061 0.02619928432025182 0.010943666103586328 0.009051554506099962 0.0019150613946152975 0.010179839247215236
0 0.004048582995951417 0.0 1.0 0.10526315789473684 0.03050866105139703 0.007205248912501389 0.011424665560003905 0.0012717667775386423 0.021392724780215873
0 0.011904761904761904 0.0 1.0 0.0 0.05724329023748249 0.012528024552526232 0.016697588126159554 0.0021685254027261464 0.09366908658890342
0 0.0030303030303030303 0.0 1.0 0.0 0.036458697507267206 0.014714719923827856 0.011216056670602124 0.0026191280838120984 0.01599770475135937
0 0.005681818181818182 0.0 1.0 0.0 0.029904268214233934 0.0 0.009445100354191263 0.0 0.08869049602071445
0 0.002352941176470588 0.0 1.0 0.08 0.023801253659448737 0.0046642090307293495 0.008534322820037106 0.0011152416356877324 0.030222342667724184
0 0.00326797385620915 0.0 1.0 0.0 0.04074039066684748 0.010074114231678177 0.013096147549929063 0.0026240979663240765 0.038039968489378316
0 0.007518796992481203 0.0 1.0 0.0 0.019187800275716895 0.005900048533136998 0.009276437847866418 0.0010621348911311736 0.0017657149409097167
0 0.0038461538461538464 0.0 1.0 0.0 0.0533614598678354 0.014726116304346597 0.014699586128157555 0.003002573634543895 0.05799732236031092
0 0.006802721088435374 0.0 1.0 0.0 0.022155383406373415 0.004763529062347688 0.008216273522395972 0.0010621348911311736 0.1040488097478677
0 0.004545454545454545 0.0 1.0 0.0 0.01778761901726663 0.0 0.006307977736549164 0.0 0.07215190977288802
0 0.004347826086956522 0.0 1.0 0.0 0.0643341707414528 0.012466935284931922 0.021150278293135434 0.002973977695167286 0.07100710871738587
0 0.0023148148148148147 0.0 1.0 0.0 0.019360891425120316 0.004822081948705818 0.007111935683364256 0.0011358942585708383 6.63289489120833e-05
0 0.02 0.0 1.0 0.0 0.05137256419215983 0.0 0.01948051948051948 0.0 0.0008236601597245785
0 0.002403846153846154 0.0 1.0 0.0 0.01799667202409824 0.0019359534249355774 0.006145640074211502 0.00034851301115241634 8.406712747319622e-05
0 0.0037037037037037034 0.0 1.0 0.0 0.04756619733215001 0.0023226925184046203 0.013543599257884972 0.0003717472118959108 0.04644114799576077
0 0.011904761904761904 0.0 1.0 0.0 0.03238079594436188 0.0 0.011131725417439703 0.0 0.0008494296753822091
0 0.004310344827586207 0.0 1.0 0.0 0.025279029384022003 0.01935727629176541 0.006493506493506493 0.0032527881040892194 0.00021357314580193267
0 0.008333333333333333 0.0 1.0 0.0 0.027311641526486595 0.013559576826115312 0.00927643784786642 0.0032527881040892194 0.0006338669593935318
0 0.016129032258064516 0.0 1.0 0.0 0.0 0.0 0.0 0.0 0.01234195144531154
0 0.003472222222222222 0.0 1.0 0.0 0.023275571602908007 0.008660396450763556 0.006596578025149453 0.0016522098306484922 0.0001731300238271177
0 0.0033670033670033673 0.0 1.0 0.0 0.038558933777171046 0.004588926636884332 0.012162440733869304 0.0008261049153242461 0.06901994978804565
0 0.002262443438914027 0.0 1.0 0.0 0.021763760634360394 0.00861927425904319 0.004995004995004994 0.001429796968830426 9.6182316534653e-05
0 0.002040816326530612 0.0 1.0 0.0 0.023681328080388645 0.004977198253724187 0.007818711900344553 0.0007966011683483802 7.990745069718235e-05
0 0.004629629629629629 0.0 1.0 0.0 0.04040012073865663 0.005162542466494873 0.017316017316017316 0.0009293680297397769 0.00018783580805463874
0 0.003003003003003003 0.0 1.0 0.0 0.04413133927360373 0.017611601748405988 0.014842300556586271 0.0028913672036348617 0.00010958771410607777
0 0.0017543859649122805 0.0 1.0 0.0 0.030901121293845795 0.007085342722349599 0.010513296227581943 0.001734820322180917 0.05564068527235788
0 0.0021367521367521365 0.0 1.0 0.0 0.00416532609081597 0.003441694977663249 0.002009894867037724 0.0006195786864931846 0.00036917589707897845
0 0.0020833333333333333 0.0 1.0 0.0 0.0251057561298868 0.00964797465314147 0.006184291898577612 0.0023234200743494425 0.08099085885590938
0 0.024390243902439025 0.0 1.0 0.0 0.0 0.0 0.0 0.0 0.021978957822630072
0 0.0026455026455026454 0.0 1.0 0.0 0.01980794626700964 0.004496756644602543 0.00515357658214801 0.0008261049153242461 0.07949569633599533