1 0.05555555555555555 0.0 1.0 0.0 0.04471906834796989 0.02451060756274405 0.014433551198257085 0.0060207991242473965 0.055555555555555546
0 0.16666666666666666 0.0 1.0 0.0 0.010209220383183707 0.020519024218418485 0.0016339869281045752 0.003284072249589491 0.0020396255769271603
0 0.02564102564102564 0.0 1.0 0.0 0.05969997264523608 0.03157018460013578 0.013951734539969831 0.006441834028040923 0.07054038610536763
0 0.017857142857142856 0.0 1.0 0.0 0.028704939989141254 0.019786201924903542 0.007002801120448178 0.004574243490499648 0.051451974250484526
0 0.025 0.0 1.0 0.0 0.1362392460869635 0.05458298339400429 0.03125 0.009852216748768471 0.08928594623805336
0 0.011904761904761904 0.0 1.0 0.0 0.034529698733799845 0.02418313568599322 0.009803921568627449 0.0007037297677691766 0.05064922987258481
0 0.07142857142857142 0.0 1.0 0.0 0.02697583640237205 0.015389268163813865 0.00980392156862745 0.0 0.06548789463765664
0 0.03125 0.0 1.0 0.0 0.09337748768979248 0.023083902245720798 0.024509803921568627 0.0 0.18711965201533912
0 0.013888888888888888 0.0 1.0 0.0 0.04618319046490633 0.0 0.012254901960784312 0.0 0.09019502211966107
0 0.014285714285714287 0.0 1.0 0.0 0.0043753801642215885 0.0 0.0035014005602240898 0.0 0.0032061066891648513
0 0.00909090909090909 0.0 1.0 0.0 0.043454220961501415 0.016418410918074337 0.012745098039215686 0.0029556650246305416 0.057847050309109235
1 0.005555555555555555 0.0 1.0 0.0 0.03280470738790418 0.0041038048436836975 0.007516339869281045 0.0006568144499178982 0.03185163087246446
0 0.006993006993006993 0.0 1.0 0.0 0.03664200306043634 0.0 0.0124777183600713 0.0 0.06935814136156815
0 0.004201680672268907 0.0 1.0 0.0 0.030830155138140233 0.0 0.008073817762399077 0.0 0.0434443145939264
0 0.022222222222222223 0.0 1.0 0.0 0.1043752350871376 0.05472803639358112 0.021241830065359475 0.009852216748768473 0.19437664858710066
0 0.00625 0.0 1.0 0.0 0.04133198710436303 0.006155707265525546 0.011764705882352941 0.0009852216748768472 0.07058655328453016
0 0.0053475935828877 0.0 1.0 0.0 0.04475696716116135 0.0 0.009803921568627449 0.0 0.06147866842816727
0 0.003968253968253968 0.0 1.0 0.0 0.027115896934499544 0.010668972332912863 0.008053221288515405 0.00211118930330753 0.009738301004101694
0 0.007518796992481203 0.0 1.0 0.0 0.07575802843271102 0.035998949883752566 0.01680672268907563 0.007037297677691766 0.07253107775728855
0 0.005555555555555556 0.0 1.0 0.4444444444444444 0.013612293844244942 0.0 0.0 0.0 0.0002768170596361501
0 0.007936507936507936 0.0 1.0 0.0 0.07821232336218882 0.014634756667587437 0.017973856209150325 0.003284072249589491 0.11377210192638577
0 0.2 0.0 1.0 0.0 0.10956613183985622 0.04158901569035493 0.029850746268656712 0.009022556390977442 0.2
0 0.0625 0.0 1.0 0.25 0.07175150819281956 0.04110554522702914 0.016791044776119403 0.006578947368421052 0.11093116028634703
0 0.041666666666666664 0.0 1.0 0.0 0.16181346292483836 0.07308159912200174 0.03824626865671642 0.012218045112781954 0.07521253007364383
0 0.03571428571428571 0.0 1.0 0.0 0.073549842883036 0.03355554712410542 0.015991471215351813 0.006444683136412459 0.13202554767806976
0 0.05 0.0 1.0 0.0 0.07767730017427475 0.04697776597374759 0.026119402985074626 0.009398496240601503 0.00019468868758488127
0 0.013888888888888888 0.0 1.0 0.16666666666666666 0.11567539055455973 0.05176727442305664 0.0335820895522388 0.006265664160401002 0.04809383606861706
0 0.007142857142857143 0.0 1.0 0.0 0.07764380920342887 0.014618146563022325 0.02462686567164179 0.002631578947368421 0.0309679416558953
0 0.010416666666666666 0.0 1.0 0.0 0.08271086835418849 0.0343647189908872 0.02736318407960199 0.005639097744360902 0.05501840875975372
0 0.007936507936507936 0.0 1.0 0.0 0.05444050086819375 0.020883066518603322 0.018656716417910446 0.0037593984962406013 0.0028874526099921887
0 0.011111111111111112 0.0 1.0 0.0 0.06918422824353983 0.0 0.01575456053067993 0.0 0.08673658808569601
0 0.006493506493506494 0.0 1.0 0.0 0.04588159973402674 0.01820877460182302 0.013326226012793175 0.0032223415682062296 0.007191826845312739
1 0.005555555555555555 0.0 1.0 0.0 0.06815269181773528 0.013922044345735548 0.01940298507462686 0.002506265664160401 0.04787563349453846
0 0.012820512820512822 0.0 1.0 0.0 0.06787812581098583 0.0 0.01616915422885572 0.0 0.15724081032046563
0 0.16666666666666666 0.0 1.0 0.0 0.04564340504187989 0.028660747130772612 0.02121212121212121 0.007645259938837921 0.16666666666666666
0 0.125 0.0 1.0 0.0 0.04681300532582108 0.028660747130772612 0.015909090909090907 0.006880733944954129 0.004645882207145819
0 0.041666666666666664 0.0 1.0 0.25 0.06069723478722336 0.041476973456103766 0.023863636363636365 0.01261467889908257 8.73852387829065e-05
0 0.041666666666666664 0.0 1.0 0.0 0.06399666925288158 0.05228198835022361 0.022727272727272724 0.01070336391437309 0.1446565492432936
0 0.06666666666666667 0.0 1.0 0.0 0.027007778213820454 0.04265546812822185 0.024242424242424242 0.009174311926605505 0.0008012721049864627
0 0.011904761904761904 0.0 1.0 0.0 0.0663208443694761 0.0482242595891096 0.01753246753246753 0.003931847968545217 0.03760659229417268
0 0.014285714285714285 0.0 1.0 0.0 0.07828518788088644 0.03136919301013417 0.017272727272727273 0.0027522935779816515 0.057839332233133735
0 0.009615384615384616 0.0 1.0 0.0 0.059542468323530245 0.023521082684326677 0.015384615384615385 0.004234297812279464 4.121663352989065e-05
0 0.015873015873015872 0.0 1.0 0.0 0.07825475054876767 0.02024677818810086 0.01818181818181818 0.003931847968545217 0.09920319446349854
0 0.008333333333333333 0.0 1.0 0.0 0.09503611285813825 0.026541030982271247 0.024242424242424246 0.0045871559633027525 3.684426501091463e-05
0 0.006493506493506494 0.0 1.0 0.0 0.051923588375477385 0.0 0.01233766233766234 0.0 4.306028421841185e-05
0 0.011904761904761904 0.0 1.0 0.0 0.09060246573564676 0.02912134046630922 0.025974025974025976 0.005242463958060288 0.08435067622063515
0 0.012820512820512822 0.0 1.0 0.0 0.07623773418620279 0.0 0.019696969696969695 0.0 0.12131073842583318
0 0.14285714285714285 0.0 1.0 0.0 0.10151401889147725 0.038757805140829146 0.028846153846153848 0.011095700416088764 0.14285714285714285
0 0.0625 0.0 1.0 0.0 0.07329489305549504 0.03033030521606033 0.03125 0.009708737864077669 0.0872014784471782
0 0.05555555555555555 0.0 1.0 0.0 0.08465566469617664 0.05055050869343389 0.01762820512820513 0.008090614886731391 0.04453253659879694
0 0.027777777777777776 0.0 1.0 0.0 0.08193261258293046 0.026960271303164737 0.022435897435897436 0.008629989212513482 0.07123199509260501
0 0.025 0.0 1.0 0.0 0.08292961158568633 0.03033030521606033 0.02403846153846154 0.0 0.08698858207287345
0 0.01282051282051282 0.0 1.0 0.0 0.042327268433244476 0.023331004012354103 0.01775147928994083 0.0 0.052339978434293784
1 0.023809523809523808 0.0 1.0 0.0 0.0772220028979806 0.0 0.017628205128205128 0.0 0.0453376292199053
0 0.013888888888888888 0.0 1.0 0.0 0.07890781968750614 0.0 0.016025641025641024 0.0 0.066273315192264
0 0.007936507936507936 0.0 1.0 0.0 0.045335471570556896 0.01071310108011162 0.016483516483516484 0.0020804438280166435 0.021779570423961676
0 0.009090909090909092 0.0 1.0 0.0 0.05642547120475549 0.013634855920142063 0.019230769230769232 0.00441306266548985 0.08565368317069116
0 0.006993006993006993 0.0 1.0 0.0 0.012838634809471448 0.0 0.0 0.0 0.00014014340621074995