0 0.05555555555555555 0.0 1.0 0.0 0.030866856080179736 0.0368404087171513 0.012461059190031152 0.006781429316640584 0.05555555555555555
1 0.041666666666666664 0.0 1.0 0.0 0.023369466434962946 0.031629553919465425 0.012461059190031152 0.007042253521126759 0.04980981293362042
1 0.06666666666666667 0.0 1.0 0.0 0.060097238414677026 0.0563582813642709 0.028971962616822427 0.012206572769953052 0.11845425823395808
0 0.008620689655172414 0.0 1.0 0.0 0.01550587591806795 0.015116887204164839 0.007251047373509506 0.0037234903674923095 7.185692671538443e-05
0 0.016666666666666666 0.0 1.0 0.0 0.024943076289844986 0.0291990937545387 0.012071651090342679 0.002347417840375587 0.0068167708499723275
0 0.013888888888888888 0.0 1.0 0.0 0.047928537999015204 0.0097778448740351 0.01440809968847352 0.0 0.03145758867871715
0 0.007936507936507936 0.0 1.0 0.0 0.06425734617960349 0.014788650294546676 0.019210799584631358 0.002608242044861763 0.011958972851086179
0 0.006944444444444444 0.0 1.0 0.0 0.0429450131497678 0.016923139845158332 0.02102803738317757 0.003390714658320292 0.01902110905860993
0 0.02222222222222222 0.0 1.0 0.0 0.04700189428627847 0.011733413848842121 0.02523364485981308 0.0018779342723004694 0.01687663796979695
0 0.009090909090909092 0.0 1.0 0.0 0.04875417341674412 0.018274564711547252 0.022090059473237042 0.0034144259496372174 0.03286051767284307
0 0.007575757575757576 0.0 1.0 0.0 0.022820740823726714 0.0 0.010514018691588784 0.0 0.00022787891090258065
0 0.007575757575757575 0.0 1.0 0.0 0.0466737434818654 0.029371042862933364 0.01656754460492778 0.00597524541186513 0.04554907013745719
0 0.008547008547008548 0.0 1.0 0.0 0.050397887135878505 0.025876330435895403 0.021287642782969886 0.005216484089723526 0.057008693308273434
0 0.014285714285714285 0.0 1.0 0.0 0.05127396151482594 0.011733413848842121 0.014953271028037382 0.0018779342723004694 0.000520380891864978
0 0.011111111111111112 0.0 1.0 0.0 0.012790181944274325 0.0 0.010124610591900311 0.0 0.023697416847998365
0 0.0078125 0.0 1.0 0.0 0.03171056796777231 0.02911087174038233 0.016355140186915886 0.005868544600938967 0.07011332705416373
0 0.004901960784313725 0.0 1.0 0.0 0.055039114371504196 0.0 0.015186915887850467 0.0 0.020180252521834842
0 0.00505050505050505 0.0 1.0 0.0 0.030259778243728216 0.024037672931641493 0.01656754460492778 0.005121638924455826 0.059997227256140546
0 0.1 0.0 1.0 0.0 0.028976559965156645 0.04006233026168007 0.016556291390728478 0.009333333333333334 0.1
0 0.038461538461538464 0.0 1.0 0.0 0.03971272202827378 0.044049536977830844 0.015282730514518592 0.00871794871794872 0.0497908013062357
0 0.015873015873015872 0.0 1.0 0.09523809523809523 0.021015416739064638 0.033719596465601034 0.008830022075055188 0.006984126984126983 0.02462018377274224
0 0.015625 0.0 1.0 0.0 0.028435125830441294 0.03545236120439741 0.012417218543046359 0.0025 0.03766414011332426
0 0.010526315789473684 0.0 1.0 0.0 0.013879839059215936 0.0036136354988353116 0.007319623562216801 0.0007017543859649123 0.003761370999452079
0 0.018518518518518517 0.0 1.0 0.0 0.03567447476763436 0.007628786053096769 0.01692420897718911 0.0014814814814814816 0.008262468736739356
0 0.011904761904761904 0.0 1.0 0.0 0.029178145487238197 0.01648011735344127 0.01655629139072848 0.0033333333333333335 0.05637045863127618
0 0.008928571428571428 0.0 1.0 0.14285714285714285 0.016096733925368003 0.0 0.005676442762535478 0.0 0.0003719980892069999
0 0.0065359477124183 0.0 1.0 0.0 0.039515691320446765 0.004900425783928179 0.01324503311258278 0.0007843137254901962 9.559738926481388e-05
0 0.005 0.0 1.0 0.0 0.01946896417651995 0.004165361916338953 0.006622516556291392 0.0006666666666666668 0.00010366869294597271
0 0.09090909090909091 0.0 1.0 0.0 0.08448276154542946 0.06678563033898131 0.03129117259552042 0.01090909090909091 0.0909090909090909
0 0.09090909090909091 0.0 1.0 0.0 0.08448276154542946 0.06678563033898131 0.03129117259552042 0.01090909090909091 0.0909090909090909
0 0.037037037037037035 0.0 1.0 0.0 0.05322487497386202 0.0378669265121723 0.023349436392914657 0.006868686868686868 0.11276512533229487
0 0.05 0.0 1.0 0.0 0.049761114882550715 0.004544031181460675 0.020289855072463767 0.002909090909090909 0.11630962254439894
0 0.04 0.0 1.0 0.0 0.06829535683356971 0.034335821290056474 0.02318840579710145 0.005818181818181818 0.11111840399473268
0 0.03333333333333333 0.0 1.0 0.0 0.05982785282429396 0.02171194182648891 0.020289855072463767 0.0036363636363636364 0.11471138449235559
1 0.004081632653061224 0.0 1.0 0.0 0.03227760496860678 0.03349187863180696 0.013146997929606627 0.006753246753246752 0.025754173290342266
0 0.008333333333333333 0.0 1.0 0.0 0.019626914799413645 0.03204524899579742 0.010386473429951689 0.005090909090909091 0.00023395612089895858
0 0.01111111111111111 0.0 1.0 0.0 0.04707633544214066 0.04651101928754324 0.016666666666666663 0.008 0.016381578907803656
0 0.0058823529411764705 0.0 1.0 0.0 0.014774489571209934 0.008762291208410529 0.008525149190110826 0.000855614973262032 0.014522349349719924
0 0.010101010101010102 0.0 1.0 0.0 0.012640098316053588 0.010402890072404684 0.010466988727858293 0.00202020202020202 0.0005976003334651749
0 0.027777777777777776 0.0 1.0 0.0 0.08986093178518455 0.0 0.03502415458937198 0.0 0.1913039261913239
0 0.003344481605351171 0.0 1.0 0.0 0.038594085070440154 0.013082093040381703 0.010712035286704474 0.002529644268774703 0.0073168575563536675
0 0.004464285714285714 0.0 1.0 0.5 0.015861929485750517 0.002840019488412922 0.010869565217391306 0.00045454545454545455 0.0170497208840573
0 0.003703703703703704 0.0 1.0 0.6666666666666666 0.02445951487435212 0.004768864068063399 0.010064412238325281 0.0008080808080808081 0.036134626840685136
0 0.0078125 0.0 1.0 0.0 0.04105709831236192 0.0 0.019474637681159424 0.0 0.08595979680691207
0 0.014705882352941176 0.0 1.0 0.0 0.029392228457301037 0.0 0.015398550724637682 0.0 0.08729411186998587
0 0.005555555555555555 0.0 1.0 0.0 0.051450713596631094 0.00908806236292135 0.016304347826086956 0.0014545454545454545 0.04067620477011473
0 0.006578947368421052 0.0 1.0 0.0 0.06139466597062513 0.02401081875930895 0.022192028985507248 0.004545454545454545 0.08933838518733947
0 0.002272727272727273 0.0 1.0 0.8181818181818182 0.014373742610252744 0.009294609234805927 0.00642292490118577 0.001487603305785124 0.031156295982926404
0 0.007936507936507936 0.0 1.0 0.0 0.047637906205005465 0.0 0.016908212560386476 0.0 0.11711614787445725
0 0.003246753246753247 0.0 1.0 0.0 0.03524622825022846 0.016966204420648452 0.013198757763975154 0.0031168831168831164 0.05030690666806754
0 0.0036231884057971015 0.0 1.0 0.0 0.03765775002052077 0.023109388450985823 0.016002415458937196 0.0048484848484848485 0.026621847967603595