0 0.03125 0.0 1.0 0.0 0.14500361037105844 0.16193120196124472 0.04150390625 0.030257936507936498 0.03125000000000001
0 0.025 0.0 1.0 0.0 0.10240696714536326 0.06469195730283064 0.028125 0.012698412698412698 0.07589167202249765
1 0.027777777777777776 0.0 1.0 0.0 0.02744323319995771 0.0 0.009114583333333334 0.0 0.0029224574046644368
0 0.05263157894736842 0.0 1.0 0.0 0.05748065983724129 0.0529578454337251 0.017998363785110445 0.011513157894736841 0.05263157894736843
0 0.020833333333333332 0.0 1.0 0.0 0.07574769425496297 0.05969299009161754 0.020509499136442143 0.012152777777777781 0.028450935750379953
0 0.02564102564102564 0.0 1.0 0.0 0.08676048106428581 0.05804682257688612 0.02590673575129534 0.01081730769230769 0.07455244612702114
0 0.03125 0.0 1.0 0.0 0.1022761102739916 0.05605209904392385 0.021373056994818656 0.009114583333333332 0.12025337061877547
0 0.010526315789473684 0.0 1.0 0.0 0.041829402974015155 0.011229087554637944 0.011453504226888466 0.0010964912280701754 0.039629965641278686
0 0.08333333333333333 0.0 1.0 0.0 0.0 0.0 0.0 0.0 0.012715880857351172
0 0.02857142857142857 0.0 1.0 0.0 0.15651243091538294 0.08968335847027817 0.032124352331606223 0.014583333333333332 0.19333116173685688
0 0.00625 0.0 1.0 0.0 0.03941075111469797 0.011722533775127976 0.010103626943005182 0.0015625 0.037416791048638126
0 0.015873015873015872 0.0 1.0 0.0 0.10690398818849782 0.05941070033999896 0.02146558105107328 0.010416666666666666 0.13822222093577802
0 0.016666666666666666 0.0 1.0 0.0 0.09799895052841733 0.01928783227065446 0.018134715025906734 0.003472222222222222 0.12807146789833815
0 0.003787878787878788 0.0 1.0 0.0 0.06829510977837434 0.026515071363075005 0.01856649395509499 0.005208333333333333 0.030823027260542205
0 0.005208333333333333 0.0 1.0 0.0 0.07032991144834908 0.03978109928838758 0.019753886010362695 0.008463541666666666 0.06191994698177794
0 0.0034965034965034965 0.0 1.0 0.0 0.052806204226951176 0.03595094453421703 0.01577955723033443 0.006865530303030303 0.04414885955642546
0 0.008928571428571428 0.0 1.0 0.0 0.10132336701649484 0.03978115405822482 0.020077720207253888 0.007161458333333333 0.12063935914581302
0 0.08333333333333333 0.0 1.0 0.0 0.06451295249479673 0.04508019853461473 0.016617063492063492 0.008208955223880597 0.08333333333333333
0 0.03333333333333333 0.0 1.0 0.0 0.0296021436581484 0.017883384612024236 0.00873015873015873 0.00437810945273632 0.04874623154703785
0 0.014492753623188404 0.0 1.0 0.0 0.008281148062346092 0.012109575207240035 0.004658385093167701 0.003114860480207659 8.607818553796886e-05
0 0.011904761904761904 0.0 1.0 0.0 0.041754971290661705 0.030085526974481455 0.010770975056689345 0.005970149253731345 0.03475432283915234
0 0.016666666666666666 0.0 1.0 0.0 0.04472320880384804 0.0356221827036983 0.009424603174603174 0.0054726368159203976 0.07694620784585016
0 0.007575757575757575 0.0 1.0 0.0 0.04668085153490478 0.03269067003147839 0.012851731601731602 0.004206241519674356 0.03016630966677274
0 0.012987012987012986 0.0 1.0 0.0 0.03180015898704326 0.011116339592759627 0.007034632034632033 0.001085481682496608 9.401293339346868e-05
0 0.005952380952380952 0.0 1.0 0.0 0.031957924921915834 0.0071064763675247125 0.008645124716553288 0.0012793176972281449 0.035422539383563476
0 0.0031746031746031746 0.0 1.0 0.0 0.02958099224803321 0.019832236334749728 0.00935374149659864 0.0037526652452025593 0.027474275102626105
0 0.004166666666666667 0.0 1.0 0.08333333333333333 0.03597520104511644 0.019771104730994072 0.011408730158730162 0.00373134328358209 0.035525165635174265
0 0.01818181818181818 0.0 1.0 0.0 0.01317075111621591 0.009222860750758781 0.005357142857142857 0.001791044776119403 0.0008326364309786604
0 0.016666666666666666 0.0 1.0 0.0 0.01746316470846192 0.018656676192245415 0.006547619047619047 0.003582089552238806 0.0007357693710321608
0 0.015384615384615385 0.0 1.0 0.0 0.015800027717608127 0.0 0.005357142857142857 0.0 0.0006539479132583163
0 0.007936507936507936 0.0 1.0 0.0 0.016283269465834836 0.0 0.007936507936507936 0.0 0.020147915866260094
0 0.0022988505747126436 0.0 1.0 0.0 0.017751947958225704 0.0031875551074414424 0.00513136288998358 0.0007205352547606794 0.02509315761172006
0 0.002976190476190476 0.0 1.0 0.0 0.01325459421450535 0.007406814152566088 0.004251700680272109 0.0014214641080312724 0.012616696810745462
0 0.011764705882352941 0.0 1.0 0.0 0.0074381462791767005 0.0 0.0 0.0 0.0010569055829122843
0 0.006172839506172839 0.0 1.0 0.0 0.06217173087469505 0.028325995671942654 0.013227513227513227 0.0049751243781094535 0.09974149277588099
0 0.0018148820326678765 0.0 1.0 0.0 0.04644686912727278 0.030375977247537784 0.011596880131362891 0.005455481214616574 0.023138678439405806
0 0.0035714285714285718 0.0 1.0 0.0 0.048287099002775606 0.026241098397488696 0.011904761904761904 0.004690831556503198 0.06339604384731042
0 0.005291005291005291 0.0 1.0 0.0 0.07701149576871763 0.035465775305519434 0.016865079365079368 0.006301824212271974 0.10879305547392087
0 0.14285714285714285 0.0 1.0 0.0 0.08075062265208209 0.03680177124707729 0.019281332164767746 0.006593406593406593 0.14285714285714285
0 0.015625 0.0 1.0 0.0625 0.03420307496169569 0.018186494854518915 0.009490030674846626 0.0037499999999999986 0.02135346187205767
0 0.0303030303030303 0.0 1.0 0.0 0.008001679410639577 0.01398163440449439 0.0033463469046291134 0.0027972027972027976 0.00362250431170294
0 0.008333333333333333 0.0 1.0 0.06666666666666667 0.029716875811489175 0.010909255631575002 0.009100204498977508 0.0037948717948717934 0.02956074873164195
0 0.04 0.0 1.0 0.0 0.01406445420262574 0.006337760721034239 0.006748466257668712 0.0012307692307692308 0.0005068916529188155
0 0.018518518518518517 0.0 1.0 0.0 0.0068023901316309095 0.004272166068039952 0.0006816632583503749 0.0 0.00041102318805923593
1 0.0033222591362126242 0.0 1.0 0.0 0.055304283991088804 0.016859569536065103 0.014410044228848617 0.0017889087656529517 0.011081509844675548
0 0.009615384615384616 0.0 1.0 0.0 0.039391514062557316 0.018076337776257983 0.01368570080226522 0.001656804733727811 0.07361174361321571
0 0.003968253968253968 0.0 1.0 0.0 0.04404105067412333 0.009781033862137458 0.011393514460999125 0.0017582417582417585 0.02365963859649317
0 0.005263157894736842 0.0 1.0 0.0 0.038125358351916855 0.009106459250295688 0.009686793671294802 0.0014574898785425104 0.048983425975526115
0 0.010101010101010102 0.0 1.0 0.0 0.06438492003259016 0.028623599858837896 0.016359918200409 0.005128205128205128 0.11097846046713505
0 0.006944444444444444 0.0 1.0 0.0 0.04726028602181535 0.014276418969682047 0.011758691206543966 0.002564102564102564 0.07959691490402424
0 0.00591715976331361 0.0 1.0 0.0 0.04498510699130653 0.011174379709781693 0.008494572911750826 0.001893491124260355 0.07532199758741137
0 0.001984126984126984 0.0 1.0 0.0 0.028867874181371204 0.0056864313711330345 0.006561008861622359 0.0009401709401709402 0.018663166613988903
0 0.005555555555555556 0.0 1.0 0.0 0.07710194483092234 0.014243322292175599 0.01712678936605317 0.002564102564102564 0.05693338145669786
0 0.005681818181818182 0.0 1.0 0.0 0.05250379543106833 0.006990817202247194 0.011991076408254324 0.0011188811188811189 0.08858933564099367
0 0.002557544757033248 0.0 1.0 0.0 0.037872818824194895 0.0022293895761666157 0.009069085089357162 0.0004013377926421405 0.029765216940147568
0 0.004273504273504273 0.0 1.0 0.0 0.022994199648547008 0.012653206425641677 0.007550731477111846 0.0021301775147928997 7.936618096199307e-05