0 0.0625 0.0 1.0 0.0 0.08286264440224653 0.06879185001130085 0.025602409638554216 0.014481707317073175 0.06249999999999999
1 0.05555555555555555 0.0 1.0 0.0 0.022942736626213114 0.05738483165371154 0.013386880856760375 0.012195121951219513 0.026914672327191205
0 0.01515151515151515 0.0 1.0 0.18181818181818182 0.06226376166656327 0.02655482342260954 0.019715224534501644 0.0016629711751662971 0.036579469415214755
0 0.027777777777777776 0.0 1.0 0.0 0.08512899952011309 0.02258087680466863 0.024096385542168676 0.004065040650406504 0.08964216363734073
0 0.011764705882352941 0.0 1.0 0.0 0.04478903749896667 0.0 0.015591778880226788 0.0 0.04043082471581261
0 0.016666666666666666 0.0 1.0 0.0 0.05431640480553229 0.015239128962215681 0.014457831325301203 0.0024390243902439024 0.07219401181534321
0 0.06666666666666667 0.0 1.0 0.0 0.09382081286418871 0.11155423706402784 0.02941176470588235 0.019801980198019802 0.06666666666666667
0 0.045454545454545456 0.0 1.0 0.0 0.03817273547427814 0.039366606770080116 0.0053475935828877 0.009000900090009 0.00012129301330296481
1 0.02564102564102564 0.0 1.0 0.0 0.01906385428523424 0.014275802455083995 0.005279034690799397 0.0 0.002199920412748722
0 0.03571428571428571 0.0 1.0 0.0 0.03540430081543502 0.0 0.0056022408963585435 0.0 0.00022758451147639774
0 0.011111111111111112 0.0 1.0 0.0 0.10828065673493048 0.0929618642200232 0.029411764705882346 0.0165016501650165 0.042702391787002594
0 0.020833333333333332 0.0 1.0 0.0 0.10718687011738343 0.0 0.023284313725490197 0.0 0.09195166247524295
0 0.015873015873015872 0.0 1.0 0.0 0.08052206731418844 0.024443985451918518 0.017429193899782133 0.0044004400440044 0.09233595821752393
1 0.005952380952380952 0.0 1.0 0.0 0.11567498479361114 0.010475993765107936 0.025210084033613446 0.001885902876001886 0.021448244476546245