1 0.3333333333333333 0.0 1.0 0.0 0.10610642887388348 0.0 0.03787878787878788 0.015503875968992248 0.3333333333333333
0 0.038461538461538464 0.0 1.0 0.0 0.024486098970896188 0.07824025066468517 0.020979020979020976 0.016100178890876563 0.03677141154974232
0 0.017543859649122806 0.0 1.0 0.0 0.056460820819352615 0.0229426298941558 0.009569377990430622 0.0 2.546202038244153e-05
0 0.027777777777777776 0.0 1.0 0.0 0.05769260884458728 0.0 0.022727272727272724 0.0 0.05035103919486879
0 0.09090909090909091 0.0 1.0 0.0 0.04134666271779583 0.028400194884129225 0.017101710171017106 0.00909090909090909 0.09090909090909088
0 0.029411764705882353 0.0 1.0 0.0 0.02014859131721718 0.03675319337946135 0.009900990099009898 0.009411764705882354 5.508369713369522e-05
1 0.016666666666666666 0.0 1.0 0.0 0.0415965299783704 0.02499217149803372 0.012871287128712872 0.001 0.024404073612270535
0 0.0125 0.0 1.0 0.0 0.0408183578006827 0.012496085749016858 0.015841584158415842 0.0 0.03150604325873511
0 0.05 0.0 1.0 0.0 0.048563408639280686 0.0 0.017326732673267328 0.0 0.00031007016887098227
0 0.05555555555555555 0.0 1.0 0.0 0.1179699375956995 0.0 0.03300330033003301 0.0 0.22327419265698978
0 0.023809523809523808 0.0 1.0 0.0 0.042296536179175115 0.0 0.008250825082508252 0.0 0.0001954026829016948
0 0.00625 0.0 1.0 0.0 0.020948015887623496 0.0 0.0014851485148514852 0.0 5.2224696826976986e-05
1 0.047619047619047616 0.0 1.0 0.2857142857142857 0.050633054043317825 0.04592465485096218 0.014586014586014585 0.008187890540831718 0.04761904761904761
0 0.027777777777777776 0.0 1.0 0.0 0.03211113269961972 0.020418440766367413 0.008508508508508508 0.004273504273504273 0.04392138016997611
0 0.0303030303030303 0.0 1.0 0.0 0.07486514287210734 0.02599065988281084 0.016789516789516786 0.006581653640477169 0.08312811690754901
0 0.027777777777777776 0.0 1.0 0.0 0.047270727235380505 0.015706492897205705 0.01901901901901902 0.002513826043237808 0.07727437779288356
0 0.028571428571428574 0.0 1.0 0.0 0.015012301049926688 0.024232874755688805 0.003861003861003861 0.0 0.00038116453696723107
0 0.01282051282051282 0.0 1.0 0.0 0.0774786974089025 0.06711318879340143 0.020443520443520442 0.011138183083884442 0.0726702328679425
0 0.023809523809523808 0.0 1.0 0.0 0.017201764028336407 0.014135843607485135 0.010510510510510511 0.0 0.00044356900025770314
0 0.017857142857142856 0.0 1.0 0.0 0.04251064020914418 0.0 0.010296010296010296 0.0 0.1009391193708549
0 0.006944444444444444 0.0 1.0 0.0 0.03729742975857268 0.008286076957750672 0.011542792792792793 0.0016968325791855204 0.04571802190854556
0 0.007692307692307693 0.0 1.0 0.0 0.07932659877217764 0.0649384436230191 0.022176022176022176 0.011138183083884442 0.07363093477420843
0 0.015151515151515152 0.0 1.0 0.0 0.05797335540988094 0.0 0.014264264264264264 0.0 0.11627615188840329
1 0.004166666666666667 0.0 1.0 0.0 0.03338685477074624 0.002513527463325106 0.008108108108108109 0.00045248868778280545 0.03760514207000983
0 0.00591715976331361 0.0 1.0 0.0 0.04267204002897012 0.0038669653281924706 0.0148995148995149 0.0006961364427427776 0.053361375396683765
0 0.007142857142857143 0.0 1.0 0.0 0.030287350343956965 0.0 0.00945945945945946 0.0 0.07019821816250493
0 0.0047619047619047615 0.0 1.0 0.0 0.008700111992547385 0.0 0.005791505791505792 0.0 0.0055370938959141665
0 0.003289473684210526 0.0 1.0 0.10526315789473684 0.0477644035038099 0.0 0.0130393551446183 0.0 0.026655797501636165
0 0.0058823529411764705 0.0 1.0 0.0 0.010672069912474744 0.0 0.005855855855855856 0.0 0.0024422817311502906
0 0.006172839506172839 0.0 1.0 0.0 0.0031271485858400546 0.003559570310111835 0.006006006006006006 0.0010055304172951233 0.0005271439433116322