0 0.2 0.0 1.0 0.0 0.06394092742901794 0.04063767723257515 0.016129032258064516 0.006504065040650407 0.19999999999999996
0 0.020833333333333332 0.0 1.0 0.0 0.024790785340084453 0.027996032014165218 0.010080645161290322 0.008130081300813006 0.018299890195249822
0 0.041666666666666664 0.0 1.0 0.0 0.037391643536704974 0.04444745947312908 0.012096774193548387 0.0 0.10826995629359688
0 0.05 0.0 1.0 0.0 0.019036997691059536 0.010159419308143788 0.0 0.0 0.00018904292932016783
0 0.011111111111111112 0.0 1.0 0.0 0.03450230151568142 0.039591033676791884 0.014336917562724007 0.007678410117434509 0.02549387214627512
1 0.007246376811594202 0.0 1.0 0.08695652173913043 0.03246056900673673 0.02606529999087814 0.01157082748948106 0.0049487451396253105 1.4232202171153755e-05
0 0.011904761904761904 0.0 1.0 0.0 0.04608018471323802 0.0 0.016801075268817203 0.0 3.0248761758078453e-05
0 0.010416666666666666 0.0 1.0 0.0 0.02628292763744232 0.0 0.012096774193548385 0.0 0.008533235416481464
0 0.02222222222222222 0.0 1.0 0.0 0.041973083056541974 0.0 0.02096774193548387 0.0 0.00010275069818751783
0 0.008333333333333333 0.0 1.0 0.0 0.018733935259490495 0.009428058866004733 0.009408602150537635 0.0020325203252032522 4.338595301189952e-05
1 0.038461538461538464 0.0 1.0 0.15384615384615385 0.03183874935218523 0.01668814870328106 0.0136986301369863 0.011217948717948721 0.03846153846153847
1 0.027777777777777776 0.0 1.0 0.0 0.04541402740278807 0.048210207365034174 0.0060882800608828 0.0 0.01933640896770512
0 0.0303030303030303 0.0 1.0 0.0 0.03597015289311335 0.031555772093476916 0.012453300124533 0.0 0.025952871209794268
0 0.025 0.0 1.0 0.2 0.018126556102920494 0.0 0.00410958904109589 0.0 0.020194971702842967
0 0.025 0.0 1.0 0.25 0.034431387368695957 0.0 0.008561643835616438 0.0 0.0213577666412789
0 0.25 0.0 1.0 0.0 0.021862061548367475 0.028112757345905022 0.027108433734939756 0.012121212121212121 0.25
0 0.029411764705882353 0.0 1.0 0.11764705882352941 0.06871990623071904 0.07072455654331888 0.02622253720765415 0.013547237076648837 3.9719033001229317e-05
0 0.02564102564102564 0.0 1.0 0.15384615384615385 0.04982986544029528 0.034954086011235966 0.012048192771084338 0.0009324009324009324 0.01995408271518032
0 0.05 0.0 1.0 0.0 0.04933327075459264 0.0 0.01927710843373494 0.0 0.0002498930212822556
0 0.03333333333333333 0.0 1.0 0.0 0.07976715938093622 0.0 0.026104417670682733 0.0 0.0001512475039712382
0 0.023809523809523808 0.0 1.0 0.0 0.07457859990649339 0.0 0.02237521514629948 0.0 0.005274136492951761
0 0.02857142857142857 0.0 1.0 0.0 0.0 0.033735308815086025 0.014457831325301203 0.007272727272727273 0.0006844671145005252
0 0.041666666666666664 0.0 1.0 0.0 0.10482497471165665 0.041611560289618744 0.040160642570281124 0.00808080808080808 0.00041230623040572757
1 0.015873015873015872 0.0 1.0 0.2857142857142857 0.07912579732567068 0.019237734005016393 0.027538726333907058 0.003463203463203463 0.00012825948563854937
0 0.011111111111111112 0.0 1.0 0.0 0.06619483587481033 0.03370452023450499 0.034805890227576984 0.006734006734006735 9.45037030139803e-05
0 0.015151515151515152 0.0 1.0 0.0 0.027120978531257892 0.01874183823060335 0.022088353413654616 0.00404040404040404 0.0923622662333476
0 0.013888888888888888 0.0 1.0 0.0 0.01457470769891165 0.01874183823060335 0.018072289156626505 0.00808080808080808 0.15378831348163902
0 0.029411764705882353 0.0 1.0 0.11764705882352941 0.06871990623071904 0.07072455654331888 0.02622253720765415 0.013547237076648837 3.9719033001229317e-05
0 0.02564102564102564 0.0 1.0 0.15384615384615385 0.04982986544029528 0.034954086011235966 0.012048192771084338 0.0009324009324009324 0.01995408271518032
0 0.05 0.0 1.0 0.0 0.04933327075459264 0.0 0.01927710843373494 0.0 0.0002498930212822556
0 0.03333333333333333 0.0 1.0 0.0 0.07976715938093622 0.0 0.026104417670682733 0.0 0.0001512475039712382
0 0.023809523809523808 0.0 1.0 0.0 0.07457859990649339 0.0 0.02237521514629948 0.0 0.005274136492951761
0 0.02857142857142857 0.0 1.0 0.0 0.0 0.033735308815086025 0.014457831325301203 0.007272727272727273 0.0006844671145005252
0 0.041666666666666664 0.0 1.0 0.0 0.10482497471165665 0.041611560289618744 0.040160642570281124 0.00808080808080808 0.00041230623040572757
0 0.015873015873015872 0.0 1.0 0.2857142857142857 0.07912579732567068 0.019237734005016393 0.027538726333907058 0.003463203463203463 0.00012825948563854937
0 0.011111111111111112 0.0 1.0 0.0 0.06619483587481033 0.03370452023450499 0.034805890227576984 0.006734006734006735 9.45037030139803e-05
0 0.015151515151515152 0.0 1.0 0.0 0.027120978531257892 0.01874183823060335 0.022088353413654616 0.00404040404040404 0.0923622662333476