0 0.1 0.0 1.0 0.0 0.03686424524937827 0.03539408126071636 0.02718446601941747 0.009803921568627449 0.1
0 0.125 0.0 1.0 0.0 0.05323913268847448 0.049074407349161075 0.03155339805825243 0.012254901960784314 0.011059832547119357
0 0.047619047619047616 0.0 1.0 0.0 0.01629868939136643 0.026252280985329533 0.01803051317614424 0.008403361344537815 0.1377219656563062
0 0.03125 0.0 1.0 0.0 0.02661956634423724 0.04750794953674388 0.015776699029126214 0.00980392156862745 0.005131887620991521
0 0.013333333333333334 0.0 1.0 0.0 0.0219265359730973 0.03993080678690484 0.009708737864077669 0.00130718954248366 0.04000644878790517
0 0.013888888888888888 0.0 1.0 0.0 0.034618984538022715 0.01815325390179243 0.01699029126213592 0.0032679738562091504 0.06226585525812466
0 0.00303951367781155 0.0 1.0 0.0 0.04551403608107053 0.008931436195067838 0.012187564552778349 0.001668752607425949 0.006152693916088995
0 0.0625 0.0 1.0 0.0 0.06701024334193266 0.05661824834093629 0.03352649006622516 0.012666112956810627 0.0625
0 0.021739130434782608 0.0 1.0 0.0 0.016840539754185847 0.013751419679277092 0.007630290814857474 0.0039000433338148197 0.007908713043535845
0 0.047619047619047616 0.0 1.0 0.0 0.0029555548129178945 0.01482686965948844 0.0 0.00284765068818225 0.002912597497590958
1 0.011363636363636364 0.0 1.0 0.0 0.04713337351278075 0.03539800720955815 0.02046959662853702 0.007248565388100269 0.045215024171993294
0 0.0125 0.0 1.0 0.0 0.053535160260888226 0.037794726755086064 0.021730132450331126 0.005191029900332226 0.060005406982276834
0 0.008771929824561403 0.0 1.0 0.0 0.04773728330813501 0.013960178878735737 0.01707912164517253 0.0017485574401119074 0.04571483582911675
0 0.017857142857142856 0.0 1.0 0.0 0.0571788058101922 0.04445302722524638 0.026903973509933777 0.009551495016611296 0.16903481259105882
0 0.017857142857142856 0.0 1.0 0.0 0.08631697399626741 0.004887926517171637 0.03122043519394513 0.0009492168960607499 0.13110535505942483
0 0.006944444444444444 0.0 1.0 0.0 0.04063771011523357 0.00398908388335577 0.014693708609271524 0.0008305647840531562 0.0567879961103587
0 0.009090909090909092 0.0 1.0 0.0 0.031492949609014304 0.0 0.010234798314268514 0.0 0.11681722841777922
0 0.005681818181818182 0.0 1.0 0.0 0.039144637080609036 0.00908145766643667 0.013245033112582781 0.0014534883720930232 0.0750624345443871
0 0.0026881720430107525 0.0 1.0 0.0 0.03344854906571678 0.016158952918224445 0.014206366161076692 0.003215089486657379 0.03014157354397532
1 0.0016722408026755855 0.0 1.0 0.0 0.06729060381758466 0.0318643207135348 0.026849985603224876 0.006500072223024699 0.011885622234376041
0 0.004464285714285714 0.0 1.0 0.0 0.05535440781628399 0.02233833768318531 0.024627483443708603 0.005398671096345515 0.06205454462075579
0 0.002777777777777778 0.0 1.0 0.0 0.045673828774663076 0.025950475492837133 0.020281456953642387 0.0051218161683277965 0.03833857384151606
0 0.004464285714285714 0.0 1.0 0.0 0.04248869034119732 0.03409667706885409 0.01963103122043519 0.007119126720455624 0.09841830249018593
0 0.0058823529411764705 0.0 1.0 0.0 0.05523378468509514 0.033722773097572226 0.024172185430463577 0.007308970099667775 0.133663768506957
0 0.022727272727272728 0.0 1.0 0.0 0.05977503046792338 0.03842352803173465 0.026416765053128687 0.008467023172905526 0.022727272727272728
0 0.03125 0.0 1.0 0.0 0.056213123939179266 0.038265691414234845 0.023133116883116884 0.003676470588235294 0.10309058797525401
0 0.014492753623188404 0.0 1.0 0.0 0.05103122415613893 0.02774767182469936 0.022868435911914172 0.0068201193520886615 0.06806833895982754
0 0.014705882352941176 0.0 1.0 0.0 0.05543027978942214 0.004804339003851157 0.01757066462948816 0.0007689350249903883 0.09314323481563895
0 0.013333333333333334 0.0 1.0 0.06666666666666667 0.03512867827126287 0.016568036121074967 0.01341991341991342 0.00392156862745098 0.15124500074245267
0 0.023809523809523808 0.0 1.0 0.14285714285714285 0.06917032721742666 0.01998940481753278 0.02411873840445269 0.003734827264239029 0.32508654539131715
0 0.01020408163265306 0.0 1.0 0.0 0.032415745430592384 0.014563017664314948 0.015306122448979593 0.00326797385620915 0.16355232138145845
0 0.017857142857142856 0.0 1.0 0.0 0.06494821763649464 0.01998940481753278 0.023191094619666047 0.003734827264239029 0.3259005636108231
0 0.0101010101010101 0.0 1.0 0.0 0.031108917416670465 0.005295642787023618 0.01357733175914994 0.0011883541295306002 0.21132806724445238