0 0.125 0.0 1.0 0.125 0.022988529401072853 0.01998163918686505 0.008928571428571428 0.007194244604316545 0.125
1 0.125 0.0 1.0 0.25 0.05209016264344862 0.033712461553103035 0.010714285714285714 0.00539568345323741 0.0001021101635759033
0 0.05555555555555555 0.0 1.0 0.0 0.03892626337349868 0.04494994873747071 0.008333333333333333 0.007194244604316546 0.09580324369382338
0 0.022727272727272728 0.0 1.0 0.18181818181818182 0.04826996980104406 0.04086358976133701 0.016883116883116885 0.006540222367560495 2.9617059717943675e-05
0 0.05 0.0 1.0 0.0 0.09473921214416639 0.06742492310620607 0.02142857142857143 0.01079136690647482 8.922594348230125e-05
0 0.027777777777777776 0.0 1.0 0.0 0.0705976210419543 0.059933264983294286 0.014285714285714285 0.009592326139088727 5.798996854229176e-05
0 0.023809523809523808 0.0 1.0 0.0 0.08710144698258114 0.059933264983294286 0.02023809523809524 0.007194244604316547 5.416360212977199e-05
0 0.03125 0.0 1.0 0.0 0.05791245506694568 0.022474974368735356 0.0125 0.0 0.00015167350835610952
0 0.018518518518518517 0.0 1.0 0.0 0.07017120632127674 0.029966632491647143 0.02023809523809524 0.004796163069544365 5.730437999414609e-05
0 0.025 0.0 1.0 0.0 0.0224322209228726 0.0 0.007142857142857143 0.0 0.00032445944987796987
0 0.00909090909090909 0.0 1.0 0.0 0.008925775535012042 0.0 0.004999999999999999 0.0 9.670480510383047e-05
0 0.008333333333333333 0.0 1.0 0.0 0.05302302779573394 0.008989989747494143 0.015000000000000003 0.0014388489208633094 0.03614968038314732
0 0.038461538461538464 0.0 1.0 0.0 0.0 0.0 0.0 0.0 0.0007756408226972636
0 0.004464285714285714 0.0 1.0 0.0 0.014868595426546219 0.004372076001248686 0.012946428571428572 0.0008992805755395684 0.00647672037808294
0 0.03333333333333333 0.0 1.0 0.0 0.0 0.0 0.0 0.0 0.0009427919607596875
0 0.005681818181818182 0.0 1.0 0.0 0.02825377782507935 0.0 0.014285714285714289 0.0 4.6635216941203964e-05
0 0.011764705882352941 0.0 1.0 0.0 0.056003236936803646 0.0 0.012857142857142859 0.0 0.00010193676908816396
0 0.005555555555555555 0.0 1.0 0.0 0.009724449934715867 0.0 0.004285714285714286 0.0 8.134982347247983e-05
0 0.013157894736842105 0.0 1.0 0.0 0.040915589207774786 0.0 0.008928571428571428 0.0 0.00016329779211806802
0 0.0071428571428571435 0.0 1.0 0.0 0.012751107907160058 0.0 0.008163265306122448 0.0 0.00014843900213143174
0 0.011904761904761904 0.0 1.0 0.5 0.01839082352085828 0.0 0.0035714285714285713 0.0 0.09754010023780521
0 0.3333333333333333 0.0 1.0 0.0 0.00561369530503902 0.011257734909024196 0.0026954177897574125 0.0018018018018018018 0.3333333333333333
0 0.041666666666666664 0.0 1.0 0.0 0.00819512949718573 0.016886602363536295 0.005166217430368373 0.002702702702702703 1.4909146224290787e-05
0 0.03333333333333333 0.0 1.0 0.1 0.013896958575130883 0.016793729158806503 0.004851752021563343 0.0035135135135135136 1.5457232092710266e-05
0 0.03125 0.0 1.0 0.125 0.010802314250105471 0.01477577706809426 0.006401617250673854 0.002364864864864865 2.325060569611088e-05
0 0.05 0.0 1.0 0.0 0.01684108591511706 0.01266495177265222 0.0013477088948787063 0.002027027027027027 6.132146668723706e-05
0 0.027777777777777776 0.0 1.0 0.0 0.00280684765251951 0.014072168636280247 0.0017969451931716084 0.0022522522522522522 5.420214492589428e-05
0 0.07142857142857142 0.0 1.0 0.0 0.03217198449050977 0.008443301181768148 0.012129380053908356 0.0013513513513513514 0.00011611272381732169
0 0.03125 0.0 1.0 0.0 0.012630814436337795 0.01266495177265222 0.0020215633423180594 0.002027027027027027 5.0628172693626086e-05
0 0.015873015873015872 0.0 1.0 0.0 0.012029347082226471 0.012061858831097354 0.0019252984212552947 0.002316602316602317 2.3301450068357782e-05
0 0.014285714285714287 0.0 1.0 0.0 0.009092544785212845 0.02157866988921839 0.004235656526761648 0.003861003861003861 3.129989849875226e-05
0 0.01818181818181818 0.0 1.0 0.0 0.012645053248690507 0.013509281890829037 0.00215633423180593 0.002162162162162162 4.207006073481965e-05
0 0.005952380952380952 0.0 1.0 0.0 0.011643795051970754 0.013268044714207087 0.0034655371582595304 0.0025096525096525097 9.88451234632296e-06
0 0.019230769230769232 0.0 1.0 0.0 0.007486382336857795 0.01266495177265222 0.0013477088948787063 0.002027027027027027 7.736951364403377e-05
0 0.023809523809523808 0.0 1.0 0.0 0.02879498863667491 0.011257734909024196 0.013477088948787061 0.0018018018018018018 5.848469595144854e-05
0 0.006060606060606061 0.0 1.0 0.0 0.011002716179197465 0.012626553773003727 0.0058809115412889 0.0009828009828009828 1.6029170590406142e-05
0 0.006944444444444444 0.0 1.0 0.0 0.0070387023064344585 0.0 0.0026954177897574125 0.0 2.558808000951243e-05
0 0.0196078431372549 0.0 1.0 0.0 0.01940972452549451 0.0 0.0071877807726864335 0.0 7.882254409302847e-05
0 0.007936507936507936 0.0 1.0 0.0 0.015182177003313977 0.0 0.0030804774740084717 0.0 2.5805521458423714e-05
0 0.013157894736842105 0.0 1.0 0.0 0.004210271478779265 0.0 0.0 0.0 0.00011020907201206675
0 0.01 0.0 1.0 0.0 0.022876717957708587 0.0 0.005929919137466307 0.0 3.111883259381157e-05
0 0.009523809523809523 0.0 1.0 0.0 0.01704522126361651 0.0 0.00431266846361186 0.0 4.115434819698114e-05
0 0.004545454545454545 0.0 1.0 0.0 0.014235839109604256 0.006082724881075898 0.008625336927223719 0.0016216216216216218 1.3602428121638067e-05
0 0.004347826086956522 0.0 1.0 0.0 0.013795988040249101 0.008350427977038357 0.008355795148247979 0.002162162162162162 1.4425259904195923e-05
0 0.005208333333333333 0.0 1.0 0.0 0.005204950053073099 0.0 0.0020215633423180594 0.0 2.7468867776314878e-05
0 0.04 0.0 1.0 0.0 0.041388087661366466 0.0 0.016172506738544475 0.0 0.0002600853666015776
0 0.007692307692307693 0.0 1.0 0.0 0.009595804589061892 0.0 0.00431266846361186 0.0 5.4252176702264076e-05
0 0.005291005291005291 0.0 1.0 0.0 0.012064152093849126 0.0 0.006160954948016943 0.0 2.7017509300320056e-05
0 0.0035714285714285713 0.0 1.0 0.0 0.008832990350828275 0.0 0.0056603773584905665 0.0 2.0517413738265657e-05
0 0.006896551724137931 0.0 1.0 0.0 0.003848413231545532 0.012165449762151797 0.007547169811320756 0.0032432432432432435 8.176506509893964e-05
0 0.0047619047619047615 0.0 1.0 0.0 0.02289549525440277 0.0 0.009626492106276474 0.0 2.0068521939120628e-05
0 0.008064516129032258 0.0 1.0 0.0 0.004210271478779265 0.0 0.0 0.0 0.00012649048705239317
0 0.003472222222222222 0.0 1.0 0.0 0.00187123176834634 0.0 0.0035938903863432167 0.0006006006006006007 3.677021693072685e-05
0 0.007575757575757576 0.0 1.0 0.0 0.012630814436337795 0.0 0.0020215633423180594 0.0 5.06567058877547e-05
0 0.001838235294117647 0.0 1.0 0.0 0.018760520309156946 0.011825456282858979 0.007412398921832884 0.002027027027027027 6.833508495255142e-06
0 0.007142857142857143 0.0 1.0 0.0 0.0 0.0 0.0 0.0 0.00015045252085831392
0 0.003472222222222222 0.0 1.0 0.0 0.013543149875821048 0.0 0.004380053908355795 0.0 2.1567099972839366e-05
1 0.0012870012870012872 0.0 1.0 0.0 0.009921481216232056 0.0017891655867534866 0.0050057758952637655 0.0005148005148005149 5.5369272990481025e-06
0 0.0043859649122807015 0.0 1.0 0.0 0.006067496544728855 0.0 0.0022461814914645105 0.0 5.958847605983076e-05
0 0.004273504273504273 0.0 1.0 0.0 0.00561369530503902 0.0 0.0008984725965858042 0.0 6.057240744816955e-05
0 0.003125 0.0 1.0 0.0 0.0021051357393896326 0.0 0.0006738544474393531 0.0 4.235254196378731e-05
0 0.001876172607879925 0.0 1.0 0.0 0.009896899406677838 0.0 0.0006220194899440183 0.0 1.5148005845556174e-05
0 0.003401360544217687 0.0 1.0 0.0 0.0036469007560455684 0.0 0.0019252984212552947 0.0 4.133442308276638e-05
0 0.007751937984496124 0.0 1.0 0.0 0.013557569252833903 0.0 0.005390835579514825 0.0 0.00011229532814590618
0 0.003787878787878788 0.0 1.0 0.0 0.0 0.0 0.0017969451931716084 0.0 0.00011705070758191362
0 0.0031746031746031746 0.0 1.0 0.0 0.00491053680262507 0.0 0.0007701193685021179 0.0 4.679015533135343e-05
0 0.004347826086956522 0.0 1.0 0.0 0.019668310793245755 0.0067546409454145185 0.007547169811320756 0.001081081081081081 3.935001832197824e-05
0 0.0019342359767891683 0.0 1.0 0.09090909090909091 0.01737884103372128 0.017200663684158516 0.006616025483950013 0.0029484029484029488 1.2669339214056008e-05
0 0.0010964912280701754 0.0 1.0 0.05263157894736842 0.014173377569341391 0.01213020990978404 0.004539651014328273 0.0019914651493598864 6.0646706012157775e-06
0 0.0011337868480725622 0.0 1.0 0.0 0.014993560910095186 0.012804110460327596 0.00449236298292902 0.002102102102102102 6.1380608608769455e-06
1 0.05555555555555555 0.0 1.0 0.1111111111111111 0.020678006979902065 0.04889071503220631 0.011111111111111108 0.010149572649572648 0.05555555555555555
1 0.05555555555555555 0.0 1.0 0.0 0.03820508870053774 0.04672681636918697 0.009523809523809525 0.008547008547008548 0.038607245286882155
0 0.06666666666666667 0.0 1.0 0.0 0.020389192913883435 0.0360464011990871 0.00380952380952381 0.0038461538461538464 0.00040844455085893816
0 0.017857142857142856 0.0 1.0 0.0 0.026903156880088264 0.028529584851801366 0.011564625850340137 0.0027472527472527475 0.005703781659771263
0 0.025 0.0 1.0 0.0 0.05444474606476547 0.013353114648914624 0.014285714285714287 0.002403846153846154 0.013565395970450509
0 0.023809523809523808 0.0 1.0 0.0 0.015506766612719389 0.0 0.00272108843537415 0.0 0.0002576107308964413
0 0.012987012987012986 0.0 1.0 0.0 0.031000107078971474 0.0 0.009523809523809525 0.0 0.0219098684938948
0 0.017857142857142856 0.0 1.0 0.0 0.0742858719132767 0.015260702455902428 0.02312925170068027 0.0027472527472527475 0.00011136162507021441
0 0.015873015873015872 0.0 1.0 0.0 0.017758208944095532 0.0 0.006802721088435374 0.0 0.000172261390909307
0 0.02 0.0 1.0 0.0 0.02278464108098761 0.0 0.00380952380952381 0.0 0.00038724904059249426
0 0.022727272727272728 0.0 1.0 0.0 0.02713684157225893 0.0 0.0 0.0 0.00048144444835030126
0 0.008333333333333333 0.0 1.0 0.0 0.01205246071245566 0.0 0.001904761904761905 0.0 0.0001607482958595195