0 0.047619047619047616 0.0 1.0 0.0 0.02253655175086197 0.025681222361953835 0.010582010582010581 0.0070765148164528965 0.047619047619047616
0 0.038461538461538464 0.0 1.0 0.0 0.01920324035925918 0.032735637827860306 0.008072174738841404 0.006191950464396286 0.006714480790232628
0 0.03333333333333333 0.0 1.0 0.0 0.044604874980918786 0.016768626185252305 0.021604938271604937 0.0030959752321981426 0.07203568403006182
0 0.08333333333333333 0.0 1.0 0.0 0.026731637271789847 0.025791714652253578 0.014403292181069957 0.0 0.0023712089026582807
0 0.016666666666666666 0.0 1.0 0.0 0.05473820211219488 0.04248252304131107 0.026234567901234563 0.005159958720330237 0.039991919407240714
1 0.011904761904761904 0.0 1.0 0.0 0.060499128019861556 0.00430052942360773 0.031746031746031744 0.0008845643520566122 0.030335850807816308
0 0.007518796992481203 0.0 1.0 0.0 0.055140603530747206 0.015809351834723078 0.02111760883690708 0.0032589212970506763 0.021411346394747597
0 0.017857142857142856 0.0 1.0 0.0 0.014116779689294224 0.0 0.004409171075837742 0.0 0.021052218535528903
0 0.037037037037037035 0.0 1.0 0.0 0.05673212008852548 0.0 0.026748971193415638 0.0 0.25470996063435936
0 0.03333333333333333 0.0 1.0 0.0 0.015156763444637416 0.0 0.0 0.0 0.0022584843463420443
0 0.012987012987012988 0.0 1.0 0.0 0.03942389455217021 0.013665008188873026 0.01675485008818342 0.002653693056169836 0.09902407128408473
0 0.016666666666666666 0.0 1.0 0.0 0.02239308314095393 0.0 0.01111111111111111 0.0 0.0008822650599946555
0 0.005494505494505495 0.0 1.0 0.0 0.04972068808314013 0.020643721305067926 0.024691358024691357 0.004422821760283061 0.03477018509545637
0 0.004201680672268907 0.0 1.0 0.0 0.021879873209733593 0.01148638005528213 0.007988380537400145 0.00291385904206884 0.013933023435787895
0 0.005555555555555556 0.0 1.0 0.0 0.035830609083284386 0.023544353758116348 0.012860082304526748 0.005159958720330237 0.00019387900241819473
0 0.015625 0.0 1.0 0.5 0.0 0.0 0.0 0.0 0.005164158861367625
0 0.047619047619047616 0.0 1.0 0.0 0.02253655175086197 0.025681222361953835 0.010582010582010581 0.0070765148164528965 0.047619047619047616
0 0.038461538461538464 0.0 1.0 0.0 0.01920324035925918 0.032735637827860306 0.008072174738841404 0.006191950464396286 0.006714480790232628
0 0.03333333333333333 0.0 1.0 0.0 0.044604874980918786 0.016768626185252305 0.021604938271604937 0.0030959752321981426 0.07203568403006182
0 0.08333333333333333 0.0 1.0 0.0 0.026731637271789847 0.025791714652253578 0.014403292181069957 0.0 0.0023712089026582807
0 0.016666666666666666 0.0 1.0 0.0 0.05473820211219488 0.04248252304131107 0.026234567901234563 0.005159958720330237 0.039991919407240714
0 0.011904761904761904 0.0 1.0 0.0 0.060499128019861556 0.00430052942360773 0.031746031746031744 0.0008845643520566122 0.030335850807816308
0 0.007518796992481203 0.0 1.0 0.0 0.055140603530747206 0.015809351834723078 0.02111760883690708 0.0032589212970506763 0.021411346394747597
0 0.017857142857142856 0.0 1.0 0.0 0.014116779689294224 0.0 0.004409171075837742 0.0 0.021052218535528903
0 0.037037037037037035 0.0 1.0 0.0 0.05673212008852548 0.0 0.026748971193415638 0.0 0.25470996063435936
0 0.03333333333333333 0.0 1.0 0.0 0.015156763444637416 0.0 0.0 0.0 0.0022584843463420443
0 0.012987012987012988 0.0 1.0 0.0 0.03942389455217021 0.013665008188873026 0.01675485008818342 0.002653693056169836 0.09902407128408473
0 0.016666666666666666 0.0 1.0 0.0 0.02239308314095393 0.0 0.01111111111111111 0.0 0.0008822650599946555
0 0.005494505494505495 0.0 1.0 0.0 0.04972068808314013 0.020643721305067926 0.024691358024691357 0.004422821760283061 0.03477018509545637
0 0.004201680672268907 0.0 1.0 0.0 0.021879873209733593 0.01148638005528213 0.007988380537400145 0.00291385904206884 0.013933023435787895
0 0.005555555555555556 0.0 1.0 0.0 0.035830609083284386 0.023544353758116348 0.012860082304526748 0.005159958720330237 0.00019387900241819473
0 0.2 0.0 1.0 0.0 0.07039580687400479 0.09612373653089892 0.05714285714285714 0.046153846153846156 0.2
0 0.05555555555555555 0.0 1.0 0.0 0.15760135776269524 0.0534020758504994 0.06349206349206349 0.0 0.04416871223263727
0 0.03333333333333333 0.0 1.0 0.0 0.012294684403898274 0.010009848401822268 0.0066350710900473925 0.0047619047619047615 0.03333333333333333
0 0.0625 0.0 1.0 0.0 0.04236939966517722 0.013759561767402093 0.01658767772511848 0.005357142857142857 0.035902266103526974
0 0.018518518518518517 0.0 1.0 0.0 0.04620558759661402 0.010724829629479554 0.021327014218009477 0.005555555555555553 0.029706025707371447
0 0.25 0.0 1.0 0.0 0.09046529101976321 0.0 0.04265402843601896 0.0 0.4702911094739586
1 0.006666666666666667 0.0 1.0 0.06666666666666667 0.033171098074585306 0.01298510691349295 0.012796208530805687 0.0003174603174603175 0.017854163676760175
1 0.041666666666666664 0.0 1.0 0.0 0.02813325708376489 0.014876292558353404 0.014218009478672987 0.0 0.0007230468776910017
0 0.02040816326530612 0.0 1.0 0.0 0.020084620403313592 0.023064447828975827 0.008801624915368992 0.001360544217687075 0.00046640220262265036
0 0.020833333333333332 0.0 1.0 0.0 0.012898968482901741 0.019835056744471207 0.006319115323854661 0.0 0.0005062072555168862
0 0.05555555555555555 0.0 1.0 0.0 0.0 0.014876292558353404 0.004739336492890996 0.0 0.004810105068294668
0 0.025 0.0 1.0 0.0 0.028962169320059346 0.018048344863177593 0.007109004739336493 0.002380952380952381 0.0008790693243275012
0 0.045454545454545456 0.0 1.0 0.0 0.045232645509881604 0.0 0.02132701421800948 0.0 0.23199398286912043
0 0.008333333333333333 0.0 1.0 0.0 0.021143825346587104 0.013829995140574253 0.007582938388625593 0.0009523809523809525 0.00024996618911099364
0 0.006993006993006993 0.0 1.0 0.0 0.039194398230440936 0.01981166626664566 0.01852649719948298 0.0021645021645021645 0.02968955178896957
0 0.005494505494505494 0.0 1.0 0.15384615384615385 0.04479334819586544 0.007937457352146276 0.015311702515493984 0.002197802197802198 0.0376365144163091
0 0.005555555555555556 0.0 1.0 0.0 0.03173289331578314 0.004384635139341539 0.013823064770932071 0.0011904761904761904 0.0001283413984436452
0 0.03125 0.0 1.0 0.0 0.02706933026720007 0.024521098027811047 0.009478672985781991 0.004761904761904762 0.003307802114841917
0 0.0053475935828877 0.0 1.0 0.0 0.008154277010264761 0.0 0.0012925463162429987 0.0 0.00033071313767675205
0 0.013888888888888888 0.0 1.0 0.0 0.03173974450317169 0.009167018099309664 0.016587677725118485 0.002380952380952381 0.0008074841141114541
0 0.004048582995951417 0.0 1.0 0.0 0.02230811957397209 0.0 0.00911410864017499 0.0 0.01382808606688904
0 0.008333333333333333 0.0 1.0 0.0 0.048352820774305534 0.008817294752299181 0.014218009478672987 0.0015873015873015875 0.09021780860470659
0 0.007936507936507936 0.0 1.0 0.0 0.03077435799136523 0.0 0.010268562401263824 0.0 0.02397967202621624
0 0.006493506493506494 0.0 1.0 0.0 0.022075501832745138 0.007557681216256441 0.002031144211238998 0.001360544217687075 0.00039559734712250606
0 0.010869565217391304 0.0 1.0 0.5 0.007402894401076338 0.0 0.0 0.0 0.0016318928117641377