0 0.02857142857142857 0.0 1.0 0.05714285714285714 0.01094165397035435 0.010596318416928957 0.016056670602125143 0.004505038529934798 0.028571428571428564
0 0.020833333333333332 0.0 1.0 0.0 0.009623169648505906 0.011983858566868935 0.019800275482093663 0.004840940525587828 0.015333527078434868
0 0.007936507936507936 0.0 1.0 0.0 0.009051401856323752 0.01044827367430297 0.017807949626131445 0.001284331159849832 0.016699674900225534
1 0.007352941176470588 0.0 1.0 0.0 0.009292973582800576 0.009657402706908264 0.013490520175012151 0.000732243104710764 0.017361491814235713
0 0.011111111111111112 0.0 1.0 0.0 0.0101984598235953 0.010976662826941028 0.011707988980716254 0.0 0.014257661803914903
0 0.01111111111111111 0.0 1.0 0.0 0.011125166332079878 0.00412046468718546 0.026170798898071626 0.0019363762102351315 0.044558828620942494
0 0.005494505494505494 0.0 1.0 0.0 0.007471366917914685 0.008026451966472531 0.017800381436745075 0.0009575486753909991 0.014636001182033778
0 0.006578947368421052 0.0 1.0 0.0 0.016305357529412413 0.004656191547273283 0.008916920400173988 0.00043677658877484165 0.025498586797143934
0 0.005291005291005291 0.0 1.0 0.0 0.011927200171166805 0.010280329807809983 0.02085792994883904 0.0015807152736613318 0.016083708866274398
0 0.0125 0.0 1.0 0.0 0.008661726843918091 0.007056426103033518 0.02840909090909091 0.001037344398340249 0.02174818875448472
0 0.02564102564102564 0.0 1.0 0.05128205128205128 0.009405371493451551 0.008683744326919665 0.009133567957097367 0.0035308953341740223 0.025641025641025637
0 0.05555555555555555 0.0 1.0 0.0 0.0015117419875486755 0.0049562074778319205 0.00980392156862745 0.003278688524590164 0.004117490521353482
0 0.02564102564102564 0.0 1.0 0.0 0.006244763260201371 0.0017156102807879723 0.010809451985922572 0.0032786885245901644 0.002631072745701444
0 0.008064516129032258 0.0 1.0 0.0 0.010189908745180524 0.010924710604834416 0.012228547332911661 0.0021152829190904283 0.023111456142373744
0 0.028571428571428574 0.0 1.0 0.0 0.0055697462713313415 0.0031861333786062343 0.010270774976657331 0.0 0.01839309486216985
0 0.004273504273504273 0.0 1.0 0.0 0.006410438560491467 0.010293661684727836 0.00620077090665326 0.00016813787305590584 0.002293001922438377
0 0.0047619047619047615 0.0 1.0 0.0 0.008418765704444388 0.010559543283897294 0.007516339869281046 0.0004371584699453552 0.003538541154354076
0 0.003048780487804878 0.0 1.0 0.0 0.00864768260710325 0.008202105380354312 0.011477761836441894 0.0010395841663334666 0.01210520020715371
0 0.0035842293906810036 0.0 1.0 0.0 0.007907653034825773 0.006190807337548028 0.014231499051233394 0.0011634056054997356 0.0032354441666776895
0 0.0029411764705882353 0.0 1.0 0.0 0.008631190396076585 0.004157587246485746 0.010765090349865435 0.0010607521697203472 0.01576738075133452
0 0.007575757575757576 0.0 1.0 0.0 0.020012863652363634 0.0021081725596491093 0.01525054466230937 0.000546448087431694 0.038110232221644655
0 0.004166666666666667 0.0 1.0 0.0 0.006532599479155946 0.0027579779264781676 0.008986928104575163 0.0009836065573770492 0.03442043068410832
0 0.04 0.0 1.0 0.0 0.01844278734951924 0.022749236141589493 0.014787878787878789 0.006585365853658539 0.04000000000000001
0 0.023809523809523808 0.0 1.0 0.0 0.011197069533433853 0.01934891209991963 0.016738816738816744 0.005226480836236933 0.027497185409010826
0 0.011904761904761904 0.0 1.0 0.0 0.01111936615564211 0.021997840204704366 0.022510822510822513 0.0028310104529616726 0.010388756210631334
0 0.01 0.0 1.0 0.0 0.01655974918280565 0.022085706209613684 0.024 0.002682926829268293 0.013754353780137833
0 0.006896551724137932 0.0 1.0 0.0 0.011110006031796632 0.01580967147347038 0.021316614420062694 0.0025231286795626574 0.00833028785835742
0 0.01111111111111111 0.0 1.0 0.0 0.01542515932115257 0.022269761478801702 0.03111111111111111 0.004878048780487805 0.027847422871520058
0 0.011904761904761904 0.0 1.0 0.0 0.013165209080823734 0.014491317262846038 0.019191919191919187 0.003556910569105691 0.04676359065739882
0 0.0125 0.0 1.0 0.0 0.0027271573759577363 0.004147801684953848 0.016363636363636365 0.0018292682926829267 0.0009679595346830138
0 0.03225806451612903 0.0 1.0 0.06451612903225806 0.018167924934261066 0.01606081978784171 0.019027217741935484 0.005566097406704615 0.03225806451612903
0 0.012195121951219513 0.0 1.0 0.0 0.018102177560413386 0.013587823150099619 0.014291158536585366 0.00439980870396939 0.017749715956116366
0 0.01515151515151515 0.0 1.0 0.0 0.010902472609015475 0.01130819610598441 0.00887784090909091 0.00035650623885918 0.021975956032006222
0 0.009615384615384616 0.0 1.0 0.0 0.009258863228117501 0.0115265490338471 0.014573317307692308 0.002262443438914027 0.0345476841817232
0 0.0058823529411764705 0.0 1.0 0.0 0.009882387262482521 0.006276719504797519 0.011259191176470588 0.0002306805074971165 0.01583388965526937
0 0.006944444444444444 0.0 1.0 0.0 0.010453967749509532 0.009010609561187993 0.016927083333333332 0.0021241830065359475 0.046684891251204834
0 0.015873015873015872 0.0 1.0 0.0 0.007946727261668817 0.0 0.006510416666666667 0.0 0.03331750500805902
0 0.005434782608695652 0.0 1.0 0.0 0.010827538158999601 0.005799143020736838 0.011039402173913044 0.0005115089514066496 0.02797468771327692
0 0.004830917874396135 0.0 1.0 0.0 0.014318588367939946 0.005135576047486943 0.018172554347826088 0.0008525149190110827 0.048459593316925474
0 0.004347826086956522 0.0 1.0 0.0 0.010359959223496138 0.009774890464076414 0.011379076086956522 0.00034100596760443307 0.024051751359626696
0 0.02702702702702703 0.0 1.0 0.05405405405405406 0.017578071927543817 0.011938631320558401 0.019305019305019305 0.005211489516422256 0.027027027027027025
0 0.016129032258064516 0.0 1.0 0.0 0.024043242020528714 0.025097915298609896 0.026353686635944697 0.006075509908867352 0.028480067868775244
0 0.020833333333333332 0.0 1.0 0.0 0.01951771804983904 0.021705439752392083 0.013392857142857142 0.0022421524663677134 0.04009599055823217
0 0.011904761904761904 0.0 1.0 0.0 0.01853727974229215 0.006347216248342245 0.008290816326530611 0.0008541533205210335 0.022788763453818153
0 0.007692307692307693 0.0 1.0 0.0 0.027230158879249806 0.024922481879400635 0.014079670329670332 0.0027595722662987236 0.023728817836997505
0 0.010416666666666666 0.0 1.0 0.0 0.006417964578840274 0.012568434591095964 0.00864955357142857 0.0005605381165919282 0.011950339298997392
0 0.0047619047619047615 0.0 1.0 0.0 0.02106380376719117 0.02068390514192487 0.024107142857142858 0.0034379671150971598 0.019014702450672695
0 0.004464285714285714 0.0 1.0 0.0 0.018386057364905162 0.011537689166292293 0.021205357142857144 0.002882767456758488 0.023565072030807124
0 0.005847953216374269 0.0 1.0 0.0 0.02671085427518012 0.013995920783199339 0.019501879699248124 0.003776256785461411 0.04397085824841682
0 0.029411764705882353 0.0 1.0 0.058823529411764705 0.015319594795547594 0.010920743176840397 0.013671523655333693 0.0036088054853843374 0.029411764705882353
0 0.018518518518518517 0.0 1.0 0.0 0.0056386011965106194 0.007573035216932599 0.011213047910295619 0.003294705748693479 0.003431321892032102
1 0.006944444444444444 0.0 1.0 0.0 0.009468143208073772 0.008478036933351172 0.014908256880733946 0.002620143149284254 0.017137466189562623
0 0.016666666666666666 0.0 1.0 0.0 0.01408356629518864 0.013708027722922986 0.02283384301732926 0.003680981595092025 0.07011518414714947
0 0.025 0.0 1.0 0.0 0.00406247994834594 0.007824840601983487 0.00382262996941896 0.0 0.005452058213106658
0 0.009259259259259259 0.0 1.0 0.0 0.007810245588336893 0.007671375828678658 0.016139993204213388 0.0010224948875255625 0.021305812706964307
0 0.00303951367781155 0.0 1.0 0.0 0.008617124875297668 0.010105507112058461 0.02160192595484417 0.0015663751468476702 0.006696641356409097
0 0.015625 0.0 1.0 0.0 0.006471011717769444 0.008356395188302463 0.02446483180428135 0.0007668711656441718 0.002171263456531977
0 0.01111111111111111 0.0 1.0 0.0 0.006917469739826762 0.006259872481586789 0.014373088685015292 0.0 0.03797960736243257
0 0.0033333333333333335 0.0 1.0 0.0 0.004552886438613087 0.003775311685259227 0.01141692150866463 0.00040899795501022495 0.003875215495142024
0 0.005347593582887701 0.0 1.0 0.0 0.00478929431735107 0.006137129883908617 0.016189962223421478 0.0007217610970768676 0.00031648275154907496
0 0.0027777777777777775 0.0 1.0 0.0 0.0076616505496502185 0.006385139421451904 0.011314984709480119 0.0006134969325153375 0.012801019914971675
0 0.002197802197802198 0.0 1.0 0.0 0.009135739532168643 0.004000235084771969 0.012232415902140673 0.001226993865030675 0.02032273576836085
0 0.03225806451612903 0.0 1.0 0.06451612903225806 0.01779959582036605 0.021454006644105107 0.01317204301075269 0.00813228517213337 0.03225806451612903
0 0.021739130434782608 0.0 1.0 0.0 0.017893296176068198 0.020953727387289334 0.015942028985507246 0.0007307270734380709 0.032731441815674285
0 0.013888888888888888 0.0 1.0 0.08333333333333333 0.006150792123268047 0.011666255824951545 0.016319444444444445 0.0021008403361344537 0.0050025442505061074
0 0.014705882352941176 0.0 1.0 0.0 0.010899248113586531 0.020175169836849166 0.01372549019607843 0.0009886307464162135 0.004866388370091595
0 0.008 0.0 1.0 0.0 0.02526314654123628 0.004340047847424765 0.011666666666666665 0.0 0.01728111660694239
0 0.043478260869565216 0.0 1.0 0.0 0.019994741529672167 0.025954594650258237 0.017200191113234592 0.011111111111111105 0.043478260869565216
0 0.018518518518518517 0.0 1.0 0.0 0.008259263507215796 0.019024884354794356 0.015466015466015464 0.0024691358024691358 9.391325919429575e-05
0 0.015873015873015872 0.0 1.0 0.0 0.01151031312573995 0.03129212239589362 0.013605442176870748 0.0010582010582010583 0.010532346611639754
0 0.0125 0.0 1.0 0.0 0.02128775826059102 0.00755821640369368 0.007692307692307693 0.0 0.021919982114007624
0 0.045454545454545456 0.0 1.0 0.09090909090909091 0.024312585020926737 0.013350706167217702 0.02261956053425248 0.0058441558441558435 0.04545454545454545
0 0.045454545454545456 0.0 1.0 0.0 0.019391579565864323 0.020013190035562897 0.019819043515725984 0.004761904761904762 0.0001918531787461642
0 0.014492753623188404 0.0 1.0 0.0 0.0325622420934324 0.029517037454505825 0.028023902740572836 0.008074534161490685 0.0340854776528597
0 0.013157894736842105 0.0 1.0 0.0 0.013302549730085447 0.011934025900568971 0.014218009478672983 0.0005012531328320802 0.0007838202667299236
0 0.0071428571428571435 0.0 1.0 0.0 0.009314758222066274 0.015894174178883582 0.01878808395396073 0.0017006802721088435 0.015262833058052852
0 0.013888888888888888 0.0 1.0 0.0 0.014876498694906572 0.01802362649441824 0.017772511848341232 0.0007936507936507938 0.029311742750921604
0 0.006493506493506493 0.0 1.0 0.0 0.01168370127098652 0.01884087393118965 0.01206376561826799 0.00043290043290043295 0.0007600709265444054
0 0.004807692307692308 0.0 1.0 0.0 0.02209909978265763 0.011076894527975169 0.025337222019686474 0.0031135531135531138 0.03167125660601286
0 0.005555555555555555 0.0 1.0 0.0 0.008935703428440328 0.0 0.01113744075829384 0.0 0.009592832723258941
0 0.0035714285714285718 0.0 1.0 0.0 0.01623403548557207 0.00708466360337887 0.015572105619498986 0.0022108843537414964 0.032734210096100766
0 0.04 0.0 1.0 0.0 0.017686563153123388 0.012046890013631675 0.016867469879518072 0.005322580645161288 0.04
0 0.016129032258064516 0.0 1.0 0.0 0.013201287845947278 0.011023429724157747 0.020598523124757087 0.005332986472424555 0.02890470734102595
0 0.007936507936507936 0.0 1.0 0.0 0.011376416355969723 0.01603799100322151 0.0098489194874737 0.0013440860215053762 0.014556770172881716
0 0.01 0.0 1.0 0.0 0.010046829701781255 0.016416534532606004 0.029718875502008028 0.0029032258064516127 0.021763577627234666
0 0.010526315789473684 0.0 1.0 0.0 0.013970085172340111 0.02149971036135162 0.02557598816317903 0.003183361629881154 0.037274944327431746
0 0.005952380952380952 0.0 1.0 0.0 0.010881197996626634 0.022658569483286307 0.02008032128514056 0.003456221198156682 0.018336882556584933
0 0.004464285714285714 0.0 1.0 0.0 0.014801251026209142 0.016909963776000913 0.022966867469879523 0.003654233870967742 0.02249991780959083
0 0.005 0.0 1.0 0.0 0.014079982246709595 0.015689811158323276 0.02313253012048192 0.0024193548387096775 0.024853085684643495
0 0.00505050505050505 0.0 1.0 0.0 0.012111643420470525 0.005322976634355856 0.020993063161737862 0.0016495601173020526 0.03152888659352058
0 0.024390243902439025 0.0 1.0 0.04878048780487805 0.013040754777716533 0.005553518506853852 0.011621233859397416 0.002347980257798649 0.024390243902439025
0 0.013513513513513514 0.0 1.0 0.0 0.00810839361832426 0.0065252159954582905 0.011499735029146791 0.002283226251792067 0.02959161075838134
0 0.01111111111111111 0.0 1.0 0.0 0.006544449812668949 0.005298747442875865 0.01111111111111111 0.002554027504911591 0.03839830830783722
0 0.011363636363636364 0.0 1.0 0.0 0.016734923482676255 0.0066821166633834065 0.010516934046345813 0.0020539382032505795 0.042435139352993125
0 0.006896551724137932 0.0 1.0 0.0 0.012240838434904231 0.006333079683749919 0.013049357674104122 0.001083937402614999 0.03396521743818279
0 0.008333333333333333 0.0 1.0 0.0 0.005707758690960222 0.0026728466653533635 0.011666666666666665 0.0 0.016045027972100313
0 0.008928571428571428 0.0 1.0 0.0 0.014123674711213292 0.011343233543131144 0.006862745098039215 0.00036836935166994106 0.02715769716606238
0 0.004310344827586207 0.0 1.0 0.0 0.0065850539552094875 0.0027650137917448582 0.015415821501014197 0.000474222613644062 0.037693274345748325
0 0.003472222222222222 0.0 1.0 0.0 0.00790975571031504 0.0034684163450192417 0.00863970588235294 0.0002455795677799607 0.03517795413306117
0 0.004347826086956522 0.0 1.0 0.0 0.009903556287955891 0.0028953036041979127 0.012958226768968455 0.0010250277611685316 0.03508089184998277
1 0.005681818181818182 0.0 1.0 0.0 0.008968880001868823 0.005947081780034167 0.011519607843137256 0.0009823182711198428 0.06986594833169767
0 0.003205128205128205 0.0 1.0 0.0 0.005969354944797529 0.006814422653613709 0.016289592760180997 0.0009067553271875471 0.009640401968471518
0 0.0017889087656529517 0.0 1.0 0.0 0.00584403480424226 0.007184470470589398 0.010123119015047881 0.0007767167725133641 0.00033480717231961
0 0.002857142857142857 0.0 1.0 0.0 0.005324440327699204 0.005121392135321241 0.005647058823529411 0.00023575638506876227 0.0013776780568971704
0 0.002564102564102564 0.0 1.0 0.0 0.010795536117177302 0.007970223728732587 0.012971342383107086 0.001511258878645912 0.04265272588718992
0 0.001893939393939394 0.0 1.0 0.0 0.0046665845558020854 0.0038147160553193477 0.00808080808080808 0.00023813776269571946 0.002206020117328718
0 0.002352941176470588 0.0 1.0 0.0 0.008107007478540477 0.0021743252397582883 0.014980392156862744 0.001100196463654224 0.045496558577423726
0 0.0019157088122605363 0.0 1.0 0.0 0.006121936130512256 0.0023398473370774267 0.00973630831643002 0.0006097147889709369 0.03813066365241464
0 0.006578947368421052 0.0 1.0 0.0 0.010493476194243404 0.005011587497537557 0.010539215686274509 0.0007367387033398821 0.04459330938371949
0 0.03333333333333333 0.0 1.0 0.06666666666666667 0.02034981853606174 0.013887169054597713 0.015885416666666666 0.004836601307189542 0.03333333333333334
0 0.016129032258064516 0.0 1.0 0.0 0.008961513998157521 0.009465697962880128 0.012348790322580645 0.004301075268817203 0.029663979996245336
0 0.017543859649122806 0.0 1.0 0.0 0.01838162897995727 0.013956594275554767 0.013774671052631578 0.005159958720330237 0.05773874577646625
0 0.01 0.0 1.0 0.0 0.011875090786334974 0.008536338526524627 0.011875 0.00047058823529411766 0.037527031552683665
0 0.009090909090909092 0.0 1.0 0.0 0.01175959718339583 0.013338028947694728 0.012251420454545454 0.0005347593582887701 0.005034188449034089
0 0.0037878787878787876 0.0 1.0 0.0 0.011221820022460145 0.013160978720776673 0.010919744318181818 0.000445632798573975 0.02301351023444662
0 0.0049261083743842365 0.0 1.0 0.0 0.012021371526861434 0.002759592196074771 0.010371767241379311 0.0 0.025460281180499297
0 0.005208333333333333 0.0 1.0 0.0 0.00953172076742346 0.0044460096492315755 0.006510416666666667 0.0 0.010589368312770284
0 0.003472222222222222 0.0 1.0 0.0 0.004578024848913243 0.0 0.0093994140625 0.0 0.0022170228755826345
0 0.03571428571428571 0.0 1.0 0.07142857142857142 0.015207646489533957 0.007353754342214172 0.016820276497695852 0.006493506493506495 0.035714285714285705
0 0.019230769230769232 0.0 1.0 0.0 0.011896138420814432 0.01787805945181866 0.016129032258064516 0.004245754245754247 0.00737943997830908
0 0.017543859649122806 0.0 1.0 0.0 0.00998949654941457 0.010301015996484508 0.011884550084889645 0.0 0.011774397760108921
0 0.007575757575757576 0.0 1.0 0.0 0.010765022517540879 0.004231758476710161 0.010361681329423264 0.0 0.015594742708810038
0 0.016666666666666666 0.0 1.0 0.0 0.00572069320200668 0.018593646423860178 0.008064516129032258 0.0010822510822510823 0.009684835092900086
0 0.009259259259259259 0.0 1.0 0.0 0.011389355577969404 0.010977076074374259 0.010035842293906812 0.0007215007215007215 0.022874912890424353
0 0.007518796992481203 0.0 1.0 0.0 0.008307639459469083 0.015507717345350789 0.02037351443123939 0.001367053998632946 0.025119690421799134
0 0.058823529411764705 0.0 1.0 0.0 0.025667495668886514 0.010987741982546567 0.013226592412112775 0.003491010647582474 0.05882352941176472
0 0.013513513513513514 0.0 1.0 0.0 0.0071851308271711385 0.007165341946283379 0.01727170957940189 0.003849546876253108 0.010646633091331284
0 0.01515151515151515 0.0 1.0 0.0 0.014975721091036471 0.01022185121570852 0.019365250134480903 0.004451038575667657 0.037562058461841144
0 0.009259259259259259 0.0 1.0 0.0 0.007352025717219914 0.012740621240113707 0.016326977865439404 0.0030772612374986258 0.013283957568001612
0 0.0125 0.0 1.0 0.0 0.0027396583600091877 0.008831002103722214 0.006102071005917161 0.000370919881305638 0.0005918242323663287
0 0.006666666666666666 0.0 1.0 0.0 0.006654159117834605 0.009079980824328624 0.022840236686390528 0.0016617210682492584 0.015659678352963387
0 0.004329004329004329 0.0 1.0 0.0 0.005992251798171673 0.00861917422382412 0.022861753630984406 0.0016185594820609657 0.002394359065963941
0 0.017857142857142856 0.0 1.0 0.0 0.009494953471567424 0.0 0.01183431952662722 0.0 0.020651079587488696
0 0.008547008547008546 0.0 1.0 0.0 0.016214562371459563 0.011239128914791788 0.017979062357760582 0.0009130335539831089 0.08770438850705096
0 0.004545454545454546 0.0 1.0 0.0 0.0032602664355147106 0.0022691752564765067 0.02353415814954277 0.0025627191799298624 0.0012502245155539338
0 0.005050505050505051 0.0 1.0 0.0 0.0014864110023908282 0.0011213970925361542 0.005752794214332676 0.0 0.0005265882167172281
0 0.005208333333333333 0.0 1.0 0.0 0.004831286251066965 0.005046286916412694 0.007211538461538463 0.0 0.00039193696445103147
0 0.0032051282051282055 0.0 1.0 0.0 0.01855888411548648 0.005033260146425327 0.017011834319526627 0.0009891196834817012 0.029322503811243072
0 0.00510204081632653 0.0 1.0 0.0 0.01407406091477119 0.010906305431273008 0.009721048182586647 0.000847816871555744 0.08381113259070185
0 0.006666666666666666 0.0 1.0 0.0 0.013535007553317473 0.012592352822664249 0.01272189349112426 0.0011869436201780415 0.11921359370603904
0 0.00625 0.0 1.0 0.0 0.004944672189241834 0.010092573832825387 0.008875739644970414 0.0 0.0008764206898347841
0 0.0021786492374727667 0.0 1.0 0.0 0.007761153605939485 0.004125187158052968 0.012601358755204907 0.0009891196834817015 0.04348027515939593
0 0.027777777777777776 0.0 1.0 0.05555555555555555 0.015918477339195533 0.011346731406826975 0.01077777777777778 0.0042391789379741165 0.027777777777777776
0 0.01282051282051282 0.0 1.0 0.0 0.014665569531656977 0.012501054264822193 0.015692307692307696 0.0045309442899804315 0.017967600372904274
0 0.011494252873563218 0.0 1.0 0.0 0.012339106065877795 0.006503869014988294 0.013241379310344829 0.0006924248719013987 0.025590796075413445
0 0.006097560975609756 0.0 1.0 0.0 0.012350294469813151 0.012940753818634614 0.010439024390243903 0.0006856695072974826 0.02218465070137076
0 0.0064516129032258064 0.0 1.0 0.0 0.006189431316495196 0.011456293810495665 0.005935483870967743 0.0 0.0031798199803313395
0 0.011904761904761904 0.0 1.0 0.0 0.02469247794030836 0.010894217250880236 0.017142857142857144 0.0017211703958691911 0.0627507825407973
0 0.006802721088435374 0.0 1.0 0.0 0.018884611029412194 0.008951201592475394 0.016000000000000004 0.000764964620386307 0.040117576722010315
0 0.0078125 0.0 1.0 0.0 0.0051679905143013185 0.003414856808897746 0.009999999999999998 0.0 0.0003404809308560961
0 0.004830917874396135 0.0 1.0 0.0 0.01452758380366073 0.0 0.007130434782608695 0.0 0.01791434163202888
1 0.023809523809523808 0.0 1.0 0.047619047619047616 0.0115596857035805 0.0052461278376003655 0.010421189752496743 0.003266550522648086 0.023809523809523808
0 0.02 0.0 1.0 0.0 0.013483814742667733 0.010079315659441916 0.009848024316109422 0.0031707317073170743 0.03648794639631116
0 0.0101010101010101 0.0 1.0 0.0 0.014848931823647524 0.012185191726644878 0.010684351109883023 0.002494456762749446 0.025214895372580575
0 0.016666666666666666 0.0 1.0 0.0 0.008630444352051203 0.005083811885357932 0.011144883485309016 0.0004065040650406504 0.006910538442929238
0 0.008 0.0 1.0 0.0 0.006431957245950767 0.00854031120133789 0.007659574468085106 0.00024390243902439024 0.005734465156763854
0 0.005555555555555555 0.0 1.0 0.0 0.016550372766546157 0.004730896751687882 0.015906788247213775 0.001524390243902439 0.025863119931701747
0 0.003663003663003663 0.0 1.0 0.0 0.004378057438512164 0.0064700363692232355 0.009975839763073806 0.0005472170106316448 0.0018555833911841273
0 0.0078125 0.0 1.0 0.0 0.013354688365258901 0.007777128159288465 0.01405775075987842 0.0 0.07240747456176427
0 0.00505050505050505 0.0 1.0 0.0 0.010945276112022286 0.005960586634878338 0.00856590218292346 0.0008314855875831487 0.007843320705028611
0 0.005263157894736842 0.0 1.0 0.0 0.016575994770099477 0.007804623650642196 0.015997440409534474 0.0017650834403080875 0.044623522061346656
0 0.006493506493506494 0.0 1.0 0.0 0.0070712088438287446 0.008280745263953984 0.011506730351715153 0.0008710801393728223 0.0004738294782882154
0 0.003968253968253968 0.0 1.0 0.0 0.009063443648847076 0.009789777276816226 0.013894919669995657 0.0008710801393728224 0.011691251761558004
0 0.009615384615384616 0.0 1.0 0.0 0.012555068079340667 0.00518475210619231 0.011778115501519757 0.0 0.019785718011716004
0 0.0035714285714285713 0.0 1.0 0.0 0.008411623124276884 0.008630546140843095 0.01094224924012158 0.0006097560975609756 0.010925610237758183
0 0.02631578947368421 0.0 1.0 0.05263157894736842 0.014585973619521294 0.010779052113161675 0.010900682669015633 0.00453339230429014 0.02631578947368421
0 0.03333333333333333 0.0 1.0 0.0 0.009269495669274319 0.010850119618561914 0.009483960948396094 0.0039215686274509795 0.028865880568085985
0 0.013888888888888888 0.0 1.0 0.0 0.006557389416032049 0.01174438732050974 0.0101115760111576 0.002275910364145658 0.012039546237779655
0 0.008333333333333333 0.0 1.0 0.0 0.009081178548034105 0.009309066084241445 0.008368200836820083 0.000980392156862745 0.020833568949462967
0 0.009090909090909092 0.0 1.0 0.0 0.007846608339218603 0.0077949519824189965 0.011601369341955116 0.0003819709702062643 0.022799454471971733
0 0.0047619047619047615 0.0 1.0 0.0 0.009593012696718868 0.007522550213516964 0.014943215780035863 0.0008403361344537815 0.020016354244000195
0 0.005952380952380952 0.0 1.0 0.0 0.01126972878359904 0.008877199251726758 0.011331938633193863 0.0012254901960784314 0.008170748961723198
0 0.020833333333333332 0.0 1.0 0.0 0.004307981445774062 0.009527163534067662 0.0020920502092050207 0.0 0.0037140726801205754
0 0.0037037037037037034 0.0 1.0 0.0 0.014554035894732503 0.008182419284899017 0.010181311018131101 0.0008403361344537816 0.01174961783736475
0 0.006666666666666667 0.0 1.0 0.0 0.006858241013058435 0.00762173082725413 0.007531380753138074 0.0008403361344537816 0.018143619912429257
0 0.037037037037037035 0.0 1.0 0.07407407407407407 0.018088358885134107 0.0085864895238027 0.015015015015015013 0.0070546737213403885 0.037037037037037035
0 0.013157894736842105 0.0 1.0 0.05263157894736842 0.01009067628042184 0.015830850684428216 0.009246088193456613 0.002327246688148943 0.0018772695364188535
0 0.01282051282051282 0.0 1.0 0.0 0.015566677198764407 0.014074936875068073 0.01689189189189189 0.0010465724751439038 0.022103405905638068
0 0.015625 0.0 1.0 0.0 0.016073714057932904 0.028921746442705402 0.013091216216216216 0.0 0.020724362588978824
0 0.01 0.0 1.0 0.0 0.008537746066310622 0.013669938506755634 0.013851351351351354 0.0013605442176870747 0.0065369701916247885
0 0.007936507936507936 0.0 1.0 0.0 0.01778054058171403 0.00442908734369938 0.016731016731016728 0.0012957563977972141 0.025870206546538925
1 0.038461538461538464 0.0 1.0 0.0 0.008050794955762967 0.003534395568934414 0.018531468531468528 0.003329244787103556 0.03846153846153846
0 0.017857142857142856 0.0 1.0 0.0 0.008999549861131759 0.007747602236132471 0.009496753246753243 0.002766026684022127 0.013650994698376983
0 0.013333333333333332 0.0 1.0 0.0 0.008580972055445812 0.005578273610015381 0.014454545454545449 0.003097949886104783 0.021297311317221346
0 0.017857142857142856 0.0 1.0 0.0 0.0024876155311565596 0.004427201277789984 0.00762987012987013 0.002115196876016922 0.006353974679435445
0 0.010526315789473684 0.0 1.0 0.0 0.0100244849234862 0.011031609023099404 0.0145933014354067 0.0029972425368660826 0.00011772083471560575
0 0.010416666666666666 0.0 1.0 0.0 0.00783044036721507 0.005810701677099355 0.010085227272727273 0.0017084282460136677 0.03532165829289815
0 0.00510204081632653 0.0 1.0 0.0 0.004518962822129062 0.00276700079861874 0.011120129870129867 0.0007321835340058574 0.012028786106465046
0 0.005434782608695652 0.0 1.0 0.0 0.004885747517222992 0.00645984287271821 0.012944664031620548 0.0006932752302664157 0.009902757200217622
0 0.006172839506172839 0.0 1.0 0.0 0.0062867992004523665 0.0 0.009090909090909089 0.0 0.03849029426588973
0 0.007692307692307693 0.0 1.0 0.0 0.0027459746629456103 0.0047677552222353675 0.00472027972027972 0.00035044681969511124 0.008528878311591302
0 0.006060606060606061 0.0 1.0 0.0 0.0028881017047952848 0.0041320545259373185 0.019393939393939394 0.0009111617312072893 0.019568430907533563
0 0.006944444444444444 0.0 1.0 0.0 0.0026933666034228104 0.005165068157421648 0.008143939393939393 0.0 0.005895228345152374
0 0.006410256410256411 0.0 1.0 0.0 0.005639949835907167 0.0045794349313987405 0.011553030303030303 0.0005694760820045558 0.002481562301356139
0 0.0016611295681063121 0.0 1.0 0.0 0.002052049784526356 0.004012282629737714 0.0071353065539112 0.00021189807702495098 0.004644099389303964
0 0.0035087719298245615 0.0 1.0 0.0 0.005457885418977622 0.006724811671861375 0.007894736842105263 0.00023977940294928664 0.0020204593809838977
0 0.0025 0.0 1.0 0.0 0.0050292907204249945 0.003718849073343587 0.01336363636363636 0.0004555808656036446 0.02306087989401235
0 0.006535947712418301 0.0 1.0 0.0 0.006283748414724745 0.008608446929036081 0.012626262626262624 0.0 0.024281737100085774
0 0.0014245014245014244 0.0 1.0 0.0 0.006377069996259146 0.007766063864949331 0.011771561771561767 0.00046726242626014835 0.003917959959848511
0 0.001644736842105263 0.0 1.0 0.0 0.004409646057290059 0.003160441879157316 0.007812499999999999 0.0002847380410022779 0.00942318849037157
0 0.0020833333333333333 0.0 1.0 0.0 0.0017602085361811733 0.0 0.011363636363636362 0.0005694760820045558 0.0028823934906469797
0 0.03571428571428571 0.0 1.0 0.07142857142857142 0.05547933530228758 0.06360507491171592 0.027665995975855125 0.018367346938775512 0.03571428571428571
0 0.011627906976744186 0.0 1.0 0.0 0.027357331071997976 0.02412552286133304 0.019325253848673438 0.0009966777408637875 0.020808821087071404
0 0.03571428571428571 0.0 1.0 0.07142857142857142 0.012875974425761497 0.004599937898886122 0.012860843819393045 0.0028756957328385903 0.03571428571428571
1 0.017241379310344827 0.0 1.0 0.0 0.009915272946434633 0.007382508492750156 0.013132035018760051 0.0030452306314375285 0.01100402103672714
0 0.014492753623188404 0.0 1.0 0.0 0.006985914412441174 0.0036844358504236775 0.013178643838702412 0.0028232636928289105 0.009232320445785707
0 0.008620689655172414 0.0 1.0 0.0 0.0018050266573064922 0.0035313993926400335 0.0097373592996248 0.002149574563367667 0.0003584611313071552
0 0.00425531914893617 0.0 1.0 0.0 0.006860907038626221 0.007161257854775132 0.01052805644361151 0.0009947499309201438 0.013934531248604947
0 0.0047619047619047615 0.0 1.0 0.0 0.007753690667015291 0.005988031903628961 0.007031828275351592 0.0002968460111317254 0.024034862340966565
0 0.007518796992481203 0.0 1.0 0.0 0.006367078411877975 0.00490317625050351 0.01636214889555495 0.0010936431989063567 0.02709716698278896
0 0.008333333333333333 0.0 1.0 0.0 0.005436031872544965 0.0057694937897942175 0.00932642487046632 0.0 0.016838331374208277
0 0.013888888888888888 0.0 1.0 0.0 0.0026964620684644123 0.006625709185056146 0.009067357512953367 0.0 0.002221345201866576
1 0.0024390243902439024 0.0 1.0 0.0 0.010759736305743886 0.007917334472488699 0.014848982686718061 0.0015204307887234719 0.016006656917220224
0 0.0023923444976076554 0.0 1.0 0.0 0.010727139482523284 0.00616976851585539 0.010635396782110717 0.0001367053998632946 0.0165299926499404
0 0.002032520325203252 0.0 1.0 0.0 0.007715057116037956 0.01076205937479723 0.010109945659042083 0.0008235666772252137 0.01015278191630559
0 0.002331002331002331 0.0 1.0 0.0 0.009202759444755263 0.0008174666431940512 0.009420631182289214 0.0003148366784730421 0.019350215839209747
0 0.03225806451612903 0.0 1.0 0.06451612903225806 0.020360242695165183 0.023455780273218634 0.00873986969648816 0.005429575215586076 0.03225806451612903
0 0.0625 0.0 1.0 0.0 0.00879719378115136 0.00841880540015385 0.021551724137931032 0.005569306930693069 0.02854475821287676
0 0.013333333333333332 0.0 1.0 0.0 0.009465290917821197 0.013630668881081078 0.012807881773399012 0.004356435643564357 0.022406548923560882
0 0.019230769230769232 0.0 1.0 0.0 0.007307458663963843 0.0051808033231716 0.008715422508525956 0.0015232292460015233 0.007749295332201063
0 0.009523809523809525 0.0 1.0 0.0 0.007047694344535444 0.012828655847853487 0.012901712409101571 0.0007072135785007071 0.00863413512082326
0 0.016666666666666666 0.0 1.0 0.0 0.002887875618144256 0.006735044320123081 0.013793103448275862 0.0 0.0006493208449967415
0 0.007518796992481203 0.0 1.0 0.0 0.01059320277318978 0.013817838391212768 0.016074669432201188 0.0005211047420531526 0.020864816194499546
0 0.011363636363636364 0.0 1.0 0.0 0.013165272547207691 0.018368302691244762 0.007165248544558889 0.0009000900090009 0.020918118691366835
0 0.005555555555555555 0.0 1.0 0.0 0.019857226504227516 0.01649446863171367 0.006157635467980297 0.0009900990099009901 0.034289559575233705
0 0.009090909090909092 0.0 1.0 0.0 0.0052515371611933145 0.0 0.009852216748768473 0.0 0.0003839285547351863
1 0.0026737967914438505 0.0 1.0 0.0 0.007433440671954211 0.0011085214006320092 0.013474355259345113 0.00029120559114735004 0.008931684046824347
0 0.07142857142857142 0.0 1.0 0.0 0.00426524369994524 0.007145372650550747 0.014320642682500873 0.003326330532212884 0.07142857142857142
0 0.022727272727272728 0.0 1.0 0.0 0.009842116109695306 0.007255156179671143 0.005334518781951545 0.0025623885918003558 0.0007642879911057524
0 0.008547008547008546 0.0 1.0 0.0 0.010231935121103743 0.009440993474591347 0.011409942950285253 0.0030165912518853705 0.003576678695338494
0 0.011363636363636364 0.0 1.0 0.0 0.01133468734649211 0.006162180516026217 0.017003778617470548 0.002896613190730837 0.007612541473251491
0 0.007692307692307693 0.0 1.0 0.0 0.01282569771861043 0.008412713248438196 0.010250141056987024 0.0018853695324283562 0.00012476515804104592
0 0.008771929824561403 0.0 1.0 0.0 0.007973624117814718 0.0026325057133608017 0.00939390039891906 0.00025799793601651185 0.0003848184980373695
0 0.0049261083743842365 0.0 1.0 0.0 0.008130273670665076 0.00696751752671637 0.013236657954641264 0.0012677484787018253 0.0001240824765405407
0 0.004464285714285714 0.0 1.0 0.0 0.0035543426002700986 0.0035726863252753733 0.007684247293049248 0.0 0.01757446734083474
0 0.0101010101010101 0.0 1.0 0.0 0.024426027516881478 0.00624342898162067 0.020226717048232937 0.002005347593582888 0.011728084273691307
0 0.00625 0.0 1.0 0.0 0.008815431987507302 0.011099240415473301 0.012377750611246944 0.001838235294117647 0.021730739487340046
0 0.0036363636363636364 0.0 1.0 0.0 0.004900173589768245 0.008875276019791427 0.00841075794621027 0.000588235294117647 0.0003806574232766801
0 0.0027777777777777775 0.0 1.0 0.0 0.008872427120438516 0.007607675334823909 0.015403422982885088 0.0022058823529411764 8.864608756561043e-05
0 0.006410256410256411 0.0 1.0 0.0 0.004049853282407048 0.0 0.01813365933170334 0.0014297385620915034 0.002000174856953817
0 0.0026455026455026454 0.0 1.0 0.0 0.0020202758253514267 0.007548385735655914 0.011772163361405415 0.0007262164124909223 0.000879617212871256
0 0.0022222222222222222 0.0 1.0 0.0 0.00798284927711238 0.00366373975662013 0.008557457212713938 0.0001633986928104575 8.873924439403397e-05
1 0.005208333333333333 0.0 1.0 0.0 0.006247877888420068 0.0050169743878659585 0.01813365933170334 0.002042483660130719 0.04114444361255063
0 0.004201680672268907 0.0 1.0 0.0 0.004502244347947294 0.0 0.006461753405518687 0.0 0.036048112860277585
0 0.0020576131687242796 0.0 1.0 0.0 0.005098374352672478 0.0017863015670658237 0.008783844969664039 0.0008169934640522876 0.0001914778839837029
0 0.008771929824561403 0.0 1.0 0.0 0.011302060187166578 0.0 0.012224938875305624 0.0 0.09652530753930051
0 0.04 0.0 1.0 0.0 0.002693789018462101 0.001738631249411964 0.008791910590739754 0.0007028753993610224 0.04
0 0.014705882352941176 0.0 1.0 0.0 0.0040729168912675895 0.0026832115051023627 0.008186457126757037 0.0008926893441082507 3.4756700117594565e-05
0 0.00980392156862745 0.0 1.0 0.0 0.005338249728202136 0.002737982631400421 0.011160504648905866 0.0008457056944183426 0.0009103461322962206
0 0.008064516129032258 0.0 1.0 0.0 0.005227744860065723 0.0021641448657849748 0.0072447595666878415 0.0006698959084819127 0.00011621861036942603
0 0.009523809523809525 0.0 1.0 0.0 0.003121150946177551 0.0026871619392810873 0.009680934641019791 0.0007353314062579237 0.0005577375061630783
0 0.00505050505050505 0.0 1.0 0.06060606060606061 0.0066589850130755225 0.003153640934047494 0.012643733771993487 0.001081098525187982 0.00818646936675433
0 0.011904761904761904 0.0 1.0 0.0 0.005731560158327595 0.0015092285151145524 0.007140322866773106 0.00048810791622293237 0.004007304065095198
0 0.0029069767441860465 0.0 1.0 0.0 0.0031172267328865343 0.002462668659550413 0.006906197012265308 0.000767763825940511 0.007179986487570874
0 0.0038314176245210726 0.0 1.0 0.0 0.002839727278701176 0.002363153947106324 0.010845827751371787 0.0006977341999926555 0.0002650903094557997
0 0.0035714285714285718 0.0 1.0 0.0 0.0035774787959279414 0.0017011407114473607 0.006481411084923593 0.0005895329377757491 0.001802010205758446
0 0.004784688995215311 0.0 1.0 0.0 0.002492006706163316 0.0014246858126825395 0.012772751463544438 0.0009248360517908189 0.0007094391566392414
0 0.0021367521367521365 0.0 1.0 0.0 0.0030670401385132187 0.002076139788670253 0.007942031358742377 0.0007372818874416324 0.008011955748761611
0 0.002958579881656805 0.0 1.0 0.0 0.004284579396352119 0.002614902085274282 0.00949768698571253 0.0009011223068731058 5.877260247477626e-05
0 0.0016233766233766233 0.0 1.0 0.0 0.002457896978859621 0.0020580388842471164 0.009434418694663509 0.0007382127989156745 0.003453386707469808
0 0.0017094017094017094 0.0 1.0 0.0 0.0033980285634483674 0.0015217632349356445 0.009716024617567992 0.00042325441686464054 0.0011253340566617306
0 0.001838235294117647 0.0 1.0 0.0 0.004703736084876404 0.00309246393340268 0.01607550950129919 0.0005951262294055003 0.008560510229776845
0 0.0034602076124567475 0.0 1.0 0.0 0.005037153903540794 0.0026281903691746057 0.015527658641955985 0.0004698364968990791 0.00027281314673264503
0 0.0013227513227513227 0.0 1.0 0.0 0.0043548109142857745 0.002409530707014652 0.013292278060771944 0.00036766570312896194 0.000634069403596739
0 0.002506265664160401 0.0 1.0 0.0 0.00384324538296666 0.0022422823653130493 0.006132948123368559 0.00010142502155281709 0.00337085346309431
0 0.0033333333333333335 0.0 1.0 0.0 0.005948762299030291 0.0028862014692835583 0.018165690970374314 0.0011004614838480654 0.0002593989965544236
0 0.001984126984126984 0.0 1.0 0.0 0.006656384447757493 0.002774710959793333 0.006674649636331382 0.00022186723464678737 0.00027057667352897567
0 0.007575757575757576 0.0 1.0 0.0 0.0016256646042481016 0.0018110742181374631 0.0021287919105907396 0.0 0.053437016816521986
0 0.0010351966873706005 0.0 1.0 0.0 0.0032159499979980736 0.002158712284020784 0.011708355508249071 0.00035498757543485983 0.009497966104159289
0 0.0021929824561403508 0.0 1.0 0.0 0.007762954681712365 0.002476155229025276 0.01036385535419176 0.0002522280141247688 0.00017474802937458538
0 0.00125 0.0 1.0 0.0 0.004323859241640975 0.0028226633332489744 0.007267828632251197 0.000299520766773163 0.0012915106876324012
0 0.0034965034965034965 0.0 1.0 0.0 0.0017016409695041182 0.001317144885918155 0.014175818859161061 0.0002904443799012489 0.002603453701754323
0 0.0023148148148148147 0.0 1.0 0.0 0.0010315456750690376 0.0007169579461256927 0.005388504523682809 0.00019968051118210864 0.018356398954980604
0 0.0035714285714285713 0.0 1.0 0.0 0.001207132907235927 0.002535503905392448 0.014529004789781799 0.0 0.007066467393748631
0 0.0014367816091954023 0.0 1.0 0.0 0.0034753208992480077 0.0023339947271778325 0.0061202767429483764 0.00035498757543485983 0.0030415827224686168
0 0.00196078431372549 0.0 1.0 0.0 0.00848549622694068 0.003486282677782505 0.013054503334063803 0.0004385140637724739 0.00019920931466246858
0 0.0017921146953405018 0.0 1.0 0.0 0.0029779416857353934 0.0020751855685453547 0.0039027851694163566 0.0004141521713406698 0.004755233601475718
0 0.0015625 0.0 1.0 0.0 0.002756289633021208 0.001811074218137463 0.009073975518893027 0.0001597444089456869 0.004884706176329551
0 0.0007215007215007215 0.0 1.0 0.0 0.003944389007541549 0.00342527966143615 0.012747408702704069 0.0006339063847051066 0.00015312306481716657
0 0.0009191176470588235 0.0 1.0 0.0 0.004069688867726601 0.0024093414943380793 0.0068853113358169245 0.0005990415335463259 0.014065284729839644
0 0.0009523809523809524 0.0 1.0 0.0 0.003693717906861754 0.0028699398799501984 0.008834486428951571 0.0001774937877174299 0.00020551947541656282
0 0.0010683760683760683 0.0 1.0 0.0 0.004046032779989231 0.001274744083670246 0.009047365620010643 8.192020971573688e-05 0.00017530548056927806
0 0.0007507507507507507 0.0 1.0 0.0 0.0043785460281656596 0.003196064897845767 0.006608124889125422 0.0003106141285055023 0.0012188747838461195
0 0.0017543859649122805 0.0 1.0 0.0 0.0018438884822241076 0.002655653563359206 0.009615043462834842 0.0002484913028044019 0.00044186328791850953
0 0.001221001221001221 0.0 1.0 0.0 0.006019806999810342 0.0017248325887023453 0.009959705010263817 0.00010142502155281709 0.014605726555780105
0 0.002272727272727273 0.0 1.0 0.0 0.0008457594312050435 0.00032928622147953873 0.007354008418404372 0.00019362958660083262 0.04197235016249104
0 0.0008130081300813008 0.0 1.0 0.0 0.004251573900994724 0.0028414139698647338 0.006687954585772575 0.00031948881789137386 0.00026224138704021213
0 0.0006105006105006105 0.0 1.0 0.0 0.004892505349395257 0.000985263491227848 0.009033719518019677 0.0002730673657191229 8.575711148830906e-05
0 0.0007751937984496124 0.0 1.0 0.0 0.003761004612928048 0.001212131125552044 0.009100585417775413 0.0002484913028044019 0.00022760377925831274
0 0.0010822510822510823 0.0 1.0 0.0 0.0027405409444406768 0.001103969378952387 0.009250107706733571 0.00022820629849383843 0.0005585167329025637
0 0.002777777777777778 0.0 1.0 0.0 0.007534273055737169 0.005263740005564798 0.005455029270888771 0.0010649627263045794 0.010489909150404136
0 0.0005434782608695652 0.0 1.0 0.0 0.0046035001361255014 0.0005837682958074935 0.008887706226716339 0.0003461128860489884 0.007044905564301619
0 0.0009250693802035152 0.0 1.0 0.0 0.004877521329648858 0.0026322704583599636 0.01018117870282528 0.0006713895448441913 0.0005100439954950823
0 0.0006313131313131313 0.0 1.0 0.0 0.005304630517862016 0.000985699349071442 0.012014772525682586 0.00037112337431826253 2.691744018753657e-05
0 0.0006583278472679394 0.0 1.0 0.0 0.0036570424516525887 0.002121611217350347 0.014987381757626742 0.0006870727266481158 0.0003562156587978762
0 0.0006666666666666666 0.0 1.0 0.06666666666666667 0.005202149998598653 0.0017734677440185177 0.01420968600319319 0.0007099751508697194 0.00020002716591735787
0 0.0005941770647653001 0.0 1.0 0.0 0.0025038077503086 0.0014223514964408982 0.016691663844404667 0.0005970245586859006 0.0003123612981108599
0 0.0008741258741258741 0.0 1.0 0.09090909090909091 0.006543271772200363 0.0020082837191818218 0.0059267502056219445 0.00043566656985187345 0.00189673979358874
0 0.0011098779134295228 0.0 1.0 0.0 0.0010871863888697302 0.0005523584403850515 0.0041949722943994 0.00018793459875963167 0.019354240232909138
0 0.0005787037037037037 0.0 1.0 0.0 0.0026904919796023026 0.0012861988905519682 0.009097259180415115 0.0005824014909478168 0.0005063663034052865
0 0.00101010101010101 0.0 1.0 0.0 0.006102853629547716 0.003047592385506879 0.012861451126485719 0.0010353804283516745 0.00024263402806678458
0 0.001488095238095238 0.0 1.0 0.0 0.007107594635148345 0.0012649628055900351 0.01397019691325173 0.00035498757543485983 0.000553723450158813
0 0.0004873294346978557 0.0 1.0 0.0 0.0019536909436365453 0.0008942073181488372 0.012255336763053635 0.0002514495325996924 9.835685661524032e-05
0 0.0006157635467980296 0.0 1.0 0.0 0.002137607622693162 0.0010246757536181356 0.009484528244506957 0.00020918910695268524 0.0003607702233019023
0 0.0006277463904582549 0.0 1.0 0.0 0.005450190054386227 0.0019546360389742 0.00954014152523998 0.0007494182148069262 0.011135207661470923
0 0.001282051282051282 0.0 1.0 0.0 0.005206087467199574 0.0024804616968916887 0.01387808572481271 0.0006553616777258951 0.000798906296281504
0 0.000546448087431694 0.0 1.0 0.0 0.001699001832766971 0.0011841788603863424 0.014972503104488206 0.0006744763933262335 0.0005826733233660426
0 0.001466275659824047 0.0 1.0 0.0 0.0014515211630122806 0.00039639312249221617 0.006096085925782573 9.681479330041631e-05 0.031751633961734076
0 0.0004409171075837742 0.0 1.0 0.0 0.0021649643714087272 0.001133877132338529 0.00755425462716575 0.0006656017039403621 0.00025174410563510703
1 0.001953125 0.0 1.0 0.0 0.003392110721392953 0.0014558534654439904 0.005455029270888771 0.0006656017039403621 0.03422686451615063
0 0.001282051282051282 0.0 1.0 0.0 0.0015696361023712097 0.0014507326427445958 0.009047365620010643 0.0005768548100816472 0.003516543652292526
0 0.0012626262626262627 0.0 1.0 0.0 0.00694869774828647 0.0 0.014591094553840696 0.0006656017039403621 0.0005953553138027605
0 0.0007462686567164179 0.0 1.0 0.0 0.0020241371691519573 0.0 0.011096327833954232 0.00037273695420660276 0.0006818918361860175
0 0.00033422459893048126 0.0 1.0 0.0 0.004900135659991067 0.0022049938271341257 0.011018917219023658 0.0005566850614773937 0.00010062430227284371
0 0.000630119722747322 0.0 1.0 0.0 0.0014614360693561742 0.0 0.014739570076590231 0.00037042181784507114 0.0010621099607544412
0 0.0012987012987012987 0.0 1.0 0.0 0.0070372614908214845 0.0005522105213143771 0.006192849194445788 0.00024203698325104075 0.004576876300243552
0 0.00044014084507042255 0.0 1.0 0.0 0.001560411139614171 0.00029950809839791436 0.011625199574241619 0.00039936102236421724 0.0005103076514064085
0 0.0008169934640522875 0.0 1.0 0.0 0.0030094622916403482 0.0 0.005666343173778293 0.0 0.006105356431122497
0 0.0008058017727639 0.0 1.0 0.0 0.003583751951127781 0.0007937373470817847 0.010362207682434336 0.0005011589300256844 0.0007908837824140001
0 0.0005875440658049354 0.0 1.0 0.0 0.00270950866564933 0.000994119412552899 0.005298840733970428 0.00030096772699912027 0.0048794714409606706
0 0.001904761904761905 0.0 1.0 0.0 0.004095017647533937 0.0017972052422669355 0.004333612103702577 0.0003042750646584513 0.02583195861303761
0 0.001644736842105263 0.0 1.0 0.0 0.0003431309573238181 0.0 0.005188930282064928 0.00026624068157614486 0.08301762314902808
0 0.0018552875695732839 0.0 1.0 0.0 0.002222997604598563 0.0007388535850097364 0.016041967611951643 0.0004564125969876769 0.006780571201233787
0 0.038461538461538464 0.0 1.0 0.0 0.017184589637497864 0.015720539039182094 0.017094017094017092 0.007261968800430344 0.03846153846153847
0 0.016666666666666666 0.0 1.0 0.0 0.016462703029949097 0.01894267926487269 0.02175925925925926 0.004662004662004662 0.02513318104862973
0 0.020833333333333332 0.0 1.0 0.0 0.012663929643751536 0.012769310870203153 0.023871527777777773 0.0008741258741258741 0.01283087561151297
1 0.013888888888888888 0.0 1.0 0.0 0.00842481454284456 0.00792819902485351 0.015817901234567902 0.000777000777000777 0.00398706070652451
0 0.006896551724137932 0.0 1.0 0.0 0.021994976097325043 0.025735819330164444 0.0210727969348659 0.0024113817217265494 0.020211363996662284
0 0.006666666666666666 0.0 1.0 0.0 0.010355339784937212 0.005708303297894527 0.023055555555555555 0.001958041958041958 8.74022780265919e-05