0 0.034482758620689655 0.0 1.0 0.06896551724137931 0.013002133425075673 0.012672299596194892 0.01407723104739765 0.005315011667098781 0.03448275862068966
0 0.018518518518518517 0.0 1.0 0.0 0.010149310453686207 0.012985706124986287 0.017894298793175206 0.004873294346978557 0.020796830859675056
0 0.009523809523809523 0.0 1.0 0.0 0.009089164801455635 0.008371648874734332 0.011449973247726055 0.0021482277121374865 0.009327889813540467
0 0.025 0.0 1.0 0.0 0.009415334897642565 0.017901038850853448 0.004119850187265918 0.0 0.03660414651588435
0 0.016666666666666666 0.0 1.0 0.0 0.01545902142069782 0.01736867460968874 0.012484394506866415 0.0012531328320802004 0.043350725594294225
1 0.004273504273504273 0.0 1.0 0.0 0.008334126044137292 0.014146286525343514 0.016901949486219155 0.002795450163871216 0.01412545871682732
1 0.004608294930875576 0.0 1.0 0.0 0.004673337213541403 0.008452151792583596 0.011356771777213965 0.00048508367693427115 0.007257959956840995
0 0.0078125 0.0 1.0 0.0 0.005616006359389308 0.005617971411339786 0.013576779026217229 0.0007048872180451127 0.012771269510980544
0 0.004830917874396135 0.0 1.0 0.0 0.012287842759750115 0.002223731534267509 0.013027194268034522 0.0006538084341288003 0.027324445241942975
0 0.0022222222222222222 0.0 1.0 0.0 0.010026680333430729 0.012178503165894364 0.01747815230961299 0.003007518796992481 0.012308002764304696
0 0.030303030303030304 0.0 1.0 0.06060606060606061 0.013246899131367153 0.013338726133562946 0.01511975096880757 0.004010695187165777 0.030303030303030304
0 0.021739130434782608 0.0 1.0 0.0 0.009489241413546252 0.006471495816556579 0.012487466958344726 0.003105590062111801 0.030551328635196804
0 0.011494252873563218 0.0 1.0 0.0 0.00518153185804893 0.008404955404130414 0.01134967107641148 0.0023906114169805854 0.013143164668749171
0 0.008333333333333333 0.0 1.0 0.06666666666666667 0.0038089687521541756 0.00856393507216208 0.005241090146750524 0.002240896358543417 0.01193111359981445
0 0.007407407407407408 0.0 1.0 0.0 0.010512364809129647 0.012197690418209593 0.012811553692056839 0.002489884842826019 0.030354128604850285
0 0.005747126436781609 0.0 1.0 0.0 0.006623739197265071 0.006972025088680869 0.016193161280994725 0.001303969863807592 0.01159316472026398
0 0.004464285714285714 0.0 1.0 0.0 0.00963445861807594 0.009016433925547905 0.016968029350104823 0.0021008403361344537 0.011320515778687994
0 0.005681818181818182 0.0 1.0 0.0 0.009437283341026052 0.005941313787961287 0.011816275967219365 0.001336898395721925 0.005034478761448615
0 0.0031746031746031746 0.0 1.0 0.0 0.008321406748983231 0.006754838608659942 0.012339023659778377 0.0010804321728691477 0.016484248739054352
0 0.0071428571428571435 0.0 1.0 0.0 0.01464186544723574 0.01538423125714217 0.016172506738544475 0.003301320528211284 0.05746356660833445
0 0.005681818181818182 0.0 1.0 0.0 0.003821132680901609 0.002968015870182399 0.013364779874213837 0.0009191176470588235 0.010291359731114324
0 0.0037878787878787876 0.0 1.0 0.0 0.012820704550388183 0.013515548835513612 0.016485610825233466 0.00267379679144385 0.03231085085772081
0 0.006410256410256411 0.0 1.0 0.0 0.006675529255162554 0.008421603442777531 0.019741439552760306 0.0019257703081232492 0.03021391101478241
0 0.0032467532467532465 0.0 1.0 0.0 0.004453256060773599 0.0032478966593412484 0.008862206975414523 0.00019098548510313216 0.004877333900462174
0 0.004166666666666667 0.0 1.0 0.0 0.0038491335606152034 0.009113739757663209 0.012054507337526206 0.0007878151260504202 0.0008100198537046589
0 0.002976190476190476 0.0 1.0 0.0 0.009581367747885886 0.008671488040066852 0.01078167115902965 0.0006002400960384154 0.003135952874268825
0 0.00267379679144385 0.0 1.0 0.0 0.005634630216502379 0.004866160387359201 0.023346674290070514 0.0015278838808250573 0.01018896805093683
0 0.0026455026455026454 0.0 1.0 0.0 0.006342817737446834 0.005268929635042686 0.014575222122391934 0.0006002400960384154 0.0002273916570956004
0 0.001949317738791423 0.0 1.0 0.0 0.007824452910639271 0.004713508266501708 0.015451510210420061 0.0012449424214130095 0.028529036800857957
0 0.004545454545454546 0.0 1.0 0.0 0.011371850659488954 0.010806961995787935 0.012769201448446732 0.0032467532467532465 0.03690948154752047
0 0.003663003663003663 0.0 1.0 0.0 0.0076237966125272194 0.004996103813839775 0.011288501854539591 0.0014544279250161601 0.02469309423537053
1 0.020833333333333332 0.0 1.0 0.0 0.003689850910275803 0.003587195848190618 0.011895424836601309 0.001291862899005756 0.020833333333333332
0 0.027777777777777776 0.0 1.0 0.0 0.009186861217613576 0.004696626821141168 0.01176470588235294 0.0013518227803942095 0.0039671956967340435
0 0.014492753623188404 0.0 1.0 0.0 0.006600327980284985 0.0036197436178741797 0.012310315430520037 0.0010238208995972979 0.011451081720566938
0 0.010869565217391304 0.0 1.0 0.0 0.0053760237773576485 0.0030768334341647347 0.009514066496163683 0.0010579482629172073 0.010335664200468534
0 0.006060606060606061 0.0 1.0 0.0 0.009999473277792725 0.00415146668157606 0.011455733808674987 0.0010465724751439038 0.011097702964985332
0 0.0047619047619047615 0.0 1.0 0.05714285714285714 0.006391839109633564 0.003853515917086779 0.011719887955182074 0.0013007400762502803 0.006198006178661555
0 0.006493506493506493 0.0 1.0 0.0 0.009941069768250111 0.005105470541073962 0.015080213903743317 0.0016055373198230348 0.00032047031230029587
0 0.0020161290322580645 0.0 1.0 0.0 0.005535800412217493 0.003841028745463498 0.01135989879822897 0.0012660150908998839 0.004702178388837697
0 0.002525252525252525 0.0 1.0 0.0 0.003320893785805362 0.0022293569713170013 0.009215686274509804 0.0006243756243756248 0.004373074665178229
0 0.0035714285714285718 0.0 1.0 0.0 0.009787633918070976 0.003977541533928883 0.011484593837535011 0.0004485310607759587 0.00912402964358222
0 0.002932551319648094 0.0 1.0 0.0 0.0071014019151927925 0.004513472612852067 0.01181530676786844 0.00075960905453993 0.0057053325755146355
0 0.002976190476190476 0.0 1.0 0.0 0.009133289694164526 0.006147108869128241 0.009607843137254903 0.001065261269342902 0.020787220048330148
0 0.002079002079002079 0.0 1.0 0.0 0.004801630186782504 0.0032137160747693146 0.012400635930047694 0.0005091433662862233 0.01429676710511872
0 0.002857142857142857 0.0 1.0 0.0 0.0077846654749057385 0.0031531644444221085 0.019011764705882353 0.0010047095761381475 0.019311390086986294
0 0.003703703703703704 0.0 1.0 0.0 0.00940758136499955 0.004948666841467246 0.014422657952069715 0.0007413221698935984 0.0011629639970466286
0 0.003472222222222222 0.0 1.0 0.0 0.0035834691680474914 0.00354417095494766 0.010806100217864923 0.0007849293563579278 0.0006357357574627925
0 0.004201680672268907 0.0 1.0 0.0 0.0072468980078802285 0.002489228948105067 0.009803921568627453 0.00033639829558196907 0.003988811542825198
0 0.0037037037037037034 0.0 1.0 0.0 0.0012589924578418111 0.00035595995621791267 0.0075294117647058826 0.00010465724751439038 0.017908100996632998
0 0.0043859649122807015 0.0 1.0 0.0 0.006306615292932528 0.0053977833179715195 0.013071895424836598 0.0009811616954474097 0.03922608525404627
0 0.002380952380952381 0.0 1.0 0.0 0.001946775460333198 0.002081625481449053 0.005452847805788983 0.0002616431187859759 0.007698004276893435
0 0.0013605442176870747 0.0 1.0 0.0 0.003573191101067063 0.003457686621886468 0.011899159663865549 0.0005606638259699485 0.016200635869014095
0 0.0012987012987012987 0.0 1.0 0.0 0.006125785603119704 0.0033015279054114067 0.009837535014005605 0.0005830903790087463 0.01606981270850505
0 0.0018115942028985507 0.0 1.0 0.0 0.006650692716620357 0.0059139166506890625 0.010490196078431371 0.0008176347462061747 0.009458510480742185
0 0.0006720430107526881 0.0 1.0 0.0 0.004900306230589567 0.004833971931008712 0.011739405439595195 0.0009241910163569152 0.010181093248383122
0 0.0013793103448275863 0.0 1.0 0.06896551724137931 0.00419092049335702 0.0030167537176732664 0.010250169033130493 0.0005954636496508418 0.000538346022645509
0 0.0018315018315018315 0.0 1.0 0.0 0.0036378146528636313 0.0028947076712467277 0.008664799253034547 0.000598041414367945 0.0008824866833475082
0 0.0028490028490028487 0.0 1.0 0.0 0.005936045995337728 0.0031896404819504484 0.019185520361990952 0.0010264460813911363 0.06016128388220543
0 0.0010504201680672268 0.0 1.0 0.0 0.004195171897181801 0.0033059251546590195 0.013679354094579007 0.0010388770892972574 0.00034982496421425904
0 0.0014367816091954023 0.0 1.0 0.0 0.007207014744846841 0.004292669543158359 0.014542483660130723 0.0013082155939298796 0.021603445693775102
0 0.0015873015873015873 0.0 1.0 0.0 0.006533538871651136 0.00230926069863971 0.014341736694677873 0.000859684533153921 0.0005772086524969756
0 0.0008718395815170008 0.0 1.0 0.0 0.004953124964475347 0.002448528502562766 0.012824589295177529 0.0009122151979294836 0.012721703046981616
0 0.000744047619047619 0.0 1.0 0.0 0.005580265460989624 0.001971971598422133 0.00823529411764706 0.0006541077969649397 0.00017236479834180398
0 0.0008417508417508418 0.0 1.0 0.0 0.00680441376061565 0.003433845845820448 0.011045751633986932 0.0009593581022152452 0.004312490181209438
0 0.0011312217194570135 0.0 1.0 0.0 0.004691489646826508 0.0016470578387141768 0.00889894419306184 0.000452843859437266 0.00033142236994657424
0 0.0031746031746031746 0.0 1.0 0.0 0.0005928012865642101 0.0 0.007668845315904139 0.0001744287458573173 0.015378061983873231
0 0.0018518518518518517 0.0 1.0 0.0 0.007934299694057243 0.0010678798686537378 0.006013071895424835 0.00015698587127158553 0.014886812157718216
0 0.0012285012285012285 0.0 1.0 0.0 0.0011363504529364507 0.0009062843940165696 0.006702317290552585 0.000606536320822035 0.0030259308537678993
0 0.0008488964346349745 0.0 1.0 0.0 0.00513230209574137 0.0025209815571864123 0.01092979127134725 0.000835569959993923 0.00025169029676442147
0 0.001282051282051282 0.0 1.0 0.0 0.0012476593713749901 0.00040761042785637444 0.009137254901960785 0.0005886970172684458 0.0017818980170993676
0 0.0006944444444444445 0.0 1.0 0.0 0.00396851043493512 0.0017935832080463697 0.01272331154684096 0.0008285365428222571 0.007825571727861575
0 0.0016260162601626016 0.0 1.0 0.0 0.006566769203603782 0.0005969421742183361 0.012549019607843135 0.00010465724751439038 0.0007269347230943746
0 0.0004177109440267335 0.0 1.0 0.03508771929824561 0.005028647899314477 0.002211681884065962 0.012549019607843137 0.0008262414277451875 0.004299802779263458
0 0.0008305647840531562 0.0 1.0 0.0 0.004036587446520556 0.0014321525473753043 0.009131652661064426 0.000532630634671451 0.0016264315130029698
0 0.000946969696969697 0.0 1.0 0.0 0.0013029982546152626 0.0003182819087987035 0.010947712418300655 0.0004905808477237048 0.0017763784581529228
0 0.000925925925925926 0.0 1.0 0.0 0.004053155986250456 0.001749059279358265 0.01601307189542484 0.0011773940345368916 0.015238715532674805
0 0.041666666666666664 0.0 1.0 0.0 0.018132084817971256 0.02256534257652842 0.021043771043771045 0.01190476190476191 0.041666666666666664
0 0.013157894736842105 0.0 1.0 0.05263157894736842 0.01872215632042256 0.02193060127669495 0.01594896331738437 0.002416756176154672 0.005481343475797062
0 0.03333333333333333 0.0 1.0 0.0 0.01153061062768341 0.020823657438747888 0.02424242424242424 0.0 0.034839396588463675
0 0.009259259259259259 0.0 1.0 0.0 0.021027969837224627 0.037529914860976996 0.017957351290684626 0.003401360544217687 0.015820885226414408
0 0.02702702702702703 0.0 1.0 0.05405405405405406 0.014841069224138652 0.009570262131256349 0.013075575575575576 0.0030726782466921677 0.02702702702702703
0 0.021739130434782608 0.0 1.0 0.0 0.006593920425533415 0.003361124446288874 0.017612721417069245 0.002219307979420962 0.020648021720028217
0 0.011904761904761904 0.0 1.0 0.0 0.006924982101691992 0.006857547019925534 0.01281415343915344 0.002651640702684786 0.014547238666697848
0 0.019230769230769232 0.0 1.0 0.0 0.01688601873771223 0.01538073218347604 0.022257834757834754 0.003926467963590933 0.016991706237050687
0 0.010526315789473684 0.0 1.0 0.0 0.008619221487088486 0.007797766102344446 0.01461988304093567 0.0009769202588838686 0.0022178252212451187
0 0.016666666666666666 0.0 1.0 0.0 0.014963497919145257 0.009469691085834307 0.014583333333333334 0.0009280742459396752 0.014761509513491278
0 0.007142857142857143 0.0 1.0 0.0 0.0052606816537741265 0.0064589762674523475 0.0077546296296296295 0.0004640371229698376 0.002437659475601213
0 0.00625 0.0 1.0 0.0 0.0037574962090197853 0.007650174720598988 0.004745370370370369 0.0002320185614849188 0.001518246498333613
0 0.013888888888888888 0.0 1.0 0.0 0.005592926131077791 0.009663232783080513 0.006655092592592593 0.0 0.0051603162524700395
0 0.0032258064516129032 0.0 1.0 0.0 0.008239340663664793 0.01074319948279664 0.01680107526881721 0.0016465833395703914 0.0031264001065096597
0 0.004132231404958678 0.0 1.0 0.0 0.010139953497130738 0.00924209710588988 0.015572390572390573 0.0015819447373971735 0.03731879866711857
0 0.0026041666666666665 0.0 1.0 0.0 0.006141786301629505 0.007721919996154209 0.017722800925925927 0.000580046403712297 0.008458079428970984
0 0.012820512820512822 0.0 1.0 0.0 0.015162046398080414 0.0 0.007330246913580247 0.0 0.14436879542378062
0 0.0017857142857142857 0.0 1.0 0.0 0.009478009498851896 0.004904868382384463 0.014756944444444444 0.0013921113689095127 0.007156530395987565
0 0.0018018018018018018 0.0 1.0 0.0 0.012675384949845929 0.008675361365191727 0.011261261261261257 0.001567692983006208 0.018262447874995473
0 0.001736111111111111 0.0 1.0 0.0 0.005587270078913662 0.001969229901398538 0.0066872427983539085 0.0002577984016499098 0.011378503786701738
0 0.006535947712418301 0.0 1.0 0.0 0.01286907340334589 0.0017711260290476085 0.01491769547325103 0.0005155968032998196 0.1003979529075795
0 0.0016835016835016834 0.0 1.0 0.0 0.007640132084613392 0.0050019181859967355 0.014379910213243544 0.0018983336848766082 0.025351790487782477
0 0.006578947368421052 0.0 1.0 0.0 0.012856509969388846 0.0024579149685978966 0.005787037037037037 0.000580046403712297 0.10940136871058447
0 0.045454545454545456 0.0 1.0 0.09090909090909091 0.01753098424973094 0.02912484845809581 0.014285714285714285 0.009178321678321675 0.045454545454545456
0 0.020833333333333332 0.0 1.0 0.0 0.019149108590515634 0.022135533265275776 0.020238095238095236 0.004006410256410257 0.014270333808564172
0 0.015873015873015872 0.0 1.0 0.0 0.022875324710896077 0.015573248084533678 0.025850340136054424 0.0 0.012064631114197028
0 0.009259259259259259 0.0 1.0 0.0 0.011969853198418036 0.012655361082875837 0.019400352733686073 0.0014245014245014246 0.006695467604694617
0 0.018181818181818184 0.0 1.0 0.0 0.013313200319117313 0.017838447805920397 0.027705627705627702 0.0 0.047331518180470405
0 0.024390243902439025 0.0 1.0 0.0 0.021441625289839523 0.01754839174403551 0.018815331010452966 0.00961538461538462 0.024390243902439025
0 0.02 0.0 1.0 0.0 0.0278276267638329 0.02616305678201658 0.019809523809523805 0.003076923076923077 0.036615122913920335
1 0.016666666666666666 0.0 1.0 0.0 0.023094774141573036 0.016351910488760363 0.01619047619047619 0.0 0.052166805880414814
0 0.013157894736842105 0.0 1.0 0.0 0.02738099651193074 0.020655044827907827 0.024561403508771923 0.0010121457489878543 0.05978708568032217
0 0.02702702702702703 0.0 1.0 0.05405405405405406 0.020265356045855387 0.02098082450210677 0.013513513513513514 0.0066483595895360575 0.02702702702702703
0 0.025 0.0 1.0 0.0 0.02262779193772766 0.017813293297546752 0.012765957446808507 0.0050802139037433155 0.026121014022029244
0 0.017543859649122806 0.0 1.0 0.0 0.007481225763357005 0.008374756657732345 0.011478163493840985 0.002251618350689558 0.018213107083248886
0 0.015625 0.0 1.0 0.0 0.018762751930988725 0.01202361611294071 0.012965425531914895 0.003676470588235294 0.04511892053265125
0 0.011764705882352941 0.0 1.0 0.0 0.01349167119244947 0.004457017824766728 0.010951188986232789 0.0009436929852154767 0.013694017170752701
0 0.007936507936507936 0.0 1.0 0.0 0.016761116395292153 0.014530855560621114 0.017477203647416412 0.001527883880825057 0.019949647439041613
0 0.008928571428571428 0.0 1.0 0.0 0.018699459712306382 0.015000448113275357 0.013297872340425532 0.0026737967914438505 0.02078141877082328
0 0.006578947368421052 0.0 1.0 0.0 0.002581960496073555 0.01531639687773557 0.004759238521836506 0.0005629045876723895 0.0004384149354087636
0 0.004830917874396135 0.0 1.0 0.0 0.017601290224662676 0.009489506761205734 0.01387604070305273 0.0004650081376424087 0.0343004663385394
1 0.03225806451612903 0.0 1.0 0.0 0.008321376264605206 0.007705344498554557 0.018355293048614264 0.004465099325678879 0.03225806451612903
0 0.017241379310344827 0.0 1.0 0.0 0.011946574110214637 0.012628855424932086 0.01874696454589606 0.0037989479836353026 0.02352953527876312
0 0.007407407407407407 0.0 1.0 0.0 0.0027148927711637505 0.006405268138723457 0.016525821596244127 0.00364092906465788 0.01335606664777999
0 0.0125 0.0 1.0 0.0 0.006038276529228082 0.010568692428893705 0.01225352112676056 0.0002824858757062147 0.016072983841469223
0 0.016666666666666666 0.0 1.0 0.0 0.01043363621990235 0.013183822856029018 0.020892018779342724 0.0011770244821092278 0.03463929812865293
0 0.01282051282051282 0.0 1.0 0.0 0.0019332683215576157 0.007612695581085078 0.007800650054171182 0.000434593654932638 0.015520314757268061
0 0.0035714285714285713 0.0 1.0 0.0 0.007743359249491105 0.006030652387077751 0.013873239436619713 0.0007768361581920903 0.011070256902843831
0 0.002717391304347826 0.0 1.0 0.0 0.005778695683538065 0.007586500995430388 0.014941824862216773 0.0007983296487349546 0.007351556077685013
0 0.008547008547008546 0.0 1.0 0.0 0.00518095044998096 0.007390694006219372 0.0032502708559046588 0.0 0.00436761118855917
0 0.0071428571428571435 0.0 1.0 0.0 0.00629500637727972 0.0057986911839669935 0.013078470824949699 0.0006053268765133172 0.004050572244485642
0 0.0025252525252525255 0.0 1.0 0.0 0.004484823821336442 0.004390135951117205 0.01330203442879499 0.00023540489642184556 0.00016402343058305338
0 0.0023148148148148147 0.0 1.0 0.0 0.005261777082405525 0.0009587645296240372 0.012910798122065727 0.0007062146892655367 0.008903054758520497
0 0.0038461538461538464 0.0 1.0 0.0 0.003361523760974292 0.0 0.013098591549295774 0.0002824858757062147 0.004130248802111431
0 0.03333333333333333 0.0 1.0 0.06666666666666667 0.014776999942849737 0.015693780609994996 0.018086696562032885 0.006156156156156155 0.03333333333333333
0 0.017857142857142856 0.0 1.0 0.0 0.012240431348417569 0.009849027166975352 0.019378603459320954 0.004665379665379665 0.016360770984352607
0 0.010416666666666666 0.0 1.0 0.0 0.00813700792678359 0.012409761960958108 0.016816143497757848 0.00267454954954955 0.016713801577527172
0 0.019230769230769232 0.0 1.0 0.0 0.007651114007935042 0.0047140642850480325 0.013107968264918937 0.002079002079002079 0.014871922582199408
0 0.005714285714285714 0.0 1.0 0.0 0.007954375106702207 0.008878843236731207 0.014221652786675209 0.0003861003861003861 0.013762130881677532
0 0.006944444444444444 0.0 1.0 0.0 0.013341165283257163 0.012767257438671754 0.014947683109118091 0.0011261261261261261 0.003766990467651153
0 0.005494505494505494 0.0 1.0 0.0 0.013850217950954157 0.013130805043784787 0.014315281131424627 0.0015592515592515591 0.015517639769757912
0 0.006944444444444444 0.0 1.0 0.0 0.009088068693225641 0.00225215699215729 0.025909317389138018 0.005005005005005006 0.010229183337051825
0 0.0065359477124183 0.0 1.0 0.0 0.008203280625773789 0.0 0.02189395937747296 0.0005299417064122947 0.032733416151021905
0 0.03571428571428571 0.0 1.0 0.10714285714285714 0.0050074267319753845 0.012629666195725014 0.006805807622504542 0.0022727272727272726 0.03571428571428571
0 0.015151515151515152 0.0 1.0 0.0 0.0037221625782872247 0.005996601444252834 0.009734367266127702 0.0021487603305785116 0.006764047593246291
0 0.01515151515151515 0.0 1.0 0.0 0.001110762140473901 0.0035389233717085483 0.009486883352582083 0.002066115702479339 0.00037083663113011457
0 0.013157894736842105 0.0 1.0 0.0 0.004130313679872053 0.0032547343365188094 0.015378737224185689 0.00277511961722488 0.00017741420391061157
0 0.009523809523809525 0.0 1.0 0.0 0.00605471436457785 0.004711615420484371 0.012358482412928877 0.001818181818181818 0.01048411559114373
0 0.01282051282051282 0.0 1.0 0.0 0.0017988726843182047 0.005708303297894526 0.006142677649029736 0.0016783216783216785 0.0027281229674422027
0 0.005952380952380952 0.0 1.0 0.0 0.0008490313755521063 0.0033972859561386664 0.011418632788868725 0.0022727272727272726 0.0003385948750271038
0 0.006944444444444444 0.0 1.0 0.0 0.003411999445884694 0.003211378744132542 0.006352087114337569 0.00040404040404040404 0.0006422952286528613
0 0.006944444444444444 0.0 1.0 0.0 0.002386457700204903 0.00405505339375259 0.005104355716878403 0.00022727272727272727 0.0021912131515058556
0 0.0071428571428571435 0.0 1.0 0.0 0.005885797666050698 0.0074107363359167695 0.010111485610578171 0.0005194805194805195 0.0001915879043692682
0 0.015151515151515152 0.0 1.0 0.0 0.0 0.0041226634929238245 0.009074410163339382 0.0 0.027093421459666464
0 0.003968253968253968 0.0 1.0 0.0 0.005040239673087808 0.007710081539378676 0.006222452683432719 0.0003463203463203463 0.015161503842015069
0 0.012820512820512822 0.0 1.0 0.0 0.0011226111040429506 0.006183995239385737 0.001512401693889897 0.0 0.013232551454313573
0 0.003105590062111801 0.0 1.0 0.0 0.001981572921207383 0.00322643229880995 0.004576659038901602 0.00031620553359683795 0.0015520922998028231
0 0.006060606060606061 0.0 1.0 0.0 0.0023563018973248445 0.0011243627707974069 0.013034152780069296 0.0 0.042268638382567184
0 0.00390625 0.0 1.0 0.0 0.0018494261484727922 0.003864997024616086 0.008053539019963703 0.0 0.00027570013260869863
0 0.00267379679144385 0.0 1.0 0.0 0.006027822305562049 0.005954855675564267 0.0066820656657317285 0.00033057851239669424 0.010728062715915573
0 0.0022222222222222222 0.0 1.0 0.0 0.003330150376115573 0.004452476572357731 0.014083484573502723 0.0004363636363636364 0.0004221779706270306
0 0.003508771929824561 0.0 1.0 0.0 0.0031048967519742075 0.004443089151101356 0.016091954022988506 0.00048484848484848484 0.0004751892872481823
0 0.0035714285714285718 0.0 1.0 0.0 0.002579556501792135 0.004417139456704098 0.006611355976147266 0.0 0.0028847246937833038
0 0.0021645021645021645 0.0 1.0 0.0 0.002605958159452738 0.0058623571982195696 0.008661936974096684 0.0004958677685950413 0.00027406677733897775
0 0.001976284584980237 0.0 1.0 0.0 0.002656961728724142 0.004510882987079773 0.010021305136905231 0.00015810276679841898 0.00041383904910154433
0 0.004347826086956522 0.0 1.0 0.0 0.0007993646988250344 0.003710397143631442 0.00852994555353902 0.0003636363636363636 0.0027664363632594964
0 0.0013020833333333333 0.0 1.0 0.0 0.003171862480212141 0.0003864997024616086 0.004423774954627949 0.00011363636363636364 0.0005493501870137594
0 0.004 0.0 1.0 0.0 0.008528084495717252 0.0 0.005626134301270418 0.0 0.0018364729942082826
0 0.0019230769230769232 0.0 1.0 0.0 0.0042683910476540455 0.0 0.004900181488203267 0.0001818181818181818 0.0013225201250522995
0 0.004115226337448559 0.0 1.0 0.0 0.004597852438819595 0.0 0.007662835249042145 0.0 0.0016504238482393894
0 0.002551020408163265 0.0 1.0 0.0 0.0037903356733542995 0.0 0.009722582317863626 0.00025974025974025974 0.0011254620019008445
0 0.001567398119122257 0.0 1.0 0.0 0.00231986570409987 0.0 0.008909420887642305 0.0 0.00029037640939650857
0 0.0023809523809523807 0.0 1.0 0.07142857142857142 0.0027332046361174737 0.0 0.009204044594244232 0.0007792207792207793 0.029827095353764488
0 0.004032258064516129 0.0 1.0 0.375 0.001543193004383918 0.0 0.0022686025408348454 0.0 0.008388058565099934
0 0.038461538461538464 0.0 1.0 0.0 0.022525544315688945 0.0301341840875172 0.02573325954620919 0.010033444816053514 0.038461538461538464
0 0.017857142857142856 0.0 1.0 0.14285714285714285 0.020255544314678374 0.022791534371021775 0.02029804727646454 0.003623188405797101 0.005265810434820707
0 0.018518518518518517 0.0 1.0 0.0 0.01462611013221534 0.021907873633894723 0.020783373301358914 0.0012077294685990338 0.010254105635530957
0 0.011363636363636364 0.0 1.0 0.0 0.03155371744818492 0.03445249971699235 0.03956834532374101 0.005599472990777338 0.028862012186279363
1 0.008 0.0 1.0 0.0 0.018764965133840458 0.02328234399646735 0.019280575539568346 0.004347826086956522 0.022713302178475992
0 0.008333333333333333 0.0 1.0 0.0 0.02498678464688006 0.018078127503495252 0.025539568345323744 0.004710144927536231 0.01822802987483362
1 0.03571428571428571 0.0 1.0 0.07142857142857142 0.011850657646388898 0.007527498260186817 0.010881174899866489 0.002608346709470305 0.03571428571428571
0 0.01 0.0 1.0 0.0 0.00683236135442165 0.009842201026725643 0.01514018691588785 0.0029213483146067437 0.013743268291286389
0 0.014492753623188404 0.0 1.0 0.0 0.006183687597316939 0.00511741398270746 0.012190166598943519 0.0024425989252564715 0.004746430577401546
0 0.0125 0.0 1.0 0.0 0.004782450352900816 0.003955195218687828 0.015700934579439253 0.002153558052434457 0.008880176110823404
0 0.011111111111111112 0.0 1.0 0.0 0.006271553824969297 0.004415823371373294 0.02097611630321911 0.0023928422804827304 0.00011550688727656422
0 0.005555555555555555 0.0 1.0 0.0 0.007812467460615559 0.004454989995633307 0.008722741433021807 0.00024968789013732833 0.011547130706834665
0 0.005952380952380952 0.0 1.0 0.0 0.004012186101951907 0.003937553396792206 0.01339563862928349 0.0006242197253433209 0.0018893364835204408
0 0.004464285714285714 0.0 1.0 0.0 0.00943662256369614 0.008997627331667413 0.006408544726301736 0.0008025682182985554 0.019606090133096308
0 0.0023148148148148147 0.0 1.0 0.0 0.005585273740498251 0.005645343561478729 0.011565420560747669 0.0005852059925093633 0.006798660607781074
0 0.007692307692307693 0.0 1.0 0.0 0.006910839316868653 0.015589095548891957 0.014378145219266716 0.0024488619994237973 0.0002750988940744446
0 0.0033670033670033673 0.0 1.0 0.0 0.006472281606813111 0.009236396493563316 0.01654551748009692 0.0018033014287695938 0.031830679718699406
0 0.013888888888888888 0.0 1.0 0.0 0.011113920040762637 0.0 0.005919003115264798 0.0 0.14198998364763907
0 0.0016722408026755855 0.0 1.0 0.0 0.004204851425883677 0.007860056424296921 0.010971149939049168 0.0010991695163654128 0.007414057915530484
0 0.003401360544217687 0.0 1.0 0.0 0.005719238439345011 0.012079653746652748 0.015576323987538943 0.0022293561619404316 0.00017829133732786832
0 0.0047619047619047615 0.0 1.0 0.0 0.0019274353095617167 0.0034125647116710683 0.011214953271028038 0.0004012841091492777 0.0013454925004951384
0 0.002976190476190476 0.0 1.0 0.0 0.003908476491787582 0.011687782054600629 0.012194036493101912 0.0022293561619404316 0.0004411692195554628
0 0.004201680672268907 0.0 1.0 0.0 0.008938491703747978 0.01615970456136787 0.02082777036048064 0.002808988764044944 0.02454925263285612
0 0.0022222222222222222 0.0 1.0 0.0 0.0037347471156654556 0.010923019159306905 0.008149532710280374 0.0011235955056179774 0.0006697028161622036
0 0.004048582995951417 0.0 1.0 0.0 0.0031081723592583416 0.007522606385660943 0.006326383896477355 0.0002881014116969173 0.0019475249287342852
0 0.0016666666666666668 0.0 1.0 0.0 0.005911578569653658 0.004711363221551181 0.009221183800623053 0.0009987515605493133 0.0010204493246853724
0 0.0013227513227513227 0.0 1.0 0.0 0.005682520645908735 0.004674043233632172 0.015005192107995844 0.0015085310029130253 0.008692009429019168
0 0.021739130434782608 0.0 1.0 0.0 0.009450254022841274 0.008888162582853146 0.012153865430397186 0.0030158331239004766 0.021739130434782605
0 0.029411764705882353 0.0 1.0 0.0 0.016965796618369527 0.01040828848519531 0.020172910662824204 0.003230193811628697 0.03463069670069487
0 0.02222222222222222 0.0 1.0 0.0 0.0157060790367199 0.017313727992072484 0.012103746397694523 0.0032755298651252402 0.04571581128839639
0 0.013888888888888888 0.0 1.0 0.0 0.004265176900297329 0.009254661838706275 0.013928914505283382 0.002408477842003853 0.006760417778119177
0 0.005714285714285714 0.0 1.0 0.0 0.004124465133133438 0.0068919338252386485 0.01786743515850144 0.000495458298926507 0.0011274309167617167
0 0.01282051282051282 0.0 1.0 0.0 0.010511632038889357 0.013610838788332327 0.008423852804256263 0.0 0.035742404057807174
0 0.0038610038610038607 0.0 1.0 0.0 0.009625834184046028 0.012863973650634561 0.012539917439052884 0.0005467895641306046 0.00789039674892654
0 0.005952380952380952 0.0 1.0 0.0 0.004838921773818735 0.006362574866797452 0.01440922190201729 0.0011010184420589045 0.0001671532458342194
0 0.005847953216374269 0.0 1.0 0.0 0.011685139181282375 0.005173710650535679 0.012589109661762474 0.0007605719501064801 0.027415267894260697
0 0.002325581395348837 0.0 1.0 0.0 0.013783260043439704 0.006015163675579263 0.017492125192681455 0.0012770533673880896 0.015399593402500918
0 0.0027548209366391185 0.0 1.0 0.0 0.005192984133190102 0.002497585565607862 0.013710592961313422 0.0007006480994920301 0.01255369127683927
0 0.008333333333333333 0.0 1.0 0.0 0.015688770794193917 0.003932020094407116 0.005187319884726226 0.0005780346820809248 0.07143647078691241
1 0.0019230769230769232 0.0 1.0 0.0 0.009823102667044555 0.003508668581249681 0.013616714697406338 0.0008670520231213872 0.007617436594375316
0 0.05 0.0 1.0 0.0 0.022416068692912204 0.01664576924900841 0.029389312977099236 0.006321839080459771 0.05
1 0.010638297872340425 0.0 1.0 0.0 0.016664397842595415 0.0206572793217878 0.029153808673055052 0.007988913344746067 0.009994073396273432
0 0.005952380952380952 0.0 1.0 0.10714285714285714 0.014207529325634169 0.012480833594068845 0.014040348964013091 0.0008894362342638205 0.012757701186173748
0 0.006756756756756757 0.0 1.0 0.0 0.016241068771747972 0.019658544934331803 0.03280379616257479 0.003934969452210831 0.014260148326059069
0 0.0064516129032258064 0.0 1.0 0.0 0.006125199909983308 0.015430855437954452 0.02684067963555774 0.00296625880608083 0.00016316055487082973
0 0.006172839506172839 0.0 1.0 0.0 0.010591657790093334 0.017655340821038687 0.033078880407124686 0.00454093940683979 0.0304284221094457
0 0.0032467532467532465 0.0 1.0 0.0 0.0214616748748054 0.01403104561439211 0.024722414989590557 0.003221873911529084 0.013026904437230069
0 0.037037037037037035 0.0 1.0 0.0 0.01720753346210665 0.032861810450842084 0.014654942712496668 0.007783145464304886 0.03703703703703704
0 0.015151515151515152 0.0 1.0 0.0 0.006332377341921721 0.0179246238822775 0.018530630041421407 0.0035133948177426444 0.007441360367822438
0 0.009009009009009009 0.0 1.0 0.0 0.017262619937484826 0.01998353338226884 0.02508263659342796 0.0009792401096748924 0.004786676676480817
0 0.011904761904761904 0.0 1.0 0.0 0.007474325819128243 0.0 0.029462144570058236 0.001725327812284334 0.01207375621761624
0 0.009523809523809525 0.0 1.0 0.0 0.004620758695911316 0.0 0.02432339842411785 0.0010351966873706005 0.0002797533910015449
0 0.02702702702702703 0.0 1.0 0.05405405405405406 0.009809028423627048 0.004467208228092138 0.009323491869693104 0.002613724835947059 0.02702702702702703
0 0.01282051282051282 0.0 1.0 0.0 0.006521096736985101 0.006428028601775808 0.015005528352550939 0.0027962435369842794 0.02084417090225225
0 0.023809523809523808 0.0 1.0 0.0 0.0018937580443075207 0.003999056298250624 0.021120563215019067 0.0027924750146972378 0.0005641305281719801
0 0.008333333333333333 0.0 1.0 0.0 0.002396416583708207 0.003858144003452867 0.02026009582477755 0.0018518518518518521 0.0008893590272866038
0 0.016666666666666666 0.0 1.0 0.0 0.012143591798806848 0.007132100706324898 0.008726899383983572 0.0008573388203017832 0.04060564626035683
0 0.009259259259259259 0.0 1.0 0.0 0.003944843521019363 0.005443159961507794 0.003650467716176135 0.0 0.0018708785951285693
0 0.005714285714285714 0.0 1.0 0.0 0.013013811252208216 0.009437680544420462 0.01782340862422998 0.0025514403292181075 0.031173994959640527
0 0.011363636363636364 0.0 1.0 0.0 0.00929203054428434 0.01145350945952442 0.018667164457718873 0.004115226337448561 0.03809841939115894
0 0.005555555555555555 0.0 1.0 0.0 0.010793042925532289 0.009392812113775014 0.02073921971252567 0.001440329218106996 0.011991789022469534
0 0.007692307692307693 0.0 1.0 0.0 0.014732539956889175 0.011353265678262106 0.02448270415416206 0.0025324469768914218 0.02012870151357095
0 0.011363636363636364 0.0 1.0 0.0 0.010256541029657482 0.0054968746414946765 0.01026694045174538 0.0007716049382716049 0.055724140827743504
0 0.003205128205128205 0.0 1.0 0.0 0.00764674061477776 0.007015729792278446 0.013031116727215289 0.0012662234884457109 0.015346515101560971
0 0.002197802197802198 0.0 1.0 0.0 0.007685859534908638 0.007908050696434604 0.011205632150190672 0.0014697236919459147 0.009771611655751963
0 0.006493506493506493 0.0 1.0 0.0 0.012591082145202366 0.006440629673614904 0.015680418144483857 0.00205761316872428 0.052852721011021606
0 0.00196078431372549 0.0 1.0 0.0 0.005624569780107598 0.0062190874302881375 0.017031042396424695 0.0013313967562333575 0.01372057789874517
0 0.002976190476190476 0.0 1.0 0.0 0.006560057671135512 0.005450420360597541 0.021707245526547375 0.0009798157946306096 0.0008113874699845351
0 0.0017825311942959 0.0 1.0 0.0 0.00599848172368441 0.004585101592150118 0.02600958247775496 0.0015587978550941515 0.007884928580077765
0 0.003472222222222222 0.0 1.0 0.0 0.006752385668183655 0.0085244057703102 0.02387063655030801 0.0015432098765432098 0.024353145364694656
0 0.002631578947368421 0.0 1.0 0.0 0.008018012540118984 0.007191085503241943 0.01981519507186858 0.0009259259259259259 0.0008004742123055222
0 0.002631578947368421 0.0 1.0 0.0 0.008616371770345705 0.009455181903760976 0.020317734788717175 0.0021659085986571367 0.013622360603315243
0 0.0019047619047619048 0.0 1.0 0.0 0.008551018212815533 0.004069904922388352 0.007802874743326488 0.0003292181069958848 0.018864770175733566
0 0.0022727272727272726 0.0 1.0 0.0 0.006895676562906829 0.007078599832570376 0.013449691991786448 0.00051440329218107 0.024428275621398758
0 0.043478260869565216 0.0 1.0 0.0 0.02913412909714896 0.02864704198468679 0.029111531190926278 0.009916094584286803 0.043478260869565216
0 0.023809523809523808 0.0 1.0 0.0 0.01831644664892424 0.02958420382548619 0.014492753623188406 0.005012531328320802 0.06411588722450011
0 0.00980392156862745 0.0 1.0 0.0 0.017962804210681672 0.0227484462948054 0.018925831202046037 0.00283797729618163 0.03434861805836314
0 0.006756756756756757 0.0 1.0 0.0 0.01748013091802524 0.0067182833878299784 0.0199764982373678 0.0011853959222380274 0.026095090852417617
0 0.034482758620689655 0.0 1.0 0.0 0.01283810329170596 0.014571603123807276 0.015887960456631753 0.00519603212092584 0.034482758620689655
0 0.02 0.0 1.0 0.0 0.012446618871258211 0.009595951845517404 0.014744027303754263 0.00410958904109589 0.02881453650047856
0 0.014492753623188404 0.0 1.0 0.0 0.004022364118023905 0.006620859234924559 0.014542216946134438 0.00357355568790947 0.0007875890170474937
0 0.019230769230769232 0.0 1.0 0.0 0.0038507750563351656 0.008082191228662104 0.012076660540824364 0.002370916754478398 0.03066238639496636
0 0.013333333333333334 0.0 1.0 0.0 0.009479577574620333 0.008528987651466672 0.007508532423208192 0.0009132420091324201 0.041702120732048556
0 0.020833333333333332 0.0 1.0 0.0 0.005079819354291653 0.011647936238569025 0.007252559726962457 0.0 0.01580945249839887
0 0.006493506493506493 0.0 1.0 0.0 0.0075295910684567615 0.009842490206669734 0.013651877133105804 0.0006226650062266501 0.005669736239372511
0 0.004166666666666667 0.0 1.0 0.0 0.014132023419254458 0.015453892409404842 0.01228668941979522 0.0014840182648401825 0.021129107866779587
0 0.0035842293906810036 0.0 1.0 0.06451612903225806 0.006642798817459533 0.005260358301289237 0.010018716283166352 0.00022094564737074678 0.0030501882898595167
0 0.008333333333333333 0.0 1.0 0.0 0.007687277321803414 0.012220597259609998 0.015642775881683734 0.001141552511415525 0.019007546816629035
0 0.005347593582887701 0.0 1.0 0.0 0.002731336985876053 0.00411103631949495 0.009034330455731779 0.00040290088638195 0.0014779776232064082
0 0.006944444444444444 0.0 1.0 0.0 0.008363709792557867 0.013589258944997197 0.009954493742889647 0.001141552511415525 0.0019094329036941837
0 0.002564102564102564 0.0 1.0 0.0 0.0068459209603695835 0.003326359324841779 0.01456200227531285 0.0006849315068493151 0.0008864786479133315
0 0.002747252747252747 0.0 1.0 0.0 0.005318456591749394 0.005589488389437314 0.00984510370175899 0.0015806111696522655 0.010046061247017303
0 0.03571428571428571 0.0 1.0 0.0 0.012085125657972404 0.027296929226823082 0.018650793650793647 0.009229534510433386 0.035714285714285705
0 0.011111111111111112 0.0 1.0 0.044444444444444446 0.022688484503035525 0.024673419631709485 0.01827160493827161 0.0027465667915106116 0.009461061467120516
0 0.0196078431372549 0.0 1.0 0.0 0.028976593132485934 0.011360415376804186 0.01503267973856209 0.0013218770654329147 0.023253277847750786
0 0.029411764705882353 0.0 1.0 0.0 0.0063888244217067 0.008412442949866724 0.011588506370290052 0.0031925010188833037 0.029411764705882353
0 0.017241379310344827 0.0 1.0 0.0 0.005489525738747176 0.006195863294012795 0.015652312092801525 0.0031058373815401764 0.010002786122894378
0 0.007575757575757575 0.0 1.0 0.0 0.004016296849907316 0.009640177336224883 0.011363636363636366 0.0023619567499475118 0.00015004988284560483
0 0.0125 0.0 1.0 0.0 0.005155167899775109 0.005528422312192678 0.016474654377880184 0.0012702078521939955 0.009254476162012032
0 0.007692307692307693 0.0 1.0 0.0 0.0065770724904677886 0.00965022457099838 0.014356611130804674 0.0018653402025226502 0.008499941433248866
0 0.004629629629629629 0.0 1.0 0.0 0.003228759844957662 0.004447627989004112 0.012160778289810553 0.0006415191172696946 7.473113381978326e-05
0 0.005494505494505494 0.0 1.0 0.0 0.006994359643454672 0.008328887495439115 0.013115916341722796 0.0006217800675075503 0.0006621800707546684
0 0.006944444444444444 0.0 1.0 0.0 0.0035584597790192488 0.007125716677882147 0.014976958525345621 0.001796253528355145 0.008583484509529567
0 0.003968253968253968 0.0 1.0 0.0 0.005362679723076314 0.007998231710333157 0.015306122448979593 0.000907291322995711 0.0026765049478609418
0 0.004545454545454546 0.0 1.0 0.0 0.00537943019507903 0.01070307369552363 0.015605362379555926 0.002204492966617678 0.00017941698625097884
0 0.004545454545454545 0.0 1.0 0.0 0.0029441715308332833 0.008777085288513158 0.019009216589861752 0.002424942263279446 0.0023196662040971218
0 0.004166666666666667 0.0 1.0 0.0 0.003754329981335286 0.005150516432322912 0.012096774193548387 0.0012702078521939955 0.014747009346285514
0 0.004524886877828055 0.0 1.0 0.0 0.0013008896996055436 0.0 0.01585795608566007 0.000950957750305665 0.0008217280320719831
0 0.008928571428571428 0.0 1.0 0.0 0.0014956672957633095 0.0 0.011808755760368665 0.0005773672055427252 0.022511845402764206
0 0.002150537634408602 0.0 1.0 0.0 0.0030966633952654015 0.0020270862738059484 0.015385758882116844 0.0011174849139536619 0.0001269365485329224
0 0.0011363636363636363 0.0 1.0 0.0 0.005016443202750967 0.0033141769149700514 0.012903225806451613 0.0010917488977535165 3.323258253647081e-05
0 0.03571428571428571 0.0 1.0 0.07142857142857142 0.005550916940657783 0.004419809592259836 0.007727272727272728 0.0012128562765312309 0.03571428571428571
0 0.020833333333333332 0.0 1.0 0.0 0.007199113675096275 0.004418145747141519 0.0096969696969697 0.0010865170810592279 0.035074996916819784
1 0.011904761904761904 0.0 1.0 0.0 0.0013954929997485783 0.0018200788956195008 0.010974025974025975 0.001017932946374426 0.0032171520193750225
0 0.016666666666666666 0.0 1.0 0.0 0.008710586356037607 0.005107876265880019 0.0047272727272727275 0.001495856074388519 0.06545345797749093
0 0.013333333333333334 0.0 1.0 0.0 0.006959721300900982 0.005723711818576989 0.005171717171717172 0.001455427531837477 0.06455755848370738
0 0.018518518518518517 0.0 1.0 0.0 0.006624167369300042 0.0057557858392756275 0.008417508417508417 0.001212856276531231 0.008549798511087125
0 0.01020408163265306 0.0 1.0 0.0 0.001286327515784404 0.0008839636268722573 0.008095238095238095 0.0005631118426752143 0.008058776214686399
0 0.007352941176470588 0.0 1.0 0.0 0.0020454394384278704 0.002911880182638024 0.009982174688057042 0.0006777726251203938 0.00561852418397256
0 0.012345679012345678 0.0 1.0 0.0 0.0014410787530705722 0.0018334060409202376 0.002760942760942761 0.0005390472340138805 0.015828325626907804
0 0.005555555555555556 0.0 1.0 0.0 0.0018799767643054256 0.0019418514227970715 0.007508417508417509 0.000640118590391483 0.0003078629977508137
0 0.007575757575757576 0.0 1.0 0.0 0.001830070061020211 0.0006875272653450891 0.011616161616161616 0.0008085708510208204 0.0004661721018942461
0 0.0020833333333333333 0.0 1.0 0.0 0.003845121207762251 0.0026518126256930034 0.010590909090909092 0.00116737416616131 0.023234454957457584
0 0.004048582995951417 0.0 1.0 0.0 0.0011418493638418448 0.002388252605935572 0.012567783094098882 0.0009894353834860043 0.0004559852046020105
0 0.0035714285714285713 0.0 1.0 0.1 0.002109015420953874 0.003004919355849537 0.009636363636363636 0.0011218920557913889 0.0002841330620015587
0 0.0047619047619047615 0.0 1.0 0.0 0.008804501887282655 0.0068465684445303595 0.009177489177489177 0.0015593866412544402 0.06810400288447474
0 0.001059322033898305 0.0 1.0 0.0 0.0034669025048808945 0.003913239573125346 0.00807395993836672 0.0009867305300593054 0.015679112628303984
0 0.0021786492374727667 0.0 1.0 0.0 0.00430677393951652 0.004484181064366973 0.008529741863075195 0.0010780944680277612 0.03529546896052511
0 0.0015873015873015873 0.0 1.0 0.0 0.0011259165939319475 0.0018857890706608152 0.011601731601731603 0.0002945508100147275 0.002574261668578789
0 0.002631578947368421 0.0 1.0 0.0 0.00598563819520442 0.004712442917843033 0.006393939393939394 0.0006973923590054579 0.0476634644483118
0 0.002631578947368421 0.0 1.0 0.0 0.006119007804603916 0.003643538723560976 0.01036682615629984 0.0008298490313108423 0.05020305839327344
0 0.0023809523809523807 0.0 1.0 0.0 0.00284887741879344 0.0018995957921637036 0.007060606060606061 0.00024257125530624622 0.001236544924024857
0 0.0012626262626262627 0.0 1.0 0.0 0.0024741818131881724 0.0025959155868346246 0.010959595959595963 0.000572737686139748 0.01924781965057555
0 0.002173913043478261 0.0 1.0 0.0 0.003140927347181255 0.00210585397176723 0.007484848484848485 9.096422073984233e-05 0.0003705421993600501
0 0.004629629629629629 0.0 1.0 0.0 0.0019381974910219024 0.0022917575511502966 0.010909090909090908 0.00047166632976214536 0.0008490952913906797
0 0.0025 0.0 1.0 0.0 0.008215168783445258 0.006043922071865659 0.011401515151515152 0.0012886597938144332 0.0609592214766256
0 0.0013736263736263737 0.0 1.0 0.0 0.004754097266043905 0.00398992813558425 0.00696969696969697 0.0007363770250368188 0.03370215789651151
0 0.0024691358024691358 0.0 1.0 0.0 0.001156898149533774 0.0033001308736564264 0.011636363636363636 0.0 0.0007852706241682988
0 0.001984126984126984 0.0 1.0 0.0 0.000867337072347985 0.0013855545713406675 0.009057239057239057 0.00030321406913280777 0.0007637725356806354
0 0.002028397565922921 0.0 1.0 0.0 0.0039452231081680165 0.0016072092053061055 0.011693404634581107 0.0002140334605643349 0.00016349653388417947
0 0.002564102564102564 0.0 1.0 0.0 0.002982585293011662 0.0020540768020158636 0.0071794871794871795 0.0001865932733124971 0.0034707969754404033
0 0.005376344086021505 0.0 1.0 0.0 0.01788327810398176 0.009940741625622003 0.00787878787878788 0.0023246411966848595 0.1617159287119507
0 0.005208333333333333 0.0 1.0 0.0 0.0 0.0 0.004343434343434344 0.0 0.060092844713310174
0 0.000819000819000819 0.0 1.0 0.0 0.0008412818165757978 0.0012323764691156854 0.01085995085995086 0.00013111959746283579 0.0002250028206676867
0 0.0010893246187363833 0.0 1.0 0.0 0.0005388052145432341 0.000885566431256339 0.010617283950617284 0.00017968241133796016 0.0003013061689399508
0 0.0008928571428571428 0.0 1.0 0.0 0.0008353155121009965 0.0006540820700648758 0.011553030303030305 0.0007390842935112189 0.00046404484932912303
0 0.0013888888888888887 0.0 1.0 0.0 0.0007236886926624516 0.0014747851604245648 0.0093030303030303 0.00033353547604608855 0.0005547931875528224
0 0.0045045045045045045 0.0 1.0 0.0 0.002103712736676622 0.0017864784275574497 0.009898989898989899 0.0006064281382656155 0.02289486826968205
0 0.0011441647597254005 0.0 1.0 0.0 0.00104601062865529 0.0024034861138743824 0.01114624505928854 0.0010019247501779735 0.0003767943199233962
0 0.0011148272017837235 0.0 1.0 0.0 0.0018881575104085931 0.0005922306275606133 0.013069828722002635 0.0005800616974714582 0.00012326237246783827
0 0.0025 0.0 1.0 0.0 0.005529872115288234 0.0028181151001435674 0.010181818181818183 0.000545785324439054 0.002543587066847194
0 0.003048780487804878 0.0 1.0 0.0 0.0008425243076847883 0.0018145897977406228 0.010000000000000002 0.00045482110369921165 0.022965681426326896
0 0.0010822510822510823 0.0 1.0 0.0 0.002571099952462271 0.0021027383375308894 0.014738292011019288 0.0009923369535255527 0.00012570415261870264
0 0.0007047216349541931 0.0 1.0 0.0 0.0018410953914971618 0.0018527064634993428 0.014435261707988986 0.0011025966150283919 7.673726824200304e-05
0 0.0016233766233766235 0.0 1.0 0.0 0.002317786482804806 0.004663551194810046 0.008008658008658007 0.00047647925149441224 0.0005073409105694538
0 0.0024691358024691358 0.0 1.0 0.0 0.0065149252687097025 0.0018334060409202376 0.007272727272727274 0.00013476180850347013 0.0027454622051567854
0 0.001976284584980237 0.0 1.0 0.0 0.010486819713839841 0.006172252448897553 0.006225895316804408 0.001212856276531231 0.08793960463358363
0 0.001519756838905775 0.0 1.0 0.0 0.0015793108021267682 0.0043688966525192935 0.005670995670995671 0.0004331629559040111 0.005940270929352588
0 0.002976190476190476 0.0 1.0 0.0 0.006638087503445475 0.00197653382124446 0.00935064935064935 0.0005197955470848133 0.003654583008565333
0 0.0009276437847866418 0.0 1.0 0.0 0.0032571394487436274 0.001232365980075022 0.0070523415977961435 0.00030321406913280777 0.0012338975568498246
0 0.0033333333333333335 0.0 1.0 0.0 0.002058335734049402 0.0006875272653450891 0.0028282828282828287 0.0 0.026992185671156063
0 0.0021786492374727667 0.0 1.0 0.0 0.005151702982303062 0.0022917575511502966 0.005925925925925926 0.0 0.002854931939042273
0 0.001282051282051282 0.0 1.0 0.0 0.0039416504770322216 0.002400594221575068 0.008848484848484849 0.0005255710531635334 0.0016003980067863417
0 0.0011098779134295228 0.0 1.0 0.0 0.007977340148792214 0.005068946584065065 0.00980392156862745 0.001212856276531231 0.05564917932009107
0 0.0006858710562414266 0.0 1.0 0.0 0.0014337747978301876 0.0024186956836552307 0.007878787878787881 0.0006738090425173504 0.00013074834649857682
0 0.0012987012987012987 0.0 1.0 0.0 0.00149950296349419 0.0011786181691630098 0.0116017316017316 0.000433162955904011 0.00046886011893675143
0 0.000744047619047619 0.0 1.0 0.0 0.0034254031998287577 0.00417677712849725 0.008686868686868689 0.0005811602991712149 0.00018987398832654717
0 0.0006747638326585695 0.0 1.0 0.0 0.0055737033101494245 0.002928657850846698 0.01745920745920746 0.0013761253906796659 0.036170100359029504
0 0.0021551724137931034 0.0 1.0 0.0 0.0016542979348025824 0.0005156454490088168 0.00643939393939394 0.00022741055184960583 0.01720693243175476
0 0.0006779661016949153 0.0 1.0 0.0 0.002922404622213032 0.0016075927267079515 0.015684848484848486 0.0012371134020618554 7.334777993905212e-05
0 0.0008333333333333333 0.0 1.0 0.0 0.002725554358887928 0.002575154996857496 0.00866666666666667 0.0006973923590054578 0.0002332300577473522
0 0.00234192037470726 0.0 1.0 0.0 0.01552728522461374 0.008520635679104575 0.007359307359307359 0.0021658147795200556 0.13845259958492975
0 0.0004743833017077799 0.0 1.0 0.0 0.0026310470149238413 0.0018261884196239943 0.012281639928698754 0.000749117111975172 0.00011938404132101309
0 0.000992063492063492 0.0 1.0 0.0 0.0015798181861531547 0.003049760102017747 0.014999999999999998 0.001137052759248029 0.0005544375907803257
0 0.002232142857142857 0.0 1.0 0.0 0.0032225464324473273 0.0018381802396421434 0.00935064935064935 0.0003465303647232089 0.008852724777836574
0 0.0008097165991902835 0.0 1.0 0.0 0.0033439804124040817 0.003113518907600141 0.0158213716108453 0.0013724426287063931 0.00024166229760726795
0 0.0004208754208754209 0.0 1.0 0.0 0.0017270303049743798 0.0017762648929339968 0.010841750841750842 0.0003369045212586753 0.00012819581762565203
0 0.0003827018752391887 0.0 1.0 0.0 0.001375508533726315 0.0008041715108708155 0.010069930069930073 0.0004353843043958265 9.069764274946547e-05
0 0.0021008403361344537 0.0 1.0 0.0 0.007194745244083316 0.0033762032210592026 0.009177489177489177 0.0009529585029888244 0.003666981252337006
0 0.0013175230566534915 0.0 1.0 0.0 0.001070299639508319 0.0 0.002975206611570248 0.0 0.008521852936264958
0 0.0007518796992481202 0.0 1.0 0.0 0.002165523376102049 0.001359199227585353 0.00992025518341308 0.0005106763269605184 0.00032159143320533297
0 0.0004856726566294318 0.0 1.0 0.0 0.004249036000008148 0.0025677032065711245 0.012957157784743994 0.0010455657556303717 0.03283128829995406
0 0.0007716049382716049 0.0 1.0 0.0 0.0020167312623627174 0.0010832458021485481 0.008249158249158247 0.00047166632976214547 0.00041542179764951016
0 0.0013698630136986301 0.0 1.0 0.0 0.0016827650340302445 0.001025855279988588 0.012424242424242424 0.00042449969678593093 0.0012645716311472895
0 0.0016891891891891893 0.0 1.0 0.0 0.0016207334066866506 0.001452310163116051 0.0025757575757575754 0.00030321406913280777 0.015117966423749778
0 0.0008888888888888889 0.0 1.0 0.0 0.0037732208128001066 0.002974841994191462 0.010626262626262626 0.0006872852233676975 0.0016863457651164762
0 0.0006578947368421052 0.0 1.0 0.0 0.0014444184035573371 0.0006989295321387985 0.006424242424242424 0.000272892662219527 0.0037949348890054615
0 0.001443001443001443 0.0 1.0 0.0 0.0034453659685728406 0.001636171623970419 0.004579124579124579 0.0003369045212586753 0.007007031098520722
0 0.0005574136008918618 0.0 1.0 0.0 0.007197922141366802 0.005134108438240166 0.013227931488801057 0.0017401850924143748 0.03651715518490853
0 0.0018083182640144665 0.0 1.0 0.0 0.00045242251451045633 0.0 0.005974025974025974 0.0 0.031082119266863273
0 0.0007352941176470588 0.0 1.0 0.0 0.003109403838408698 0.0034413091599902186 0.010837789661319075 0.0009988228159668962 0.00016333595447537712
0 0.001763668430335097 0.0 1.0 0.0 0.002450890428515591 0.0021036492308191103 0.002857142857142857 0.0004331629559040111 0.012020093037641935
0 0.0004516711833785005 0.0 1.0 0.0 0.002618130796687133 0.0010581475608028416 0.009292929292929294 0.0005390472340138805 0.00011750240208303904
0 0.0005020080321285141 0.0 1.0 0.0 0.005250200283756958 0.002630301741659342 0.007500000000000001 0.0006316959773600162 0.039724152061622844
0 0.0013227513227513227 0.0 1.0 0.0 0.0019081915334513433 0.0011723250834105889 0.005656565656565657 0.0007411899467690857 0.010542416656268257
0 0.001176470588235294 0.0 1.0 0.0 0.0019132054001598738 0.0004744721656068097 0.006242424242424242 0.00042449969678593093 0.009900995990815706
0 0.0004152823920265781 0.0 1.0 0.10714285714285714 0.0045143744968262536 0.0012771283452907383 0.010627705627705628 0.0005847699904704148 4.871716229306774e-05
0 0.00039635354736424893 0.0 1.0 0.0 0.0004954198916519953 0.0 0.009258098223615467 0.00027184709646389663 0.0012949537754213458
0 0.0011363636363636363 0.0 1.0 0.1 0.0005722691051704522 0.0007409639275639012 0.011333333333333334 0.0006670709520921771 0.002012937197433548
0 0.02564102564102564 0.0 1.0 0.05128205128205128 0.01776220184478126 0.01974894741334175 0.018737672583826432 0.006941493129338427 0.025641025641025647
0 0.013157894736842105 0.0 1.0 0.0 0.012827763272794376 0.01675213081500872 0.016194331983805668 0.00319860424542018 0.011805128357416518
0 0.020833333333333332 0.0 1.0 0.0 0.013128264793041819 0.008963705420884005 0.012019230769230768 0.0020718232044198894 0.021492145736311186
0 0.014705882352941176 0.0 1.0 0.0 0.009340118970829994 0.0019854558280027186 0.007756948933419522 0.0 0.018046793633343914
0 0.02 0.0 1.0 0.0 0.02185490849819114 0.03222886412622858 0.026373626373626374 0.007734806629834254 0.06343023496950753
0 0.013888888888888888 0.0 1.0 0.0 0.01094784172466215 0.012527430503359688 0.011446886446886446 0.0032228360957642726 0.001274284276604294
0 0.010989010989010988 0.0 1.0 0.0 0.0115106678968374 0.01734567300465188 0.01183431952662722 0.0 0.024953729148190405
0 0.0078125 0.0 1.0 0.0 0.0 0.0 0.01098901098901099 0.0 0.0005709380050793995
0 0.005291005291005291 0.0 1.0 0.0 0.011065504255876444 0.014317063432411075 0.012558869701726842 0.0018416206261510127 0.01501076457833773
0 0.02564102564102564 0.0 1.0 0.05128205128205128 0.016091552058336803 0.013200636012986947 0.012405273538876781 0.003328652415873511 0.02564102564102564
0 0.015625 0.0 1.0 0.0 0.008033755481223544 0.0035256724606946943 0.016257591093117408 0.002789046653144016 0.014560966175326356
1 0.0303030303030303 0.0 1.0 0.0 0.0017874437299481036 0.002974463981367671 0.02208317997791682 0.0025815969020837174 0.0008249207449909734
0 0.022727272727272728 0.0 1.0 0.0 0.006375452116122227 0.008457648140985133 0.0049687154950312845 0.002397197123363452 0.0021418257150521767
0 0.0071428571428571435 0.0 1.0 0.0 0.005875136594070797 0.005279810711503212 0.017423366107576634 0.0018110692552883222 0.028184444674944194
0 0.0047619047619047615 0.0 1.0 0.0 0.0033209634832282453 0.005825589686842635 0.010179294389820707 0.0004636337293538105 0.008574948271890063
0 0.010989010989010988 0.0 1.0 0.0 0.010911674679432144 0.0030971513989882524 0.012457178449081284 0.000936183491964425 0.0596587205308677
0 0.003787878787878788 0.0 1.0 0.0 0.010696182994178072 0.010741698758096465 0.015580910317752425 0.002397197123363452 0.03128485193331413
0 0.007936507936507936 0.0 1.0 0.0 0.01550929322328683 0.017575684664602374 0.01431463273568537 0.0028977108084613156 0.06599524548640064
0 0.0125 0.0 1.0 0.0 0.012160030209307747 0.00524680171837076 0.005313765182186235 0.0005070993914807302 0.09955436944799277
0 0.0036363636363636364 0.0 1.0 0.0 0.010309446061132092 0.010883815520675437 0.014493927125506074 0.002352941176470588 0.024237995933988767
0 0.0023148148148148147 0.0 1.0 0.0 0.008602255417200735 0.008956048449292825 0.012483130904183536 0.0015212981744421906 0.017919289481858412
0 0.0034965034965034965 0.0 1.0 0.0 0.012502853542350846 0.008385631060796928 0.019322782480677217 0.0017517978978425226 0.02358325105928768
0 0.002747252747252747 0.0 1.0 0.0 0.004714914903764984 0.0060711918501768925 0.011912176891933978 0.0012482446559525667 0.0001811669120893169
0 0.002777777777777778 0.0 1.0 0.0 0.00898096228999884 0.007664881235834901 0.015603913630229416 0.0016903313049357674 0.025767514292188206
0 0.001953125 0.0 1.0 0.0 0.005370954822477625 0.0024910621942539823 0.018092105263157892 0.0007606490872210953 0.0002134633923627506
0 0.0014705882352941176 0.0 1.0 0.0 0.006761111104037263 0.0030157512877896043 0.01437246963562753 0.0014198782961460446 0.0002169032467829277
0 0.004273504273504273 0.0 1.0 0.0 0.0021371964641113553 0.004245526455499648 0.019464341326689505 0.0006241223279762834 0.0010747304063428607
0 0.003508771929824561 0.0 1.0 0.0 0.008178451103364572 0.006439048457507801 0.011605937921727396 0.0005409060175794456 0.05286234427835996
0 0.0013513513513513514 0.0 1.0 0.0 0.0029688159681290696 0.004766692260210685 0.007823613086770981 0.0007675017817005646 0.007921320152962683
0 0.01639344262295082 0.0 1.0 0.03278688524590164 0.002492798734283475 0.003077113632972831 0.011467490298566562 0.0011256619209182865 0.016393442622950824
0 0.03571428571428571 0.0 1.0 0.0 0.0003178171280875149 0.001879633811363446 0.013802622498274674 0.0009671179883945844 0.0029561364611046825
0 0.013333333333333332 0.0 1.0 0.0 0.0025434616054446613 0.0028074413727432333 0.010705314009661834 0.001121856866537718 0.016671413732879257
0 0.01 0.0 1.0 0.0 0.0013158574592944472 0.0028096370529683244 0.008695652173913044 0.0010444874274661514 0.010394281955835609
0 0.010526315789473684 0.0 1.0 0.0 0.0017007848706488131 0.0024943020311712343 0.013272311212814645 0.0011707217754250232 0.009491732793186686
0 0.011904761904761904 0.0 1.0 0.0 0.0018604675597067711 0.0032893591698860305 0.011801242236024844 0.0008980381320806855 0.02786632135355529
0 0.004464285714285714 0.0 1.0 0.0 0.00303560621011526 0.0023342084140842386 0.012620772946859905 0.0011182301740812384 0.009281823236350925
0 0.015625 0.0 1.0 0.0 0.0 0.0016446795849430153 0.016304347826086956 0.0008462282398452611 0.05114894564072004
0 0.008547008547008546 0.0 1.0 0.0 0.0071622695098708345 0.0028728718942575243 0.009587513935340023 0.0009671179883945844 0.01139842778122056
0 0.005 0.0 1.0 0.0 0.0067019150947962205 0.0041487683241755394 0.004975845410628019 0.001063829787234043 0.00516106441305409
0 0.012987012987012988 0.0 1.0 0.0 0.000729747875766636 0.0028194507170451687 0.00676328502415459 0.0008289582757667864 0.09883140411613248
0 0.003472222222222222 0.0 1.0 0.0 0.0013565610480438413 0.002741132641571692 0.010587761674718197 0.000805931656995487 0.002736941383050992
0 0.002849002849002849 0.0 1.0 0.0 0.0025069492227844875 0.0027633080076461206 0.0048667024512435144 0.0003940110323089046 0.00637864082459887
0 0.002747252747252747 0.0 1.0 0.0 0.0022576771653960853 0.003191360249365799 0.01289483463396507 0.00022318107424490404 0.0016402311532219634
0 0.006060606060606061 0.0 1.0 0.0 0.0011958576954327733 0.0023922612144625676 0.008871321914800176 0.00017583963425356076 0.030445626677793436
0 0.002840909090909091 0.0 1.0 0.0 0.0035159775314311348 0.0040663689097424315 0.010057092665788319 0.0003077193599437313 0.013220112499721125
0 0.0034602076124567475 0.0 1.0 0.0 0.003274693653680704 0.0037526856752122424 0.009263995453253767 0.00039822505404482877 0.010549457631174868
0 0.003472222222222222 0.0 1.0 0.0 0.002454586501341359 0.003094794625346125 0.014130434782608696 0.00012088974854932302 0.02742660322446557
0 0.002288329519450801 0.0 1.0 0.0 0.002545302322331981 0.004047396263311425 0.007603444654484351 0.00021024304095534438 0.01078511660728794
0 0.0038461538461538464 0.0 1.0 0.0 0.005804700252749831 0.0041847745551512276 0.009364548494983279 0.0004463621484898081 0.008120927901798827
0 0.003663003663003663 0.0 1.0 0.0 0.004264815119791349 0.004554497312149889 0.005648457822370867 0.00029757476565987203 0.015928113039696466
0 0.0026737967914438505 0.0 1.0 0.0 0.003577054689467664 0.0029775694939648796 0.014435919295254332 0.0005120036409147798 0.008280042911956888
0 0.0018115942028985507 0.0 1.0 0.0 0.0057352153748291695 0.0037314202009701186 0.013003220611916265 0.00036266924564796907 0.0033940499217438615
0 0.006944444444444444 0.0 1.0 0.0 0.012073776213858816 0.005128102714262626 0.0075684380032206115 0.0003223726627981947 0.020540188633938406
0 0.005714285714285714 0.0 1.0 0.0 0.004595551298101806 0.0016881037808135855 0.018771566597653555 0.00027631942525559546 0.08322255200950188
0 0.0010683760683760685 0.0 1.0 0.0 0.0031059064427751324 0.0020691910319660337 0.012211486849168013 0.0002686438856651623 0.0010413502851866886
0 0.0009033423667570009 0.0 1.0 0.0 0.0026354973734495305 0.0034510716593383842 0.008459997643454698 0.0003538236542907015 0.005315961016071697
0 0.0015527950310559005 0.0 1.0 0.0 0.005896443183939744 0.0035547603912667314 0.010417979416089058 8.409721638213776e-05 0.011359355011436208
0 0.0011494252873563218 0.0 1.0 0.0 0.0023280248758000424 0.002631487335908824 0.010789049919484702 0.0 0.0003039460327803107
0 0.002777777777777778 0.0 1.0 0.0 0.0012004379950666668 0.0010964530566286768 0.00821256038647343 0.0003223726627981947 0.035363386510710804
0 0.0005467468562055768 0.0 1.0 0.0 0.002348114907060406 0.0037857121528996076 0.010464259395725865 0.000426187588106088 0.0020235583554282124
0 0.001838235294117647 0.0 1.0 0.0 0.004610796871773989 0.005118672847565853 0.009150326797385621 0.0005688929343497554 0.008219199960293556
0 0.0033670033670033673 0.0 1.0 0.0 0.006333099377652825 0.0014198902290541394 0.00998389694041868 0.0003223726627981947 0.008916481726965998
0 0.0008403361344537815 0.0 1.0 0.0 0.0026120256767047205 0.0027528658069895496 0.011815044858523123 0.0005526388505111909 0.005426974102505808
0 0.0015873015873015873 0.0 1.0 0.0 0.005237239592296432 0.0011466838119718987 0.011325818572195383 0.0002686438856651623 0.002085449840919958
0 0.0021367521367521365 0.0 1.0 0.0 0.002326958856418678 0.0020146185099703985 0.007060572277963584 0.0004463621484898081 0.030121339490225815
0 0.0016891891891891893 0.0 1.0 0.0 0.0015164483763312473 0.0019769900534660403 0.00857487922705314 0.0006648936170212766 0.021221854432090737
0 0.0013850415512465374 0.0 1.0 0.0 0.0025534108256743833 0.0013251555392188234 0.011695906432748539 0.0004581085208184872 0.005640279239318824
0 0.0011148272017837235 0.0 1.0 0.0 0.003807778181215533 0.0009757139883054248 0.007519428691451376 0.00037843747371961987 0.012968865160831549
0 0.0016666666666666668 0.0 1.0 0.0 0.0021267741777834096 0.000527961903574739 0.007149758454106281 0.0002578981302385558 0.022129237519433798
0 0.0016260162601626016 0.0 1.0 0.0 0.0028149963896681586 0.0 0.008180354267310789 0.0 0.036740269508163996
0 0.0007215007215007215 0.0 1.0 0.0 0.0012762089955237628 0.00025306184359277355 0.014873371395110526 0.0002637594513803411 0.002226763506477419
0 0.0016611295681063123 0.0 1.0 0.0 0.0011961860389301919 0.0006302558678427913 0.0158040027605245 0.0004144791378833932 0.0159682789337516
0 0.003787878787878788 0.0 1.0 0.0 0.007160577417077731 0.0023483968154105407 0.007729468599033816 0.00048355899419729207 0.09536815580523367
0 0.0014814814814814816 0.0 1.0 0.0 0.0021471907208261078 0.0005044517092750672 0.010756843800322059 0.00038684719535783365 0.0154691966747091
0 0.0005175983436853002 0.0 1.0 0.0 0.002873013448702785 0.0015732835978623698 0.00885668276972625 0.00039145251911209357 0.0024906551161448837
0 0.001519756838905775 0.0 1.0 0.0 0.0006038024144880748 0.0 0.013802622498274674 0.00034539928156949437 0.010435284688680877
0 0.0018939393939393938 0.0 1.0 0.0 0.00038686864211909884 0.0 0.005972771190162495 0.0 0.054641404888944915
0 0.0012004801920768306 0.0 1.0 0.0 0.0035891348422786447 0.0008288459348507791 0.008127308894572322 0.0001706678803049266 0.0263718215492554
0 0.0022222222222222222 0.0 1.0 0.2222222222222222 0.0007302624544631574 0.0 0.012882447665056362 0.0002149151085321298 0.02442629205232348
0 0.0021786492374727667 0.0 1.0 0.0 0.0010708895495039 0.0 0.0045088566827697265 0.0 0.06110476818327318