0 0.03333333333333333 0.0 1.0 0.06666666666666667 0.02541818059200267 0.01877847385993593 0.034259259259259246 0.00862470862470863 0.03333333333333333
0 0.03125 0.0 1.0 0.0 0.013154876473689273 0.02081152244024046 0.018663194444444448 0.005244755244755245 0.030885108616656925
0 0.01515151515151515 0.0 1.0 0.0 0.015896383264937395 0.019120301515941573 0.01893939393939394 0.002542911633820725 0.028418480800001766
0 0.006578947368421052 0.0 1.0 0.0 0.011709852997665415 0.010222174895687173 0.017361111111111112 0.0009201324990798675 0.01185083990869136
0 0.006896551724137932 0.0 1.0 0.0 0.01773593816881042 0.013122536316998912 0.01628352490421456 0.0004822763443453099 0.020524517295686346
0 0.018518518518518517 0.0 1.0 0.0 0.02753212430505146 0.021141864066276026 0.010030864197530862 0.0 0.027477933752662012
0 0.02857142857142857 0.0 1.0 0.0 0.022775247719860895 0.037409761045500464 0.023848878394332942 0.009523809523809528 0.02857142857142857
0 0.00909090909090909 0.0 1.0 0.0 0.015615046139389318 0.021814913682784865 0.017580766341096923 0.0021212121212121214 0.014801684704725258
0 0.01075268817204301 0.0 1.0 0.0 0.02126953884188617 0.022122218815735097 0.02052785923753666 0.004838709677419355 0.023746387396899746
0 0.045454545454545456 0.0 1.0 0.09090909090909091 0.018251235518456334 0.02538553171469515 0.02690700104493208 0.007882291119285336 0.045454545454545456
0 0.02631578947368421 0.0 1.0 0.0 0.02535362989822573 0.0340483179157783 0.02540834845735027 0.006997261940979615 0.026508894730432248
0 0.016666666666666666 0.0 1.0 0.0 0.007444619941300896 0.017456453366209164 0.022126436781609186 0.0034682080924855487 0.00016216822794308826
0 0.013157894736842105 0.0 1.0 0.0 0.010320637932043089 0.013924673115720288 0.02692075015124017 0.003954974140553696 0.012252844734517614
0 0.009090909090909092 0.0 1.0 0.0 0.017438870103688314 0.02214194662108681 0.02638453500522466 0.0031529164477141353 0.030861672125498653
1 0.010416666666666666 0.0 1.0 0.0 0.007187314142414728 0.012287562795022237 0.009339080459770114 0.002167630057803468 0.0019372442537325548
0 0.005494505494505494 0.0 1.0 0.0 0.01754868493110098 0.02050525459763976 0.03138815207780724 0.004668741662961316 0.022785211101124213
0 0.006578947368421052 0.0 1.0 0.0 0.006154268334049599 0.013785033259322607 0.0205686630369026 0.003346516580468512 0.00019410397178050984
0 0.0101010101010101 0.0 1.0 0.0 0.02848832332083979 0.020958103006911796 0.02037617554858934 0.005254860746190226 0.07095913328508868
0 0.045454545454545456 0.0 1.0 0.0 0.014569522721800766 0.021304590742936967 0.026839826839826844 0.01136363636363636 0.045454545454545456
0 0.011904761904761904 0.0 1.0 0.0 0.011149874342692883 0.02298339583429361 0.019501133786848077 0.002976190476190476 0.013795257938121192
1 0.012345679012345678 0.0 1.0 0.0 0.023280742462697252 0.017112448874387405 0.020458553791887126 0.003205128205128205 0.0038913379272378515
0 0.017857142857142856 0.0 1.0 0.0 0.013896730031066774 0.009343948850720207 0.03401360544217687 0.004120879120879121 0.00011376885480214389
0 0.029411764705882353 0.0 1.0 0.058823529411764705 0.027370152083414506 0.0184523902355344 0.025915261209378853 0.008285004142502068 0.029411764705882353
0 0.011904761904761904 0.0 1.0 0.0 0.02729215935291114 0.02244310373728202 0.018814518814518816 0.002012072434607646 0.017059947448746882
0 0.009009009009009009 0.0 1.0 0.0 0.02179208403783143 0.014436237846231327 0.018711018711018712 0.00038066235249333843 0.02506712835844237
0 0.015625 0.0 1.0 0.0 0.034556540762304744 0.01100895883625045 0.024475524475524483 0.003080985915492958 0.05861454488591895
0 0.014285714285714287 0.0 1.0 0.0 0.03132880238518427 0.011476423490253925 0.014985014985014988 0.0030181086519114686 0.05416689730702732
0 0.05 0.0 1.0 0.0 0.018520597094305917 0.010864204499863658 0.03720472440944882 0.00632411067193676 0.05000000000000001
0 0.013513513513513514 0.0 1.0 0.0 0.0142032925329254 0.011166943540425677 0.03043200680995956 0.0044867001388740535 0.018446727621959404
0 0.01111111111111111 0.0 1.0 0.0 0.008114201436898798 0.014664239180604614 0.032939632545931755 0.004874835309617919 0.00671852963711234
1 0.010869565217391304 0.0 1.0 0.0 0.009515250691374854 0.00928543168581699 0.01437863745292708 0.0008592541673827118 0.03664118517551187
0 0.0058823529411764705 0.0 1.0 0.0 0.010714470852185938 0.018607956189407835 0.030685502547475676 0.0036038130667286673 0.021719534672188106
0 0.003472222222222222 0.0 1.0 0.0 0.011684112960949332 0.014872910272787643 0.030265748031496054 0.0037055335968379445 0.0167207014597086
0 0.007518796992481203 0.0 1.0 0.0 0.006597148521176447 0.008490611312657763 0.014090343970161626 0.00041605991262741833 0.011448360855065958
0 0.005681818181818182 0.0 1.0 0.0 0.013748064915871527 0.01149891273037133 0.0288117394416607 0.0016169601149838302 0.04138575515919855
0 0.005291005291005291 0.0 1.0 0.0 0.013212167928773333 0.01220856912933896 0.029808773903262094 0.002635046113306983 0.03847260542795859
0 0.037037037037037035 0.0 1.0 0.0 0.01331321670516821 0.014249400031060986 0.022095959595959596 0.007830687830687834 0.037037037037037035
0 0.020833333333333332 0.0 1.0 0.0 0.011491731941915476 0.011337324605540518 0.018939393939393933 0.0047619047619047615 0.02337714447534876
0 0.01075268817204301 0.0 1.0 0.0 0.00916421986249196 0.015583283248867354 0.014296187683284453 0.0016589861751152074 0.01597162566334775
0 0.015625 0.0 1.0 0.0 0.006361679600357401 0.012008836674927189 0.015624999999999998 0.0017857142857142857 0.024806555666471736
0 0.01 0.0 1.0 0.0 0.013594505720066366 0.015124366690610212 0.01818181818181818 0.0017142857142857144 0.024737881053583117
0 0.006172839506172839 0.0 1.0 0.0 0.010121381383627902 0.019077998951404856 0.034301346801346805 0.005291005291005291 0.024692534259309302
0 0.011904761904761904 0.0 1.0 0.0 0.010190582750060127 0.019251017834819258 0.016098484848484848 0.0033333333333333335 0.02655937142623141
0 0.006578947368421052 0.0 1.0 0.0 0.015719954329959217 0.003975205533781411 0.01345693779904306 0.0015037593984962405 0.024064624985235223
0 0.03333333333333333 0.0 1.0 0.0 0.02684252727969314 0.02524111927267596 0.02384823848238482 0.010109289617486342 0.03333333333333334
0 0.0125 0.0 1.0 0.05 0.034869239971643144 0.029990854004500012 0.020934959349593493 0.0028688524590163938 0.011743574074952764
1 0.00980392156862745 0.0 1.0 0.0 0.026380347718163884 0.02020876608901349 0.01841224294595887 0.001446480231436837 0.015057052723488118
0 0.013157894736842105 0.0 1.0 0.0 0.027958052213860735 0.010983020525707266 0.020967051775780912 0.003451251078515962 0.018465251683613234
0 0.029411764705882353 0.0 1.0 0.0 0.024387564517225024 0.026878441844419718 0.020644796380090504 0.009708737864077667 0.029411764705882353
0 0.016666666666666666 0.0 1.0 0.0 0.017976415170255975 0.030804561046377254 0.015384615384615382 0.0035598705501618116 0.02768274653694682
0 0.017543859649122806 0.0 1.0 0.0 0.006605112805233189 0.023977320471492196 0.01062753036437247 0.0010219724067450178 0.013185593875848061
0 0.011904761904761904 0.0 1.0 0.0 0.018266286727218115 0.019222314259328504 0.017857142857142856 0.0032362459546925564 0.02027737695405873
0 0.03333333333333333 0.0 1.0 0.06666666666666667 0.01722764950320785 0.022309392156792396 0.03297872340425532 0.011111111111111106 0.03333333333333333
0 0.013157894736842105 0.0 1.0 0.05263157894736842 0.0179740622755279 0.019248428871885433 0.024356103023516235 0.001414827391058291 0.008503254371735956
0 0.01282051282051282 0.0 1.0 0.0 0.020138001981047596 0.022928374422715662 0.019230769230769225 0.0028949545078577337 0.02276314662006177
0 0.025 0.0 1.0 0.05 0.02353084510230392 0.0237097462366857 0.03571428571428572 0.008333333333333328 0.024999999999999998
0 0.015625 0.0 1.0 0.0 0.018091739106877607 0.013450044164076214 0.017857142857142856 0.001893939393939394 0.03404009159007414
0 0.013888888888888888 0.0 1.0 0.0 0.01955801716843719 0.025766646830773902 0.016290726817042606 0.0012626262626262627 0.04387781973866527
0 0.022727272727272728 0.0 1.0 0.0 0.03912860662874759 0.014054534634967586 0.028024606971975393 0.0 0.033312422701070106
0 0.007692307692307693 0.0 1.0 0.0 0.0277944609547146 0.014172032223427201 0.031810294968189705 0.003205128205128205 0.03406305966674901
0 0.030303030303030304 0.0 1.0 0.06060606060606061 0.01681828828821099 0.013828695373147418 0.018831168831168827 0.005213424568263281 0.030303030303030304
0 0.019230769230769232 0.0 1.0 0.0 0.016892708491590556 0.016885714191338046 0.021291208791208792 0.0064791838985387385 0.03939990412947611
0 0.01111111111111111 0.0 1.0 0.0 0.0038577933736965793 0.004648956517290968 0.016190476190476193 0.003225806451612904 0.010210054456306671
0 0.019230769230769232 0.0 1.0 0.0 0.011270361975074512 0.008489963604012505 0.017582417582417582 0.0011028398125172319 0.0037305504070133
0 0.0058823529411764705 0.0 1.0 0.0 0.007398665085991113 0.014365643711483222 0.025105042016806717 0.003584229390681004 0.008550863760104834
0 0.003968253968253968 0.0 1.0 0.0 0.010694208924740576 0.013120878606479015 0.019897959183673458 0.003328213005632361 0.021727360252336386
0 0.0038610038610038607 0.0 1.0 0.0 0.010909760529723382 0.01836540754532522 0.015154440154440155 0.0022280344860990025 0.01618974853977993
0 0.011363636363636364 0.0 1.0 0.0 0.014646692992568093 0.008150001458442822 0.015584415584415588 0.0006516780710329097 0.07169422737507715
0 0.0044444444444444444 0.0 1.0 0.0 0.01176860845900138 0.010727791024597479 0.012285714285714282 0.0005734767025089606 0.034373419592027686
0 0.003448275862068966 0.0 1.0 0.0 0.009154760776180701 0.003362943894858144 0.01145320197044335 0.0004943764676801385 0.00010735741986939932
0 0.05 0.0 1.0 0.1 0.02347122099144473 0.019427295362450716 0.017518248175182483 0.008823529411764706 0.05
0 0.013888888888888888 0.0 1.0 0.0 0.021568132614160615 0.02962571785276689 0.013990267639902675 0.003063725490196079 0.017896215497594486
0 0.011494252873563218 0.0 1.0 0.0 0.009230108393900552 0.0116733896101779 0.015353637050088095 0.003549695740365112 0.024921204808216513
0 0.0125 0.0 1.0 0.0 0.03025046827716931 0.038668322144704684 0.020437956204379562 0.006985294117647059 0.017879910884310856
0 0.00625 0.0 1.0 0.0 0.013096791753467809 0.018467720551711163 0.011177007299270073 0.00390625 0.00010867278784378845
0 0.03333333333333333 0.0 1.0 0.13333333333333333 0.026772828038794192 0.023055938488711725 0.026246719160104983 0.010052910052910046 0.033333333333333326
0 0.05555555555555555 0.0 1.0 0.0 0.01899296294978926 0.011655695237939323 0.02099737532808399 0.007054673721340388 0.0482085194734682
0 0.0101010101010101 0.0 1.0 0.0 0.04324054487578704 0.03886256824364412 0.027439751849200666 0.0036075036075036075 0.021450948990058553
0 0.020833333333333332 0.0 1.0 0.0 0.025848453903578664 0.02640338311566506 0.015091863517060369 0.001984126984126984 0.07080378286976542
0 0.013333333333333334 0.0 1.0 0.0 0.01840883296722991 0.01779086914804028 0.029921259842519685 0.0047619047619047615 0.04075933846976061
0 0.005952380952380952 0.0 1.0 0.0 0.020451922994263187 0.0061407034038598865 0.016310461192350956 0.0011337868480725624 0.015435344039139686
0 0.023255813953488372 0.0 1.0 0.0 0.01377638918949362 0.016223816687416674 0.02325581395348837 0.006181925228142481 0.023255813953488372
1 0.007575757575757576 0.0 1.0 0.0 0.021550842103798585 0.014925599284641624 0.027539546407470934 0.0013425393172228615 0.004384011322745684
0 0.006666666666666666 0.0 1.0 0.0 0.015623804177987947 0.010524195923157707 0.03823899371069182 0.002278481012658228 0.0042098313064230135
0 0.037037037037037035 0.0 1.0 0.07407407407407407 0.028851289436487633 0.030980186971460228 0.01815541031227305 0.012101210121012104 0.03703703703703704
0 0.02 0.0 1.0 0.0 0.021696248699367038 0.018858124096344624 0.01137254901960784 0.0019801980198019802 0.023881977422196655
0 0.01111111111111111 0.0 1.0 0.0 0.01493633294188564 0.020205132960369243 0.01241830065359477 0.0013201320132013201 0.015317161647538017
0 0.0125 0.0 1.0 0.0 0.02651092319956965 0.0249856416111636 0.022058823529411763 0.005445544554455446 0.02740761478700182
0 0.020833333333333332 0.0 1.0 0.041666666666666664 0.009610042706004318 0.010976961366272617 0.015957446808510644 0.0034063981042654003 0.020833333333333332
0 0.022727272727272728 0.0 1.0 0.0 0.016298451839801883 0.02224659786037568 0.022351171287341504 0.004739336492890995 0.028574016390349868
0 0.037037037037037035 0.0 1.0 0.0 0.014608656844867658 0.009356570279282609 0.0065668505384817435 0.002369668246445498 0.04450127555801636
0 0.010416666666666666 0.0 1.0 0.0 0.008854872269818846 0.011806174633615614 0.012115839243498816 0.002369668246445497 0.007693398126003143
0 0.025 0.0 1.0 0.0 0.02004502392447393 0.014940993989252725 0.02304964539007092 0.0029620853080568723 0.06869686818981406
0 0.00980392156862745 0.0 1.0 0.0 0.016161021832373983 0.009638539091765132 0.02058128215825337 0.0030666294954000556 0.031630480711374295
0 0.005494505494505494 0.0 1.0 0.0 0.006417684234634242 0.011034873202708278 0.01445717403164212 0.0016405395552314983 0.0016693837770888433
0 0.002840909090909091 0.0 1.0 0.0 0.010067039891840277 0.006364868199579529 0.021921341070277243 0.0011309780267126238 0.007888900272216426
1 0.0026455026455026454 0.0 1.0 0.0 0.012449507419951883 0.012625738918500126 0.01812450748620962 0.0020311442112389984 0.015867447424364904
0 0.004545454545454546 0.0 1.0 0.0 0.007169471273985538 0.003308502472061313 0.00924134966688158 0.0007539853511417493 0.0042408707494199635
0 0.003952569169960474 0.0 1.0 0.0 0.004817158692482501 0.0008422184172940216 0.015212252030013364 0.0015454358128992372 0.0040882086440752335
0 0.003968253968253968 0.0 1.0 0.0 0.017056860641921884 0.006698542197322325 0.017786783744230546 0.0016926201760324982 0.028988221071699325
0 0.008547008547008548 0.0 1.0 0.0 0.012275065685617067 0.0 0.008668242710795901 0.0 0.0449348097750821
0 0.0023809523809523807 0.0 1.0 0.0 0.011620228457782945 0.006088750990343248 0.017730496453900714 0.0017377567140600314 0.008868969912401386
0 0.0020833333333333333 0.0 1.0 0.0 0.009659171511871855 0.006193843780627514 0.014775413711583925 0.0015550947867298578 0.012582420395119604
0 0.001953125 0.0 1.0 0.0 0.0111318003535676 0.00683837770813304 0.020833333333333336 0.0016291469194312795 0.012443933669155699
0 0.004201680672268907 0.0 1.0 0.0 0.00574450519144755 0.0029026241046906523 0.007092198581560283 0.0013540961408259988 0.007760944588495961
0 0.038461538461538464 0.0 1.0 0.0 0.009605964304764092 0.01398286107962435 0.015045248868778281 0.004878602223734967 0.03846153846153847
0 0.017857142857142856 0.0 1.0 0.0 0.007146152643651315 0.011166846441685318 0.01334033613445378 0.004214075010535188 0.02582560286893205
0 0.007407407407407407 0.0 1.0 0.0 0.00987132750283855 0.013409726211474684 0.0180392156862745 0.0037364798426745313 0.014357896051857152
1 0.008928571428571428 0.0 1.0 0.0 0.014575945491729919 0.0117980584672972 0.013865546218487396 0.0024230931310577327 0.023366858981405125
0 0.005714285714285714 0.0 1.0 0.0 0.006977240145535739 0.010520172968945432 0.020252100840336136 0.0025284450063211123 0.025964600192138112
0 0.005555555555555555 0.0 1.0 0.0 0.00866027490375082 0.00869943805719897 0.02215686274509803 0.0032448377581120944 0.018541444781743112
0 0.003663003663003663 0.0 1.0 0.0 0.007308234360585768 0.004531265931950709 0.0226998491704374 0.0015883821193555707 0.000233001631407748
0 0.003289473684210526 0.0 1.0 0.0 0.006118043433278249 0.007450274478829724 0.01958204334365325 0.002173575531749728 0.01597292391327724
0 0.0024691358024691358 0.0 1.0 0.0 0.010470123835898404 0.0063099891885526685 0.01836601307189542 0.0017699115044247787 0.008995717984644075
0 0.0038461538461538464 0.0 1.0 0.0 0.007942057660095056 0.006588454926429811 0.02737556561085972 0.0036305877013841615 0.020286757909473166
0 0.043478260869565216 0.0 1.0 0.0 0.030336977514882388 0.018032561425403687 0.016546382679105794 0.005125486037469071 0.043478260869565216
0 0.016666666666666666 0.0 1.0 0.0 0.015858673985306417 0.014279256578139181 0.016869095816464237 0.005420054200542004 0.015648114354344995
0 0.0303030303030303 0.0 1.0 0.0 0.005959293644263403 0.015082915218013996 0.009569377990430623 0.0029563932002956398 0.005525848937546901
0 0.008620689655172414 0.0 1.0 0.0 0.005325838715915498 0.0068338563804993075 0.018567639257294433 0.00224278104850014 0.00693338457581733
1 0.0035714285714285718 0.0 1.0 0.03571428571428571 0.019907528028074238 0.01553993850705361 0.019013880855986123 0.0033391405342624854 0.014113109090723306
0 0.005555555555555555 0.0 1.0 0.0 0.01748432861006012 0.013888807892539852 0.011740890688259112 0.0018970189701897021 0.02437259918023018
0 0.007142857142857143 0.0 1.0 0.0 0.01633376476396383 0.020768823541121195 0.015789473684210527 0.002845528455284553 0.04846677965554851
0 0.003289473684210526 0.0 1.0 0.0 0.016528004276300457 0.004693979709300579 0.011932665672277859 0.001069747539580659 0.023894827338963188
0 0.01111111111111111 0.0 1.0 0.0 0.02181960711646134 0.0 0.013360323886639675 0.0 0.05108535334822713
0 0.041666666666666664 0.0 1.0 0.0 0.008788323082744649 0.015266353778013953 0.014772727272727272 0.005898021308980213 0.041666666666666664
0 0.019230769230769232 0.0 1.0 0.0 0.015100364641018243 0.019632054932792145 0.023776223776223772 0.00597119775201967 0.011044300124769191
0 0.006944444444444444 0.0 1.0 0.0 0.011320652157167155 0.01019594278931986 0.02518939393939393 0.0029490106544901064 0.0057202251517479525
0 0.00641025641025641 0.0 1.0 0.0 0.01410468008165546 0.014533372230977809 0.025757575757575753 0.002107481559536354 0.006118361923487468
0 0.011111111111111112 0.0 1.0 0.0 0.009659722446722661 0.01842443374409721 0.010606060606060607 0.0015220700152207 0.00010949090091071583
0 0.005555555555555555 0.0 1.0 0.0 0.012959558848663538 0.005176860550475123 0.011363636363636362 0.0 0.0016897200112940076
0 0.005952380952380952 0.0 1.0 0.0 0.006826554971388815 0.002900827745583768 0.019507575757575755 0.00076103500761035 0.013145042400295874
0 0.011363636363636364 0.0 1.0 0.0 0.009814464273709357 0.0 0.027685950413223134 0.0 0.00032120215723142214
0 0.023809523809523808 0.0 1.0 0.047619047619047616 0.019580929750721905 0.019573539442688866 0.02286255411255411 0.007210884353741501 0.023809523809523808
0 0.020833333333333332 0.0 1.0 0.0 0.029776851438471193 0.03263407622391401 0.031013257575757572 0.006666666666666667 0.02764631962041456
0 0.014492753623188404 0.0 1.0 0.0 0.018907112691526534 0.018031090061172837 0.02964426877470355 0.004968944099378882 0.018189197140198017
0 0.013888888888888888 0.0 1.0 0.0 0.02048615954279646 0.025913884812664035 0.0293560606060606 0.002857142857142857 0.0448238291264768
0 0.011764705882352941 0.0 1.0 0.0 0.021281904654979773 0.02669750796940375 0.03576203208556149 0.006722689075630252 0.034583215129164756
0 0.00641025641025641 0.0 1.0 0.0 0.0285438115774652 0.02808906061956736 0.03081293706293706 0.005714285714285714 0.023496855332537363
0 0.005494505494505494 0.0 1.0 0.0 0.010141186634541747 0.008487284396177944 0.020323426573426576 0.0008791208791208791 0.003902204291800245
0 0.037037037037037035 0.0 1.0 0.07407407407407407 0.0213413289153374 0.018694806139446532 0.018518518518518517 0.007569613409029465 0.037037037037037035
0 0.017857142857142856 0.0 1.0 0.0 0.020099789054292196 0.017707090349027493 0.01889233954451346 0.005213764337851929 0.018727783196939716
0 0.017543859649122806 0.0 1.0 0.0 0.023099568009831577 0.02566125943230882 0.02021357742181541 0.0019208605455243947 0.008205184749689074
0 0.006578947368421052 0.0 1.0 0.0 0.01879814168712395 0.019982156731423284 0.015636918382913808 0.0013446023818670765 0.014574776477731661
0 0.007692307692307693 0.0 1.0 0.0 0.012334958794390104 0.007955564101590918 0.018673355629877368 0.0008422234699606962 0.005446268849408336
0 0.03125 0.0 1.0 0.0 0.01278570754639148 0.013949094586629109 0.028698979591836735 0.006570512820512824 0.031249999999999997
0 0.011111111111111112 0.0 1.0 0.0 0.013625079231866512 0.01717524475547203 0.02517006802721088 0.0033048433048433056 0.0023188834144214562
0 0.02564102564102564 0.0 1.0 0.0 0.026314538078566745 0.03003379712684465 0.021585557299843017 0.0027613412228796844 0.005475053922203806
0 0.019230769230769232 0.0 1.0 0.0 0.008715538138399256 0.00986680649939291 0.02629513343799058 0.0015779092702169625 0.0010660550171568588
0 0.0044444444444444444 0.0 1.0 0.0 0.013059763142389429 0.015978712217551476 0.01678004535147392 0.0029629629629629637 0.012641832856651809
0 0.006172839506172839 0.0 1.0 0.0 0.013624151605702158 0.015193842871954475 0.021352985638699924 0.0017094017094017092 0.015705041405055745
0 0.006802721088435374 0.0 1.0 0.0 0.013521444545102169 0.01928383892908277 0.025024295432458703 0.004639804639804641 0.014627832381639398
0 0.041666666666666664 0.0 1.0 0.0 0.03137956981373032 0.02096707718016327 0.018415178571428575 0.005979073243647236 0.04166666666666666
0 0.0125 0.0 1.0 0.0 0.012814307028142628 0.014868047237467125 0.015959821428571427 0.004932735426008971 0.008829278995605854
0 0.012345679012345678 0.0 1.0 0.0 0.007915372602030062 0.016300299144951676 0.010085978835978835 0.0006643414715163594 0.004901619675929513
0 0.007352941176470588 0.0 1.0 0.0 0.016768019037467857 0.018592138296613457 0.018513655462184878 0.003824848324980216 0.03254202463834005
0 0.0125 0.0 1.0 0.0 0.0019035381101676595 0.009532503872371511 0.014229910714285712 0.0 0.00039878047791665574
0 0.018518518518518517 0.0 1.0 0.0 0.0 0.0 0.011408730158730158 0.0 0.003153769628270556
0 0.00510204081632653 0.0 1.0 0.0 0.019908264415176635 0.01732308964445012 0.018654336734693872 0.003042921204356182 0.04013184051042112
0 0.005208333333333333 0.0 1.0 0.0 0.02023498913669039 0.00762600309789721 0.009114583333333332 0.001494768310911809 0.03435961769458765
0 0.00505050505050505 0.0 1.0 0.0 0.011533159590912306 0.0 0.014407467532467532 0.0 0.018222492929345295
0 0.04 0.0 1.0 0.0 0.014922038381765415 0.01960692476563353 0.013333333333333334 0.006502463054187188 0.04
0 0.011111111111111112 0.0 1.0 0.044444444444444446 0.015527347335904208 0.01906795959871408 0.017647058823529405 0.004597701149425286 0.015791741972944428
0 0.013333333333333332 0.0 1.0 0.0 0.013606874581256955 0.018165366078102846 0.017058823529411765 0.002758620689655172 0.0294508912913153
0 0.009615384615384616 0.0 1.0 0.0 0.016136565409988965 0.0169541251605528 0.01998491704374057 0.0034103827207275484 0.032714757726407244
0 0.006896551724137932 0.0 1.0 0.0 0.015310833352994276 0.018268754486517727 0.01470588235294118 0.0035671819262782403 0.02920524139703166
0 0.006666666666666666 0.0 1.0 0.0 0.02067965939406971 0.02575164719958075 0.020784313725490194 0.005911330049261083 0.022015016953402834
0 0.0049261083743842365 0.0 1.0 0.0 0.004360689742546599 0.0 0.007775524002704529 0.00033973161202649905 0.00032800962476202286