0 0.041666666666666664 0.0 1.0 0.0 0.01720066236106225 0.014475608541263429 0.012083333333333335 0.006281407035175876 0.04166666666666668
0 0.011627906976744186 0.0 1.0 0.0 0.016937060842486376 0.019188090106781047 0.020000000000000007 0.005492579174944487 0.016327840373542183
0 0.01515151515151515 0.0 1.0 0.0 0.008880852180024485 0.012615369648883238 0.014772727272727276 0.0009136592051164915 0.018823212783974502
0 0.009615384615384616 0.0 1.0 0.0 0.009136132384517708 0.015397442286489057 0.016153846153846158 0.002512562814070352 0.022577810445815368
0 0.008 0.0 1.0 0.0 0.014262922320315858 0.01694870407824875 0.015600000000000004 0.001407035175879397 0.03078620777867176
0 0.008771929824561403 0.0 1.0 0.0 0.016073637570870016 0.009372830889282327 0.017631578947368425 0.0010579211848717272 0.035245663813982586
0 0.007142857142857143 0.0 1.0 0.0 0.0184556528262896 0.013045864540277013 0.016750000000000004 0.003015075376884422 0.03233875686198172
0 0.005952380952380952 0.0 1.0 0.0 0.015370992228361453 0.01787668399039373 0.01428571428571429 0.0033500837520938024 0.03272666669947524
0 0.04 0.0 1.0 0.0 0.018142249180096458 0.015048944610922543 0.011836734693877552 0.004368600682593856 0.04
0 0.02631578947368421 0.0 1.0 0.0 0.014427358897430034 0.008553397403138166 0.010383100608664519 0.003233339320998743 0.039235886115757214
0 0.011494252873563218 0.0 1.0 0.0 0.015245864063671637 0.011097271911033173 0.012667135819845177 0.003295280687301399 0.03191958386029249
0 0.005813953488372093 0.0 1.0 0.0 0.010335292288879807 0.011868398459808624 0.017956019617149186 0.0019842844670211923 0.017025426779593525
0 0.011764705882352941 0.0 1.0 0.11764705882352941 0.015351829943759198 0.012608855651336272 0.019007603041216486 0.0032122063842601883 0.022756363263283542
0 0.004065040650406504 0.0 1.0 0.0 0.009045706047774002 0.011534365262979747 0.018002322880371662 0.0015816199117622573 0.01241976973789957
0 0.006493506493506493 0.0 1.0 0.0 0.014671632537807388 0.016293537062382697 0.016388373531230672 0.0024821594787465093 0.028821551681059064
0 0.008333333333333333 0.0 1.0 0.0 0.009474395363328942 0.01149655012707255 0.014965986394557823 0.0011376564277588168 0.00038114925979914016
0 0.013888888888888888 0.0 1.0 0.0 0.017291118206178634 0.005804091094986613 0.009778911564625849 0.0 0.08154322368464607
0 0.005555555555555556 0.0 1.0 0.0 0.011113941704472061 0.0012897980211081363 0.013983371126228265 0.0005688282138794084 0.012298303709949655
0 0.005347593582887701 0.0 1.0 0.0 0.014464806519854111 0.009198503842177783 0.016606642657062826 0.0026099176872114035 0.036565033479761706
0 0.0043859649122807015 0.0 1.0 0.0 0.005000257656460389 0.0057864124503752305 0.01467955603293949 0.0026944494341656186 0.0006368360435847171
0 0.003663003663003663 0.0 1.0 0.0 0.006465147364500364 0.0022566577869243963 0.013119533527696792 0.0016252234682268812 0.00016247993430548382
0 0.03225806451612903 0.0 1.0 0.06451612903225806 0.01303487012730752 0.011066838460510344 0.01238073602907769 0.004331471560469621 0.03225806451612903
0 0.013513513513513514 0.0 1.0 0.0 0.007722946263709937 0.005197130943233166 0.00704225352112676 0.003533568904593638 0.014806390642029472
0 0.0196078431372549 0.0 1.0 0.0 0.006173466437142151 0.00764728574169381 0.011391880695940349 0.002702140927042195 0.018643052126783907
0 0.006756756756756757 0.0 1.0 0.0 0.009088864504045916 0.011138852282022733 0.009421393224210123 0.0013370260720084043 0.005388105743434623
0 0.0058823529411764705 0.0 1.0 0.0 0.0070688963771830034 0.006480723440566482 0.014498757249378623 0.0004157139887757223 0.021141752420034333
0 0.008333333333333333 0.0 1.0 0.0 0.00677378109013464 0.014445997061235769 0.00880281690140845 0.0007067137809187279 0.012486289936136897
0 0.007518796992481203 0.0 1.0 0.0 0.01487672559748894 0.013249548718265076 0.01000741289844329 0.0003719546215361726 0.030778898930854462
0 0.0078125 0.0 1.0 0.0 0.007872165871960197 0.00822236078654809 0.01826584507042253 0.0013250883392226147 0.03179120333587792
0 0.004629629629629629 0.0 1.0 0.0 0.008486073561272704 0.01071364893436471 0.01026995305164319 0.0005889281507656066 0.0072955815553393324
0 0.0020408163265306124 0.0 1.0 0.0 0.004244264659430696 0.004476826850202844 0.010778959471112386 0.0007211365111415591 0.0007607932043436691
0 0.03571428571428571 0.0 1.0 0.07142857142857142 0.0099218565812788 0.01233219315927574 0.010690528983211909 0.0033333333333333335 0.03571428571428571
0 0.012195121951219513 0.0 1.0 0.0 0.011204033493825588 0.008856430910448005 0.016061867935752525 0.0031978319783197828 0.000943828989267952
0 0.017543859649122806 0.0 1.0 0.0 0.0020075015466464886 0.0041250515947913804 0.014820865912008404 0.002690058479532164 0.0006044864983445894
0 0.007142857142857143 0.0 1.0 0.0 0.012367080208905132 0.010013479166685962 0.009946151409566048 0.0020317460317460317 0.01496565924522468
0 0.0058823529411764705 0.0 1.0 0.0 0.009979431802369335 0.00619791612480387 0.013760271292552502 0.0011111111111111111 0.01702174485151917
0 0.00641025641025641 0.0 1.0 0.0 0.010527926609906072 0.011296152450348236 0.009551424185570527 0.0008547008547008547 0.03147856343816755
0 0.004201680672268907 0.0 1.0 0.0 0.006296675245283793 0.010855443520134367 0.01154297639233077 0.0014379084967320263 0.00022294825219500833
0 0.005952380952380952 0.0 1.0 0.0 0.010227826080292105 0.010835294912682855 0.007602153943617358 0.0019047619047619048 0.043285831009422474
0 0.0037037037037037034 0.0 1.0 0.0 0.004108604234086334 0.006590054015160472 0.013303769401330379 0.0008148148148148149 0.010244157639623651
0 0.005 0.0 1.0 0.0 0.010034214655000264 0.006386291890608983 0.010643015521064302 0.001 0.039552791816515866
0 0.003952569169960474 0.0 1.0 0.0 0.007170764024336786 0.00680017632656201 0.008676371348693724 0.0015458937198067632 0.033846457888404236
0 0.0037878787878787876 0.0 1.0 0.0 0.009409106432725354 0.003987614983248462 0.008264462809917357 0.00101010101010101 0.03682364887332798
0 0.0027472527472527475 0.0 1.0 0.0 0.008359789633214496 0.0018583315583101015 0.00910674691162496 0.0007936507936507937 0.03052630426887999
0 0.0012755102040816326 0.0 1.0 0.0 0.008740614435567697 0.003198863185729322 0.013264174849540702 0.0009126984126984128 2.2249260117961506e-05
0 0.00196078431372549 0.0 1.0 0.0 0.007692174432752465 0.0026890766435894056 0.009782183383331158 0.0005882352941176471 0.0014462897293499814
0 0.03333333333333333 0.0 1.0 0.06666666666666667 0.012023473434021225 0.015144979924577565 0.009820585457979225 0.004166666666666665 0.03333333333333333
1 0.01282051282051282 0.0 1.0 0.0 0.0105471353950244 0.011015009067227136 0.01627079247475848 0.004370629370629368 0.010099115433077812
0 0.015873015873015872 0.0 1.0 0.0 0.00870552812239536 0.01215837507701825 0.011871037366788077 0.003923160173160172 0.014581412180144273
0 0.006944444444444444 0.0 1.0 0.05555555555555555 0.009360510809696205 0.012629308593348744 0.010072395341517153 0.0009469696969696971 0.0054682388747392
0 0.025 0.0 1.0 0.0 0.009061078324187326 0.011608742179204275 0.013456090651558075 0.00390625 0.024422992977561408
0 0.006944444444444444 0.0 1.0 0.0 0.009152777045679414 0.010467700275001898 0.012983947119924455 0.0008285984848484849 0.02593859588615784
0 0.003663003663003663 0.0 1.0 0.0 0.007961354338779803 0.007816930189641955 0.01016924529672405 0.0010926573426573425 0.016074697702006806
0 0.010416666666666666 0.0 1.0 0.0 0.003157034035845198 0.008413993435384641 0.013928234183191694 0.0011837121212121212 0.0012900103836442727
0 0.006172839506172839 0.0 1.0 0.0 0.00422032403363656 0.0042944411384623175 0.008970727101038715 0.0 0.0005937213848381745
0 0.005263157894736842 0.0 1.0 0.0 0.01192956011262315 0.01417842219670297 0.0050693305501714634 0.0007476076555023923 0.0029752094447023634
0 0.004132231404958678 0.0 1.0 0.0 0.010779444844340907 0.0035817232654346536 0.010816379088333761 0.0014204545454545455 0.009498840070837648
0 0.0037878787878787876 0.0 1.0 0.0 0.0092930095496927 0.005338540094805602 0.014936904455318055 0.002066115702479339 0.01019173198862012
0 0.0024813895781637717 0.0 1.0 0.0 0.0024349462955549233 0.000951788279122106 0.011696975235310245 0.001282991202346041 0.0025183262120442172
0 0.007142857142857143 0.0 1.0 0.0 0.00737503138455792 0.0 0.010481586402266289 0.0005681818181818182 0.017323720475486352
0 0.0030303030303030303 0.0 1.0 0.0 0.008687522503592858 0.005851520951740203 0.008884882822559876 0.0012913223140495868 0.0005380582175945201
0 0.029411764705882353 0.0 1.0 0.058823529411764705 0.008893378348786684 0.006471920420874409 0.010797562268150502 0.0027220820608152953 0.029411764705882353
0 0.011904761904761904 0.0 1.0 0.0 0.004861155922277006 0.006215237610260845 0.009759759759759758 0.0022573363431151227 0.01813466260903667
0 0.018518518518518517 0.0 1.0 0.0 0.0017377961038849287 0.0008530718288593316 0.010885885885885887 0.0022573363431151244 0.0030417790760050105
0 0.007352941176470588 0.0 1.0 0.0 0.005946267694217074 0.007677646459733985 0.009472708002119766 0.0013942371531005182 0.0011207746063391431
0 0.013333333333333334 0.0 1.0 0.0 0.005454174479109695 0.0068351450362579315 0.01141141141141141 0.0009029345372460496 0.0004973151318819728
0 0.00641025641025641 0.0 1.0 0.0 0.0032991659579765086 0.00568912401432116 0.006843381843381844 0.0005209237714881056 0.005100835407937325
0 0.004329004329004329 0.0 1.0 0.0 0.005367183738435556 0.004653119066505445 0.00887250887250887 0.0004104247896572953 0.010458065431798055
0 0.0033783783783783786 0.0 1.0 0.0 0.003913031686514627 0.00667380020652093 0.010896031166301433 0.0006710999938990909 0.010104977613495363
0 0.004830917874396135 0.0 1.0 0.0 0.0079136069194763 0.007479893685119963 0.008617312965139052 0.00039258023358523895 0.015692647842236625
0 0.005555555555555556 0.0 1.0 0.0 0.009528905992444194 0.01091608196163734 0.005005005005005005 0.0005016302984700275 0.01465560884622351
0 0.0036363636363636364 0.0 1.0 0.0 0.009488852479113042 0.00804916314321386 0.008648648648648649 0.0005417607223476298 0.03005897450085303
0 0.004166666666666667 0.0 1.0 0.0 0.004588119551907989 0.008965182007060441 0.007545045045045044 0.0002257336343115124 0.0013160358361775713
0 0.0019723865877712033 0.0 1.0 0.0 0.005046570522926966 0.0026115729644601605 0.011376761376761376 0.0006366846095965734 0.0028173785455694006
1 0.0015873015873015873 0.0 1.0 0.0 0.002981927976112153 0.0 0.014414414414414415 0.0009029345372460496 0.0016538224165620393
0 0.0019047619047619048 0.0 1.0 0.0 0.0026175231565412444 0.0014714691969445212 0.012483912483912481 0.0009029345372460495 0.002006856683290536
0 0.04 0.0 1.0 0.0 0.011128495432982404 0.011034710886266735 0.016219931271477667 0.0045517241379310356 0.04
0 0.014285714285714285 0.0 1.0 0.0 0.006361026631112504 0.014954077878242671 0.011192930780559648 0.004236453201970446 0.01376721619864632
0 0.008771929824561403 0.0 1.0 0.0 0.009047238330294537 0.011140545183394232 0.011756194610236937 0.00235934664246824 0.01580486197132361
0 0.011904761904761904 0.0 1.0 0.0 0.008942802003806729 0.01094214339443731 0.017345769923089515 0.0008210180623973727 0.00018162868645304594
0 0.005714285714285714 0.0 1.0 0.0 0.0058995492298393685 0.00943818687929312 0.013254786450662739 0.00029556650246305416 0.006010653713947892
0 0.007936507936507936 0.0 1.0 0.0 0.011253162061922665 0.011152477359209404 0.018982163312060218 0.0004926108374384236 0.014448523047760096
0 0.005714285714285714 0.0 1.0 0.0 0.009711056434421205 0.009499892339146105 0.021855670103092785 0.001793103448275862 0.015176074053078336
0 0.00390625 0.0 1.0 0.0 0.006348276630387596 0.0071640008931427995 0.020403780068728526 0.0015086206896551724 0.00015783588788528124
0 0.004629629629629629 0.0 1.0 0.0 0.010192779109886412 0.008313840327164349 0.01589347079037801 0.0022988505747126436 0.011641991863907292
0 0.002857142857142857 0.0 1.0 0.0 0.005297632973770021 0.003956851565902086 0.017771232204221898 0.0012807881773399014 0.010050213709916937
0 0.03333333333333333 0.0 1.0 0.06666666666666667 0.013909286012302301 0.014890943738293905 0.011733333333333337 0.004819277108433733 0.033333333333333326
0 0.018518518518518517 0.0 1.0 0.0 0.011945287324448302 0.01416533194802028 0.010370370370370372 0.0038673211363974397 0.006867008202160734
0 0.037037037037037035 0.0 1.0 0.0 0.007337195729675293 0.015859307572987383 0.0044444444444444444 0.004462293618920126 0.016901886193379075
0 0.025 0.0 1.0 0.0 0.0086915760519821 0.013659427235590984 0.012 0.0016064257028112448 0.025382342291596006
0 0.011111111111111112 0.0 1.0 0.0 0.014810785479330322 0.017476404380467787 0.013555555555555555 0.0015618027666220438 0.008634934182535338
0 0.016666666666666666 0.0 1.0 0.0 0.011914413257448745 0.01639131268270918 0.0116 0.0 0.028851775433488786
0 0.009523809523809523 0.0 1.0 0.0 0.008637576499708666 0.012785742727240713 0.004 0.0005354752342704149 0.012431422401937668
0 0.005208333333333333 0.0 1.0 0.0 0.004315797453672503 0.010918902093541384 0.008833333333333335 0.001004016064257028 0.007353724482452805
0 0.008547008547008546 0.0 1.0 0.0 0.0011750452392118962 0.004202900687874149 0.014153846153846156 0.0006178560395427864 0.0032890547589397878
0 0.0038461538461538464 0.0 1.0 0.0 0.01116030701838887 0.008132282952487264 0.008307692307692306 0.0012357120790855729 0.008100156486480527
0 0.0034965034965034965 0.0 1.0 0.0 0.013129171580457493 0.0021014503439370745 0.008461538461538463 0.0003089280197713932 0.019055431810218987
0 0.0037878787878787876 0.0 1.0 0.0 0.01693738241707537 0.002483532224652906 0.010181818181818183 0.00036509675063891927 0.0011812903344300804
0 0.0038461538461538464 0.0 1.0 0.0 0.004853028014826161 0.0 0.0036000000000000003 0.0 0.000409062676173252
0 0.041666666666666664 0.0 1.0 0.08333333333333333 0.01038314603876989 0.007493522260682336 0.013043478260869568 0.003270348837209303 0.04166666666666668
1 0.014285714285714285 0.0 1.0 0.0 0.008390595028924098 0.009731112115592242 0.017142857142857144 0.004651162790697675 0.0023602440541786195
0 0.008547008547008546 0.0 1.0 0.0 0.008375373146956754 0.012535200640567101 0.01486436269044965 0.0038014311270125225 0.016058357201735783
0 0.008333333333333333 0.0 1.0 0.0 0.01365658773590432 0.01609233121177336 0.015748792270531404 0.0034883720930232553 0.00012414800022151807
1 0.0071428571428571435 0.0 1.0 0.0 0.012413220632636566 0.016009379747176224 0.01873706004140787 0.003114617940199335 9.502378796294633e-05
0 0.005747126436781609 0.0 1.0 0.0 0.007811531098658917 0.009976760097433203 0.015292353823088455 0.002305533279871692 0.004017992500202069
0 0.0037593984962406013 0.0 1.0 0.0 0.0033945585580442803 0.004197172981121703 0.012585812356979406 0.0006884944920440637 0.011938446311574792
0 0.0029069767441860465 0.0 1.0 0.0 0.0142443462944604 0.015196841629311373 0.012740141557128415 0.002568956192536506 0.007867142499896585
0 0.0024154589371980675 0.0 1.0 0.0 0.011021425681877552 0.007819891579750778 0.014240705734089481 0.001074317492416582 0.002297397119765766
0 0.0030303030303030303 0.0 1.0 0.0 0.00994129557382183 0.0046404479578263215 0.013438735177865617 0.0016737138830162086 0.004407671323516218
0 0.02857142857142857 0.0 1.0 0.05714285714285714 0.014735996940437729 0.010460695811096977 0.012970521541950114 0.003912647861692447 0.02857142857142857
0 0.021739130434782608 0.0 1.0 0.0 0.007339796294453523 0.0073432378489995285 0.012698412698412702 0.003184713375796178 0.0036966211265789125
0 0.01075268817204301 0.0 1.0 0.0 0.010404123387645523 0.01108136214105104 0.011469534050179211 0.002671049928087117 0.018749502781299648
0 0.011363636363636364 0.0 1.0 0.0 0.009886609073831537 0.008661734005327 0.011111111111111112 0.0005790387955993052 0.017557316303506945
0 0.005555555555555556 0.0 1.0 0.0 0.00928875292478892 0.010843628091250567 0.01313932980599647 0.0018577494692144374 0.009286775229601536
0 0.009259259259259259 0.0 1.0 0.0 0.012554366851994174 0.00962830115120214 0.007054673721340389 0.00035385704175513094 0.0034803236344337967
0 0.0033222591362126242 0.0 1.0 0.0 0.008215349361278728 0.009280851453468067 0.009597637504614249 0.001259072729965931 0.01446860017774269
0 0.00625 0.0 1.0 0.0 0.00833604891468152 0.009015347561135464 0.009047619047619047 0.0009554140127388536 0.02602231970718295
0 0.0038314176245210726 0.0 1.0 0.06896551724137931 0.007835269385135185 0.006481916131405951 0.004488232074438971 0.00021963540522732265 0.016551272546531916
0 0.005263157894736842 0.0 1.0 0.0 0.012696187185027331 0.00989345093740908 0.013868003341687552 0.0006704659738518271 0.0056165533793986555
0 0.002840909090909091 0.0 1.0 0.0 0.0128932943635913 0.007416623228333653 0.012797619047619047 0.002089968152866242 0.017885539301396105
0 0.011904761904761904 0.0 1.0 0.2857142857142857 0.02376647528812956 0.009472766842081275 0.0054421768707483 0.0027297543221110098 0.057848679298388286
0 0.019230769230769232 0.0 1.0 0.038461538461538464 0.007711433206015339 0.004563662497783799 0.0078781512605042 0.002307692307692306 0.019230769230769232
0 0.015625 0.0 1.0 0.0 0.0065957963338387215 0.006712889569070045 0.006171218487394959 0.002171052631578946 0.021757382526605685
0 0.006289308176100628 0.0 1.0 0.0 0.0036748821039280706 0.004323269760206118 0.01018709370540669 0.001628599801390267 0.0031611122336153287
0 0.006756756756756757 0.0 1.0 0.0 0.010181391279400447 0.008916001204477969 0.009709289121053826 0.0013086770981507825 0.019854748562175794
0 0.005714285714285714 0.0 1.0 0.0 0.008347230729987354 0.007620068139081973 0.008343337334933974 0.000481203007518797 0.02105987490030483
0 0.007575757575757575 0.0 1.0 0.09090909090909091 0.00383067850349286 0.0026037874692150472 0.0054430863254392664 0.0 0.00447317944633581
0 0.004608294930875576 0.0 1.0 0.0 0.009059870396772978 0.00877728356557976 0.007454594741122256 0.00033955857385398983 0.023593725842753696
0 0.005952380952380952 0.0 1.0 0.0 0.0023097014353344364 0.006137499034578326 0.0064025610244097635 0.0 0.0004937867058145302
0 0.0028490028490028487 0.0 1.0 0.0 0.007865708272735543 0.008648147451042615 0.009965524671407024 0.0012955465587044536 0.006459770110388567
0 0.0058823529411764705 0.0 1.0 0.0 0.008808010620159304 0.010709293988621785 0.00902125556104795 0.0014860681114551083 0.023143203378648326
0 0.005347593582887701 0.0 1.0 0.0 0.01628704822778724 0.008905027258862407 0.009886307464162138 0.001981424148606811 0.045796056751541525
0 0.0043859649122807015 0.0 1.0 0.0 0.0012613406622415306 0.0 0.009287925696594429 0.0 0.0004398174029252975
0 0.004273504273504274 0.0 1.0 0.0 0.003330393571564965 0.0021891278268477083 0.0065359477124183 0.0005847953216374269 0.0013792770909272258
0 0.0014005602240896359 0.0 1.0 0.0 0.004682037375314231 0.0036024322660251785 0.006673257538309441 0.0009907120743034054 0.0010084887731526579
0 0.00392156862745098 0.0 1.0 0.0 0.01289993369212685 0.004693018117485123 0.012110726643598618 0.0017337461300309597 0.04922273967832342
0 0.004166666666666667 0.0 1.0 0.0 0.01635275260860479 0.0058637239152427 0.008263305322128852 0.0009824561403508772 0.0474248778828146
0 0.03225806451612903 0.0 1.0 0.06451612903225806 0.017648655857114705 0.01394939462031617 0.020436786215187335 0.005024620641141593 0.03225806451612904
0 0.022727272727272728 0.0 1.0 0.0 0.013849478873901906 0.018206486617737706 0.020186335403726708 0.005947323704333049 0.050540156983682465
0 0.010416666666666666 0.0 1.0 0.0 0.01455253953138867 0.019268637816831833 0.020768633540372672 0.005938473520249221 0.03164262049943881
0 0.008928571428571428 0.0 1.0 0.0 0.007711176339308845 0.011291969970880184 0.014307897071872229 0.0024477080551846904 0.0106403845782818
0 0.013333333333333334 0.0 1.0 0.0 0.009666757653180508 0.01895337893966754 0.02525879917184265 0.0033229491173416407 0.01472279098029167
0 0.008333333333333333 0.0 1.0 0.0 0.008219815747152808 0.009601712606316214 0.02624223602484472 0.0021806853582554517 0.007322114643996633
0 0.007142857142857143 0.0 1.0 0.0 0.01823977206001527 0.014893619175055222 0.01677018633540373 0.0034267912772585666 0.050500734920990185
0 0.004464285714285714 0.0 1.0 0.0 0.009889071717364457 0.013609003070890158 0.020962732919254656 0.0024477080551846904 0.010571749946617392
0 0.007936507936507936 0.0 1.0 0.0 0.019947512447384446 0.023436891654986084 0.027062999112688554 0.006230529595015576 0.08140062480059466
0 0.004 0.0 1.0 0.0 0.001553562389811244 0.006781203502379374 0.014658385093167702 0.0004984423676012461 0.0003986059387269674
0 0.003952569169960474 0.0 1.0 0.0 0.01834522559540037 0.00552815502911362 0.01552795031055901 0.00027089259108763376 0.030516292304903513
0 0.006944444444444444 0.0 1.0 0.0 0.015465014772901743 0.0 0.013198757763975154 0.0 0.00027847015244024777
0 0.003344481605351171 0.0 1.0 0.0 0.013390101675716571 0.0018427183430378736 0.011882257628949499 0.0008126777732629012 7.17671939353223e-05
0 0.0024630541871921183 0.0 1.0 0.0 0.013083466882780163 0.005309955740075188 0.016170486185478693 0.0021484584810398536 0.00904556020584298
0 0.02702702702702703 0.0 1.0 0.05405405405405406 0.011782628575397722 0.007014308308835257 0.014989779695662049 0.00341633768600061 0.02702702702702703
0 0.009433962264150943 0.0 1.0 0.0 0.005384489305683375 0.007926004252100986 0.0076634427355848 0.0032859868560525802 0.003664566475632844
0 0.007751937984496124 0.0 1.0 0.0 0.0051623024774943025 0.007637978101198048 0.012637613184808806 0.0013718317219754376 0.012668746140404887
0 0.006944444444444444 0.0 1.0 0.0 0.0047207631738947296 0.008841256119434095 0.01073762838468721 0.001482521847690387 0.011759484039878254
0 0.005714285714285714 0.0 1.0 0.0 0.005460555361408327 0.007415125926482986 0.021528611444577822 0.0012841091492776886 0.011038382700012124
0 0.003472222222222222 0.0 1.0 0.0 0.004273089620295827 0.009113408066857868 0.012429971988795517 0.0005852059925093633 0.008211857078252166
0 0.006802721088435374 0.0 1.0 0.0 0.005208227794848166 0.008189078768046924 0.0074696545284780565 0.0 0.03003370856700997
0 0.004464285714285714 0.0 1.0 0.0 0.00245033620273568 0.003412116153352885 0.015106042416966784 0.0004012841091492777 0.00016999903147538336
0 0.0028490028490028487 0.0 1.0 0.0 0.003239329904183399 0.002500282891261145 0.015513897866839042 0.0007202535292422932 0.0042043537335466515
0 0.0058823529411764705 0.0 1.0 0.0 0.009298806016272 0.00446185135327177 0.015818091942659415 0.0016523463317911435 0.026959362682272732
1 0.038461538461538464 0.0 1.0 0.07692307692307693 0.01570345669780613 0.020475435742447756 0.013925729442970821 0.008695652173913047 0.038461538461538464
0 0.027777777777777776 0.0 1.0 0.0 0.026311231468654613 0.026289448360673665 0.02634099616858237 0.004347826086956521 0.003070150026025632
0 0.013888888888888888 0.0 1.0 0.0 0.017324462300917418 0.029575629405757867 0.021192528735632182 0.0007246376811594203 0.0016305669263664108
0 0.016666666666666666 0.0 1.0 0.0 0.03127537822218074 0.015773669016404198 0.022413793103448272 0.0011594202898550724 9.458620134986853e-05
0 0.007407407407407408 0.0 1.0 0.0 0.02543363377101215 0.0 0.019157088122605363 0.0006441223832528181 0.01845373576430161
0 0.027777777777777776 0.0 1.0 0.0 0.007830049768444227 0.0 0.020114942528735632 0.0 0.03913892715230005
0 0.037037037037037035 0.0 1.0 0.07407407407407407 0.02514654909721414 0.02817254549087413 0.012962962962962964 0.01027077497665733 0.03703703703703703
0 0.03333333333333333 0.0 1.0 0.0 0.047265151846243136 0.039059890308655934 0.016666666666666666 0.00392156862745098 0.03614419510650713
0 0.0303030303030303 0.0 1.0 0.0 0.03179560326194202 0.03595573434379948 0.015909090909090907 0.0053475935828877 0.017733753912599296
0 0.008064516129032258 0.0 1.0 0.0 0.025736871348592517 0.03262983990117659 0.01827956989247312 0.004066142586066685 0.026018284894841696
0 0.005555555555555556 0.0 1.0 0.0 0.01719767181958896 0.005159930172194363 0.014351851851851853 0.0014005602240896359 0.0039783755650069355
1 0.05 0.0 1.0 0.0 0.029526648828365754 0.027583940137170693 0.014784946236559137 0.006216216216216217 0.05
0 0.01020408163265306 0.0 1.0 0.0 0.016887181592818438 0.017637581512701932 0.014373491332016671 0.004633204633204634 0.011801088340565886
0 0.0101010101010101 0.0 1.0 0.0 0.013690336054099167 0.018418753842639145 0.008797653958944282 0.0004914004914004914 0.008786154577752699
0 0.011363636363636364 0.0 1.0 0.0 0.01682693392592372 0.015588067445926761 0.01295210166177908 0.0022113022113022115 0.03939384993226453
0 0.011764705882352941 0.0 1.0 0.0 0.012516841932805852 0.0021629236131396855 0.008222643896268186 0.0 0.0014586137378204567
0 0.006172839506172839 0.0 1.0 0.0 0.008969354461059701 0.0 0.009358821186778174 0.0 0.004903440735055549
0 0.007936507936507936 0.0 1.0 0.0 0.020440686000379026 0.008807760537386586 0.012246117084826761 0.0015015015015015015 0.038226712181225676
0 0.03571428571428571 0.0 1.0 0.07142857142857142 0.022629267270372306 0.04685819172276685 0.023313492063492067 0.012072434607645875 0.03571428571428572
0 0.021739130434782608 0.0 1.0 0.0 0.021451802188928806 0.05704475514075964 0.029589371980676325 0.004898958971218616 0.0327887434483942
0 0.015873015873015872 0.0 1.0 0.0 0.02863243888302531 0.030541463314279236 0.024470899470899473 0.004024144869215292 0.03377184770368934
0 0.03125 0.0 1.0 0.0625 0.012519451562542954 0.009896714436752791 0.012758027522935783 0.00576036866359447 0.03125
0 0.020833333333333332 0.0 1.0 0.0 0.016393525923707852 0.018476824579630378 0.012041284403669727 0.005568356374807986 0.026426395496545282
0 0.01111111111111111 0.0 1.0 0.0 0.00835969890812442 0.01455190078567194 0.01651376146788991 0.002150537634408602 0.009089675724596936
0 0.015625 0.0 1.0 0.0 0.010625984297525023 0.011836058299609174 0.013474770642201836 0.0014400921658986176 0.03787210533080184
0 0.007692307692307693 0.0 1.0 0.0 0.010685374791875694 0.01087549425964068 0.009527170077628794 0.0008862105636299185 0.013353056479173462
0 0.00505050505050505 0.0 1.0 0.0 0.00505983583598342 0.010449147101880663 0.012927439532944123 0.0011171624074849881 0.003295756724451349
0 0.006493506493506493 0.0 1.0 0.0 0.009137135450018142 0.015092952173089157 0.009799833194328608 0.0016757436112274822 0.0040318474775599775
0 0.004629629629629629 0.0 1.0 0.0 0.008432873792419696 0.008127114412573848 0.009514101257220523 0.0008533879501621438 0.00014694754918851357
0 0.013888888888888888 0.0 1.0 0.0 0.012140951101480566 0.0123277419436334 0.014334862385321102 0.004032258064516129 0.1024314452555944
0 0.043478260869565216 0.0 1.0 0.0 0.022176785345177842 0.030404112427882758 0.024844720496894408 0.007169287696577243 0.043478260869565216
0 0.01 0.0 1.0 0.0 0.009631117720086502 0.018007395699424625 0.014497354497354498 0.0038297872340425526 0.019405347327329337
0 0.009259259259259259 0.0 1.0 0.0 0.013536841618935456 0.022009574683238234 0.02087007642563198 0.0014775413711583922 0.004412647208229368
0 0.005555555555555556 0.0 1.0 0.0 0.007231536242396509 0.005146926653516324 0.02269253380364492 0.0015366430260047282 0.0007218759893376847
0 0.005714285714285714 0.0 1.0 0.0 0.012473657540078852 0.01208975067808409 0.022978080120937258 0.0031914893617021275 0.030750909213475085
0 0.047619047619047616 0.0 1.0 0.0 0.016188590999644464 0.020433729342403346 0.02305233047282517 0.006585612968591693 0.04761904761904761
1 0.017241379310344827 0.0 1.0 0.0 0.010804991702254381 0.010570387426900887 0.02449128792494212 0.005991685008559552 0.024273629064178133
0 0.007246376811594202 0.0 1.0 0.043478260869565216 0.014522850226280108 0.017109609491744473 0.016054693501305888 0.0033148319457292643 0.017873154372705466
0 0.010416666666666666 0.0 1.0 0.0 0.010527934103619421 0.010457020564786486 0.019140164899882215 0.0017730496453900707 0.02449066798168367
0 0.005555555555555556 0.0 1.0 0.0 0.011628570346391367 0.014275245011131357 0.013250883392226149 0.0016745468873128446 0.025855059682340312
0 0.004166666666666667 0.0 1.0 0.0 0.01383313759933992 0.014879363770635073 0.026855123674911663 0.002482269503546099 0.009875546936812037
0 0.00510204081632653 0.0 1.0 0.0 0.010343660220488101 0.007405985179307253 0.014512872286723877 0.0016464032421479229 0.0346432920464831
0 0.00625 0.0 1.0 0.0 0.020613283918463444 0.012534779103074257 0.020494699646643112 0.00301418439716312 0.024230843002816266
0 0.0028490028490028487 0.0 1.0 0.0 0.014848688747022757 0.009340027678845227 0.020929600434900785 0.002636843062374977 0.019239540294091608
0 0.03125 0.0 1.0 0.0625 0.035384343582204096 0.026793670054188215 0.012960829493087557 0.006365740740740735 0.03125
0 0.015151515151515152 0.0 1.0 0.0 0.02697357942214649 0.02002261686132651 0.0213657310431504 0.004068462401795735 0.035922671778764445
1 0.005747126436781609 0.0 1.0 0.034482758620689655 0.010623857264768555 0.0138294479354221 0.0202606070236771 0.0023946360153256708 0.020658908088138386
0 0.010416666666666666 0.0 1.0 0.0 0.039477633653504665 0.023549086154754952 0.025729646697388628 0.004436728395061728 0.03545196324923185
0 0.007692307692307693 0.0 1.0 0.0 0.016080971177806845 0.01745440399041625 0.015065579581708614 0.002670940170940171 0.011990898345119655
0 0.008771929824561403 0.0 1.0 0.0 0.04781689686121249 0.0119088646837512 0.02061605626970652 0.001949317738791423 0.05070522617770912
0 0.010989010989010988 0.0 1.0 0.0 0.02544552284964339 0.0 0.016660758596242466 0.0 0.09713604093127863
0 0.010416666666666666 0.0 1.0 0.0 0.007063717665910301 0.0 0.01420890937019969 0.0019290123456790122 0.0002700630893179618
0 0.043478260869565216 0.0 1.0 0.0 0.019471403070454436 0.013141882819005092 0.021164889253486464 0.006916996047430829 0.04347826086956521
0 0.017857142857142856 0.0 1.0 0.0 0.009631440681701697 0.011257367227503855 0.01765498652291105 0.004734848484848483 0.021648707771689795
0 0.01075268817204301 0.0 1.0 0.0 0.007895265028656543 0.010293260002730472 0.014729153986609858 0.004032258064516129 0.010074918290311936
0 0.011904761904761904 0.0 1.0 0.0 0.0127619412438738 0.013631540051012001 0.014914645103324348 0.0027056277056277055 0.03771282005552046
0 0.005714285714285714 0.0 1.0 0.0 0.0067383835668159585 0.011704638448878502 0.0122911051212938 0.0012987012987012987 0.007239246937939194
0 0.004629629629629629 0.0 1.0 0.0 0.008948769502093742 0.009559783106689633 0.014465408805031447 0.0019991582491582487 0.01563929741536942
0 0.005494505494505494 0.0 1.0 0.0 0.010206443120086818 0.011871077884743298 0.011756168359941945 0.0016025641025641027 0.029705470023609085
0 0.003787878787878788 0.0 1.0 0.0 0.01237711828037437 0.011830843598667422 0.015208690680388794 0.002295684113865932 0.02082753312857945
0 0.003472222222222222 0.0 1.0 0.0 0.013763348291658949 0.009092936452116465 0.01875 0.0017755681818181818 0.0190499742849303
0 0.047619047619047616 0.0 1.0 0.0 0.02020076806465056 0.017708380552061382 0.016064257028112445 0.006060606060606059 0.04761904761904763
0 0.013157894736842105 0.0 1.0 0.0 0.018879748656345185 0.026791136768967782 0.011414077362079897 0.0038277511961722485 0.0177174176872092
0 0.013333333333333332 0.0 1.0 0.0 0.016583683487901242 0.012688416136949005 0.021204819277108437 0.0026666666666666666 0.010824231723299084
0 0.015625 0.0 1.0 0.0 0.015398699972717984 0.023189982147696513 0.01543674698795181 0.0007575757575757576 0.029366627313534333
0 0.004878048780487805 0.0 1.0 0.0 0.011742778381509174 0.0010055276812009329 0.017043784895680286 0.0008869179600886918 0.014033265741458323
0 0.018518518518518517 0.0 1.0 0.0 0.015691294803931277 0.0 0.012717536813922356 0.0 0.040697892245169905
0 0.008928571428571428 0.0 1.0 0.0 0.022860821374399234 0.009571258808557314 0.01618975903614458 0.001893939393939394 0.04273615697045511
0 0.03571428571428571 0.0 1.0 0.07142857142857142 0.013809536650317745 0.017133195089522348 0.011439732142857142 0.0053221288515406156 0.03571428571428572
0 0.013888888888888888 0.0 1.0 0.0 0.01219278229704307 0.012822466916710712 0.012586805555555556 0.004901960784313722 0.0057649850561035925
0 0.0101010101010101 0.0 1.0 0.0 0.007745465134182817 0.014026038538096938 0.011955492424242424 0.0021390374331550803 0.009724145020847277
0 0.007352941176470588 0.0 1.0 0.0 0.007435108669481316 0.011797700839294328 0.01011029411764706 0.0006920415224913495 0.012930293482463313
0 0.007692307692307693 0.0 1.0 0.0 0.008032342276160353 0.009189271417108265 0.013521634615384616 0.0018099547511312218 0.00021142656227738645
0 0.013888888888888888 0.0 1.0 0.0 0.0022143212120196323 0.006669014473847362 0.012369791666666666 0.0 0.0017205948113461777
0 0.012987012987012986 0.0 1.0 0.0 0.016268896396466753 0.016085613585375472 0.011363636363636364 0.0021390374331550803 0.033466501431608224
0 0.004464285714285714 0.0 1.0 0.0 0.010512792564945988 0.015301982118772995 0.010184151785714286 0.0012605042016806723 0.0036790536216431873
0 0.00505050505050505 0.0 1.0 0.0 0.005583918967436554 0.0 0.008345170454545454 0.0 0.000471028212145254
0 0.0038461538461538464 0.0 1.0 0.0 0.012963146065062194 0.009446772383658892 0.015474759615384616 0.0027149321266968325 0.03229356459849034
1 0.030303030303030304 0.0 1.0 0.06060606060606061 0.012412415381917211 0.013711365939555327 0.010416666666666666 0.003797006206644762 0.0303030303030303
0 0.011363636363636364 0.0 1.0 0.0 0.00727675081775564 0.007975033660279811 0.008795891608391608 0.0028477546549835727 0.004838620665314899
0 0.01282051282051282 0.0 1.0 0.0 0.012104180325717712 0.011981469360880488 0.011556952662721895 0.0034291010194624663 0.024506819589739767
0 0.017857142857142856 0.0 1.0 0.0 0.00868939547784496 0.01345109708962183 0.008928571428571428 0.0022375215146299486 0.029114853156464057
0 0.004878048780487805 0.0 1.0 0.0 0.0085949238290453 0.010232304567180727 0.009322232645403375 0.0011754334410813989 0.003427553620722169
0 0.027777777777777776 0.0 1.0 0.0 0.0043561790059812085 0.0 0.004807692307692308 0.0 0.003386190770791713
0 0.006211180124223602 0.0 1.0 0.0 0.006226193446135967 0.012697937020150313 0.00898829431438127 0.001990570979570456 0.02043604463599121
0 0.006578947368421052 0.0 1.0 0.0 0.00862193694012209 0.011109293663156852 0.009362348178137652 0.0012682308180088776 0.013752720643173543
0 0.00202020202020202 0.0 1.0 0.0 0.006849600322931241 0.008693258985231237 0.009265734265734266 0.0011829134720700988 0.009819731133479817
0 0.002857142857142857 0.0 1.0 0.0 0.008242720447943398 0.007388843016164816 0.009065934065934065 0.0008261617900172119 0.01214185101090026
0 0.004132231404958678 0.0 1.0 0.0 0.0042506392322084864 0.0034822179153244435 0.006883741258741258 0.0006571741511500549 0.0004307440663353305
0 0.003333333333333333 0.0 1.0 0.08 0.007314044188829898 0.00262261002923347 0.007211538461538461 0.0005783132530120483 0.019353600081475936
0 0.004273504273504274 0.0 1.0 0.1111111111111111 0.01093709759371046 0.004875491221589482 0.005208333333333333 0.0008032128514056226 0.027462845179209962
0 0.0024630541871921183 0.0 1.0 0.0 0.0064754115810180144 0.0029073536505050323 0.00538793103448276 0.0007478188616535106 0.018914221401542298
0 0.002564102564102564 0.0 1.0 0.0 0.002178960940308067 0.0006432234018812062 0.012943786982248517 0.0009267840593141798 0.00378422323084657