1 0.09090909090909091 0.0 1.0 0.0 0.0322803059165112 0.017968427181158115 0.021739130434782608 0.008626410086264101 0.09090909090909091
0 0.023809523809523808 0.0 1.0 0.0 0.027358397156945092 0.023398479039641148 0.02415458937198068 0.008689607229753213 0.04206208091793487
1 0.007575757575757575 0.0 1.0 0.0 0.019422239617939877 0.018734993197185888 0.021409749670619236 0.0033178500331785 0.014866154030239213
0 0.00625 0.0 1.0 0.0 0.022839617596161526 0.01571016155144964 0.019202898550724636 0.0029197080291970797 0.016461361931982766
0 0.009090909090909092 0.0 1.0 0.0 0.019854251080600457 0.017417464945611968 0.01152832674571805 0.0013271400132714001 0.040588067852371984
0 0.030303030303030304 0.0 1.0 0.06060606060606061 0.019381070900596573 0.02734476466358405 0.016580903373356205 0.008741258741258738 0.030303030303030297
1 0.025 0.0 1.0 0.0 0.045375797269809434 0.05232611356403316 0.009433962264150943 0.0 0.029804771090190658
0 0.03333333333333333 0.0 1.0 0.06666666666666667 0.029163143238423665 0.017721952957210473 0.014778325123152709 0.005775577557755777 0.033333333333333326
0 0.012195121951219513 0.0 1.0 0.0 0.01364637225531739 0.013359813502813891 0.01634026192478673 0.0036223134508572815 0.01905175256772398
0 0.017543859649122806 0.0 1.0 0.0 0.01266493341164616 0.009700586149424114 0.012185636505055742 0.0005211047420531526 0.025806810700782366
0 0.019230769230769232 0.0 1.0 0.0 0.03437816879408643 0.03774134252395751 0.01591511936339523 0.003808073115003808 0.051834970600776756
0 0.015384615384615385 0.0 1.0 0.0 0.001628218577617876 0.010633255499304915 0.012504736642667677 0.0015232292460015233 0.0010006912431182928
1 0.01282051282051282 0.0 1.0 0.0 0.042916300955540554 0.02962589905957859 0.01856763925729443 0.003808073115003808 0.07552539180093723
0 0.005494505494505494 0.0 1.0 0.0 0.019836422747456863 0.016304954484833132 0.019325502084122773 0.003427265803503427 0.026520360785699422
0 0.004310344827586207 0.0 1.0 0.0 0.02122114875634536 0.013665384506514711 0.01426872770511296 0.0029020143393649707 0.034691936321343965
0 0.015873015873015872 0.0 1.0 0.0 0.011955500573730281 0.006869143725981609 0.018296973961998593 0.002828854314002829 0.03143560113111537
0 0.008333333333333333 0.0 1.0 0.0 0.025351333575590607 0.014021060878708297 0.01847290640394089 0.0033003300330033004 0.07305284115488354
0 0.0625 0.0 1.0 0.0 0.019668293092370715 0.014528905429444799 0.012250830564784052 0.003958333333333334 0.0625
0 0.013513513513513514 0.0 1.0 0.0 0.01119897184815607 0.00869093113315786 0.008979078746520607 0.0038738738738738703 0.022342738068653112
0 0.02564102564102564 0.0 1.0 0.0 0.022348788984244767 0.011646035581008705 0.014566828520316892 0.0038461538461538464 0.03837870648042846
0 0.005813953488372093 0.0 1.0 0.046511627906976744 0.01767081439145293 0.01057780319134429 0.020010816657652787 0.002248062015503876 0.013990694866983577
0 0.015384615384615385 0.0 1.0 0.0 0.0015612695074787542 0.0052326113564033164 0.01891132123690263 0.0005128205128205128 0.0008308644116913267
0 0.011904761904761904 0.0 1.0 0.0 0.01974852770627878 0.005028698613773904 0.024679639297579496 0.00047619047619047624 0.06406147887064252
0 0.005952380952380952 0.0 1.0 0.0 0.015693369328325858 0.010018740532745818 0.020625692137320042 0.001388888888888889 0.03485872314482387
0 0.005434782608695652 0.0 1.0 0.0 0.01360323430702514 0.011808611424753096 0.023689152101690016 0.0010144927536231885 0.03784302092768176
0 0.0038314176245210726 0.0 1.0 0.0 0.01195217156259421 0.010681398582375124 0.016038492381716115 0.0013793103448275863 0.029646585318947368
0 0.0029411764705882353 0.0 1.0 0.058823529411764705 0.008787645771394481 0.005335211579077891 0.023060386945475866 0.0013725490196078432 0.018024242652788954
0 0.0030303030303030303 0.0 1.0 0.0 0.011260371492548134 0.006995172667258693 0.017607973421926906 0.0011111111111111111 0.021722256282282273
0 0.003333333333333333 0.0 1.0 0.0 0.009308930587850586 0.005871099253975208 0.012358803986710964 0.0002666666666666667 0.025509984683755108
0 0.038461538461538464 0.0 1.0 0.0 0.02199987226502703 0.021395973175570387 0.015575333757151939 0.009294871794871793 0.03846153846153845
0 0.021739130434782608 0.0 1.0 0.0 0.02559927700437939 0.038757099892327826 0.015091627739849086 0.003985507246376812 0.03630026793952762
0 0.02222222222222222 0.0 1.0 0.0 0.021284330007572804 0.019012608248854004 0.017079889807162536 0.0033333333333333335 0.03674125063881871
0 0.0125 0.0 1.0 0.0 0.027046648507578524 0.021216496356859734 0.014049586776859505 0.00125 0.04338682076815582
0 0.0125 0.0 1.0 0.0 0.03381343908367759 0.03377754419275209 0.020144628099173556 0.005208333333333334 0.05376582301139188
0 0.007936507936507936 0.0 1.0 0.0 0.024925615321715867 0.009730532706104146 0.01652892561983471 0.002777777777777778 0.02613343444429614
0 0.027777777777777776 0.0 1.0 0.05555555555555555 0.016928892222628982 0.01164346297737378 0.019198464122870174 0.0036676286676286677 0.027777777777777776
0 0.013888888888888888 0.0 1.0 0.0 0.014263448084542654 0.006949289229368304 0.02243820494360451 0.003427128427128427 0.025378676137895958
0 0.00980392156862745 0.0 1.0 0.0 0.010191590796118501 0.009064888588415723 0.01219667132511752 0.002482811306340718 0.012298863059424896
0 0.00625 0.0 1.0 0.0 0.008910947530615974 0.005644609382981254 0.02041036717062635 0.002056277056277057 0.026555225544887658
0 0.007407407407407408 0.0 1.0 0.0 0.012419877247602264 0.005963521243758037 0.018158547316214704 0.0009620009620009619 0.03636374780016107
0 0.006172839506172839 0.0 1.0 0.0 0.006374960687231539 0.009999997035427973 0.01567874570034397 0.0013628346961680295 0.011641012013471048
0 0.004329004329004329 0.0 1.0 0.0 0.009229972253399681 0.00692154649287984 0.013678905687544998 0.0008526826708644892 0.03668338843486255
0 0.003787878787878788 0.0 1.0 0.0 0.00823099383773093 0.0074306799128436435 0.021860069376268085 0.001377410468319559 0.034946573454415764
0 0.0035842293906810036 0.0 1.0 0.0 0.005761110544723057 0.009861810649167461 0.011426182679579181 0.0004887585532746823 0.006926313089858018
0 0.004347826086956522 0.0 1.0 0.0 0.004519215998078638 0.0056691423900829905 0.0093905531035778 0.0005646527385657821 0.014083232413989647
0 0.0033670033670033673 0.0 1.0 0.0 0.014937228748768084 0.012084626403201125 0.017998560115190784 0.0022446689113355786 0.038844938371292485
0 0.0043859649122807015 0.0 1.0 0.0 0.012282531279157122 0.0012843035972661954 0.02023417074002501 0.0003417634996582365 0.0488285731817196
0 0.005128205128205128 0.0 1.0 0.0 0.009835799751803757 0.008746589370718072 0.018574514038876888 0.0027417027417027417 0.022921784757918357
0 0.002232142857142857 0.0 1.0 0.0 0.00818854877631725 0.005583015427412258 0.010394168466522677 0.0012851731601731605 0.0146423836166656
0 0.00392156862745098 0.0 1.0 0.0 0.00914916435185196 0.007717578856515946 0.008004065557108375 0.001909854851031322 0.019737373549856125
0 0.001893939393939394 0.0 1.0 0.0 0.010214875008317846 0.00474378089201593 0.01668957392499509 0.0011150465695920241 0.037640248010616335
0 0.045454545454545456 0.0 1.0 0.0 0.013968015819618755 0.012985554481903876 0.013422818791946307 0.003979185797367614 0.045454545454545456
0 0.03333333333333333 0.0 1.0 0.0 0.008918190723544533 0.012133448932212474 0.019015659955257273 0.005611672278338944 0.004187096391953018
0 0.006802721088435374 0.0 1.0 0.0 0.007887089032146272 0.00947963750347474 0.011231338172853033 0.0025424311138596846 0.013136246302117668
0 0.006578947368421052 0.0 1.0 0.0 0.011218300789118878 0.017909992504291955 0.018191451783821967 0.003721424774056352 0.01912944202418095
1 0.004878048780487805 0.0 1.0 0.0 0.010995792796821564 0.006545374863936432 0.017760680962514326 0.0023815389669048204 0.0123874591062288
0 0.003333333333333333 0.0 1.0 0.0 0.00735826842307793 0.00968106443332 0.012818791946308725 0.0012121212121212121 0.005961490855394983
0 0.004081632653061224 0.0 1.0 0.0 0.006394219543998615 0.006518890562114102 0.017641418983700863 0.0020202020202020198 0.013111339740817705
0 0.0026041666666666665 0.0 1.0 0.0 0.004809233380304228 0.004708185426419563 0.011185682326621925 0.0015432098765432098 0.00810482879564778
0 0.03571428571428571 0.0 1.0 0.0 0.0126728247731922 0.010679933851004965 0.013945578231292518 0.005468215994531782 0.03571428571428572
0 0.023809523809523808 0.0 1.0 0.0 0.015664524840809498 0.016832287369339977 0.016099773242630386 0.006379585326953747 0.04212798368639029
0 0.012345679012345678 0.0 1.0 0.0 0.01775630817247468 0.01818818760454282 0.013227513227513229 0.0019493177387914231 0.025394697083851406
0 0.006756756756756757 0.0 1.0 0.0 0.010468361313587516 0.010163288095562117 0.01685971685971686 0.001810422863054442 0.01413118940157991
0 0.010526315789473684 0.0 1.0 0.0 0.007937813006214661 0.016756502881839424 0.01553884711779449 0.001510954419541677 0.0006863534573688827
0 0.007575757575757575 0.0 1.0 0.0 0.014656794910725168 0.01625047662447046 0.022727272727272728 0.003697259678120922 0.04191752251061734
0 0.003484320557491289 0.0 1.0 0.0 0.013686578485989377 0.010320148836611207 0.014401858304297323 0.000700198389543704 0.017724653550352448
0 0.008333333333333333 0.0 1.0 0.0 0.011046870700833045 0.010895411547780294 0.016507936507936506 0.0012759170653907496 0.031262716979950464
0 0.03225806451612903 0.0 1.0 0.06451612903225806 0.014324529155584518 0.014718409682587573 0.013759795881173683 0.003929452618112034 0.03225806451612903
0 0.03333333333333333 0.0 1.0 0.0 0.01485361648648535 0.013955165877719618 0.010922787193973636 0.0041548630783758275 0.04577059858041319
0 0.007407407407407407 0.0 1.0 0.0 0.01033623853673091 0.008346899124958411 0.012429378531073444 0.0032735284859930725 0.012306028788207815
1 0.0125 0.0 1.0 0.0 0.011589373804176881 0.00928248697387404 0.010028248587570624 0.000991501416430595 0.03031232638871645
0 0.009523809523809525 0.0 1.0 0.0 0.008823632464826177 0.004962546267842126 0.018428840462738766 0.0009442870632672332 0.030164393641844946
0 0.004901960784313725 0.0 1.0 0.0 0.010360814464781189 0.005216683900657476 0.021103356596876035 0.0018330278286952178 0.01345381705156668
0 0.005291005291005291 0.0 1.0 0.0 0.01537645200815099 0.011419090907863616 0.016216781753504918 0.001888574126534467 0.02582390911694836
0 0.003125 0.0 1.0 0.0 0.011464296298642483 0.008279087906516316 0.012711864406779664 0.0010623229461756375 0.016938975132421468
0 0.0038314176245210726 0.0 1.0 0.0 0.013333405484716275 0.00797389246457866 0.015293200857198517 0.00019536973722770345 0.02224036250605975
0 0.004761904761904762 0.0 1.0 0.09523809523809523 0.008356025638809099 0.004588152410174229 0.006322302932472424 0.0 0.020403611559852385
0 0.002840909090909091 0.0 1.0 0.0 0.005219878341383017 0.0 0.017743644067796608 0.0011508498583569404 0.012856239283612155
0 0.005952380952380952 0.0 1.0 0.0 0.013938823342624954 0.009470431476469643 0.012510088781275222 0.002225819506272764 0.011639212945449876
0 0.003076923076923077 0.0 1.0 0.0 0.010590520638613763 0.00376182241700446 0.016836158192090393 0.001019830028328612 0.023266971459821796
0 0.03571428571428571 0.0 1.0 0.0 0.01291798731709872 0.011080168723379927 0.015037593984962405 0.0045474711623779964 0.03571428571428571
0 0.015151515151515152 0.0 1.0 0.0 0.01802342679228795 0.01197417449668383 0.015761328454826907 0.004705439488048185 0.02123610538017023
0 0.009259259259259259 0.0 1.0 0.0 0.00967303258844918 0.00898140824770146 0.015909872721018226 0.002846790890269151 0.01060558145431457
0 0.019230769230769232 0.0 1.0 0.0 0.016832494876086193 0.012787077113601096 0.006668254346272922 0.000716674629718108 0.06170564767840155
0 0.009523809523809525 0.0 1.0 0.0 0.013092153156099132 0.00791580964175306 0.016364440513047324 0.00044365572315882877 0.044253757873612846
0 0.005555555555555555 0.0 1.0 0.0 0.009415567329418 0.010522207642340122 0.018885448916408674 0.00196687370600414 0.031206465796464848
0 0.006493506493506493 0.0 1.0 0.0 0.018049608331412823 0.013040578847168287 0.02251618350689558 0.0038114059853190277 0.030058510954101055
0 0.006578947368421052 0.0 1.0 0.0 0.002233944380922292 0.003335597301401264 0.019227635652598992 0.0008172605426610003 0.000533558002667206
0 0.006944444444444444 0.0 1.0 0.0 0.020160009410889967 0.009460547189791564 0.019349845201238388 0.0019409937888198755 0.042372136704983965
0 0.0035714285714285718 0.0 1.0 0.0 0.01861322218160272 0.008949167470801512 0.02277753206545776 0.0022182786157941433 0.019654078239380365
0 0.005050505050505051 0.0 1.0 0.0 0.008669519406689913 0.01643090522542104 0.003783969728242174 0.00034506556245686676 0.0008316780374029188
0 0.003623188405797101 0.0 1.0 0.0 0.012507126233127367 0.008291320738585375 0.015479876160990712 0.0017553335133675394 0.037055222068034015
0 0.004524886877828055 0.0 1.0 0.0 0.00891406589827342 0.0 0.0038244399927153524 0.0007307270734380709 0.0009501907823515473
0 0.0037593984962406013 0.0 1.0 0.0 0.013176434715857503 0.007569316277629446 0.012872739123350173 0.0021248774109186006 0.047715245943678736
0 0.037037037037037035 0.0 1.0 0.07407407407407407 0.011763805885020514 0.021133140647998497 0.016918152720621856 0.008281573498964807 0.037037037037037035
0 0.016129032258064516 0.0 1.0 0.0 0.015994535914255405 0.019896827213466407 0.019115890083632018 0.004608294930875576 0.02552272018522077
0 0.013888888888888888 0.0 1.0 0.08333333333333333 0.01754577270284273 0.012927529416040447 0.022890946502057613 0.0010351966873706003 0.020170525413724872
0 0.0125 0.0 1.0 0.0 0.013294446915529206 0.022596559124121566 0.02222222222222222 0.004968944099378881 0.01840949890576823
0 0.008333333333333333 0.0 1.0 0.0 0.01450587743562558 0.017387326336029414 0.023148148148148154 0.0023291925465838506 0.022882378270818935
0 0.004629629629629629 0.0 1.0 0.0 0.01303138262038717 0.010140442030137087 0.025205761316872435 0.001380262249827467 0.012116320618005277
0 0.02564102564102564 0.0 1.0 0.0 0.006644790899376807 0.005101307075580538 0.009606745455802061 0.0031185031185031187 0.02564102564102564
0 0.027777777777777776 0.0 1.0 0.0 0.003727272048005613 0.007726118472184092 0.00838574423480084 0.0031531531531531535 0.020098762054500497
0 0.014492753623188404 0.0 1.0 0.0 0.005326208446501635 0.008105306224486191 0.013359896870971524 0.0036427732079905993 0.04700471567818019
0 0.0078125 0.0 1.0 0.0 0.008722115260844956 0.009818690919113422 0.01381401617250674 0.0016047297297297298 0.02418585172431587
0 0.015384615384615385 0.0 1.0 0.0 0.006255174026934101 0.00848531571308646 0.013269749118805723 0.0 0.010135578827877542
0 0.013888888888888888 0.0 1.0 0.0 0.0023420340737422903 0.006128283570562443 0.015723270440251572 0.00045045045045045046 0.0012425632820306297
0 0.007936507936507936 0.0 1.0 0.0 0.0030884666048999238 0.005106902975468702 0.012279125486672657 0.0006006006006006007 0.00048011045305952654
0 0.010416666666666666 0.0 1.0 0.0 0.0043927782612678 0.011601436683938163 0.010332434860736747 0.0036036036036036037 0.0028998180662063115
0 0.0038314176245210726 0.0 1.0 0.0 0.005494886242659386 0.007207237984050587 0.012547634538525886 0.0022367194780987887 0.02812611852763181
0 0.005263157894736842 0.0 1.0 0.10526315789473684 0.008980778233720255 0.011374360138479221 0.011490991630018443 0.0012802275960170698 0.04072703759759018
0 0.011363636363636364 0.0 1.0 0.0 0.001299850331589579 0.012805942347985412 0.012129380053908356 0.00472972972972973 0.012120481408612382
0 0.004629629629629629 0.0 1.0 0.0 0.0039071838400888985 0.007149664165656183 0.015274034141958671 0.0006006006006006007 0.00035826399072581193
0 0.007692307692307693 0.0 1.0 0.0 0.0041595210610866525 0.012083238949557063 0.012129380053908356 0.003783783783783784 0.0026345858950341497
0 0.002304147465437788 0.0 1.0 0.0 0.0069012014200943335 0.0058098908899239625 0.015129119207025477 0.001918047079337402 0.025333525809170896
0 0.006666666666666666 0.0 1.0 0.0 0.0012128867035930634 0.0018384850711687327 0.015902964959568732 0.0005405405405405405 0.0012566259106629588
0 0.0078125 0.0 1.0 0.0 0.007569819165895528 0.004596212677921832 0.010444743935309971 0.0006756756756756757 0.0038482147748585297
0 0.002557544757033248 0.0 1.0 0.0 0.010044112350412695 0.002056216810818318 0.013008320637524903 0.0023501762632197414 0.031495557990372854
0 0.003968253968253968 0.0 1.0 0.0 0.009781505424211329 0.0016074661906212556 0.014439738159414711 0.0007722007722007722 0.00037716258284403606
0 0.0037593984962406013 0.0 1.0 0.0 0.0061847829288476 0.006197094773468472 0.018867924528301886 0.0021235521235521237 0.024599712042493723
0 0.0025 0.0 1.0 0.0 0.0022991445852250394 0.0023646493324410655 0.012668463611859837 0.0024324324324324327 0.00041682367882857124
0 0.04 0.0 1.0 0.08 0.021366542316751964 0.027583609764501645 0.023407407407407405 0.010149253731343282 0.04
0 0.019230769230769232 0.0 1.0 0.07692307692307693 0.009674962079666238 0.017572202316279793 0.01965811965811966 0.003157290470723307 0.018349734090109593
0 0.01282051282051282 0.0 1.0 0.0 0.008815395319403395 0.016905489807722305 0.019943019943019943 0.0025832376578645237 0.012607994872401003
0 0.008333333333333333 0.0 1.0 0.0 0.005230897155077693 0.013114903690982622 0.022716049382716052 0.003731343283582089 0.0026780139066527814
0 0.0071428571428571435 0.0 1.0 0.0 0.014966097978368318 0.014913873402455455 0.022751322751322748 0.0042643923240938165 0.01821483836390369
0 0.038461538461538464 0.0 1.0 0.07692307692307693 0.019894798098500484 0.009047067241077648 0.021102791014295443 0.0037523452157598495 0.038461538461538464
0 0.015625 0.0 1.0 0.0 0.01384922558131246 0.012940959088597909 0.018459623893805316 0.004088137472283812 0.03542661537003608
0 0.011904761904761904 0.0 1.0 0.0 0.015090886046191179 0.010114834423484865 0.01912136536030341 0.003405131453911941 0.03676551927331263
0 0.008620689655172414 0.0 1.0 0.0 0.007430165468017702 0.007480488010264925 0.01655477570949039 0.0016056273415398729 9.776997940967213e-05
0 0.0058823529411764705 0.0 1.0 0.0 0.01712231474161736 0.015882117195847187 0.01828474752732952 0.003456371462110344 0.025293693815016133
0 0.005555555555555555 0.0 1.0 0.0 0.0119340322501109 0.009410849054607729 0.015117994100294989 0.0017738359201773834 0.03863787769228357
0 0.006493506493506493 0.0 1.0 0.0 0.012839669354458268 0.007120627061840189 0.014481094127111826 0.0015117919774239067 0.05139147811880205
0 0.005208333333333333 0.0 1.0 0.08333333333333333 0.015645822891950562 0.01172987293008635 0.015671091445427728 0.002217294900221729 0.04606852912350969
0 0.003968253968253968 0.0 1.0 0.0 0.014070414947317823 0.0074286860837267715 0.015012642225031608 0.0007918910357934747 0.040855417068944036
0 0.005 0.0 1.0 0.0 0.01532805493259783 0.008494198801798277 0.018915929203539825 0.0015521064301552106 0.06244296686230579
0 0.002840909090909091 0.0 1.0 0.0625 0.021720554385544412 0.014720386892411867 0.016592920353982302 0.0022172949002217295 0.028097931086148005
0 0.004901960784313725 0.0 1.0 0.0 0.019173338956831945 0.00881525619294554 0.020692347735554405 0.0014347202295552368 0.07143481942514807
0 0.007692307692307693 0.0 1.0 0.0 0.020510410898183527 0.00600454590044836 0.01084070796460177 0.0011086474501108647 0.12939376925214635
0 0.0032467532467532465 0.0 1.0 0.0 0.013831960626483066 0.004581773912563416 0.018805309734513272 0.0010078613182826044 0.05669625774729463
0 0.0035087719298245615 0.0 1.0 0.0 0.01793853706991607 0.013711583817535195 0.02608290638099674 0.0035009919477185206 0.06154734924990515
0 0.001488095238095238 0.0 1.0 0.0 0.01290649055076252 0.008556024795556989 0.0160661609776654 0.002164502164502165 0.019826838574852613
0 0.0015898251192368838 0.0 1.0 0.0 0.019367033719562526 0.012258404560447333 0.01548672566371682 0.002337148678612093 0.02435238493245916
0 0.027777777777777776 0.0 1.0 0.05555555555555555 0.012827340746152141 0.005440808592402174 0.012020792722547108 0.0021158854166666665 0.027777777777777776
0 0.016129032258064516 0.0 1.0 0.0 0.004962124090367387 0.005842799234516658 0.016349116518895805 0.003087197580645161 0.008526162183516069
0 0.016666666666666666 0.0 1.0 0.0 0.010110719676957019 0.005401875737465664 0.00935672514619883 0.00205078125 0.04999017775390831
0 0.006944444444444444 0.0 1.0 0.0 0.005381855131107535 0.006642963636058898 0.01126272471301711 0.002712673611111111 0.014279596320882472
0 0.01 0.0 1.0 0.0 0.010506381380249818 0.0066429636360588965 0.012962962962962963 0.00166015625 0.044328203643864514
0 0.01282051282051282 0.0 1.0 0.0 0.008705090657573892 0.003065983216642568 0.01199580146948568 0.001201923076923077 0.04041116254317871
0 0.005494505494505494 0.0 1.0 0.0 0.00687996915977966 0.00709917671719986 0.013570250412355675 0.0018028846153846155 0.01829816936164569
0 0.005434782608695652 0.0 1.0 0.0 0.009978474617993801 0.008183550845936841 0.009492329858462581 0.00033967391304347825 0.03958213085248693
0 0.009259259259259259 0.0 1.0 0.0 0.018617798316187376 0.009513177758411297 0.01397011046133853 0.0006510416666666666 0.07743811927937264
0 0.003703703703703704 0.0 1.0 0.0 0.00941235128879722 0.004428642424039265 0.007797270955165692 0.0 0.027465351420505196
0 0.004132231404958678 0.0 1.0 0.0 0.007702054283049345 0.0036234347105775803 0.007442849548112706 0.0001775568181818182 0.001705720270362921
0 0.010416666666666666 0.0 1.0 0.0 0.017450702064348227 0.0016607409090147243 0.00682261208576998 0.0 0.03913844146035847
0 0.0032051282051282055 0.0 1.0 0.0 0.00821439176324067 0.006745276243386757 0.0056855100714749834 0.00016276041666666666 0.030434974341693437
0 0.003968253968253968 0.0 1.0 0.0 0.0123589281112453 0.007415867288779672 0.007905566385098548 0.0013020833333333333 0.04577946962984866
0 0.0017094017094017094 0.0 1.0 0.0 0.00641189293588454 0.005624473888657399 0.010396361273554255 0.0014022435897435897 0.021174917070681445
0 0.0021551724137931034 0.0 1.0 0.0 0.004970916201321001 0.0030682600019469194 0.018552127445049405 0.0012122844827586207 0.02882235788035914
0 0.0014005602240896359 0.0 1.0 0.0 0.006456332093581238 0.0031463590271417034 0.010721247563352826 0.0005580357142857143 0.02170797500402831
0 0.0012919896640826872 0.0 1.0 0.046511627906976744 0.004978220100465532 0.0010731313642278857 0.012647898816809463 0.0005450581395348837 0.011085107794381321
0 0.002288329519450801 0.0 1.0 0.0 0.008806657166547832 0.0 0.010085600474616492 0.0 0.02747353786612194
0 0.002380952380952381 0.0 1.0 0.0 0.015620574919644832 0.0 0.008447043534762833 0.0 0.04412126891226743
0 0.02857142857142857 0.0 1.0 0.05714285714285714 0.01185030560849666 0.00817556632145922 0.015030246626337835 0.0024702866464693554 0.028571428571428577
0 0.009615384615384616 0.0 1.0 0.0 0.005329495144960862 0.007243844331072976 0.011651215234277127 0.002509725185092233 0.01066710263960197
0 0.011904761904761904 0.0 1.0 0.0 0.006941093038731929 0.0067002873825683885 0.01297114937180084 0.0026217664879981373 0.02074993707465759
0 0.010416666666666666 0.0 1.0 0.0 0.001930277223519625 0.0036971526757144917 0.015472312703583064 0.001971179989124524 0.000868066210380867
0 0.0044444444444444444 0.0 1.0 0.0 0.00631326864049443 0.004818924523407853 0.01979732175171915 0.0012325539242341852 0.021311239279309828
0 0.0037878787878787876 0.0 1.0 0.0 0.010456607741432233 0.00651504445692756 0.019395913532721354 0.0018166987987542642 0.02149459242328551
0 0.004464285714285714 0.0 1.0 0.0 0.006262924445965189 0.007301286325089768 0.011247964169381109 0.0009685970636215335 0.01711767246226118
0 0.004310344827586207 0.0 1.0 0.0 0.014020060459509693 0.01020152758110311 0.01707289677636752 0.0016313213703099514 0.03343366839209973
0 0.0028490028490028487 0.0 1.0 0.0 0.005184356898316401 0.005182449436086236 0.014490937943706674 0.0007110888024427991 0.02870320968712255
0 0.0038461538461538464 0.0 1.0 0.0 0.010445445512119376 0.008409574153136638 0.01365572538210975 0.0017568076295645628 0.04535861412725468
0 0.003952569169960474 0.0 1.0 0.0 0.015575088824948012 0.008555757837009167 0.018977481943067556 0.0015603943542095184 0.046822341370213474
0 0.0043859649122807015 0.0 1.0 0.0 0.002256684516301556 0.004088328611940429 0.016200925767186698 0.0003434360779599897 0.0007530355206161737
0 0.002564102564102564 0.0 1.0 0.0 0.011742404551636172 0.01021347925665041 0.01628664495114007 0.0023382272974442632 0.03818520580567299
0 0.007142857142857143 0.0 1.0 0.0 0.006907728504366578 0.006318911425492011 0.018403908794788277 0.001957585644371941 0.001176995101567963
0 0.003703703703703704 0.0 1.0 0.1111111111111111 0.0046003710655367165 0.010829595447412708 0.01710097719869707 0.0023563530904477064 0.0006343629912728622
0 0.0026041666666666665 0.0 1.0 0.0 0.006397550434895985 0.004746325560096486 0.020629750271444085 0.0014953779227841217 0.04812645903854878
0 0.0016339869281045752 0.0 1.0 0.0 0.010007813154031764 0.003457198096200715 0.015743756786102063 0.0010422330976980242 0.013429206164585001
0 0.001736111111111111 0.0 1.0 0.0 0.008829100894503328 0.004027377936779064 0.011604234527687298 0.0010195758564437195 0.017198132235241154
0 0.0029239766081871343 0.0 1.0 0.0 0.009908136674276685 0.0 0.020810712993123415 0.000906289650172195 0.021795938422434567
0 0.0025 0.0 1.0 0.0 0.009593558012227504 0.0044958508759246636 0.010586319218241044 0.0008972267536704731 0.05489804743008366
0 0.0022675736961451248 0.0 1.0 0.0 0.010974135902209239 0.006440897491917137 0.017139754924771215 0.0019420492503689894 0.05611834874150657
0 0.005050505050505051 0.0 1.0 0.0 0.004847549975003773 0.005871696783515145 0.011943539630836048 0.001268805510241073 0.011322981023918056
0 0.043478260869565216 0.0 1.0 0.0 0.01804601553449471 0.014367841471094284 0.014920583988448583 0.004991948470209341 0.043478260869565216
0 0.017857142857142856 0.0 1.0 0.0 0.014204003367291744 0.011841656050631668 0.01818661043753295 0.005291005291005293 0.03159839355503845
0 0.015873015873015872 0.0 1.0 0.0 0.0038498985989481363 0.005876336267383 0.014760147601476016 0.0029982363315696646 0.0005231147317480077
0 0.01 0.0 1.0 0.0 0.008565675246161525 0.007856720554885125 0.010774907749077491 0.0002962962962962963 0.030461144133772572
0 0.009090909090909092 0.0 1.0 0.0 0.021727495544583163 0.010926782532002426 0.013250587051325062 0.001851851851851852 0.032062767641149535
0 0.007936507936507936 0.0 1.0 0.0 0.01772972868477813 0.012824971608316397 0.018625900544719735 0.0029982363315696646 0.035700396137842094
0 0.007142857142857143 0.0 1.0 0.0 0.021516315357411282 0.013595270863831294 0.023247232472324728 0.0024074074074074076 0.042056787171042005
0 0.003676470588235294 0.0 1.0 0.0 0.012401966904199946 0.008925197308262755 0.012481007163012807 0.000980392156862745 0.02246305802962321
0 0.0023148148148148147 0.0 1.0 0.0 0.014492127266878504 0.00788318881215429 0.020525830258302586 0.0013117283950617282 0.008679440354080198
0 0.003448275862068966 0.0 1.0 0.0 0.016273098070427882 0.01400401914267059 0.017813971243160708 0.0020434227330779053 0.017482157553822576
0 0.029411764705882353 0.0 1.0 0.0 0.01257361666971106 0.01451336673792328 0.011163589523400599 0.00474035768153415 0.029411764705882353
0 0.01 0.0 1.0 0.0 0.008188387396277735 0.012259975059675066 0.010437956204379562 0.0033699633699633695 0.008736538880056061
0 0.027777777777777776 0.0 1.0 0.0 0.006840352853406979 0.006229299233813472 0.009124087591240875 0.0006105006105006105 0.0007499503621817465
0 0.010869565217391304 0.0 1.0 0.0 0.006298136161931431 0.005522402346823535 0.009362107267534114 0.0006370441153049849 0.03026071191296994
0 0.008695652173913044 0.0 1.0 0.0 0.015392771964967734 0.009555797831846536 0.013646461440812439 0.0017518713170887085 0.032292612777870926
0 0.007936507936507936 0.0 1.0 0.0 0.015491640678757298 0.007232786813597309 0.01338199513381995 0.0017442874585731727 0.02783695133509139
0 0.00510204081632653 0.0 1.0 0.0 0.015359338298666425 0.014184519348068303 0.008733055265901981 0.0014390371533228676 0.01673466761332451
0 0.008928571428571428 0.0 1.0 0.0 0.013497885382387427 0.0017797997810895633 0.010166840458811261 0.0005232862375719519 0.04645839321642076
0 0.008547008547008546 0.0 1.0 0.0 0.015494117389100696 0.0072762143398640055 0.010106681639528355 0.0005635390250774866 0.049224182151059476
0 0.005 0.0 1.0 0.0 0.011871749264187256 0.009981831885647436 0.011496350364963503 0.0018315018315018315 0.0001574672733813221
0 0.0025252525252525255 0.0 1.0 0.0 0.01625590631690426 0.010987206048333588 0.012266828872668289 0.0009157509157509158 0.012319196984007493
0 0.041666666666666664 0.0 1.0 0.0 0.02451342109338825 0.014475765527568407 0.014656616415410379 0.005892255892255893 0.04166666666666668
0 0.013157894736842105 0.0 1.0 0.0 0.01925279139435438 0.00914258875425373 0.01732345940227453 0.0045188729399255724 0.024049184156929512
0 0.014492753623188404 0.0 1.0 0.0 0.012109398058704004 0.008572975720875032 0.016167795499235308 0.0021958717610891525 0.051052420342023314
0 0.008928571428571428 0.0 1.0 0.0 0.023778472289748293 0.012571508600585202 0.015613783201722898 0.0007215007215007216 0.025061883822990818
0 0.008333333333333333 0.0 1.0 0.0 0.015812011109264237 0.01609824041350351 0.009840871021775544 0.0004208754208754209 0.049068062091755606
1 0.0026881720430107525 0.0 1.0 0.03225806451612903 0.009771489603708118 0.010500094748438897 0.018479494245420648 0.001466275659824047 0.014043551714002444
0 0.02702702702702703 0.0 1.0 0.05405405405405406 0.010568563224141242 0.0070090876721425124 0.010093426760093427 0.003430675257300643 0.02702702702702703
1 0.0625 0.0 1.0 0.0 0.019689581446290457 0.00963109623586802 0.019290123456790122 0.004643962848297214 0.13062562666562255
0 0.01111111111111111 0.0 1.0 0.0 0.008608422872816853 0.008487237014002204 0.008641975308641974 0.003405572755417955 0.028930972612943383
0 0.010869565217391304 0.0 1.0 0.0 0.012268388007090432 0.010154654987529554 0.007380568974771873 0.001346076187912236 0.0034399711261936224
0 0.0071428571428571435 0.0 1.0 0.0 0.012279707326012848 0.012625119337841788 0.011243386243386241 0.0009951348960636887 0.02916571465367094
0 0.00980392156862745 0.0 1.0 0.0 0.013677355916359981 0.004302688055880738 0.010348583877995643 0.00072846476051721 0.06408893874387213
0 0.007936507936507936 0.0 1.0 0.0 0.0160734445929032 0.011342364308834412 0.010116598079561041 0.0005159958720330237 0.046961161239605295
0 0.005952380952380952 0.0 1.0 0.0 0.0168779921950269 0.0055963638314411885 0.011610817166372722 0.00044228217602830603 0.04612644641853265
1 0.018518518518518517 0.0 1.0 0.0 0.01291959537610092 0.007020015235628805 0.009773662551440328 0.0 0.0020604806570138404
1 0.004545454545454546 0.0 1.0 0.0 0.010980874787330541 0.007406098797951902 0.014730639730639731 0.0012665353222628764 0.04450230519647264
0 0.0033670033670033673 0.0 1.0 0.0 0.005734895128305383 0.0025919514811729334 0.013031550068587104 0.0006879944960440316 0.010286514901689676
0 0.004629629629629629 0.0 1.0 0.0 0.014264487118516904 0.009360020314171739 0.012860082304526748 0.00034399724802201587 0.06404843040675622
0 0.00591715976331361 0.0 1.0 0.0 0.02177171175556817 0.02106509229073592 0.01733143399810066 0.004524886877828056 0.06592497326775197
0 0.003968253968253968 0.0 1.0 0.0 0.001265811601264961 0.0046800101570858696 0.007201646090534979 0.0006879944960440317 0.0010938815900493077
0 0.0035087719298245615 0.0 1.0 0.0 0.015689882268348554 0.007175043898454305 0.012833008447043536 0.00032589212970506764 0.05531939453080247
0 0.003289473684210526 0.0 1.0 0.0 0.002322601804289891 0.0 0.00649772579597141 0.00032589212970506764 0.0008561879117361107
0 0.03225806451612903 0.0 1.0 0.06451612903225806 0.02729971825765931 0.011331677118835962 0.023110255175734225 0.00645161290322581 0.03225806451612903
0 0.038461538461538464 0.0 1.0 0.0 0.02331214660155854 0.01308152839100829 0.012629161882893224 0.004999999999999999 0.11000095503777096
0 0.007751937984496124 0.0 1.0 0.0 0.011663547705458919 0.016933686651596776 0.012842762929538358 0.0016279069767441861 0.030596075972032545
0 0.011904761904761904 0.0 1.0 0.0 0.019635058597171427 0.009325675686966397 0.009713338071547025 0.0019047619047619048 0.05154710320638686
0 0.0064516129032258064 0.0 1.0 0.06451612903225806 0.015086320635120451 0.007658968395480356 0.017653667148130315 0.000967741935483871 0.03468065741899459
0 0.005747126436781609 0.0 1.0 0.0 0.015070877823449973 0.015130187967337765 0.018184937382055243 0.0020689655172413794 0.04917615293906915
0 0.004329004329004329 0.0 1.0 0.0 0.014959863667377135 0.010204228169785773 0.017337554650987488 0.0024242424242424242 0.03956677167389626
0 0.05555555555555555 0.0 1.0 0.1111111111111111 0.022984664494701226 0.010284871403137665 0.020947176684881604 0.0054869684499314125 0.05555555555555555
0 0.016129032258064516 0.0 1.0 0.0 0.01644387267374283 0.009583911664757918 0.017583289264939187 0.005177220230983675 0.02892322406903501
0 0.016666666666666666 0.0 1.0 0.0 0.006703620256831899 0.00839801822632631 0.010860655737704918 0.003909465020576133 0.006473779702926228
0 0.03571428571428571 0.0 1.0 0.0 0.01520864965730631 0.011997168894751872 0.018149882903981264 0.0 0.08259854501233008
0 0.005128205128205128 0.0 1.0 0.0 0.01097237619944918 0.010007622204439123 0.013766288356452291 0.0005275931201857128 0.015048574401597735
0 0.005376344086021505 0.0 1.0 0.0 0.02177809976417001 0.015666446978936002 0.015600211528291911 0.002522235497145892 0.022332607586289337
0 0.005494505494505494 0.0 1.0 0.0 0.013202103417350945 0.010569110322110971 0.014974779319041618 0.0012662234884457109 0.02558911749054809
0 0.006578947368421052 0.0 1.0 0.0 0.017521337383073907 0.018331577204557997 0.011647972389991374 0.0017327268789257095 0.03893255133804578
0 0.004273504273504273 0.0 1.0 0.0 0.01842282935753731 0.013487220021897412 0.01103404791929382 0.0003165558721114277 0.033237675703743856
0 0.003703703703703704 0.0 1.0 0.0 0.017340024701861852 0.0 0.014571948998178505 0.0 0.030996019211167864
0 0.03333333333333333 0.0 1.0 0.0 0.012958527601957483 0.008307943676346631 0.013786008230452673 0.004024767801857584 0.03333333333333333
0 0.02631578947368421 0.0 1.0 0.0 0.01533471931040689 0.008437750183853966 0.021442495126705652 0.004399543751018413 0.04093894857950429
0 0.0196078431372549 0.0 1.0 0.11764705882352941 0.012728009136960487 0.013300841804447123 0.0130718954248366 0.0041886723729739565 0.03772993613991264
0 0.015625 0.0 1.0 0.0 0.019139357285598665 0.008409032558032218 0.007908950617283951 0.0015479876160990713 0.06107970618056632
0 0.014285714285714287 0.0 1.0 0.14285714285714285 0.0075225373029612725 0.012404169428349343 0.01212522045855379 0.0004422821760283061 0.003920413884549871
0 0.005376344086021505 0.0 1.0 0.06451612903225806 0.009518195870039669 0.006783817767392814 0.013241736360015927 0.0009987016878058525 0.022674988264780795
0 0.003968253968253968 0.0 1.0 0.05555555555555555 0.011360602751630967 0.010318089200055634 0.01894718792866941 0.002407980736154111 0.015032154389253633
0 0.010416666666666666 0.0 1.0 0.0 0.015900679841103278 0.011272818970903839 0.016975308641975308 0.002321981424148607 0.06892451565326392
0 0.003968253968253968 0.0 1.0 0.0 0.012282822021743352 0.01544094486489253 0.02237654320987654 0.003869969040247679 0.03812658840554217
0 0.004 0.0 1.0 0.0 0.011261374279583139 0.005109678722300222 0.0145679012345679 0.0017337461300309597 0.02518640837270032
0 0.005050505050505051 0.0 1.0 0.0 0.014856089477032862 0.008721100770011423 0.014403292181069957 0.0010319917440660474 0.058665443835601044
0 0.0028735632183908046 0.0 1.0 0.06896551724137931 0.017976177032949403 0.00815973806872016 0.019263516389953172 0.0024554286324330096 0.03030817937790819
0 0.004273504273504274 0.0 1.0 0.0 0.000690981831461682 0.008190017774900272 0.009945130315500685 0.0 0.0006873663369101371
0 0.002304147465437788 0.0 1.0 0.0 0.011578287066753538 0.007155560569968966 0.015232974910394265 0.0015979227004893639 0.015254534382780006
0 0.038461538461538464 0.0 1.0 0.0 0.013295597163706927 0.018795098688511074 0.012754085292945395 0.006209935897435899 0.03846153846153847
0 0.010869565217391304 0.0 1.0 0.0 0.015841502975675197 0.016014707427119274 0.011714350078846586 0.004302536231884058 0.012647036611031231
0 0.0101010101010101 0.0 1.0 0.0 0.01128244217555166 0.0032208308538467377 0.012717852096090436 0.0 0.006398458995477148
0 0.0078125 0.0 1.0 0.0 0.023502906832309815 0.021036051514186506 0.0116580310880829 0.0019531249999999998 0.013545383835932045
0 0.005405405405405406 0.0 1.0 0.0 0.007559642773792188 0.009575443079003815 0.011903094804649208 0.0005630630630630631 0.00045378656467718757
0 0.008771929824561403 0.0 1.0 0.0 0.0136213263443784 0.007458766187855604 0.008453776929370058 0.001644736842105263 0.013308360744983875
0 0.011363636363636364 0.0 1.0 0.022727272727272728 0.005801367033549837 0.0034291068454494434 0.00879277566539924 0.0023376623376623403 0.011363636363636366
0 0.01 0.0 1.0 0.0 0.007014415750008492 0.0045727680049975515 0.012395437262357416 0.0017904761904761904 0.010355091564919072
0 0.01111111111111111 0.0 1.0 0.0 0.010609952895663317 0.00829823369324271 0.013434727503168565 0.0015873015873015873 0.025876164107303548
0 0.009259259259259259 0.0 1.0 0.0 0.006897895460781334 0.007748258764458503 0.01337839740881566 0.0008465608465608466 0.02117843210975516
0 0.005405405405405406 0.0 1.0 0.0 0.006890768522375561 0.006844366787441883 0.010790257938546911 0.0007207207207207208 0.006350661151662889
0 0.004629629629629629 0.0 1.0 0.0 0.004585264813885132 0.006023772006781218 0.007868610054921843 0.0006349206349206348 0.006095226940018413
0 0.0049261083743842365 0.0 1.0 0.06896551724137931 0.010080363806716376 0.008713693930293896 0.014029107119444082 0.001970443349753695 0.026301692953953723
1 0.004310344827586207 0.0 1.0 0.0 0.006540986744672626 0.00833793367006145 0.013439097941523533 0.0018390804597701153 0.006946792987245988
0 0.0028490028490028487 0.0 1.0 0.05128205128205128 0.008359746794548093 0.006163896060398908 0.014331675928634106 0.00126984126984127 0.016825042368650126
0 0.003448275862068966 0.0 1.0 0.0 0.003822892228954642 0.0053614934095166985 0.007539006162318081 0.0 0.005561961776056798
0 0.005050505050505051 0.0 1.0 0.0 0.004910094211730978 0.008064829286527757 0.006442754541613856 0.00021164021164021165 0.009741760178966196
1 0.0028735632183908046 0.0 1.0 0.06896551724137931 0.007702491639647086 0.003823540103538013 0.009899042874000261 0.0005254515599343186 0.012806305921309503
1 0.004273504273504274 0.0 1.0 0.0 0.00490374849229606 0.0021594904010553365 0.01383607942543304 0.00031746031746031746 0.021242508164319225
0 0.0021645021645021645 0.0 1.0 0.0 0.0035229947815731437 0.001038917095602947 0.010024196335983409 0.0003463203463203463 0.010656763658651978
0 0.00196078431372549 0.0 1.0 0.0 0.004691597999031981 0.00483752344069919 0.013531648400805188 0.001120448179271709 0.0070750209692087415