0 0.030303030303030304 0.0 1.0 0.0 0.006661152907182713 0.00442758998692786 0.008983957219251337 0.002644368210405946 0.0303030303030303
0 0.02 0.0 1.0 0.0 0.007470382308595019 0.006377885655155608 0.013835294117647058 0.002830188679245283 0.01980367224410642
0 0.020833333333333332 0.0 1.0 0.0 0.007157115665490906 0.006802598023748493 0.005441176470588236 0.0032429245283018865 0.0009042234354176022
0 0.009259259259259259 0.0 1.0 0.0 0.0034363532899842055 0.004849151593934156 0.008888888888888887 0.002795248078266946 0.0011501591608213397
0 0.0064516129032258064 0.0 1.0 0.0 0.005206533966934835 0.005175285121214478 0.007362428842504741 0.0005325623858794887 0.014831265140687921
0 0.009259259259259259 0.0 1.0 0.0 0.0032219008528819974 0.0035651964168366404 0.010457516339869279 0.0007861635220125787 0.0025464733306394915
0 0.004464285714285714 0.0 1.0 0.0 0.005356287342803998 0.006646673746898867 0.010220588235294118 0.0010318396226415094 0.008913156423963436
0 0.005 0.0 1.0 0.0 0.003245798077893118 0.007162289786540673 0.0044235294117647055 0.0005660377358490566 0.0015583205002416588
0 0.0037037037037037034 0.0 1.0 0.0 0.010391541678039521 0.009464642758637893 0.006588235294117646 0.001572327044025157 0.018785320932093612
0 0.0071428571428571435 0.0 1.0 0.0 0.010950131489449023 0.006437041896139273 0.004873949579831933 0.0005053908355795149 0.009706492160111274
0 0.007575757575757576 0.0 1.0 0.0 0.005745779688831689 0.0033065380014773624 0.014705882352941175 0.0007861635220125786 0.014001120625380961
0 0.0030864197530864196 0.0 1.0 0.0 0.005386313787402767 0.0065361934308671744 0.0067973856209150325 0.0006988120195667365 0.0013868242350086055
0 0.002331002331002331 0.0 1.0 0.0 0.00923896236925616 0.007928788166236453 0.011408199643493759 0.0015008576329331046 0.011802379229030225
0 0.0023809523809523807 0.0 1.0 0.0 0.00440106580886889 0.006801756559037889 0.01011764705882353 0.00110062893081761 0.016655413647669644
0 0.0026666666666666666 0.0 1.0 0.0 0.0073705005591274434 0.005861799025934926 0.005364705882352942 0.0003773584905660377 0.021017993183539575
0 0.0025 0.0 1.0 0.0 0.007073088418843526 0.008717662395216492 0.0075294117647058826 0.0007547169811320754 0.017096737024275555
0 0.00267379679144385 0.0 1.0 0.0 0.0042710644053707315 0.0020035291224168653 0.009518716577540104 0.00096483704974271 0.010700559094295535
0 0.03333333333333333 0.0 1.0 0.0 0.0097756102758472 0.008739865609749273 0.011797307996832936 0.003492063492063493 0.033333333333333326
0 0.011627906976744186 0.0 1.0 0.0 0.006901964590826146 0.01034025977278741 0.009887863889962992 0.002934662236987821 0.014799168847184711
0 0.01515151515151515 0.0 1.0 0.0 0.006546131322007633 0.009020193962356433 0.011552580436190885 0.0033549783549783555 0.014471457088752688
0 0.017857142857142856 0.0 1.0 0.0 0.006122494341061378 0.0028611675767885756 0.0067865626060400405 0.002040816326530612 0.03295598464926979
0 0.004761904761904762 0.0 1.0 0.0 0.0017592497705393307 0.006012796343024333 0.007521773555027713 0.00034013605442176874 0.000697791337500047
0 0.01282051282051282 0.0 1.0 0.0 0.008981030240305153 0.011419710852985055 0.009501187648456057 0.002197802197802198 0.022330809282628292
1 0.005714285714285714 0.0 1.0 0.0 0.00930246652954986 0.006326075849703836 0.01140142517814727 0.0014285714285714286 0.02148160606725619
0 0.010416666666666666 0.0 1.0 0.0 0.004729606605750167 0.0037633280463982752 0.010095011876484561 0.0011904761904761906 0.031779144940537594
0 0.0101010101010101 0.0 1.0 0.0 0.004296075886634863 0.004105448777889028 0.016843014467717556 0.001948051948051948 0.03987855885531648
0 0.003448275862068966 0.0 1.0 0.0 0.004814180754027163 0.009193871880977084 0.010647882709476612 0.0011494252873563218 0.008493104041798484
0 0.006060606060606061 0.0 1.0 0.0 0.007142472616644998 0.007409008902345827 0.0045922406967537615 0.000634920634920635 0.029766370103631135
0 0.003968253968253968 0.0 1.0 0.0 0.011952306484061596 0.0077527465817485534 0.010292953285827397 0.002154195011337868 0.021585690167782452
0 0.003344481605351171 0.0 1.0 0.0 0.00659320493309371 0.0024241552882187005 0.012909222348445729 0.0006211180124223603 0.011129100845796795
0 0.0021008403361344537 0.0 1.0 0.0 0.005499538661547111 0.004019882185266293 0.00831353919239905 0.0011904761904761904 0.013942299356105798
0 0.003333333333333333 0.0 1.0 0.0 0.0040678463667643714 0.005077017862344546 0.008907363420427552 0.00023809523809523812 0.02352119096168922
0 0.002403846153846154 0.0 1.0 0.0 0.00558396389398866 0.0072670036680219045 0.010414763383884522 0.0009157509157509158 0.021556863476922428
0 0.002262443438914027 0.0 1.0 0.0 0.005209123196819752 0.006089953544695694 0.011511054266398682 0.0011904761904761906 0.020048191903081415
1 0.0037037037037037034 0.0 1.0 0.0 0.004950423806240776 0.006478471203166012 0.005225653206650831 0.0 0.002813696908978051
0 0.02702702702702703 0.0 1.0 0.0 0.011631337985148238 0.010745587914179002 0.01291369698680404 0.003962077260506582 0.027027027027027025
0 0.016666666666666666 0.0 1.0 0.0 0.008165067915829771 0.010902965663122871 0.005134899912967798 0.003228621291448518 0.004260719008561397
0 0.007751937984496124 0.0 1.0 0.0 0.00554152982308665 0.007671910745858519 0.007407857186228672 0.002374284670644102 0.012782987837792316
0 0.019230769230769232 0.0 1.0 0.0 0.010892364650062703 0.010169557523383591 0.014661578630247038 0.0010068465565847766 0.04042466611509098
0 0.008333333333333333 0.0 1.0 0.0 0.0037540663284444903 0.007085405092784377 0.010008703220191473 0.0006544502617801046 0.0007906484177177905
0 0.01282051282051282 0.0 1.0 0.0 0.0074345175659097686 0.004329664444369041 0.00943964651536453 0.0012082158679017317 0.00063777247073774
0 0.023809523809523808 0.0 1.0 0.0 0.0043483900422133185 0.002967886022392806 0.0030461270670147957 0.0 0.009199432289015002
0 0.007352941176470588 0.0 1.0 0.0 0.015165021340508155 0.012699640113289086 0.011365381661803104 0.0032337542346781646 0.03174378940053805
0 0.01111111111111111 0.0 1.0 0.0 0.009292226918480254 0.00817784950114706 0.012010443864229765 0.0005235602094240838 0.0007683853213432668
0 0.0030303030303030303 0.0 1.0 0.0 0.007203480870083783 0.007539008646188869 0.007832898172323762 0.0015072187847056954 0.01177975346677073
0 0.007575757575757576 0.0 1.0 0.0 0.006798160180065303 0.005472214783855316 0.010226283724978245 0.001963350785340314 0.04322011723483643
0 0.004166666666666667 0.0 1.0 0.0 0.012766036738304943 0.0074265952995250335 0.005221932114882506 0.0015706806282722511 0.031052503894999535
0 0.0038461538461538464 0.0 1.0 0.0 0.012244646682301899 0.007921340287113885 0.009007832898172325 0.0023560209424083765 0.020294673293043353
0 0.001984126984126984 0.0 1.0 0.0 0.007621830333011507 0.003296815350904173 0.011096605744125326 0.0007998836532867947 0.014319046983002784
0 0.006666666666666666 0.0 1.0 0.0 0.005603787210596073 0.009156187992874326 0.007049608355091383 0.0007853403141361256 0.0032518758139141886
0 0.004464285714285714 0.0 1.0 0.0 0.0007635853342450766 0.005087804609816239 0.008205893323386795 0.0 0.001278466850609205
0 0.002028397565922921 0.0 1.0 0.0 0.01145791980351428 0.01507983862940472 0.009993697668137213 0.0027983390503701026 0.014385416711252368
0 0.003472222222222222 0.0 1.0 0.0 0.0041073635966776 0.007599940871495709 0.0039164490861618795 0.0003272251308900524 0.011321798865972503
0 0.03125 0.0 1.0 0.0 0.012358472320041083 0.014010413824515476 0.012146226415094339 0.005800189393939391 0.03125
0 0.017241379310344827 0.0 1.0 0.0 0.011236058506266987 0.011693451053288895 0.016655823031880283 0.004832810867293625 0.00972341053876655
0 0.01515151515151515 0.0 1.0 0.0 0.008497378994185519 0.007027267317483792 0.011149228130360204 0.002582644628099173 0.016941251656814118
0 0.014705882352941176 0.0 1.0 0.0 0.004700075225612305 0.009419104508533312 0.010432852386237514 0.002450980392156863 0.022178082377544612
0 0.011111111111111112 0.0 1.0 0.0 0.0076229938587598295 0.010945120475156275 0.01530398322851153 0.0012626262626262627 0.00026076036971775106
0 0.006666666666666666 0.0 1.0 0.0 0.011079355993375388 0.007435656939033608 0.012377358490566037 0.0015151515151515152 0.01777353404977641
0 0.008928571428571428 0.0 1.0 0.0 0.011717024563216633 0.005852270230967059 0.022169811320754716 0.0011837121212121212 0.04375200164029885
0 0.0078125 0.0 1.0 0.0 0.0037160864885057224 0.005023227866048594 0.016037735849056604 0.002130681818181818 0.005742075295572982
0 0.003472222222222222 0.0 1.0 0.0 0.012628118035628216 0.014434599304919846 0.012735849056603772 0.002012310606060606 0.017667135169291297
0 0.006666666666666667 0.0 1.0 0.0 0.003331260536083736 0.003435552910769854 0.018867924528301886 0.0 0.01636212958309508
0 0.008264462809917356 0.0 1.0 0.0 0.01902757857709794 0.015539660380708607 0.010634648370497428 0.0024104683195592287 0.03040658740745399
0 0.005952380952380952 0.0 1.0 0.0 0.008375900215712386 0.008232807055780694 0.0037735849056603774 0.0005411255411255411 0.013828385050112035
0 0.004273504273504274 0.0 1.0 0.0 0.009339472702450969 0.01717776455384927 0.005870020964360586 0.0004208754208754209 0.0006586762373921807
0 0.029411764705882353 0.0 1.0 0.058823529411764705 0.01179515420291224 0.013138410754940447 0.01176470588235294 0.0044275774826059485 0.029411764705882353
0 0.03125 0.0 1.0 0.0 0.0056746852501886064 0.006095335809430386 0.0071428571428571435 0.003584229390681003 0.00207545913606715
0 0.007407407407407407 0.0 1.0 0.0 0.009928844215121526 0.012548706403601985 0.008253968253968253 0.002708084428514537 0.008722128804971963
0 0.017857142857142856 0.0 1.0 0.0 0.011181696105638708 0.017415245169801103 0.0071428571428571435 0.0007680491551459294 0.0006744575673006392
0 0.008695652173913044 0.0 1.0 0.0 0.011189670473756375 0.013951232860211901 0.011490683229813663 0.0012466884837151317 0.01814383865090852
0 0.013888888888888888 0.0 1.0 0.0 0.007980286469733604 0.01015889301571731 0.007142857142857143 0.000896057347670251 0.0036619531646653407
0 0.005714285714285714 0.0 1.0 0.0 0.01453151358690127 0.015194850681277234 0.011285714285714286 0.000860215053763441 0.01791411714817293
0 0.008928571428571428 0.0 1.0 0.0 0.018560583959177385 0.012750799289502724 0.01709183673469388 0.003072196620583718 0.05032547386133014
0 0.007407407407407407 0.0 1.0 0.0 0.0072923595124887025 0.0032508457650295393 0.010952380952380953 0.0 0.01733133854692555
0 0.005263157894736842 0.0 1.0 0.0 0.0036940455280122346 0.0012832285914590286 0.012218045112781956 0.0007545746085644218 0.00037539037048430764
0 0.003787878787878788 0.0 1.0 0.0 0.009021154293643576 0.006848336316122105 0.01011904761904762 0.0013440860215053762 0.021071081990933497
0 0.003968253968253968 0.0 1.0 0.0 0.005546165504600447 0.0036697582575075374 0.007312925170068028 0.00136542072025943 0.016112622488797794
0 0.004273504273504274 0.0 1.0 0.0 0.005393010118723374 0.0 0.007738095238095238 0.0 0.008377376903586881
0 0.03571428571428571 0.0 1.0 0.0 0.009176527488189614 0.006565692535555086 0.016687925170068025 0.003731343283582091 0.03571428571428571
0 0.015151515151515152 0.0 1.0 0.0 0.007255108464755695 0.014325581638104743 0.007124819624819625 0.0032564450474898256 0.006719760984061075
0 0.03333333333333333 0.0 1.0 0.0 0.003884084155815737 0.012390303212091287 0.011904761904761904 0.0032835820895522386 0.016951681553353113
0 0.027777777777777776 0.0 1.0 0.0 0.008360977549424916 0.011078099709818283 0.014550264550264551 0.0036484245439469317 0.0010236772094821204
0 0.018181818181818184 0.0 1.0 0.0 0.011477269576318679 0.011080849416057498 0.016233766233766232 0.004341926729986432 0.03335955940262005
0 0.004273504273504273 0.0 1.0 0.0 0.006584039304734595 0.00875337976617667 0.013888888888888885 0.0006888633754305396 0.008489518792346754
0 0.005952380952380952 0.0 1.0 0.0 0.00791777389492817 0.004584184158220533 0.015624999999999995 0.0017412935323383085 0.01367310847457231
0 0.004166666666666667 0.0 1.0 0.0 0.007816314988504625 0.009884140380184736 0.016964285714285713 0.0011940298507462687 6.72386750516917e-05
0 0.004115226337448559 0.0 1.0 0.0 0.007965909523797611 0.0007520613337008636 0.011904761904761908 0.0002211166390270868 0.01986393858110442
0 0.014285714285714287 0.0 1.0 0.0 0.012602219526109015 0.01234990043838168 0.01615646258503401 0.0017057569296375266 0.07670979045021444
0 0.005681818181818182 0.0 1.0 0.0 0.0040227919152732924 0.001190849571149286 0.009300595238095238 0.00037313432835820896 0.0007713154612318314
0 0.004629629629629629 0.0 1.0 0.0 0.00788604305390476 0.005882345981919269 0.006779100529100528 0.0013266998341625207 0.01083386042088168
1 0.001876172607879925 0.0 1.0 0.0 0.005851248439836128 0.008574360178873518 0.011469221835075491 0.0016745540589734255 0.008769729461850648
0 0.0024630541871921183 0.0 1.0 0.0 0.0073220171660511695 0.007433985112670357 0.007286535303776684 0.001132269686052496 0.0010341782775582405
0 0.0047619047619047615 0.0 1.0 0.0 0.0075938606797597685 0.00982697171841997 0.019345238095238092 0.0014925373134328358 0.02856860558331752
0 0.045454545454545456 0.0 1.0 0.0 0.009367713423922425 0.009034079671955913 0.014146037029332221 0.00323185988323603 0.04545454545454545
0 0.017857142857142856 0.0 1.0 0.0 0.007923543418498992 0.008372128849937734 0.011196469434455705 0.0029488859764089125 0.014003494160976767
0 0.008130081300813007 0.0 1.0 0.0 0.003447040206848686 0.00799346117835818 0.006697549813026734 0.0025173416871783396 0.0006148351057853389
0 0.020833333333333332 0.0 1.0 0.0 0.007351347129287614 0.008361154880038664 0.018115942028985508 0.0026758409785932725 0.007313226371453322
0 0.022222222222222223 0.0 1.0 0.0 0.009912287455728468 0.006580857464877002 0.007373506229341469 0.0017838939857288483 0.015008862809110525
0 0.006666666666666666 0.0 1.0 0.0 0.006310814939502716 0.0037138698683549954 0.011807780320366135 0.0011009174311926607 0.01645873133172548
0 0.007142857142857143 0.0 1.0 0.0 0.003466008526182867 0.0036483106484076723 0.014988558352402745 0.0009174311926605505 0.00042113103464602616
0 0.00625 0.0 1.0 0.0 0.008039994074133089 0.004166110097280402 0.009382151029748284 0.0010321100917431193 0.021214609024438204
0 0.008547008547008546 0.0 1.0 0.0 0.005694027948131841 0.0024510359208010594 0.02358739658510826 0.0014114326040931546 0.0010593474019184768
0 0.0032258064516129032 0.0 1.0 0.0 0.006302013379031089 0.006629839879046007 0.010851110947073155 0.0016277005031074283 0.02423133288981635
0 0.00909090909090909 0.0 1.0 0.0 0.005150408634800982 0.006111614089080788 0.011899313501144164 0.0016055045871559634 0.06391850967404063
0 0.003968253968253968 0.0 1.0 0.0 0.003745453523146557 0.004975701672008286 0.010134030728996404 0.0008737439930100481 0.0015331118968234727
0 0.003076923076923077 0.0 1.0 0.0 0.007736984214982543 0.008737124330267907 0.008237986270022885 0.0008256880733944954 0.021173094997528445
0 0.00510204081632653 0.0 1.0 0.0 0.011562718753820403 0.011932623215492615 0.012912716574043807 0.0018020969855832242 0.027472186882225157
0 0.004166666666666667 0.0 1.0 0.0 0.001974040040513096 0.0028259800902254856 0.010297482837528606 0.0 0.0014412783007133733
0 0.00625 0.0 1.0 0.0 0.001038807903968446 0.0029613858591946507 0.012128146453089244 0.0 0.00428711688386733
0 0.002352941176470588 0.0 1.0 0.0 0.003968404494043385 0.007074917503588708 0.010434782608695651 0.0008256880733944954 0.00014814817911843354
0 0.0027777777777777775 0.0 1.0 0.0 0.0057637781284426105 0.007872464626601685 0.011441647597254006 0.0011467889908256881 0.00029738480024582516
0 0.0017543859649122805 0.0 1.0 0.0 0.006865594909225141 0.006733390519614057 0.014263920671243326 0.0016055045871559634 0.025219739425482075
0 0.00625 0.0 1.0 0.0 0.0017474964481591436 0.005254513402606967 0.014874141876430207 0.0 0.0018414555925502433
0 0.002506265664160401 0.0 1.0 0.0 0.009015658483574596 0.006561219121232072 0.008912441286282068 0.0015692901979719944 0.02708532604934022
0 0.0025252525252525255 0.0 1.0 0.0 0.005924458314894739 0.006774091399226495 0.016145436053902878 0.0019113149847094803 0.02956334786411244
0 0.03225806451612903 0.0 1.0 0.0 0.0068211341486341705 0.005086059897395668 0.014793507294020958 0.002469516900756289 0.03225806451612904
1 0.01282051282051282 0.0 1.0 0.0 0.0046162762505818355 0.005847862961865999 0.016821819369590072 0.0033124769966875233 0.007278665711113284
0 0.015873015873015872 0.0 1.0 0.0 0.007516529489999497 0.00326590926266221 0.020700636942675158 0.0025062656641604 0.02233607039736089
0 0.03125 0.0 1.0 0.0 0.004493345739382782 0.0036538562097873 0.004578025477707006 0.0013955342902711324 0.021485522524195493
0 0.005714285714285714 0.0 1.0 0.0 0.005485962790749239 0.005016457855375937 0.008553230209281164 0.0022328548644338113 0.007367702322211305
0 0.005376344086021505 0.0 1.0 0.0 0.006264568841340863 0.008471676934869523 0.015307170741730016 0.0028811030508823386 0.0014813801837015204
0 0.002506265664160401 0.0 1.0 0.0 0.004590366554947478 0.006854548087363231 0.020700636942675175 0.002546238003301715 0.0013674556329142582
0 0.011363636363636364 0.0 1.0 0.0 0.004092808746291671 0.0073512673909857384 0.011001737116386799 0.00043497172683775554 0.001482083353088159
0 0.004115226337448559 0.0 1.0 0.0 0.005050720200787857 0.008948526555808925 0.016277423920736025 0.0023628093803532402 0.0016373522103891214
0 0.004545454545454546 0.0 1.0 0.0 0.005805298160358561 0.005442453419928878 0.014910248986682107 0.0008699434536755111 0.01815895216398419
0 0.006493506493506494 0.0 1.0 0.0 0.00578777047507692 0.009559855592544622 0.011601455868971792 0.0013670539986329459 0.0006518462987202534
0 0.008333333333333333 0.0 1.0 0.0 0.008370087842524073 0.009320510088017585 0.005573248407643313 0.0017543859649122805 0.011750578677862954
0 0.002958579881656805 0.0 1.0 0.0 0.0035921989320501523 0.0007495089661102154 0.011881430671239588 0.000122684333210649 0.015423011375785351
0 0.002976190476190476 0.0 1.0 0.0 0.0036578934605117548 0.0008119680466194 0.01167728237791932 0.00019936204146730463 0.01863902324774633
0 0.006666666666666666 0.0 1.0 0.0 0.0011967746259875438 0.0 0.002388535031847134 0.0 0.03076622306981392
0 0.002403846153846154 0.0 1.0 0.0 0.002772753342589546 0.004079481370360292 0.011697697207251346 0.0005520794994479204 0.0003007645253404067
0 0.002557544757033248 0.0 1.0 0.0 0.007170198497104504 0.0072337978773421106 0.014054278593187482 0.0012481797378822552 0.007108918365278885
0 0.004629629629629629 0.0 1.0 0.0 0.005876320295584398 0.007409869229320166 0.020966029723991506 0.002259436469962786 0.0007707960329849553
0 0.004048582995951417 0.0 1.0 0.0 0.006698545555345398 0.005186227583645871 0.014943655071043607 0.00122684333210649 0.000290896515330652
0 0.001724137931034483 0.0 1.0 0.0 0.0039259761952832395 0.006699106313260444 0.014715572150230616 0.0013749106308089973 0.015332953824142941
0 0.002506265664160401 0.0 1.0 0.0 0.001485476800741007 0.005391564481110665 0.01340931947703654 0.000503651473180559 0.0012250999847815546
0 0.0009276437847866419 0.0 1.0 0.0 0.002872366745333594 0.003336461881883581 0.01624853763161316 0.0007811737135045405 0.006024470965348005
0 0.0024154589371980675 0.0 1.0 0.0 0.005014783510108265 0.0027679767051552165 0.015215852795470629 0.000177210703526493 0.011229710488515185
1 0.005952380952380952 0.0 1.0 0.0 0.0020635165647850118 0.0 0.004777070063694267 0.0 0.05718833990290784
0 0.0012903225806451613 0.0 1.0 0.0 0.0032801190463198782 0.004853585922714294 0.017721388945962608 0.0010804136440808764 0.00015269901425223953
0 0.004807692307692308 0.0 1.0 0.0 0.0020411200619937673 0.004497004747622512 0.013335987261146497 0.0007974481658692185 0.003837300022768245
0 0.0013717421124828531 0.0 1.0 0.0 0.005280709032816977 0.00542305772670782 0.009436187780136825 0.000826983283123634 0.02119839508424786
0 0.030303030303030304 0.0 1.0 0.06060606060606061 0.014134300940763912 0.010290130423598871 0.01356339599965662 0.003960055096418732 0.0303030303030303
0 0.015151515151515152 0.0 1.0 0.0 0.007312072379274887 0.009297224233390149 0.01253326465791055 0.003960055096418731 0.021494070697870377
1 0.03333333333333333 0.0 1.0 0.0 0.0063760016243853525 0.007570067451247794 0.014164305949008499 0.004261363636363635 0.0507243555848371
0 0.019230769230769232 0.0 1.0 0.0 0.005354206515923785 0.0051630376125089885 0.010895619960775768 0.0032779720279720276 0.015669907734524285
0 0.008 0.0 1.0 0.0 0.009335679419568746 0.006238284239538001 0.014164305949008495 0.001590909090909091 0.021555000351487687
0 0.008333333333333333 0.0 1.0 0.0 0.0036061726751326095 0.0019733624430540346 0.01742209631728045 0.0005681818181818182 0.0093071406841258
0 0.007142857142857143 0.0 1.0 0.0 0.012525609797144977 0.009778062014442993 0.011473087818696883 0.0024147727272727276 0.033237991983973966
0 0.009615384615384616 0.0 1.0 0.0 0.008674435124858108 0.0046200073131672055 0.028110699498801482 0.002185314685314685 0.03294568112574959
0 0.0025839793281653744 0.0 1.0 0.0 0.00499145728051276 0.008824267780792682 0.01903946241517886 0.0011231501057082454 0.011550579477485008
0 0.003125 0.0 1.0 0.0 0.007628712193186619 0.009040982150084123 0.014783994334277616 0.0012428977272727273 0.017266903475074036
0 0.005050505050505051 0.0 1.0 0.0 0.0039335566821594465 0.005894670561418267 0.010701920050361975 0.0006313131313131314 0.000428218018238759
0 0.008333333333333333 0.0 1.0 0.0 0.007171267775670953 0.0036680802119570103 0.014447592067988669 0.0 0.021866834616854878
0 0.002958579881656805 0.0 1.0 0.0 0.008410232942226963 0.01301883712709933 0.008607539769012858 0.0009833916083916083 0.02045635106412457
0 0.0023809523809523807 0.0 1.0 0.0 0.008281631292071923 0.008541004879995453 0.016525023607176583 0.0020833333333333333 0.021751688157254815
0 0.008333333333333333 0.0 1.0 0.0 0.0021633312970128775 0.006508431373683628 0.015580736543909348 0.0 0.0018146389348651084
0 0.003289473684210526 0.0 1.0 0.0 0.010897663757600158 0.00897980288201894 0.010287759057700909 0.0019437799043062203 0.0256524576576374
0 0.03333333333333333 0.0 1.0 0.0 0.008431429684287313 0.008421535769447699 0.015926892950391645 0.003577661431064574 0.03333333333333333
0 0.013888888888888888 0.0 1.0 0.0 0.004787183812311088 0.006851424093928673 0.008920800696257617 0.0029086678301338004 0.0015163130648558785
0 0.013888888888888888 0.0 1.0 0.0 0.006429592642126606 0.00792788067463947 0.018494342906875544 0.003381326352530542 0.018697264363473038
0 0.008928571428571428 0.0 1.0 0.0 0.009885862694295882 0.009226763949270031 0.018649757553151812 0.002056843679880329 0.022127129826097908
0 0.011764705882352941 0.0 1.0 0.0 0.00485611030210573 0.0053814087827332305 0.024266625710336352 0.0010779180782260547 0.04987901226905918
0 0.010416666666666666 0.0 1.0 0.0 0.010912042177117538 0.00967639256024852 0.007996083550913838 0.0006544502617801048 0.003113305301417641
0 0.006802721088435374 0.0 1.0 0.0 0.008074603155627871 0.014156229049468142 0.007459903021260724 0.0002493143854400399 0.02363627818712816
0 0.0125 0.0 1.0 0.0 0.0021579877468449844 0.008817662238128146 0.005483028720626631 0.0005235602094240838 0.01362160506053656
0 0.012345679012345678 0.0 1.0 0.0 0.012380116673660117 0.007530857415802419 0.012184508268059183 0.0005817335660267598 0.015189688051499176
0 0.007692307692307693 0.0 1.0 0.0 0.009306059348510426 0.01594347293773967 0.0056236192006426985 0.0022150624244865083 0.0176418282446098
1 0.006060606060606061 0.0 1.0 0.0 0.010782793510748945 0.010371447679174866 0.0113141862489121 0.0012216404886561953 0.00036884230190631134
0 0.009259259259259259 0.0 1.0 0.0 0.0013424765846197684 0.006041834614182909 0.013635044966637656 0.0005817335660267598 0.002291733731901483
0 0.0027472527472527475 0.0 1.0 0.0 0.006066538380899871 0.008109445741964361 0.008392390898918314 0.0012154076290201946 0.006969309972229887
0 0.007142857142857143 0.0 1.0 0.0 0.015524119177635867 0.011995708291890934 0.004438642297650131 0.001832460732984293 0.0035929497288070275
0 0.0024691358024691358 0.0 1.0 0.0 0.007985026629853382 0.0030045030899936275 0.010540566676336913 0.000678689160364553 0.018937833612030323
0 0.005681818181818182 0.0 1.0 0.0 0.00923550130994718 0.006129455555487162 0.011868027533823879 0.0016658733936220846 0.08799346910610148
0 0.00267379679144385 0.0 1.0 0.0 0.004266897951695824 0.003882029237623619 0.012342748635176835 0.0010709186101856257 0.01537670504534461
0 0.0021367521367521365 0.0 1.0 0.0 0.004784793547079929 0.004446155326611888 0.011146816629845353 0.0014095851792186869 0.010998260170644052
0 0.0037593984962406013 0.0 1.0 0.0 0.006945717257170088 0.0060306040475140215 0.010257366654233496 0.0016828721017202693 0.0007812704322304844
0 0.0029411764705882353 0.0 1.0 0.11764705882352941 0.008283162989199537 0.004189956737495726 0.012594071571187224 0.0003079765937788728 0.00045829099780039106
0 0.030303030303030304 0.0 1.0 0.0 0.013151271600742214 0.012363353268814601 0.020733652312599677 0.00417666400071092 0.0303030303030303
0 0.016129032258064516 0.0 1.0 0.0 0.005887216285619983 0.009223744062597001 0.019335974344463307 0.003973134045974836 0.03293671468692887
0 0.01515151515151515 0.0 1.0 0.0 0.01234322749846273 0.013693083737123439 0.019803296119085594 0.0045321247667288725 0.047395678439018284
0 0.022727272727272728 0.0 1.0 0.0 0.005804126998602088 0.008404976584066531 0.01674641148325359 0.0007997867235403893 0.0024783858646737493
0 0.011111111111111112 0.0 1.0 0.0 0.003894925549054786 0.00963540425680009 0.013157894736842105 0.0008145975887911372 0.008718504287421554
0 0.008333333333333333 0.0 1.0 0.0 0.01205007004030003 0.01704935295418518 0.018421052631578946 0.0030791788856304987 0.049490855438529976
0 0.005714285714285714 0.0 1.0 0.0 0.009606905591350925 0.008839273126102944 0.0152046783625731 0.0021114369501466276 0.014385295107025102
0 0.007352941176470588 0.0 1.0 0.0 0.00433911516991053 0.003082380725406106 0.023219814241486066 0.0010350181128169743 0.014058457167838694
0 0.00505050505050505 0.0 1.0 0.0 0.010009985163358881 0.00875632688520953 0.01515151515151515 0.0019994668088509737 0.021686413059922856
0 0.007692307692307693 0.0 1.0 0.0 0.007534482271820196 0.0012866642171568239 0.030139451192082774 0.0013534852244529666 0.025666212510586366
0 0.002840909090909091 0.0 1.0 0.0 0.008340309953257175 0.012006872816942443 0.017178362573099418 0.0027492668621700877 0.034121957143982334
0 0.008333333333333333 0.0 1.0 0.0 0.009192980809783096 0.010046909797047764 0.01608187134502924 0.0032258064516129032 0.10855100057715175
0 0.002136752136752137 0.0 1.0 0.0 0.007385282171583853 0.01178516081061664 0.013807667316439244 0.0019550342130987292 0.02464662942108348
0 0.002551020408163265 0.0 1.0 0.0 0.009761567129206216 0.010166774962003813 0.019736842105263153 0.0021994134897360706 0.036334864072060775
0 0.002777777777777778 0.0 1.0 0.0 0.008538674073953773 0.011240158107268377 0.014619883040935673 0.0021994134897360706 0.03841014489967168
0 0.029411764705882353 0.0 1.0 0.0 0.013758014751974587 0.009695790909723608 0.014756592292089251 0.003301838870263129 0.02941176470588235
0 0.023809523809523808 0.0 1.0 0.0 0.014827846823597795 0.008504538743490499 0.015270935960591134 0.0035364750390657115 0.04522607332946122
0 0.00980392156862745 0.0 1.0 0.058823529411764705 0.014452178986885954 0.009444518713020194 0.016075050709939153 0.003149446307020215 0.027539410691334202
0 0.009259259259259259 0.0 1.0 0.0 0.021616112168057432 0.00933508211977007 0.01845466155810984 0.002686624448282479 0.023484115809508356
0 0.00625 0.0 1.0 0.0 0.015156590680266958 0.010800114260510604 0.014655172413793107 0.001996977547495682 0.02890188056320914
0 0.006944444444444444 0.0 1.0 0.0 0.012812345958752068 0.009076896501258829 0.022701149425287354 0.0015831894070236039 0.03770505063950385
0 0.007936507936507936 0.0 1.0 0.0 0.0024174238703701667 0.001958087151215979 0.010919540229885057 0.0007676069852235655 0.007201444614836074
0 0.003472222222222222 0.0 1.0 0.0 0.013224596450040194 0.005393486622128432 0.01068007662835249 0.00019190174630589137 0.018126825810340485
0 0.008547008547008546 0.0 1.0 0.0 0.023445409092906495 0.012852545290135652 0.013793103448275862 0.0026571011026969575 0.07326434004858721
0 0.0058823529411764705 0.0 1.0 0.0 0.011395106772009281 0.013654443968680445 0.015111561866125762 0.0029462562226963323 0.017648320034606608
0 0.008264462809917356 0.0 1.0 0.0 0.014020591404801415 0.008868850135256045 0.015203761755485894 0.0023551577955723034 0.007691550385671529
0 0.0043859649122807015 0.0 1.0 0.0 0.028068089478056227 0.02616034397078353 0.01588021778584392 0.005272247977456595 0.04629198773036848
0 0.006993006993006993 0.0 1.0 0.0 0.024788584973033656 0.009164283271885463 0.009561128526645767 0.0015701051970482022 0.08090504376375131
0 0.002747252747252747 0.0 1.0 0.0 0.00708703237617741 0.0065683511241144835 0.010477453580901859 0.0016606881891855984 0.012151596787680494
0 0.0026666666666666666 0.0 1.0 0.0 0.00038805665058759125 0.0032895864140428444 0.009448275862068967 0.0003454231433506045 0.0007969527710653028
0 0.003125 0.0 1.0 0.0 0.0070088035787264635 0.008943589982508464 0.009827586206896553 0.0019861830742659756 0.01417595665708026
0 0.003095975232198142 0.0 1.0 0.0 0.007526911974491575 0.011295351147595884 0.01252268602540835 0.0022725206799381874 0.014949463307569688
0 0.0023148148148148147 0.0 1.0 0.0 0.02364969959621388 0.013629834476139255 0.016954022988505752 0.003022452504317789 0.029687746727668805
0 0.002105263157894737 0.0 1.0 0.0 0.016882563757599212 0.013823176986934946 0.014620689655172419 0.002901554404145078 0.037245074457946385
0 0.002777777777777778 0.0 1.0 0.0 0.006719899932213489 0.005713337965148864 0.011685823754789272 0.0010554596046824026 0.004968632405264139
0 0.0021645021645021645 0.0 1.0 0.0 0.01891769620362748 0.008569076176216392 0.020768025078369907 0.002983199874391584 0.04119244196859694
0 0.0034965034965034965 0.0 1.0 0.0 0.025440291520504314 0.017769146645101895 0.01816976127320955 0.0039856516540454365 0.07243210907405762
0 0.0018115942028985507 0.0 1.0 0.0 0.008568054038318335 0.007818017550791532 0.02191091954022989 0.0027345998848589525 0.01418814286106853
0 0.001488095238095238 0.0 1.0 0.0 0.005191834684311746 0.003920189590560017 0.008928571428571433 0.0009252405625462621 0.00017537274725121398
0 0.0033333333333333335 0.0 1.0 0.0 0.012852208787734631 0.008310725939880614 0.02025862068965517 0.0027345998848589525 0.007020963434839932
0 0.002958579881656805 0.0 1.0 0.0 0.01999984833895737 0.0028621166952550567 0.015517241379310345 0.001062840441078783 0.0704303567059969
0 0.0026455026455026454 0.0 1.0 0.0 0.008371654269990751 0.008494718084417723 0.015147783251231525 0.0028374043918085365 0.021217718150313314
0 0.04 0.0 1.0 0.0 0.006828883336053731 0.005333863138811733 0.008928571428571426 0.0024329159212880137 0.04
0 0.015625 0.0 1.0 0.0 0.007093935685748849 0.009650497461743086 0.005189732142857143 0.002515652951699463 0.0002546469461816858
0 0.014492753623188404 0.0 1.0 0.0 0.008365067839192449 0.006598967880287435 0.005512422360248447 0.0022555806175624167 0.008804719378845157
0 0.011363636363636364 0.0 1.0 0.0 0.004963324573346097 0.008749509590540003 0.00827922077922078 0.0023581070092698 0.0002416803231462025
0 0.007407407407407408 0.0 1.0 0.0 0.007000432173772304 0.007412880809206744 0.00972222222222222 0.0023189558073278996 0.011620865827344888
0 0.006172839506172839 0.0 1.0 0.0 0.0035628385406348416 0.0075649278191384905 0.008862433862433862 0.0013913734843967404 0.00014236334756539476
0 0.006211180124223602 0.0 1.0 0.0 0.0064364137910123635 0.010885013943011246 0.004658385093167701 0.0006222291358792875 0.00035044978132873757
0 0.008333333333333333 0.0 1.0 0.0 0.0037622832550137718 0.003725627321929848 0.008333333333333333 0.0002385211687537269 0.000606500860441781
0 0.0037037037037037034 0.0 1.0 0.0 0.010850340788940809 0.009600876384185256 0.007083333333333331 0.0014311270125223613 0.014928291674637642
0 0.0038461538461538464 0.0 1.0 0.0 0.002996979585125052 0.003544618985969421 0.009752747252747253 0.0008256501995321315 0.00018185046067056
0 0.0034965034965034965 0.0 1.0 0.0 0.004606220713610753 0.0027912142907674654 0.007623626373626373 0.0001376083665886886 0.011751762312069798
0 0.00641025641025641 0.0 1.0 0.0 0.0060786349279334856 0.006612589039505962 0.009478021978021977 0.001651300399064263 0.0005603796027089701
0 0.00591715976331361 0.0 1.0 0.0 0.0023949538912493625 0.0 0.009752747252747253 0.0 0.0013679784955234647
0 0.003401360544217687 0.0 1.0 0.0 0.004878968226980493 0.0046392350371509275 0.007568027210884353 0.0002555583950932788 0.007262521161207902
0 0.002564102564102564 0.0 1.0 0.0 0.004286183363040654 0.0035049256983631146 0.008928571428571428 0.0009632585661208201 0.014385678585245075
0 0.002403846153846154 0.0 1.0 0.0 0.0018439786143213109 0.0020063261010528372 0.0071428571428571435 0.0002752167331773772 0.000665186594845503
0 0.004901960784313725 0.0 1.0 0.0 0.005338512969431119 0.004546919047614369 0.009226190476190476 0.0016398330351818722 0.03764724419911853
0 0.0027777777777777775 0.0 1.0 0.0 0.007273880017524248 0.0016399376330032025 0.004285714285714286 0.0004472271914132379 0.027577905537705515
0 0.0037593984962406013 0.0 1.0 0.0 0.011620680211751189 0.009161631379199108 0.00778061224489796 0.002300025555839509 0.04613567086998877
0 0.0035714285714285718 0.0 1.0 0.0 0.0032016537591328187 0.0015612695074787542 0.006632653061224491 0.0 0.0009006236263705856
0 0.0023809523809523807 0.0 1.0 0.0 0.0037364916031245657 0.004608004681760246 0.007232142857142858 0.000626118067978533 0.00048652203385639233
0 0.002840909090909091 0.0 1.0 0.0 0.00770368955292352 0.006539555695684175 0.009263392857142855 0.0005590339892665474 0.008322047958387506
0 0.002173913043478261 0.0 1.0 0.0 0.0059402504009781225 0.006065870229397263 0.008928571428571428 0.0008050089445438282 0.001563519124498202
0 0.002976190476190476 0.0 1.0 0.0 0.006246428433943495 0.006507355471031421 0.00982142857142857 0.0010222335803731152 0.037012071140295276
0 0.002 0.0 1.0 0.0 0.005412388117555871 0.005780530187054335 0.010892857142857143 0.001431127012522361 0.010837156790970642
0 0.002958579881656805 0.0 1.0 0.0 0.010093869771486555 0.004931454451843713 0.00934065934065934 0.001376083665886886 0.06091233462273413
0 0.0016835016835016834 0.0 1.0 0.0 0.0042008125836020165 0.0029128663336016438 0.010389610389610391 0.0009757684176288827 0.025998827947989397
0 0.02702702702702703 0.0 1.0 0.0 0.008403012298689685 0.00693832788631306 0.012109512109512107 0.003295978905735004 0.02702702702702703
0 0.018518518518518517 0.0 1.0 0.0 0.005773052377090909 0.007713607592045441 0.012926887926887924 0.002950918398072871 0.008773938838242991
0 0.0303030303030303 0.0 1.0 0.0 0.0016431607039400803 0.004925177625434088 0.002361275088547816 0.0014781966001478192 0.008578762296923906
0 0.011904761904761904 0.0 1.0 0.0 0.009246660231595084 0.00585237869927079 0.018243661100803957 0.003252032520325204 0.033721596024777055
0 0.03333333333333333 0.0 1.0 0.0 0.004991452793784379 0.0017153434165842413 0.004329004329004329 0.0016260162601626014 0.015404657658312955
0 0.00641025641025641 0.0 1.0 0.0 0.005175167841089595 0.00233290354813768 0.009178321678321676 0.001938711694809255 0.022487379490239993
0 0.005714285714285714 0.0 1.0 0.0 0.00795105095051035 0.008944578042021189 0.013961038961038957 0.0035121951219512205 0.01653323577880512
0 0.003205128205128205 0.0 1.0 0.0 0.006322175669292309 0.007713670544219954 0.01207126207126207 0.0011673962893475089 0.013169905460012604
0 0.005291005291005291 0.0 1.0 0.0 0.0034335779514190756 0.00552846398055748 0.011440940012368582 0.0015485869144405732 0.02959711611135049
0 0.0030303030303030303 0.0 1.0 0.0 0.002697726295178991 0.004521694544653393 0.01219992129083038 0.00029563932002956393 0.0018555162563166914
0 0.005347593582887701 0.0 1.0 0.0 0.007671752117458635 0.010343082893371597 0.012318563789152023 0.0021999043519846965 0.011449269134512934
0 0.0043859649122807015 0.0 1.0 0.0 0.0052416573233701955 0.006252977238001784 0.00871496924128503 0.0010269576379974327 0.020724425128307352
0 0.009615384615384616 0.0 1.0 0.0 0.00937573414897148 0.006513804518120635 0.015016233766233768 0.002032520325203252 0.05503268581525047
0 0.0019305019305019303 0.0 1.0 0.0 0.005854037523199743 0.007636791634850083 0.01439101439101439 0.0018896945726214018 0.010183126910971929
0 0.005555555555555556 0.0 1.0 0.0 0.006075263039375538 0.010413269040684748 0.012445887445887446 0.0018970189701897021 0.003156124411169908
0 0.004166666666666667 0.0 1.0 0.0 0.0034674291183000388 0.00792043783480226 0.00984848484848485 0.0009756097560975611 0.025527842138977117
0 0.004901960784313725 0.0 1.0 0.0 0.0066129588455691125 0.009063095103446413 0.01636904761904762 0.001761517615176152 0.000412338336001839
0 0.0037037037037037034 0.0 1.0 0.0 0.004240706601788717 0.004186140271285598 0.011688311688311687 0.00043360433604336043 0.015261909063428582
0 0.003289473684210526 0.0 1.0 0.125 0.005938881416049011 0.008403217069859692 0.009334415584415584 0.001321138211382114 0.00030350411299999593
0 0.002380952380952381 0.0 1.0 0.0 0.005347085203274131 0.009269283069146705 0.007111935683364253 0.001316298877274487 0.0009470862257967961
0 0.0028011204481792717 0.0 1.0 0.0 0.0028996699106383183 0.005053336884107843 0.011077158135981664 0.0013390722142515544 0.026202620915652997
0 0.0026737967914438505 0.0 1.0 0.0 0.005990153113325391 0.007352558270250631 0.013464476699770817 0.001721664275466284 0.0364446594544548
0 0.001976284584980237 0.0 1.0 0.0 0.008081520916183742 0.008513025343844082 0.012322904368358912 0.0014781966001478199 0.006075680297570086
0 0.003205128205128205 0.0 1.0 0.0 0.005208103760715747 0.007079767853235363 0.01386113886113886 0.0021263289555972483 0.035221510112021
0 0.002 0.0 1.0 0.0 0.006299143299620474 0.009358789333397882 0.015178571428571425 0.002032520325203252 0.014502234272800587
0 0.0022624434389140274 0.0 1.0 0.0 0.007346283463783805 0.006688551620298724 0.010122230710466005 0.001243424198947872 0.025421283372174558
1 0.0008818342151675485 0.0 1.0 0.0 0.004864041683230456 0.004765179428761057 0.008155534941249223 0.0009291521486643438 0.0076538961410458
0 0.0021008403361344537 0.0 1.0 0.0 0.002704037990139554 0.0031014302088354442 0.014992360580595871 0.0013390722142515544 0.02836668064227986
0 0.001044932079414838 0.0 1.0 0.0 0.003702157583294699 0.006169565924125281 0.010576544667453756 0.0011332840601133284 0.005712377745071114
0 0.02857142857142857 0.0 1.0 0.0 0.012546305797046669 0.009981204011431618 0.01350189633375474 0.003546099290780143 0.02857142857142857
1 0.01 0.0 1.0 0.0 0.005231152569463504 0.006166677424820046 0.011433628318584068 0.0025531914893617037 0.0122534383857057
0 0.027777777777777776 0.0 1.0 0.0 0.011482877906695275 0.0170833408797408 0.01592920353982301 0.004137115839243499 0.04056747878388376
0 0.017857142857142856 0.0 1.0 0.0 0.007817356956372196 0.009654422297949546 0.013147914032869783 0.003419452887537994 0.022600946601912218
0 0.014285714285714287 0.0 1.0 0.0 0.010668531510330866 0.016796017608218358 0.012642225031605562 0.004305977710233029 0.04175974918864195
0 0.01111111111111111 0.0 1.0 0.0 0.007262579203841436 0.011138516495126581 0.010619469026548672 0.002955082742316785 0.027860543564112526
0 0.007518796992481203 0.0 1.0 0.0 0.003879394140108892 0.003252559789279652 0.009315323707498836 0.0013997760358342663 0.054785188740823325
0 0.005 0.0 1.0 0.0 0.0035283473186400348 0.0029407270231447346 0.009557522123893802 0.0005673758865248227 0.040498899401460904
0 0.0024154589371980675 0.0 1.0 0.0 0.005716959784414881 0.007343203072200529 0.01061946902654867 0.0013876040703052729 0.010351994469997567
0 0.007692307692307693 0.0 1.0 0.0 0.004360553194724755 0.006793150144829789 0.01620149761742682 0.0009547190398254228 0.0011307137171712829
0 0.004329004329004329 0.0 1.0 0.0 0.008970369601772603 0.00833329494145957 0.01171512852928782 0.0015197568389057749 0.04406383784097568
0 0.009259259259259259 0.0 1.0 0.0 0.006382972460264507 0.0038837740562279333 0.011799410029498525 0.0 0.044584436906785666
0 0.006993006993006993 0.0 1.0 0.0 0.00065878432215963 0.001969454410949183 0.005309734513274336 0.0 0.01123950196309496
0 0.002976190476190476 0.0 1.0 0.0 0.009779204121422677 0.006153430339008558 0.017256637168141593 0.0020685579196217494 0.04135831862671651
0 0.011111111111111112 0.0 1.0 0.0 0.0032088788554847057 0.0 0.004424778761061947 0.0 0.013520048364070149
0 0.002717391304347826 0.0 1.0 0.0 0.007021532387497722 0.00459125831642054 0.011850711812235477 0.001387604070305273 0.04283439335679263
0 0.004901960784313725 0.0 1.0 0.0 0.00711033212502189 0.002419743693168524 0.024041297935103245 0.0013297872340425532 0.08742418752904148
0 0.002525252525252525 0.0 1.0 0.0 0.006955061571241288 0.004336775591494587 0.01359613837489944 0.0013700838168923275 0.02429568160428022
0 0.0011695906432748538 0.0 1.0 0.0 0.00466980171916009 0.009094348397826713 0.013097345132743365 0.0015760441292356185 0.011385936280742349
0 0.0033333333333333335 0.0 1.0 0.0 0.005150553899277246 0.010833578817081989 0.01982300884955752 0.003309692671394799 0.014136137333518916
0 0.002506265664160401 0.0 1.0 0.0 0.0068001292640369635 0.012361800093921614 0.01974848625989753 0.0029861888764464353 0.02109010249053701
0 0.005681818181818182 0.0 1.0 0.0 0.002487934760532209 0.006849350613629291 0.011946902654867256 0.0011081560283687944 0.003875127322612366
0 0.001358695652173913 0.0 1.0 0.0 0.004511113054396314 0.010447272314116903 0.008517699115044245 0.0012743794326241134 0.011758419619136788
0 0.001736111111111111 0.0 1.0 0.0 0.00663776711703747 0.005221622475857439 0.009882005899705013 0.0008126477541371158 0.04167882669197371
0 0.0009523809523809524 0.0 1.0 0.0 0.0072923271171416925 0.0057940017576953535 0.01323219553308049 0.0008443093549476529 0.01694846390683681
0 0.004273504273504274 0.0 1.0 0.0 0.01081233458905864 0.013126140145058007 0.013569321533923304 0.00256107171000788 0.034765582662585115
0 0.029411764705882353 0.0 1.0 0.058823529411764705 0.008216730711560476 0.008985815425538895 0.01280583029672046 0.003285356695869839 0.02941176470588235
0 0.013888888888888888 0.0 1.0 0.0 0.01089300200643579 0.0067179424624872995 0.014159292035398226 0.0029058313632781734 0.00044540464464251487
0 0.012345679012345678 0.0 1.0 0.0 0.010241410321830055 0.009505239275740858 0.010357259914782039 0.0031520882584712383 0.02640671838310249
0 0.01 0.0 1.0 0.0 0.010222429119157373 0.010131226243248971 0.0068672566371681424 0.002127659574468086 0.002365276869902905
0 0.008 0.0 1.0 0.0 0.015486523323916227 0.015511984090623683 0.015646017699115045 0.0037588652482269504 0.013185620730535386
0 0.00505050505050505 0.0 1.0 0.0 0.003651227677982732 0.0029478532779509403 0.008313220702601234 0.0003761014399312272 0.010581446444688848
0 0.0047619047619047615 0.0 1.0 0.0 0.0037640999228513595 0.0052925476538993425 0.011150442477876107 0.0015366430260047282 0.012622726147434945
0 0.0026595744680851063 0.0 1.0 0.0 0.011344856124367728 0.006968305335943486 0.006514780643946527 0.0004904179870227856 0.0010559684089737017
0 0.004273504273504273 0.0 1.0 0.0 0.009429892595982908 0.007542840157656997 0.009530292716133424 0.0021822149481723944 0.03163819304534453
0 0.008333333333333333 0.0 1.0 0.0 0.003248070066105528 0.005707678268706885 0.010619469026548672 0.0007387706855791961 0.001493499531713554
0 0.004784688995215311 0.0 1.0 0.0 0.015676861779420466 0.006474265272949885 0.00568234746157429 0.0006532288167226578 0.0006362414756467978
0 0.004901960784313725 0.0 1.0 0.0 0.003980434837996197 0.004047275450634938 0.008224882873503384 0.001042970379641218 0.004850101102774417
0 0.002849002849002849 0.0 1.0 0.0 0.010035139565053156 0.010266230673882682 0.010291707636840376 0.0012477016023115313 6.384978587469913e-05
0 0.003105590062111801 0.0 1.0 0.0 0.0027632374832440147 0.007002704095888676 0.006464024624855714 0.0008479802651865557 0.0003801892194370498
0 0.004166666666666667 0.0 1.0 0.0 0.00688004515343377 0.009510456681166724 0.009734513274336283 0.002105496453900709 0.037335296996973105
0 0.002840909090909091 0.0 1.0 0.0 0.004740782575601743 0.005258436167238792 0.007642799678197907 0.0009671179883945843 0.012116191918202773
0 0.0029411764705882353 0.0 1.0 0.0 0.009874859597390814 0.010818890195124902 0.009203539823008847 0.0015070921985815603 0.021332600785875535
0 0.00505050505050505 0.0 1.0 0.0 0.017875073234692337 0.011837531920607275 0.019308125502815767 0.0020954223081882657 0.00021413865097488744
0 0.0037593984962406013 0.0 1.0 0.0 0.02024773576253101 0.013477837475776131 0.019089759797724398 0.0027862208713272545 0.013044530041620702
0 0.0015625 0.0 1.0 0.0 0.011578909626484972 0.004702596300130599 0.010951327433628314 0.0012743794326241136 0.008353105501019108
0 0.007936507936507936 0.0 1.0 0.0 0.031453120658083436 0.008040655748610296 0.009734513274336283 0.001182033096926714 0.0028997301706642337
0 0.004545454545454545 0.0 1.0 0.0 0.006059666967894324 0.0020248204732820846 0.010088495575221238 0.0005319148936170213 0.0013188349373462068
0 0.001976284584980237 0.0 1.0 0.0 0.015392910722985141 0.010652160808161986 0.017296862429605795 0.0030625402965828493 0.013098915515018994
0 0.0013440860215053762 0.0 1.0 0.0 0.005494086728644332 0.002767928993476732 0.006280331144733087 0.0008579272477693891 0.019896904105137163
0 0.023809523809523808 0.0 1.0 0.0 0.00416204573078197 0.004244528575006438 0.007456828885400314 0.0014185325826022441 0.023809523809523808
0 0.010416666666666666 0.0 1.0 0.0 0.003214540269745435 0.0023365014770851396 0.011275183150183152 0.0014130766880537731 0.0026200472023748217
0 0.027777777777777776 0.0 1.0 0.0 0.0043619211383988344 0.0027818453578730084 0.007936507936507936 0.0010693553315001532 0.002822313277965999
0 0.022727272727272728 0.0 1.0 0.0 0.008538493919027139 0.004735197376489156 0.00666000666000666 0.001083243063078077 0.03233256969817835
0 0.015384615384615385 0.0 1.0 0.0 0.0035800050632665828 0.0014960244310928056 0.010495914342068185 0.0010576041740111403 0.016926525178819284
0 0.008333333333333333 0.0 1.0 0.0 0.006087779972268755 0.006375145885680679 0.00563186813186813 0.0016498625114573788 0.026368646986782394
1 0.005291005291005291 0.0 1.0 0.0 0.00405612080366254 0.0032415075515455334 0.01319359652692986 0.0015276504735716471 0.005590116853682641
0 0.003787878787878788 0.0 1.0 0.0 0.004426728564612484 0.004328141024727108 0.010406260406260404 0.0014720995472599508 0.009433208278526827
0 0.0065359477124183 0.0 1.0 0.0 0.005656776611812573 0.004101304233757882 0.01594483947425124 0.002372351323664205 0.013655688060963223
0 0.0071428571428571435 0.0 1.0 0.0 0.001954222034753406 0.0021724275337109897 0.010596546310832023 0.0015058268953777668 0.0023895159124837544
0 0.008264462809917356 0.0 1.0 0.0 0.0015359814129082472 0.004216198042801031 0.002997002997002997 0.0009999166736105324 0.02848301521590787
0 0.0018518518518518517 0.0 1.0 0.0 0.0051959318055069025 0.0035184738020060087 0.013064713064713063 0.0011406456869334967 0.0024575570191840332
0 0.003076923076923077 0.0 1.0 0.0 0.0032191506695708693 0.0037116003642290413 0.007399267399267397 0.00021998166819431716 0.010885451314691895
0 0.003968253968253968 0.0 1.0 0.0 0.005429164411163086 0.00505692051178932 0.011294261294261296 0.0011711986964049292 0.03248715941961315
0 0.0024691358024691358 0.0 1.0 0.0 0.0015452200888742005 0.0025644054820397493 0.012922262922262924 0.0008486947075398038 0.011298040992054392
0 0.0025 0.0 1.0 0.0 0.002571459679910032 0.003903442597574547 0.016007326007326007 0.0012098991750687442 0.0022006886739902197
0 0.0034602076124567475 0.0 1.0 0.0 0.002064904370495585 0.0034547789713268496 0.0037168713639301873 0.00032350245322693697 0.005791574911417659
0 0.0023148148148148147 0.0 1.0 0.0 0.004267996653219228 0.004158215766415522 0.010645604395604398 0.0004582951420714941 0.00909920939452618
0 0.0043859649122807015 0.0 1.0 0.0 0.0035652344974638358 0.005032522076971423 0.013812576312576314 0.0009929728078215704 0.0023723527474728916
0 0.001851851851851852 0.0 1.0 0.0 0.0024128503376731336 0.0020783363163227346 0.010615927282593949 0.0005431646128254743 0.0011087189763052138
0 0.001488095238095238 0.0 1.0 0.0 0.0033084696187134946 0.0033690310328687387 0.012047847985347986 0.0005155820348304307 0.013459799947171823
0 0.0026737967914438505 0.0 1.0 0.0 0.0031614812048338216 0.004520886324818842 0.013520792932557637 0.0012400927373699252 0.0016799872097471946
0 0.0036231884057971015 0.0 1.0 0.0 0.0060711251589366634 0.005368331569845486 0.01259157509157509 0.0015276504735716467 0.039443218581838975
0 0.0037878787878787876 0.0 1.0 0.0 0.003292956589471871 0.0022672759814429833 0.011488511488511488 0.000916590284142988 0.030429969394784685
0 0.0012121212121212121 0.0 1.0 0.0 0.0027837069275276254 0.004101116627352596 0.010295260295260296 0.0004999583368052662 0.004454389171691885
0 0.001201923076923077 0.0 1.0 0.0 0.0038061260525907607 0.0030916787411083 0.012362637362637362 0.000687442713107241 0.0004226771786003982
0 0.0014814814814814814 0.0 1.0 0.0 0.006557472684523818 0.005861769198553953 0.0136996336996337 0.0015032080659945007 0.004773216700558414
0 0.0017006802721088435 0.0 1.0 0.0 0.0070824873519094245 0.004906689022903439 0.01290772719344148 0.0009602374405307494 0.012027720288278435
0 0.0014367816091954023 0.0 1.0 0.0 0.00255014677086453 0.0022497834093079734 0.00988247863247863 0.0005346776657500764 0.007722776324606598
0 0.001388888888888889 0.0 1.0 0.0 0.005322969315112071 0.0038808487569813935 0.007707570207570208 0.0010311640696608617 0.0314212020356544
0 0.004032258064516129 0.0 1.0 0.0 0.003216290673544691 0.0036101239804652175 0.013850732600732602 0.0009165902841429881 0.0036914393537104454
0 0.0014204545454545455 0.0 1.0 0.0 0.005340320750575753 0.0035373059294974626 0.008366633366633366 0.0002916423631364053 0.00041208848740189165
0 0.0017825311942959003 0.0 1.0 0.0 0.0021283892680703685 0.0027477088176024503 0.008672699849170438 0.0005930878309160512 0.031698117277076936
0 0.0010504201680672268 0.0 1.0 0.0 0.005046093050748122 0.0029516214828671436 0.00912480376766091 0.00013094146916328402 0.00026127387245575544
0 0.0014285714285714286 0.0 1.0 0.0 0.007611391880377881 0.0048576257171379835 0.010210622710622707 0.0019248395967002754 0.029772647532107
0 0.0010683760683760683 0.0 1.0 0.0 0.0033751786900155607 0.0022629543365201093 0.0072907861369399815 0.001022350701544102 0.01531226804851256
0 0.001081081081081081 0.0 1.0 0.0 0.005207607928751558 0.002546090513463534 0.008095238095238095 0.0005499541704857929 0.00045860760311959537
0 0.0007309941520467836 0.0 1.0 0.0 0.0037122958085447195 0.0013592458203186102 0.011345136345136345 0.0004837559832976881 0.0015032681002036888
1 0.0017094017094017094 0.0 1.0 0.0 0.007995921518836 0.0052016161794214795 0.011538461538461537 0.0012832263978001834 0.010924901037115436
0 0.00078125 0.0 1.0 0.0 0.005535370467716695 0.0024294306283046702 0.011217948717948716 0.001002520623281393 0.00021094342533470908
0 0.0012195121951219512 0.0 1.0 0.0 0.005915090757152217 0.002838784309789175 0.014835164835164835 0.0016956920256645277 0.0037742969553537647
0 0.0010351966873706003 0.0 1.0 0.0 0.003548668054251296 0.0018495266167505974 0.008321388756171364 0.0005579245207826884 0.006753263988985009
0 0.0008613264427217916 0.0 1.0 0.0 0.0029148453847968655 0.0014239279263112152 0.016144349477682812 0.0005092168245238823 0.002243522531270258
0 0.0010330578512396695 0.0 1.0 0.0 0.0015180024488768685 0.0011697241920427413 0.017482517482517487 0.001791517373552204 0.0029811425055221493
0 0.0007936507936507937 0.0 1.0 0.0 0.003609710161026182 0.001776892406549172 0.010302197802197802 0.0007201780803980623 0.015358889915110915
0 0.0008361204013377926 0.0 1.0 0.0 0.004891974776851075 0.002457391199108212 0.018103691180614258 0.00105760417401114 0.0004581244515877361
0 0.001182033096926714 0.0 1.0 0.0 0.003863830833751065 0.00039841358645769894 0.018162393162393164 0.0010693553315001528 0.01250245993561862
0 0.03333333333333333 0.0 1.0 0.0 0.00953449703693682 0.01086912900756479 0.009329140461215933 0.004206098843322816 0.03333333333333333
0 0.013513513513513514 0.0 1.0 0.0 0.005514892674402395 0.006958898319811582 0.015043345232024477 0.0034956091738426107 0.012960101538914534
0 0.01282051282051282 0.0 1.0 0.0 0.008311673730929628 0.009300262136282567 0.011127237542331882 0.002305265712205776 0.007637406670950631
0 0.00641025641025641 0.0 1.0 0.0 0.00417231337822627 0.004773358754830043 0.012981777132720529 0.000970638194612958 0.005955128230954046
0 0.02 0.0 1.0 0.0 0.0 0.0021458658559382685 0.012578616352201259 0.0025236593059936906 0.00510790803636727
0 0.01111111111111111 0.0 1.0 0.0 0.0017855750925400917 0.004145959434156254 0.01111111111111111 0.0 0.001055321921384035
0 0.0037593984962406013 0.0 1.0 0.0 0.008271637602831757 0.011919539998316473 0.007696127110228401 0.00033206043499916984 0.002547799475764417
0 0.013888888888888888 0.0 1.0 0.0 0.011207747159233105 0.008124507563508195 0.011530398322851153 0.0010515247108307045 0.0008732427598698327
0 0.005555555555555555 0.0 1.0 0.0 0.007468808255393637 0.008479834380544228 0.014150943396226415 0.0015772870662460567 0.02659875997274679
0 0.005 0.0 1.0 0.0 0.006316681170540206 0.00416373752422036 0.012578616352201259 0.0007886435331230284 0.02008329081247521
0 0.006060606060606061 0.0 1.0 0.0 0.0018438802036148374 0.005722308949168716 0.014046121593291406 0.0 0.006468019387924215
0 0.0037878787878787876 0.0 1.0 0.0 0.005659709834787427 0.006249842897714628 0.010148656375071468 0.0015772870662460567 0.005387096091096364
0 0.006993006993006993 0.0 1.0 0.0 0.0 0.0019137704964293572 0.010577472841623784 0.0011471178663607685 0.00800085980800734
0 0.003968253968253968 0.0 1.0 0.0 0.011613570072544167 0.0095151693487761 0.0047169811320754715 0.0017525411847178407 0.024887730794375222
0 0.008333333333333333 0.0 1.0 0.0 0.0 0.0 0.004716981132075472 0.0 0.007698306042063419
0 0.041666666666666664 0.0 1.0 0.0 0.010779678428464437 0.009043394983614996 0.01234917043740573 0.0034958427815570668 0.041666666666666664
0 0.029411764705882353 0.0 1.0 0.0 0.012764183064562016 0.014633234571933265 0.008517434122970456 0.003868213952247565 0.000580549220662598
0 0.0196078431372549 0.0 1.0 0.0 0.010490498504850884 0.023094329181906344 0.011445302102741552 0.004401760704281713 0.01338390439689942
0 0.010869565217391304 0.0 1.0 0.0 0.011098767092638092 0.0146856690539818 0.008262836907338185 0.0037464261066745535 0.031617982423972825
0 0.011111111111111112 0.0 1.0 0.0 0.01063936082150288 0.02181131089402266 0.011060834590246357 0.004283194759385236 0.013902528787445363
0 0.005952380952380952 0.0 1.0 0.0 0.013262643229900188 0.009842601322475258 0.007514544279250163 0.0034823453190800124 0.022562664965013277
0 0.005494505494505494 0.0 1.0 0.0 0.0024227329448362066 0.006507963048417595 0.00991994430908458 0.000959358102215245 0.00021623033794026622
0 0.004807692307692308 0.0 1.0 0.0 0.004315154513510764 0.005030425250827048 0.00809258614688479 0.00017442874585731728 0.014235323000831239
0 0.008547008547008546 0.0 1.0 0.0 0.007261874979298212 0.008381943929895313 0.009745910198398886 0.0020931449502878076 0.0005948176026757001
0 0.007692307692307693 0.0 1.0 0.0 0.0036650896730371957 0.0 0.010616080751827359 0.0 0.0011362751839659308
0 0.0034965034965034965 0.0 1.0 0.0 0.004429117944515505 0.00512512088878997 0.009397841977027498 0.0011337868480725624 0.01035115629146503
0 0.003205128205128205 0.0 1.0 0.0 0.0015581389536773647 0.004035521627129822 0.006787330316742083 0.00034885749171463456 0.0005368626523861423
0 0.006410256410256411 0.0 1.0 0.0 0.005579287570112796 0.004463601127539068 0.008861236802413273 0.0015117157974300832 0.028638515366790494
0 0.0035714285714285713 0.0 1.0 0.0 0.0099788899388106 0.002494490168296028 0.004411764705882353 0.0006802721088435374 0.031265846681173534
0 0.0047619047619047615 0.0 1.0 0.0 0.016339038500803652 0.012823532590019065 0.008888170652876535 0.003239390994493035 0.05046365789134109
0 0.004464285714285714 0.0 1.0 0.0 0.0036964108273452034 0.003091787015258245 0.006464124111182934 0.00032393909944930353 0.0075313974560910464
0 0.0029411764705882353 0.0 1.0 0.0 0.0038372761294446665 0.005226915185926886 0.0081447963800905 0.0006802721088435375 0.0007632486299807963
0 0.003472222222222222 0.0 1.0 0.0 0.008839671138754111 0.009229348337404788 0.01159502262443439 0.0011337868480725624 0.01238953330797961
0 0.002631578947368421 0.0 1.0 0.0 0.006588045087424109 0.008053889454595193 0.010067873303167423 0.0011337868480725624 0.0017590830152472998
0 0.0035714285714285718 0.0 1.0 0.0 0.0076387741331346475 0.008248552626545495 0.009534583063994828 0.0009718172983479106 0.040667972864036665
0 0.0023809523809523807 0.0 1.0 0.0 0.007124263622563321 0.007327248014882934 0.012556561085972851 0.0018140589569160999 0.012492100204692835
0 0.0034965034965034965 0.0 1.0 0.0 0.013822450383455689 0.007554586174553244 0.010442046641141662 0.0020931449502878076 0.06542740415824627
0 0.001976284584980237 0.0 1.0 0.0 0.0046528906168257006 0.003322913959201908 0.011106540518305225 0.0011337868480725622 0.02252661050606419
0 0.03333333333333333 0.0 1.0 0.0 0.008416162835919677 0.00870503455139007 0.01196868008948546 0.0028571428571428563 0.03333333333333333
0 0.011627906976744186 0.0 1.0 0.0 0.00462379758634133 0.007681002940205984 0.011510847510535355 0.0029314051201876083 0.01004772652275959
0 0.01515151515151515 0.0 1.0 0.0 0.0036700388148030376 0.005230028785186155 0.008694325808419766 0.002291825821237587 0.007104466238606144
1 0.008620689655172414 0.0 1.0 0.0 0.007177012444450625 0.004635020546553411 0.012034251330710484 0.002549985511445957 0.025124266311589063
0 0.005263157894736842 0.0 1.0 0.0 0.008110130692370257 0.007876751250349373 0.017529141646061463 0.0028748341441839883 0.013883869110462924
0 0.01282051282051282 0.0 1.0 0.0 0.008412536022084718 0.008037209991084563 0.007098606091894683 0.0010342598577892696 0.002504767595212758
0 0.004464285714285714 0.0 1.0 0.0 0.005997620207189976 0.007124216149665673 0.00990981543624161 0.001207983193277311 0.017636421966575062
0 0.004310344827586207 0.0 1.0 0.0 0.004979343113399431 0.005012669287708907 0.010124971071511222 0.0011011301072153 0.021874821071404732
0 0.0101010101010101 0.0 1.0 0.0 0.008843675679011944 0.005036490773963259 0.012050030506406345 0.0013750954927425516 0.06324177848839176
0 0.011111111111111112 0.0 1.0 0.0 0.010343368795311498 0.006430057644097639 0.006897837434750187 0.0014939309056956117 0.051342125308274714
0 0.0033670033670033673 0.0 1.0 0.0 0.004702794491854376 0.0044033449988446615 0.012242107879691775 0.0011826953003423594 0.0030884254590786645
0 0.005952380952380952 0.0 1.0 0.0 0.0021848503136995727 0.0025471926177898273 0.011385426653883026 0.0009603841536614646 0.0019128211296715841
0 0.012820512820512822 0.0 1.0 0.0 0.0077241911284825415 0.0019054327068135325 0.008109619686800894 0.0008403361344537816 0.023443993994149565
0 0.001984126984126984 0.0 1.0 0.0 0.0046493089117653685 0.0052417986915120505 0.017244593586875467 0.0011204481792717088 0.006482353447527819
0 0.002898550724637681 0.0 1.0 0.0 0.0010265012647063438 0.00250074496513973 0.00634665888532244 0.0001461454146876142 0.004973213463674952
0 0.003289473684210526 0.0 1.0 0.0 0.0036489168737227373 0.005646674697760148 0.011126810314376545 0.0005307386112339673 0.009412118933634424
0 0.003095975232198142 0.0 1.0 0.0 0.006718006475842915 0.0071585398682047705 0.01130342635111268 0.001238390092879257 0.027064460673936707
0 0.006944444444444444 0.0 1.0 0.0 0.0020660559923472935 0.0057162981204405975 0.0029362416107382547 0.0 0.011543031357164113
0 0.0018148820326678765 0.0 1.0 0.0 0.005993224236254363 0.008886070205573509 0.019497801434853045 0.0027818023761228636 0.010006762097952576
0 0.0025 0.0 1.0 0.0 0.007172810515047671 0.010760882414274848 0.014932885906040264 0.0016806722689075633 0.025142919771952238
0 0.0026455026455026454 0.0 1.0 0.0 0.006272398604704039 0.0036091832096879018 0.014168530947054439 0.0005602240896358544 0.029014664113575853
0 0.002066115702479339 0.0 1.0 0.0 0.009020404423226476 0.012139672183283969 0.018380109823062842 0.00397249809014515 0.029361296340437163
0 0.0024154589371980675 0.0 1.0 0.0 0.004359299802550765 0.005081153884836087 0.008296047725577927 0.0007469654528478058 0.0005898025777116857
0 0.0016666666666666666 0.0 1.0 0.0 0.009007407555434846 0.00933391940680234 0.016979865771812083 0.002218487394957983 0.022831565605662726
0 0.004 0.0 1.0 0.0 0.009163922732944692 0.004662350484834161 0.01191275167785235 0.0003361344537815126 0.05340178848034392
0 0.001201923076923077 0.0 1.0 0.0 0.00638525372939444 0.005655394949469952 0.011115771812080535 0.0011554621848739496 0.008836931515916715
0 0.0026455026455026454 0.0 1.0 0.0 0.004950921258366764 0.0016332280344115992 0.010186960690316394 0.0009603841536614646 0.0011495724809617528
0 0.025 0.0 1.0 0.0 0.011826455079405827 0.012871601302053799 0.009428223844282237 0.0033800243605359333 0.024999999999999994
0 0.0125 0.0 1.0 0.0 0.008016664673979008 0.008601134964924609 0.009671532846715326 0.0025578562728380046 0.016370396174150485
0 0.01515151515151515 0.0 1.0 0.0 0.0165132210210541 0.01759582192882583 0.010285335102853349 0.004096999224892039 0.03759168857478974
0 0.008064516129032258 0.0 1.0 0.0 0.013072030034192793 0.01380812918520114 0.008398084922690527 0.0035362068288082985 0.023510039359665457
0 0.007692307692307693 0.0 1.0 0.0 0.01283501016787855 0.013077755536462203 0.006878158338012351 0.0033261500983790887 0.02455727318178639
0 0.009259259259259259 0.0 1.0 0.0 0.013720400904753466 0.017678888949544794 0.01290889429575561 0.004736770875625931 0.041722656212852365
0 0.011904761904761904 0.0 1.0 0.0 0.0052035647837994845 0.0020713747756773175 0.008414436334144364 0.0011165245635403975 0.0006160117383947899
0 0.005 0.0 1.0 0.0 0.007863339585737473 0.010105556303017951 0.007445255474452553 0.0020950060901339827 0.015029781711907768
0 0.018518518518518517 0.0 1.0 0.0 0.002168446542185973 0.002761833034236423 0.007907542579075425 0.0 0.022921332429565847
0 0.016666666666666666 0.0 1.0 0.0 0.0009337328033228086 0.0013809165171182116 0.004866180048661801 0.0 0.013563430908514073
0 0.007575757575757576 0.0 1.0 0.0 0.009786464911962616 0.01898186752227675 0.009022708840227088 0.004060089321965083 0.0407890467580474
0 0.006944444444444444 0.0 1.0 0.0 0.0031857953033481955 0.00844981808000294 0.0089213300892133 0.0019285424279334145 0.005656162583661716
0 0.008547008547008548 0.0 1.0 0.0 0.015358310934554769 0.01604426816340462 0.007164098404974318 0.00243605359317905 0.05883542413163927
0 0.007142857142857143 0.0 1.0 0.0 0.009028660045256176 0.010050723560890863 0.006326034063260341 0.0012180267965895251 0.0008778906434464479
0 0.00202020202020202 0.0 1.0 0.0 0.011857204733892684 0.011356316467523093 0.009474305094743047 0.0024360535931790494 0.024986675525982917
0 0.010416666666666666 0.0 1.0 0.0 0.000918502709119052 0.0 0.006690997566909975 0.0 0.011750816925084505
0 0.00392156862745098 0.0 1.0 0.0 0.01141878003422355 0.012786251072698172 0.00884022708840227 0.00243605359317905 0.04494402629338361
0 0.0030864197530864196 0.0 1.0 0.0 0.012552324941584066 0.014615612317909905 0.01088131927547986 0.003518744079036405 0.03177029888319161
0 0.001547987616099071 0.0 1.0 0.0 0.006403093269646742 0.007674247255239941 0.007513954486904249 0.0013254997492297771 0.014251592252954925
0 0.0025 0.0 1.0 0.0 0.008814966261210528 0.010927965606901947 0.012834549878345498 0.0032886723507917167 0.025752446224833532
0 0.0022675736961451248 0.0 1.0 0.0 0.004958272715792995 0.0063469918712825224 0.010833043679759008 0.0015660344527579607 0.007131548086638994
0 0.0014204545454545455 0.0 1.0 0.0 0.0052863257658510975 0.0045018336676375895 0.007375304136253041 0.0009135200974421437 0.008327450694430905
0 0.001890359168241966 0.0 1.0 0.0 0.009418558525409002 0.009576539244468716 0.009626573574526603 0.0017476036646719268 0.02071947229099729
0 0.001488095238095238 0.0 1.0 0.0 0.009603847266227426 0.010686971490893291 0.009254431699687173 0.0024795545502001035 0.018918359888274994
0 0.0036363636363636364 0.0 1.0 0.0 0.0035451038753217395 0.0021690121019926423 0.008847600088476001 0.001107297087808659 0.001404687650665688
0 0.0016025641025641027 0.0 1.0 0.0 0.001370788887702587 0.0032412233328199067 0.002737226277372263 0.00010150223304912708 0.0020162755538473414
0 0.0014245014245014244 0.0 1.0 0.0 0.009961945028554495 0.012371173607157658 0.013335204941044353 0.0032793029138948747 0.02427915404952541
0 0.000992063492063492 0.0 1.0 0.0 0.008769105014195623 0.007390738646499374 0.010306839686401729 0.002199215049397753 0.015998527820241873
0 0.0011890606420927466 0.0 1.0 0.0 0.010339962712760298 0.008949802384503961 0.008767514053192382 0.002604057289260364 0.02483850044565866
0 0.001075268817204301 0.0 1.0 0.0 0.006408092767685528 0.005988842122822107 0.00726002668550349 0.0018859769753644257 0.013276998694386545
0 0.0020161290322580645 0.0 1.0 0.0 0.009329555526666762 0.0050751508267375695 0.01201338199513382 0.0013702801461632154 0.027788004134713294
0 0.0014204545454545455 0.0 1.0 0.0 0.007221413184586234 0.004232394524860738 0.00984295509842955 0.0015502159229321224 0.011482750224982947
0 0.00101010101010101 0.0 1.0 0.0 0.003380755718926106 0.002420890492538019 0.008880778588807784 0.0010150223304912708 0.0003461157533869552
0 0.0008650519031141869 0.0 1.0 0.0 0.005812011137145456 0.004230313141254641 0.010269071132102472 0.0015762699720570322 0.010704281711460718
0 0.002197802197802198 0.0 1.0 0.0 0.002890403359862556 0.0 0.009451618940670035 0.0 0.013352853877310476
0 0.001984126984126984 0.0 1.0 0.0 0.015314720156411277 0.014699540957181142 0.014511644073687867 0.004089089959979119 0.045410292439308705
0 0.0022522522522522522 0.0 1.0 0.0 0.003273669543151473 0.0021362666752570486 0.01186131386861314 0.001218026796589525 0.016474216502187677
0 0.0010526315789473684 0.0 1.0 0.0 0.01094333778976004 0.004158149383119481 0.006666666666666666 0.000682095006090134 0.014779611433838026
0 0.02702702702702703 0.0 1.0 0.0 0.01077785021024576 0.009475659123033234 0.014931598264931598 0.004183750313781272 0.02702702702702703
0 0.022727272727272728 0.0 1.0 0.0 0.006847297367825678 0.005353473101281464 0.012205387205387204 0.00323670137911624 0.006568878171965365
0 0.05555555555555555 0.0 1.0 0.0 0.003432776605477967 0.0035100076178144024 0.005658436213991769 0.002579979360165119 0.012021681842119485
0 0.009259259259259259 0.0 1.0 0.0 0.011911018344749605 0.011192860016690434 0.01211705532693187 0.002751977984176127 0.02052784988693825
0 0.016666666666666666 0.0 1.0 0.0 0.010737332223883326 0.010548670452316207 0.008230452674897118 0.002063983488132095 0.04201448684229067
0 0.007246376811594202 0.0 1.0 0.0 0.009159666940260623 0.01581829511842534 0.008588298443370907 0.0017498990442859068 0.004684966816451895
0 0.007936507936507936 0.0 1.0 0.0 0.0142266752224789 0.014763906250166912 0.011659807956104253 0.0025799793601651187 0.014318405654673242
0 0.006944444444444444 0.0 1.0 0.0 0.006928141581653929 0.011062101615034486 0.011488340192043898 0.0017199862401100793 0.027161013783878266
0 0.003968253968253968 0.0 1.0 0.0 0.00913879434512129 0.013408099232875826 0.009038800705467373 0.001326846528084918 0.007609112730445747
0 0.002857142857142857 0.0 1.0 0.0 0.005864756682885173 0.006109073774934154 0.01146384479717813 0.0010614772224679346 0.014543013062369388
0 0.004784688995215311 0.0 1.0 0.0 0.009226458391606586 0.012818238239863663 0.004223521767381416 0.0009776763891152028 0.0013773707248619308
0 0.003472222222222222 0.0 1.0 0.0 0.008730336748687726 0.007966068008434574 0.013631687242798353 0.002450980392156863 0.025774715176720864
0 0.003076923076923077 0.0 1.0 0.0 0.01677323978067137 0.017357943916359767 0.01308641975308642 0.0032198142414860687 0.0220472262139039
0 0.003968253968253968 0.0 1.0 0.0 0.007526803563237298 0.0034378643323028546 0.008744855967078191 0.0006879944960440317 0.018747259181240088
0 0.005555555555555556 0.0 1.0 0.0 0.0 0.005265011426721603 0.004115226337448559 0.0 0.009644466323405517
0 0.021739130434782608 0.0 1.0 0.0 0.005020646262408811 0.007398858901194824 0.011137949543746644 0.0034324942791761994 0.021739130434782605
0 0.025 0.0 1.0 0.0 0.006876638312617665 0.007427462299823233 0.0095679012345679 0.003095975232198143 0.007533396492726487
0 0.008771929824561403 0.0 1.0 0.0 0.009330049962941078 0.008888692414687172 0.01583820662768031 0.0029330291673456093 0.013296927765722465
0 0.019230769230769232 0.0 1.0 0.0 0.0034595780951983722 0.003240007031828679 0.02018043684710351 0.0 0.00758633773791311
0 0.0058823529411764705 0.0 1.0 0.0 0.007917667515289504 0.005290316733994109 0.013525780682643424 0.001365871425969769 0.011718857453938806
0 0.007246376811594202 0.0 1.0 0.0 0.006010441045343528 0.00718048058743529 0.020531400966183572 0.0014806838067034597 0.024296533442884984
0 0.007142857142857143 0.0 1.0 0.0 0.006484121936585016 0.006933507437465116 0.01265432098765432 0.001238390092879257 0.02051443952744927
0 0.005 0.0 1.0 0.0 0.0022779341137138987 0.0036969771805897065 0.011604938271604937 0.0017337461300309597 0.003233146696544086
0 0.004273504273504273 0.0 1.0 0.0 0.00861837226737781 0.011935135437026808 0.014245014245014242 0.0014289116456299119 0.012402908156811533
0 0.004545454545454546 0.0 1.0 0.0 0.006556811406777399 0.008420385379791572 0.009539842873176205 0.0005629045876723895 0.0052139981689768656
0 0.002932551319648094 0.0 1.0 0.0 0.009658277245020474 0.01088348166944601 0.009856630824372757 0.00039948067512234097 0.002204077800209294
0 0.003205128205128205 0.0 1.0 0.0 0.0066581363171528875 0.003240007031828679 0.009140550807217474 0.0 0.00022744295476512567
0 0.024390243902439025 0.0 1.0 0.0 0.008584363365268136 0.010005235000162321 0.014445723856380191 0.005151387720773761 0.02439024390243903
0 0.041666666666666664 0.0 1.0 0.0 0.002808375138706362 0.009275605133684394 0.01251788268955651 0.003951149425287358 0.0048774226501456805
0 0.041666666666666664 0.0 1.0 0.0 0.005631723910980192 0.007330166770823611 0.01984978540772532 0.004310344827586208 0.0010599675365840003
0 0.009615384615384616 0.0 1.0 0.0 0.013970957770074677 0.017262587615972005 0.009739187850775833 0.0009946949602122016 0.004412451752996168
0 0.022222222222222223 0.0 1.0 0.0 0.0 0.0 0.015259895088221268 0.0 0.009483291002936968
0 0.007936507936507936 0.0 1.0 0.0 0.014255111760857789 0.02014779094643933 0.010014306151645207 0.001026272577996716 0.021104023016718758
0 0.017857142857142856 0.0 1.0 0.0 0.0173277699585475 0.013257268948725271 0.006974248927038627 0.0016163793103448276 0.0034873029018864673
0 0.009615384615384616 0.0 1.0 0.0 0.02008674028105909 0.011530967868174154 0.017497523935292175 0.002652519893899204 0.05070888700354437
0 0.007407407407407407 0.0 1.0 0.0 0.009810926154925865 0.007213585983940959 0.0123032904148784 0.0005747126436781609 0.015105172423622292
0 0.004347826086956522 0.0 1.0 0.0 0.01136642068399568 0.008473302896073948 0.013248740436648629 0.001686656671664168 0.00010731866742376349
0 0.00909090909090909 0.0 1.0 0.0 0.006190925768720478 0.002633296371881192 0.009012875536480686 0.0 0.003136924455181065
0 0.006944444444444444 0.0 1.0 0.0 0.0030458671624311786 0.0022927276226150043 0.013233190271816882 0.0007183908045977011 0.0035206518565151237
0 0.004048582995951417 0.0 1.0 0.0 0.011332832640836708 0.01707424310421667 0.009487237406821775 0.002268602540834846 0.035731676307113915
0 0.004464285714285714 0.0 1.0 0.0 0.00959250966805073 0.010324563303408805 0.011266094420600859 0.0013469827586206897 0.039112619034590825
0 0.041666666666666664 0.0 1.0 0.0 0.010004693884833488 0.006976600736934613 0.01041666666666667 0.003410059676044332 0.041666666666666664
0 0.029411764705882353 0.0 1.0 0.0 0.010564581998241522 0.009564119080717207 0.010804321728691477 0.0034602076124567484 0.008622123885926437
0 0.03333333333333333 0.0 1.0 0.0 0.003768671894352482 0.010828298896173828 0.006887755102040816 0.0025575447570332483 0.0007433474278480257
0 0.019230769230769232 0.0 1.0 0.0 0.00523683829976014 0.008332595912519773 0.008437990580847723 0.00314774739327169 0.019367000002981714
0 0.014285714285714287 0.0 1.0 0.0 0.0046100481752253284 0.005943994228671315 0.009475218658892129 0.0027402265253927663 0.009712762295858738
0 0.00641025641025641 0.0 1.0 0.0 0.01066845037357468 0.009325030877915771 0.007751177394034539 0.0030493802872319504 0.022285523814343584
0 0.009523809523809523 0.0 1.0 0.0 0.006754898146396113 0.01325709346991977 0.006462585034013606 0.0008525149190110827 0.016799962008896503
0 0.011363636363636364 0.0 1.0 0.0 0.004226803395575756 0.004422434301058601 0.0032467532467532465 0.0 0.0022166008137960136
0 0.005847953216374269 0.0 1.0 0.0 0.011277902020937466 0.011387275536266526 0.007787325456498389 0.0010768609503297886 0.008459469687995764
0 0.008333333333333333 0.0 1.0 0.0 0.003800168228445347 0.004330547579330359 0.012755102040816327 0.0006393861892583121 0.0005488266020551516
0 0.004545454545454545 0.0 1.0 0.0 0.012816109003550374 0.005583022429081508 0.00892857142857143 0.0017902813299232735 0.017800454161123476
0 0.003623188405797101 0.0 1.0 0.0 0.0062593987886722545 0.0026039519719996272 0.010425909494232477 0.0006671855887912822 0.008061218713238569
0 0.00591715976331361 0.0 1.0 0.0 0.009003607771707865 0.004410916606629243 0.010007849293563579 0.001573873696635845 0.05193108563496355
0 0.006493506493506493 0.0 1.0 0.0 0.005961391622052548 0.003723026071913624 0.009276437847866418 0.0009300162752848176 0.024821516133790814
0 0.0030303030303030303 0.0 1.0 0.0 0.006153736194560772 0.0028249881880540247 0.010320037105751393 0.0010462683096954196 0.02436593177161047
0 0.0025 0.0 1.0 0.0 0.004300081539259504 0.004854378235742114 0.010102040816326532 0.0016368286445012788 0.0003865340947415323
0 0.002262443438914027 0.0 1.0 0.0 0.008511434063069347 0.009800115664097265 0.007554945054945058 0.00039346842415896127 0.010302585706718272
0 0.0020576131687242796 0.0 1.0 0.0 0.00672482393734346 0.007756408440173488 0.006802721088435374 0.0007577910391209625 0.0007094028874291586
0 0.0021929824561403508 0.0 1.0 0.0 0.008655203253938586 0.011017212013389616 0.007546768707482994 0.0018115942028985507 0.014057836869000188
0 0.002 0.0 1.0 0.0 0.0039362675906734375 0.005864934278445849 0.0073469387755102054 0.00020460358056265986 0.0007742767349002674
0 0.0031746031746031746 0.0 1.0 0.0 0.0032921524226445036 0.006958971624884207 0.005952380952380951 0.0 0.019018086474401716