0 0.1111111111111111 0.0 1.0 0.0 0.023259776480316113 0.00865883357666574 0.021428571428571425 0.007194244604316545 0.1111111111111111
0 0.016129032258064516 0.0 1.0 0.0 0.015838557196888745 0.019074682594146332 0.012672811059907836 0.007658389417498263 0.024353530001831346
0 0.016666666666666666 0.0 1.0 0.0 0.0157369658619237 0.02102480724736655 0.015357142857142857 0.0017985611510791366 0.03367549372891834
0 0.03125 0.0 1.0 0.0 0.0 0.006117261477809633 0.0017857142857142857 0.0 0.0017052608581065345
0 0.014285714285714287 0.0 1.0 0.0 0.004108076500881124 0.0034955779873197903 0.011224489795918368 0.0 0.00031166262907152223
0 0.007936507936507936 0.0 1.0 0.0 0.017010019470340837 0.0116519266243993 0.00816326530612245 0.0 0.04143102729278499
0 0.008403361344537815 0.0 1.0 0.0 0.0289194979201846 0.030731199243593924 0.018907563025210086 0.004231908590774439 0.03564850975549854
0 0.00625 0.0 1.0 0.0 0.01423737033181667 0.0197781396564314 0.011785714285714288 0.001079136690647482 0.00016462253418226248
1 0.047619047619047616 0.0 1.0 0.0 0.011520328522753339 0.009596120413752272 0.007419398354242547 0.002976190476190475 0.047619047619047616
0 0.02 0.0 1.0 0.0 0.014956176321489259 0.010522303881727788 0.012011331444759209 0.003181818181818181 0.019623206115352572
0 0.020833333333333332 0.0 1.0 0.0 0.017856044228333617 0.007246869421155161 0.010092067988668556 0.0026633522727272725 0.030992471233629734
0 0.017857142857142856 0.0 1.0 0.0 0.012688691614252278 0.008282136481320184 0.009105625252934036 0.002840909090909091 0.00012851801354116175
0 0.016666666666666666 0.0 1.0 0.0 0.013366943132019833 0.009038143004879274 0.017233238904627007 0.0030776515151515155 0.056957254853378846
0 0.016666666666666666 0.0 1.0 0.0 0.015715876539943753 0.007729994049232173 0.01104815864022663 0.0 0.0002143130816561799
0 0.011904761904761904 0.0 1.0 0.0 0.0072480549327152135 0.004831246280770108 0.009442870632672332 0.0004734848484848485 0.025105162917114263
0 0.017857142857142856 0.0 1.0 0.0 0.0027266044768520935 0.0 0.002428166734115743 0.0 0.0022001221501937733
0 0.0038314176245210726 0.0 1.0 0.0 0.008832034465444057 0.004887894975474815 0.011038390153365243 0.0011755485893416929 0.016213288965129254
1 0.003703703703703704 0.0 1.0 0.0 0.005930899522708273 0.005725921517949756 0.013744622809778617 0.0008417508417508418 0.015388435184530645
0 0.005050505050505051 0.0 1.0 0.0 0.0036379687738221753 0.005368051423077897 0.009915014164305949 0.0006313131313131314 0.000854288270414983
0 0.006944444444444444 0.0 1.0 0.0 0.002102372194731012 0.0016104154269233693 0.017233238904627007 0.000946969696969697 0.0005117750456417314
0 0.005128205128205128 0.0 1.0 0.0 0.00869104337818895 0.003127909846943619 0.008309726156751653 0.0007575757575757576 0.0412739558240332
0 0.0047619047619047615 0.0 1.0 0.0 0.012147623626553285 0.005153329366154782 0.01303116147308782 0.0011363636363636363 0.0340817990363386
0 0.0030303030303030303 0.0 1.0 0.0 0.0030668094098525857 0.004392042073427371 0.009399948493432913 0.000774793388429752 0.002633716479382804
0 0.005208333333333333 0.0 1.0 0.0 0.014807079884926994 0.006441661707693477 0.008498583569405102 0.0 0.00018494861396849474
0 0.0032679738562091504 0.0 1.0 0.0 0.006850400984994676 0.009386145106567392 0.010544538873150771 0.0009469696969696969 0.00025261205274190984
0 0.0020576131687242796 0.0 1.0 0.0 0.009782541396422059 0.006687091081876998 0.009547791417479802 0.0011574074074074073 0.002495034720685579
0 0.0018796992481203006 0.0 1.0 0.0 0.0062995633718439135 0.004831246280770107 0.0077903682719546756 0.0012175324675324677 0.003982362868150263
0 0.0038461538461538464 0.0 1.0 0.0 0.010286171343012325 0.005946149268640132 0.011985181956853346 0.0 0.015063062521200017
0 0.03125 0.0 1.0 0.0 0.020427506923963102 0.011212373326552475 0.010273235800344236 0.0025862068965517267 0.03125
0 0.019230769230769232 0.0 1.0 0.07692307692307693 0.01559160149446784 0.009105113566666514 0.00867205084072554 0.0022546419098143254 0.04774787842813018
0 0.05555555555555555 0.0 1.0 0.0 0.017724251511291225 0.01563768911109037 0.014629948364888123 0.0028735632183908046 0.043457117870738145
0 0.0125 0.0 1.0 0.0 0.0071002023439858935 0.004641706376007838 0.012220309810671258 0.0019827586206896553 0.013680299747453061
0 0.009090909090909092 0.0 1.0 0.0 0.01221145066511169 0.006906820323727719 0.012126427789078393 0.0022727272727272735 0.05682010205662711
0 0.013888888888888888 0.0 1.0 0.0 0.01560357556359542 0.013156391473454062 0.01204819277108434 0.0031609195402298854 0.10206950471665548
0 0.00510204081632653 0.0 1.0 0.0 0.009083840770636346 0.00921506679760683 0.008114089009097615 0.002093596059113302 0.013697919836865772
0 0.006578947368421052 0.0 1.0 0.0 0.016496070280416112 0.009750637191657812 0.010961137784219583 0.0007259528130671506 0.06742284255780819
0 0.006172839506172839 0.0 1.0 0.0 0.01865514730368134 0.00638291698008843 0.013482501434308663 0.0004789272030651341 0.06319193291793251
0 0.0058823529411764705 0.0 1.0 0.0 0.01182139906394339 0.010616575368136845 0.009314569201174447 0.0010141987829614604 0.012748359701519683
0 0.005050505050505051 0.0 1.0 0.0 0.005920501342090253 0.003257851898143827 0.015108051252629567 0.0008620689655172414 0.001777549740671908
0 0.0037878787878787876 0.0 1.0 0.0 0.0045567790902205285 0.004619342100292995 0.011735252699108122 0.00054858934169279 0.00018119976894901468
0 0.004524886877828055 0.0 1.0 0.0 0.005170720421861644 0.00482928634313085 0.010428267692619217 0.00020283975659229209 0.0001689696940628688
0 0.0035714285714285713 0.0 1.0 0.0 0.0031725175095800987 0.003518480049995333 0.011015490533562825 0.0002586206896551724 0.00026505104496168274
0 0.005128205128205128 0.0 1.0 0.0 0.003020716966850621 0.006114242962848162 0.01271018138488018 0.0005305039787798408 0.0005443872940561084
0 0.002717391304347826 0.0 1.0 0.0 0.013749084334745795 0.011056975516858242 0.009803187906907134 0.0015742128935532236 0.050156944405051404
0 0.0029411764705882353 0.0 1.0 0.0 0.016877024547951737 0.011378465311478753 0.010843373493975903 0.001379310344827586 0.060315517619813984
0 0.0017921146953405018 0.0 1.0 0.0 0.01113358316039515 0.007534623532902262 0.009827327744156351 0.0006117908787541713 0.03604712186091836
0 0.002105263157894737 0.0 1.0 0.0 0.00842544603297127 0.00482466996738058 0.012254733218588642 0.0008275862068965517 0.008794771642802676
0 0.001724137931034483 0.0 1.0 0.0 0.010227708224538975 0.0014528531706930715 0.007003382990088434 0.00023781212841854935 0.04250499871011394
0 0.001488095238095238 0.0 1.0 0.0 0.006444448653688288 0.0 0.005378657487091222 0.00010775862068965517 0.03822499683241551
0 0.0017482517482517483 0.0 1.0 0.0 0.017731354155689195 0.004639105737865943 0.012710181384880179 0.0007957559681697613 0.03495175410287501
0 0.0014492753623188406 0.0 1.0 0.06666666666666667 0.0065677980352775705 0.003391078730839788 0.01210556511761331 0.0012068965517241378 0.013106168486867428
0 0.0016666666666666666 0.0 1.0 0.0 0.010713972264271414 0.003167611337220686 0.010189328743545611 0.001379310344827586 0.047612078842987085
0 0.005714285714285714 0.0 1.0 0.0 0.004060822225685347 0.0 0.003934103761986722 0.0004926108374384236 0.002003374470168489
0 0.0038461538461538464 0.0 1.0 0.0 0.005783671490238779 0.0 0.007573149741824441 0.0005172413793103448 0.0005990165708757261
0 0.005291005291005291 0.0 1.0 0.0 0.007333091625659436 0.005026400071421904 0.006392918613228424 0.0014778325123152708 0.0012162077923078113
0 0.0021008403361344537 0.0 1.0 0.0 0.015210491989553305 0.0012457437816091581 0.016806722689075633 0.0008113590263691683 0.07282163391464419
0 0.0038314176245210726 0.0 1.0 0.2222222222222222 0.0 0.0 0.003824823101931536 0.0003831417624521073 0.00419647161000083
1 0.02564102564102564 0.0 1.0 0.0 0.030193687959388888 0.017596509259191984 0.031013431013431007 0.011341222879684417 0.02564102564102564
0 0.03571428571428571 0.0 1.0 0.0 0.023470355718541263 0.020742992793647965 0.02925170068027211 0.004807692307692309 0.11032240371164655
0 0.0303030303030303 0.0 1.0 0.0 0.016418299347851214 0.01723254992081555 0.012987012987012986 0.0 0.018045992645797586
0 0.011904761904761904 0.0 1.0 0.0 0.023975134200618132 0.02564325984084765 0.022222222222222223 0.0022893772893772895 0.07010440686764478
0 0.01 0.0 1.0 0.2 0.03144046635754517 0.02254736603007156 0.021904761904761906 0.00625 0.06873551384447457
0 0.024390243902439025 0.0 1.0 0.0 0.011570091698948357 0.0132227965407158 0.01474950560316414 0.00429929723026044 0.02439024390243903
0 0.03125 0.0 1.0 0.0 0.014431985934502845 0.013261981615343206 0.011190878378378379 0.0038135593220338985 0.029183630435473628
0 0.013333333333333332 0.0 1.0 0.0 0.010196540174805192 0.012428327654072273 0.010270270270270268 0.0035254237288135596 0.02846285775130124
0 0.011904761904761904 0.0 1.0 0.0 0.011950280278740169 0.015260755368196996 0.008365508365508367 0.0 0.028692216696028283
0 0.008 0.0 1.0 0.0 0.015046055308103167 0.008716814455934202 0.01189189189189189 0.0008135593220338983 0.02658067239944055
0 0.016666666666666666 0.0 1.0 0.0 0.002212984850541617 0.008283725535951681 0.008445945945945946 0.0006779661016949152 0.018710859487541455
0 0.007936507936507936 0.0 1.0 0.0 0.008427783520426687 0.013257204179901902 0.012575075075075074 0.0026365348399246705 0.00022770523173056535
0 0.015625 0.0 1.0 0.0 0.008367126346365092 0.0061650337851883365 0.017314189189189193 0.001271186440677966 0.03377256419006232
0 0.0044444444444444444 0.0 1.0 0.0 0.016858961113732904 0.013687049777505211 0.013513513513513513 0.0016271186440677966 0.01984425579097258
1 0.003125 0.0 1.0 0.0 0.00972685437468603 0.0053937799954638654 0.010663006756756755 0.0018008474576271184 0.005862476761401541
0 0.005347593582887701 0.0 1.0 0.0 0.005647010622364311 0.0034680794491936204 0.013712241653418122 0.0027916251246261218 0.014235661052164202
0 0.003968253968253968 0.0 1.0 0.0 0.01667082826460931 0.005905279645416376 0.00949163449163449 0.0020984665052461663 0.027369224434922252
0 0.003076923076923077 0.0 1.0 0.0 0.007844170352170174 0.002358294025451662 0.011756756756756756 0.0017627118644067794 0.02679313623921989
0 0.005952380952380952 0.0 1.0 0.0 0.007839452926211245 0.007805373196589986 0.008727477477477479 0.001694915254237288 0.001344740041857983
0 0.023809523809523808 0.0 1.0 0.0 0.005028070856144919 0.0033417320284622565 0.008712633318311553 0.0009959785018979965 0.023809523809523805
0 0.0625 0.0 1.0 0.0 0.0 0.0 0.01429416403785489 0.0009865824782951855 0.013403834393503624
0 0.007751937984496124 0.0 1.0 0.0 0.0045948387611460285 0.002854482705860166 0.008748441053481036 0.0010095262568601898 0.006316678083856635
0 0.041666666666666664 0.0 1.0 0.0 0.0022536732079688174 0.003396906694577394 0.010646687697160885 0.0007892659826361485 0.026671283819633563
0 0.0064516129032258064 0.0 1.0 0.0 0.00871745404741617 0.005164554098817382 0.00987076422102371 0.0012220892634366165 0.006465994187996727
0 0.010416666666666666 0.0 1.0 0.0 0.009043781521952744 0.004927190426640564 0.014589905362776023 0.0016278610891870562 0.00027833563236240294
1 0.02040816326530612 0.0 1.0 0.0 0.011484475803402857 0.00920382649226426 0.005069851284362325 0.0014657796820385614 0.031379019604867206
0 0.009615384615384616 0.0 1.0 0.0 0.006948820885942243 0.0028831088762670777 0.008796408638679932 0.0009714042863214133 0.026657676639153912
0 0.006172839506172839 0.0 1.0 0.0 0.0029499728265329926 0.003733021795019368 0.0032422011917280055 0.0008769622029290538 0.002945877930097472
0 0.004545454545454546 0.0 1.0 0.0 0.0043842128447040335 0.0037760923181004834 0.006237453398336681 0.0008968931620865323 0.027194439683138904
0 0.002932551319648094 0.0 1.0 0.0 0.0036383561613711067 0.0030655214551182125 0.007733794647400021 0.000916566947577462 0.0002478222046667596
0 0.003968253968253968 0.0 1.0 0.0 0.002417330307268765 0.002817466386272083 0.007623554153522608 0.0009396023602811287 0.01320234199135171
0 0.006410256410256411 0.0 1.0 0.0 0.0015905247279012023 0.000447408232262846 0.009266561514195583 0.0007234938174164694 0.004944282330249402
0 0.008928571428571428 0.0 1.0 0.0 0.0065430857708819335 0.003355561741971345 0.006802050473186119 0.0007892659826361484 0.0657693008682123
0 0.006060606060606061 0.0 1.0 0.0 0.006190501683313057 0.002491592430544523 0.008603383997705764 0.0007892659826361485 0.002336444284937345
0 0.0015625 0.0 1.0 0.0 0.005220995788458101 0.002567182405360349 0.006821766561514194 0.0008089976322020519 0.008991365320001391
0 0.0024509803921568627 0.0 1.0 0.0 0.003929408153428681 0.003131857625839923 0.005191903259726603 6.577216521967904e-05 0.0008874496301561385
0 0.002525252525252525 0.0 1.0 0.0 0.008877779169526158 0.0017338779231953663 0.01053914539718956 7.175145296692258e-05 0.01520012558595189
0 0.0015037593984962405 0.0 1.0 0.0 0.0035373921706484146 0.002220146634601614 0.006219017575484454 9.020182658698839e-05 0.0010268987557713839
0 0.002777777777777778 0.0 1.0 0.0 0.007350491924967833 0.002130203791082546 0.010997195934104451 0.00013154433043935807 0.026797676550585917
0 0.0028011204481792717 0.0 1.0 0.0 0.007413325942009369 0.003924941344774846 0.007886435331230285 0.00027856446445981704 0.026220710609984214
0 0.0017482517482517483 0.0 1.0 0.0 0.005608986966766775 0.00367484704567779 0.0063394807085658846 6.0712767895088334e-05 0.007388826538145216
0 0.002898550724637681 0.0 1.0 0.0 0.006134059503763218 0.0018198025297400222 0.00977917981072555 0.00047355958958168905 0.0019282985792293285
0 0.001488095238095238 0.0 1.0 0.0 0.004990686916063102 0.0033732810073739384 0.006675304191077063 0.0001691284248506032 0.010130262325527098
0 0.00125 0.0 1.0 0.0 0.005564138091405887 0.003174785663539429 0.0087243690851735 0.0006906077348066299 0.010685784113301802
0 0.0020242914979757085 0.0 1.0 0.0 0.007850184945018773 0.0031083098241418776 0.005852565166860369 8.308062975117352e-05 0.020410365946563345
0 0.006172839506172839 0.0 1.0 0.0 0.0 0.000894816464525692 0.007229232386961094 0.0 0.03633273818657279
0 0.001152073732718894 0.0 1.0 0.0 0.006464300858444111 0.0038120169265091503 0.00859875852243818 0.0003819028948239428 0.005150667318582548
0 0.0011890606420927466 0.0 1.0 0.0 0.0022221582868580075 0.002221613291236201 0.0051941694767758066 0.00021772854693410989 0.0005481197609893435
0 0.0009009009009009009 0.0 1.0 0.0 0.006064731429522074 0.003143141401763223 0.0065649245459971015 0.0001706521043537618 0.005811185656126358
0 0.0011123470522803114 0.0 1.0 0.0 0.00515675287805854 0.002780772043459668 0.00878385728271511 0.0003810249571346923 0.01036607823652188
0 0.0008445945945945946 0.0 1.0 0.0 0.003211900178916806 0.004459700788348136 0.006373092335237446 0.0007679344695919281 0.010383980880912297
0 0.0013175230566534915 0.0 1.0 0.0 0.0044806890451719525 0.0036397422013983464 0.009120833904814154 0.0006520023334820358 0.006246434499548472
0 0.0014005602240896359 0.0 1.0 0.0 0.0004426110606439374 0.00028635865219111466 0.009613940213309299 0.0008268500770473936 0.0016937964860163194
0 0.0010582010582010583 0.0 1.0 0.0 0.0049798081069616995 0.0019416037061034577 0.009989484752891695 0.00043848110146452694 0.004924274475291031
0 0.0011574074074074073 0.0 1.0 0.0 0.004512582274333795 0.001565928812919961 0.006572029442691904 0.0002302025782688766 0.0009732403520009629
0 0.0008445945945945946 0.0 1.0 0.0 0.005651199271021697 0.002347966230886298 0.014072358044164039 0.0008879242304656671 0.009155737798948274
0 0.0005847953216374269 0.0 1.0 0.0 0.006457966866471747 0.0029044724388560513 0.010655450403084474 0.0006138735420503376 0.0021946782506438098
0 0.0009496676163342829 0.0 1.0 0.0 0.0033583557627612512 0.0007603819477657877 0.009551349456712233 0.00017539244058581075 0.002568228965656977
0 0.0007142857142857143 0.0 1.0 0.0 0.002635756876792014 0.001318182068485452 0.010545290671473634 0.0006088623294621716 0.00947380119547114
0 0.0022172949002217295 0.0 1.0 0.0 0.006520963079596482 0.004954122040666936 0.009392027530828793 0.0007892659826361485 0.021941327304455197
0 0.0007936507936507937 0.0 1.0 0.0 0.0040838446429347485 0.001601076289300997 0.006177707676130389 0.00031570639305445933 0.011917696452057851
0 0.0008613264427217916 0.0 1.0 0.0 0.003070476542669601 0.0014158120155162341 0.00893796004206099 0.0007308018357742116 0.017506762558586485
0 0.0006313131313131314 0.0 1.0 0.0 0.00590873845840282 0.0018518457917922288 0.007207325622152122 0.0006577216521967904 0.009789303585446253
0 0.001388888888888889 0.0 1.0 0.0 0.0016397246505533123 0.0 0.008675078864353312 0.0004439621152328335 0.005202530354550572
0 0.0006793478260869565 0.0 1.0 0.0 0.0037919996440864963 0.0026837960181454452 0.005200118296529968 0.0005672849250197316 0.012704674976728407
0 0.0013297872340425532 0.0 1.0 0.0 0.0031647954646748582 0.000884017228443888 0.004436119873817035 0.0001973164956590371 0.0037610126990403623
0 0.001488095238095238 0.0 1.0 0.0 0.004436432173496579 0.0032103329998253885 0.00546417305092384 0.0005073852745518097 0.002681033827565166
0 0.0009276437847866418 0.0 1.0 0.0 0.0035799371755965053 0.0010996483615369037 0.0047318611987381696 0.0003587572648346129 0.0012001455940228898
0 0.0013333333333333333 0.0 1.0 0.0 0.005889015623256698 0.00199612835264658 0.007939011566771818 0.000684030518284662 0.024128487088608645
0 0.0006127450980392157 0.0 1.0 0.0 0.0030974841228431486 0.002400380913801019 0.012322555205047317 0.0006906077348066298 0.00016531841130660406
0 0.0009157509157509158 0.0 1.0 0.0 0.0019090457956229432 0.0015339710820440435 0.008074207601021484 0.0006389296049911678 0.0016984310356345522
0 0.000673854447439353 0.0 1.0 0.0 0.003943822918721008 0.0019825330980809937 0.011266336187471833 0.00047919720374337585 0.016967661047393577
0 0.041666666666666664 0.0 1.0 0.0 0.004895078348686992 0.000989295340797602 0.013211382113821135 0.0017452006980802788 0.04166666666666666
0 0.038461538461538464 0.0 1.0 0.15384615384615385 0.0037784592142399293 0.0036527827967911455 0.0012061109622085234 0.0016109544905356426 0.005764836768040644
0 0.007936507936507936 0.0 1.0 0.047619047619047616 0.003722960841811531 0.0067837394797549844 0.005267960842873735 0.0018283054932269577 4.42601185949331e-05
0 0.016666666666666666 0.0 1.0 0.0 0.004369355378948265 0.007914362726380816 0.004065040650406504 0.0017452006980802797 0.002808874294591499
0 0.018181818181818184 0.0 1.0 0.0 0.0007328978123510203 0.0032376938426103338 0.005068102629078239 0.0015865460891638906 0.012472588499074561
0 0.013888888888888888 0.0 1.0 0.0 0.0029763967081810356 0.004730671775329087 0.006387921022067364 0.0018906340895869693 0.005869805525764972
0 0.023809523809523808 0.0 1.0 0.0 0.00374902507145432 0.009892953407976019 0.005226480836236933 0.0014543339150668994 0.015513013398761854
0 0.015625 0.0 1.0 0.25 0.01569709653733332 0.05853174240284893 0.02460801393728223 0.015488656195462478 0.024736498800806115
0 0.005555555555555555 0.0 1.0 0.1 0.00794085045005938 0.00996984438179698 0.006707317073170731 0.0007853403141361258 0.00021085480067339785
0 0.005555555555555556 0.0 1.0 0.0 0.005645619841092414 0.005588329836286861 0.008710801393728223 0.001745200698080279 0.0002701786018196701
0 0.006060606060606061 0.0 1.0 0.0 0.0019751436595018324 0.0063314901811046525 0.008130081300813007 0.0 0.0007581411840600689
0 0.005208333333333333 0.0 1.0 0.0 0.0013120885678480328 0.004451829033589209 0.006641986062717769 0.0002181500872600349 0.0011121890095608022
0 0.015625 0.0 1.0 0.25 0.01569709653733332 0.05853174240284893 0.02460801393728223 0.015488656195462478 0.024736498800806115
0 0.0032467532467532465 0.0 1.0 0.09090909090909091 0.007504681557865015 0.010792312808701111 0.0063351282863477985 0.0013485641757893067 0.00018294695635587624
0 0.0031746031746031746 0.0 1.0 0.0 0.0010076039357538131 0.005653116233129154 0.007632321221171396 0.0002493143854400399 0.0004919397178516981
0 0.003676470588235294 0.0 1.0 0.0 0.003635615851287777 0.002866536181210831 0.009940561590489855 0.0002053177291859152 0.0003219359493764988
0 0.015625 0.0 1.0 0.25 0.01569709653733332 0.05853174240284893 0.02460801393728223 0.015488656195462478 0.024736498800806115
0 0.0015873015873015873 0.0 1.0 0.05714285714285714 0.0052014098099748855 0.007053801828406414 0.005774016923842708 9.972575417601596e-05 0.00013010418979101556
0 0.015625 0.0 1.0 0.25 0.01569709653733332 0.05853174240284893 0.02460801393728223 0.015488656195462478 0.024736498800806115
0 0.0015151515151515152 0.0 1.0 0.06060606060606061 0.005247214958226913 0.003883867366621584 0.010347376201034738 0.00021153947855518537 0.00010057270479444481
0 0.0019047619047619048 0.0 1.0 0.0 0.0030162534393606273 0.0 0.009686411149825783 0.00013961605584642233 0.0008502477396000299
0 0.003787878787878788 0.0 1.0 0.0 0.0008280752721626308 0.0 0.005371660859465738 0.0004363001745200698 0.008514377528800889
0 0.006211180124223602 0.0 1.0 0.0 0.00473391984292012 0.0 0.004977600796416127 0.0007479431563201198 0.012687230774814312
0 0.015625 0.0 1.0 0.25 0.01569709653733332 0.05853174240284893 0.02460801393728223 0.015488656195462478 0.024736498800806115
0 0.0022222222222222222 0.0 1.0 0.1111111111111111 0.017561735052134663 0.005276241817587211 0.005323267518389469 0.0007756447547023463 0.02639546054750064
0 0.0020242914979757085 0.0 1.0 0.0 0.005314069685660734 0.0012496362199548657 0.007702182284980744 0.0001837053366400294 0.00022089196925728917
0 0.015625 0.0 1.0 0.25 0.01569709653733332 0.05853174240284893 0.02460801393728223 0.015488656195462478 0.024736498800806115
0 0.0012755102040816326 0.0 1.0 0.07142857142857142 0.009362562303575553 0.0 0.006097560975609756 0.0 0.01792463914146286
0 0.0011123470522803114 0.0 1.0 0.0 0.005038336463822656 0.0 0.008036416769697652 0.0 0.02065085116944007
0 0.004166666666666667 0.0 1.0 0.25 0.009991584742204372 0.0465371463633901 0.022648083623693378 0.013525305410122163 0.0397306255047756
0 0.002932551319648094 0.0 1.0 0.18181818181818182 0.018129350262860125 0.0021584625617402224 0.011403230915426037 0.0006346184356655561 0.04954884002814743
0 0.015625 0.0 1.0 0.25 0.01569709653733332 0.05853174240284893 0.02460801393728223 0.015488656195462478 0.024736498800806115
0 0.002331002331002331 0.0 1.0 0.15384615384615385 0.01375664249687742 0.0018263913983955727 0.0060305548110426155 0.0005369848301785474 0.051738916802025685
0 0.015625 0.0 1.0 0.25 0.01569709653733332 0.05853174240284893 0.02460801393728223 0.015488656195462478 0.024736498800806115
0 0.002857142857142857 0.0 1.0 0.2 0.016300053403778145 0.0 0.010452961672473867 0.00034904013961605586 0.06967461952962864
0 0.015625 0.0 1.0 0.25 0.01569709653733332 0.05853174240284893 0.02460801393728223 0.015488656195462478 0.024736498800806115
0 0.03571428571428571 0.0 1.0 0.0 0.009247892649973168 0.009064473193697933 0.009534583063994828 0.0024295432458697756 0.03571428571428571
0 0.03125 0.0 1.0 0.0 0.01236966985565451 0.009016185441036268 0.00947398190045249 0.0025510204081632655 0.000657247249055521
0 0.013333333333333332 0.0 1.0 0.0 0.006484639390531488 0.006398039208247857 0.007692307692307693 0.0023582766439909286 0.028076292266431956
0 0.03125 0.0 1.0 0.0 0.0037986454873559167 0.0017316461402393326 0.016402714932126694 0.001984126984126984 0.0019363782114610005
0 0.008 0.0 1.0 0.0 0.007462987903662807 0.007826404601894803 0.008144796380090498 0.002267573696145124 0.025289488866979685
0 0.01111111111111111 0.0 1.0 0.0 0.007162319156043298 0.010073719315513714 0.006787330316742082 0.0012093726379440665 0.0010807311919168495
0 0.01020408163265306 0.0 1.0 0.0 0.0029306472023309287 0.006273878691005188 0.01098901098901099 0.0 0.00046730006074693296
0 0.005952380952380952 0.0 1.0 0.0 0.002065746518760699 0.005576781058671277 0.0072182719241542775 0.0 0.001008151283756012
0 0.00505050505050505 0.0 1.0 0.0 0.014795498525140454 0.012614112724512948 0.008844097079391197 0.0009276437847866418 0.023015996715645127
0 0.006666666666666667 0.0 1.0 0.0 0.007259993538848323 0.011178378614360352 0.00889894419306184 0.0022675736961451243 0.008042887837901467
0 0.006060606060606061 0.0 1.0 0.0 0.011954886614282205 0.010396936388468756 0.010558069381598792 0.0016628873771730912 0.008940828436230569
0 0.003333333333333333 0.0 1.0 0.0 0.014744544266254994 0.006404215440053946 0.011583710407239817 0.0009977324263038547 0.01961612292923778
0 0.007692307692307693 0.0 1.0 0.0 0.002222998356652665 0.0 0.008371040723981902 0.00045351473922902497 0.02284384605455459
0 0.0026455026455026454 0.0 1.0 0.0 0.012363335997836424 0.015176481272824309 0.00913356795709737 0.002183589485176787 0.0023425298311134015
0 0.003703703703703704 0.0 1.0 0.0 0.010700922092090007 0.012584466593798416 0.007792860734037205 0.001385739480977576 0.003037701252259881
0 0.003472222222222222 0.0 1.0 0.0 0.009198998661600616 0.005221281390009175 0.010809451985922576 0.0018896447467876038 0.0044064938027835844
0 0.007352941176470588 0.0 1.0 0.0 0.006346539219915501 0.0023923560516666974 0.013574660633484163 0.0008503401360544217 0.040629878015098146
0 0.0022222222222222222 0.0 1.0 0.0 0.013977381134070498 0.005975829660312951 0.010950226244343894 0.0013605442176870747 0.019708500578859024
0 0.001644736842105263 0.0 1.0 0.0 0.007718877029162012 0.0050628495911786125 0.008554864253393666 0.0016298185941043086 6.550904693995836e-05
0 0.0029411764705882353 0.0 1.0 0.0 0.0057533402113210865 0.003215493951350597 0.011711471919084377 0.002000800320128051 0.014866907706332888
0 0.0022675736961451248 0.0 1.0 0.0 0.01390323247905734 0.006167029227609129 0.009049773755656108 0.002051614296512256 0.01968765556658107
0 0.0018181818181818182 0.0 1.0 0.0 0.006344360017508123 0.0033646027175161007 0.010497737556561089 0.0018140589569160996 0.029846335706446188
0 0.0036231884057971015 0.0 1.0 0.0 0.008289019788506873 0.007831922085013761 0.00942684766214178 0.0017006802721088435 0.00046150465569628124
0 0.02040816326530612 0.0 1.0 0.0 0.00443499057880015 0.003451431912156805 0.011178628754872735 0.0019805390510634646 0.02040816326530612
0 0.045454545454545456 0.0 1.0 0.0 0.00820035312170408 0.005645189546154002 0.0072778345250255365 0.0025572177470911646 0.0633985132010217
0 0.007936507936507936 0.0 1.0 0.0 0.005507706911800672 0.003744118470033795 0.009764579989299091 0.00154041926193825 0.016578800227166936
0 0.011904761904761904 0.0 1.0 0.0 0.0029714049918650814 0.0033748142834043237 0.013911182450508295 0.0017413435134954129 0.004869851692105251
0 0.028571428571428574 0.0 1.0 0.0 0.009376390190631523 0.0054670643064692066 0.004213483146067416 0.0012055455093429777 0.08828529686541794
0 0.005555555555555555 0.0 1.0 0.0 0.0062401859289438946 0.00790069899983475 0.012265917602996258 0.002531645569620254 0.0022866719155032163
0 0.006802721088435374 0.0 1.0 0.0 0.0031990690584289224 0.0028455471588203804 0.01752273943285179 0.0014064697609001405 0.00022032146269301343
0 0.010416666666666666 0.0 1.0 0.0 0.0053297624289961034 0.010106945917839826 0.018258426966292138 0.0030473511486169714 0.012848191908958246
0 0.005291005291005291 0.0 1.0 0.0 0.004233102843100063 0.006103656793180877 0.01672017121455324 0.001071596008304869 0.004252139272364804
0 0.008333333333333333 0.0 1.0 0.0 0.005206159245782198 0.003823919298582005 0.015917602996254682 0.0012892639474917954 0.00037700001983260344
0 0.0033670033670033673 0.0 1.0 0.0 0.007760062275443507 0.007238476061719514 0.01518934665002081 0.0014585612335260719 0.002595257123687
0 0.0023148148148148147 0.0 1.0 0.0 0.007116528502866844 0.0070753768613831015 0.012406367041198504 0.001328332551961244 0.001750595134477882
0 0.0026525198938992045 0.0 1.0 0.0 0.007104960711463382 0.005569688330319865 0.01661177838047269 0.0008729812309035354 0.001904639384762073
0 0.002857142857142857 0.0 1.0 0.0 0.0032258414522236085 0.005357723020339822 0.0073595505617977544 0.00016877637130801687 0.0002004972390706786
0 0.006060606060606061 0.0 1.0 0.0 0.003595873474575999 0.003479040922298586 0.010469867211440246 0.0 0.004048092468559392
0 0.003289473684210526 0.0 1.0 0.0 0.00636777249977677 0.0038657142297178365 0.007244234180958013 0.00014804944851580428 0.045647602281837646
0 0.0032679738562091504 0.0 1.0 0.0 0.009701628982302512 0.006163177929752263 0.012094257178526843 0.0009376465072667604 0.040096447414367416
0 0.009259259259259259 0.0 1.0 0.0 0.001010647966651758 0.004783681268160556 0.0023408239700374533 0.0 0.0604653537525248
0 0.010526315789473684 0.0 1.0 0.0 0.003237457299148536 0.006210880545252931 0.00646067415730337 0.0005625879043600563 0.04918830955575618
0 0.0029411764705882353 0.0 1.0 0.0 0.004555278989939586 0.004950381278133441 0.007600793126239258 0.0001654670306941342 0.003231987703724409
0 0.0031746031746031746 0.0 1.0 0.0 0.0017055524503509806 0.004972607946129826 0.01104868913857678 0.0008438818565400845 0.001583686771596191
0 0.002840909090909091 0.0 1.0 0.125 0.005011794418087219 0.0037217518182172697 0.01729283707865169 0.00035161744022503517 0.00027291288470727466
0 0.002173913043478261 0.0 1.0 0.0 0.002645999285999915 0.004334950417197616 0.005056179775280898 0.00028129395218002813 0.0028114070184295263
0 0.0016025641025641025 0.0 1.0 0.0 0.00640845410926474 0.005401526987686967 0.016313742437337946 0.0014064697609001405 0.019619047719601747
0 0.0019047619047619048 0.0 1.0 0.0 0.005760359527765791 0.0035612861637075947 0.013710540395933654 0.0012055455093429777 0.0067221383321088915
0 0.001282051282051282 0.0 1.0 0.0 0.009039938694070222 0.0026843363923045433 0.011329588014981275 0.0005157055789967183 0.021950793642128128
0 0.0018518518518518517 0.0 1.0 0.0 0.006526705228020185 0.0 0.00933988764044944 0.00042194092827004226 0.023303273345568202
0 0.0012755102040816326 0.0 1.0 0.0 0.003619109159283274 0.00044248538180891505 0.014345906902086678 0.0009041591320072331 0.018901423832619415
0 0.002028397565922921 0.0 1.0 0.0 0.008138829506821602 0.005581177980699285 0.014623265036351623 0.0026474724911061467 0.029868431835231277
0 0.0015151515151515152 0.0 1.0 0.0 0.0035065171730643135 0.0028673969554677547 0.011938202247191011 0.0018539828666410947 0.00014614226134491442
0 0.0009775171065493646 0.0 1.0 0.0 0.007527283761389679 0.0022256526767415867 0.01310861423220974 0.001321229169330435 0.024071507012126674
0 0.001488095238095238 0.0 1.0 0.0 0.003954827940873517 0.002045826663573895 0.00996522204387373 0.0006027727546714887 0.03176102763396182
0 0.0012626262626262627 0.0 1.0 0.0 0.007663210051584488 0.00047988098478927575 0.01152855805243446 0.0006446319737458978 0.0164768948638866
0 0.04 0.0 1.0 0.0 0.01630025596312514 0.006968964810569633 0.01030769230769231 0.002543352601156068 0.039999999999999994
0 0.016129032258064516 0.0 1.0 0.0 0.012557604589071007 0.005109343166200002 0.01054590570719603 0.002610479209397724 0.02088694309509667
0 0.010416666666666666 0.0 1.0 0.0 0.01570463825540066 0.007982228451511393 0.009795673076923079 0.002528901734104046 0.019862467949794998
0 0.008620689655172414 0.0 1.0 0.0 0.006336816648886249 0.006595132066150083 0.007559681697612732 0.0023254268819347538 0.009402788566306542
0 0.011764705882352941 0.0 1.0 0.0 0.0029176760683595556 0.0030839373289467576 0.009728506787330319 0.0012467414711549358 0.001992821206970228
0 0.0047619047619047615 0.0 1.0 0.0 0.007965281028703943 0.006933645121781317 0.010934065934065937 0.00044040737682356175 0.01644547167675231
0 0.005714285714285714 0.0 1.0 0.0 0.003688727962990204 0.005041859123613213 0.014461538461538463 0.0009248554913294797 0.0036187040265641323
0 0.003787878787878788 0.0 1.0 0.0 0.009357494181715461 0.007991299332656276 0.011013986013986017 0.0009925848076137093 0.020806499417977353
0 0.0038314176245210726 0.0 1.0 0.0 0.004070835548171823 0.004227592749888425 0.01107427055702918 0.0007972892166633446 0.007632651698979914
0 0.01 0.0 1.0 0.0 0.002141164794211151 0.002707336537432956 0.011153846153846157 0.0009633911368015413 0.003758593223466198
0 0.004545454545454545 0.0 1.0 0.0 0.009450140472229664 0.007821045284900126 0.013076923076923078 0.0009633911368015413 0.029916042378215664
0 0.007575757575757575 0.0 1.0 0.0 0.010541610439696952 0.013734430081454464 0.015209790209790209 0.0024522683482221053 0.05899878703142767
0 0.003663003663003663 0.0 1.0 0.0 0.0014960266836479086 0.0031206508685770766 0.013827838827838829 0.0009175153683824203 0.0017327621879354087
0 0.0026455026455026454 0.0 1.0 0.0 0.00627598280988537 0.006690191393497582 0.008974358974358974 0.0006422607578676942 0.022119104563207974
0 0.008333333333333333 0.0 1.0 0.0 0.0021633700338126276 0.00327668341200593 0.012019230769230768 0.0 0.019160244575759638
0 0.0078125 0.0 1.0 0.0 0.0 0.001638341706002965 0.012740384615384615 0.0 0.01110103696799377
0 0.0021008403361344537 0.0 1.0 0.0 0.004722323355213061 0.006675567700004823 0.007967032967032968 0.0004816955684007707 0.00022241811820294236
0 0.0027777777777777775 0.0 1.0 0.0 0.016503056796862516 0.009310643362748281 0.013942307692307698 0.0011560693641618496 0.04200490440032041
0 0.004048582995951417 0.0 1.0 0.0 0.008554151685834881 0.00765474572170664 0.012426035502958581 0.0011857121683711278 0.017310109360656932
0 0.00625 0.0 1.0 0.0 0.012237211855196302 0.006785704087055784 0.010336538461538461 0.000722543352601156 0.05848789379274698
0 0.003968253968253968 0.0 1.0 0.0 0.007999980809370337 0.0021844556080039533 0.006730769230769231 0.0 0.04158708314949639
0 0.0034965034965034965 0.0 1.0 0.0 0.006554203316865811 0.0 0.010502958579881658 0.0 0.038204686729505596
0 0.0015527950310559005 0.0 1.0 0.0 0.006185538215333198 0.0007849962117611066 0.007623626373626375 0.0004816955684007707 0.015979225468915285
0 0.001984126984126984 0.0 1.0 0.0 0.010529228332368449 0.0023834313966528482 0.013003663003663004 0.0009175153683824203 0.02297288664171924
0 0.0025 0.0 1.0 0.0 0.0013711015564077406 0.0 0.01262019230769231 0.0006021194605009633 0.0023067378481729434
0 0.043478260869565216 0.0 1.0 0.0 0.002316497408585356 0.002871420330656105 0.013323983169705473 0.003376952300548757 0.04347826086956521
0 0.027777777777777776 0.0 1.0 0.0 0.011118978134220506 0.00439356172798588 0.007526881720430107 0.0034160373966199225 0.007740258909594955
0 0.01111111111111111 0.0 1.0 0.0 0.004005045421028699 0.008071881596177716 0.00946236559139785 0.003451995685005396 0.0006033434742000735
0 0.013157894736842105 0.0 1.0 0.0 0.004672936039208685 0.014514095741500232 0.00730050933786078 0.003065917220235055 0.0002515463098449143
0 0.009090909090909092 0.0 1.0 0.0 0.006314404280095121 0.010533607909929276 0.005131964809384165 0.00029420417769932336 0.002730374057341607
0 0.023809523809523808 0.0 1.0 0.0 0.010454402237949153 0.025159111468605867 0.005069124423963134 0.001849283402681461 0.008880743630300628
0 0.004329004329004329 0.0 1.0 0.0 0.006495343455100693 0.011340660093803407 0.007429130009775171 0.0005884083553986467 0.004022713914317498
0 0.004166666666666667 0.0 1.0 0.0 0.007020116277175696 0.004789416129277452 0.006559139784946237 0.0004314994606256742 0.00010618419030580746
0 0.006944444444444444 0.0 1.0 0.0 0.006223904615960288 0.009631222359075684 0.010887096774193547 0.0006067961165048543 0.0004889283582145773
0 0.004545454545454546 0.0 1.0 0.0 0.007393549959964133 0.005530375515604246 0.008211143695014663 0.0010297146219476316 0.0004365169398329132
0 0.004545454545454545 0.0 1.0 0.0 0.004574262619242081 0.0 0.008709677419354838 0.0 0.011160983334469566
0 0.0024509803921568627 0.0 1.0 0.0 0.0022724366712785354 0.007122248467215632 0.00635673624288425 0.0002855511136493432 0.0005960286451551301
0 0.002136752136752137 0.0 1.0 0.0 0.0033180876479750442 0.0024460247261144596 0.01057347670250896 0.00017979144192736428 0.0001073951568331965
0 0.0625 0.0 1.0 0.0 0.006299601241993111 0.013323778916767705 0.007279829545454544 0.002670940170940172 0.062499999999999986
0 0.05 0.0 1.0 0.0 0.006745409985936796 0.011628025236451815 0.007386363636363637 0.0025641025641025645 0.0024012022464709403
0 0.037037037037037035 0.0 1.0 0.0 0.0035227736425202413 0.002153338006750336 0.005997474747474748 0.0025324469768914218 0.02494835838171348
0 0.009259259259259259 0.0 1.0 0.0 0.00823857464580386 0.007031513482338632 0.008312289562289561 0.003587633217262846 0.00012264493948680217
0 0.00625 0.0 1.0 0.0 0.006511923212398965 0.0027857118758547713 0.012961647727272728 0.003472222222222222 4.202045781393817e-05
0 0.009259259259259259 0.0 1.0 0.0 0.01075770820651054 0.0094060313483951 0.009627525252525252 0.0011079455523899967 8.34317352675531e-05
0 0.017857142857142856 0.0 1.0 0.0 0.002415623140385054 0.007267515772782384 0.00887784090909091 0.0 0.0021715705347868917
0 0.0023584905660377358 0.0 1.0 0.0 0.006724287337609031 0.009067009338385626 0.009005145797598625 0.0005375477073590281 0.0006336559424753674
0 0.006944444444444444 0.0 1.0 0.0 0.006970281221309331 0.008589222435875688 0.009410511363636362 0.00035612535612535614 0.00033482794566632313
0 0.0029411764705882353 0.0 1.0 0.0 0.007674441856311903 0.007549531757344844 0.010444518716577538 0.0010055304172951233 0.001597604517390159
0 0.003952569169960474 0.0 1.0 0.0 0.005122332127381941 0.007583494719425096 0.011116600790513834 0.0004954787563483216 0.00021878178865654182
0 0.003623188405797101 0.0 1.0 0.0 0.011343110990158006 0.005676020876069815 0.011116600790513836 0.0011148272017837235 0.00015355597651888218
0 0.003663003663003663 0.0 1.0 0.0 0.0068702338463901575 0.0011950887235180954 0.009199134199134198 0.000271333604666938 7.394414725428794e-05
0 0.004201680672268907 0.0 1.0 0.0 0.007079574751359058 0.007669439910437405 0.012199197860962565 0.0033517680576504115 0.00014615749431452747
0 0.0030303030303030303 0.0 1.0 0.0 0.003396897697522071 0.004344088679105318 0.011105371900826446 0.0023310023310023314 0.0017637867482123487
0 0.002717391304347826 0.0 1.0 0.0 0.003598702879533699 0.0025278315731416985 0.00975790513833992 0.0007432181345224824 0.0002329230412457129
0 0.041666666666666664 0.0 1.0 0.0 0.012354551534485022 0.0053210461717560845 0.009078947368421053 0.0018440463645943098 0.041666666666666664
0 0.020833333333333332 0.0 1.0 0.0 0.01229155953219554 0.006367255609031262 0.0074561403508771945 0.00184404636459431 0.03851213188095076
0 0.013888888888888888 0.0 1.0 0.0 0.001827278850809803 0.004023972942926072 0.003947368421052631 0.001053740779768177 0.0016693248344537047
0 0.0078125 0.0 1.0 0.0 0.01890836203199493 0.012402922350474476 0.009210526315789476 0.002502634351949421 0.02043618007817831
0 0.02 0.0 1.0 0.0 0.0009608672331543685 0.0014335921524392646 0.0015789473684210526 0.0009483667017913591 0.004091045514434584
0 0.027777777777777776 0.0 1.0 0.0 0.0018245398962803171 0.00387770992946508 0.0038596491228070177 0.001053740779768177 0.009724452003385285
0 0.007142857142857143 0.0 1.0 0.0 0.0019320190592476613 0.0005279910741934937 0.007052631578947368 0.001053740779768177 0.0009207661450400497
0 0.004807692307692308 0.0 1.0 0.0 0.0027847929882562103 0.003990127361247002 0.008097165991902834 0.00145902569506363 0.0001608676533664191
0 0.007407407407407407 0.0 1.0 0.0 0.001225434881606257 0.003822912406504705 0.004140350877192982 0.0009834913944502981 0.001508428407359539
0 0.003703703703703704 0.0 1.0 0.0 0.008897597925733 0.004507272587848059 0.010409356725146198 0.0018733169418100927 0.03543043869876903
0 0.004784688995215311 0.0 1.0 0.0 0.01204209117279511 0.008108589788089848 0.007867036011080334 0.0020520215184959244 0.05060115746325622
0 0.009259259259259259 0.0 1.0 0.0 0.0031522134466370707 0.0031857603387539213 0.00631578947368421 0.001053740779768177 0.0012776325959698365
0 0.004273504273504274 0.0 1.0 0.0 0.007276728668202329 0.0038728033674557383 0.008070175438596493 0.0013464465519260039 0.0241771795670762
0 0.0026455026455026454 0.0 1.0 0.0 0.003054229177641679 0.002854144583998478 0.006276803118908382 0.00023416461772626153 0.005350511277639171
0 0.002564102564102564 0.0 1.0 0.0 0.00310003038451847 0.002149341969095995 0.006234817813765183 0.00016211396611818106 0.005718116615968369
0 0.003125 0.0 1.0 0.0 0.0024953358796185147 0.0027687269544905318 0.012368421052631579 0.0010537407797681767 0.0002073441440041768
0 0.002557544757033248 0.0 1.0 0.0 0.0026994967595197865 0.0024932037433726337 0.0075972540045766606 0.0 0.0015467659537969202
0 0.0030864197530864196 0.0 1.0 0.0 0.005447769001498838 0.0019911002117212005 0.006432748538011695 0.00011708230886313078 0.026050194726916536
0 0.001949317738791423 0.0 1.0 0.0 0.004274536213153348 0.002389320254065441 0.006432748538011695 0.0001951371814385513 0.00012926313690947853
0 0.0017857142857142859 0.0 1.0 0.0 0.004400929842785958 0.0028120194897226247 0.008646616541353385 0.00033870239349691406 0.015584812223522116
1 0.000835421888053467 0.0 1.0 0.0 0.004099796312773152 0.0030005624240915275 0.007996306555863343 0.0003327602462425822 0.005547091847713184
0 0.003787878787878788 0.0 1.0 0.0 0.004287991539668167 0.003137229736978704 0.007280701754385964 0.0007903055848261327 0.016420366199853726
0 0.002173913043478261 0.0 1.0 0.0 0.0028889446769911746 0.0035839803810981613 0.0034736842105263155 0.0001053740779768177 0.00042197222345912464
0 0.0011574074074074073 0.0 1.0 0.0 0.006200687295826373 0.004670664877229527 0.005438596491228071 0.0002634351949420443 0.010706534518258759
0 0.0017391304347826088 0.0 1.0 0.0 0.0058661115215242745 0.0047958690213876975 0.00517162471395881 9.162963302331973e-05 0.01935602257469988
0 0.001201923076923077 0.0 1.0 0.0 0.0077045843865023835 0.008191687041052338 0.006118421052631581 0.0007573761854583771 0.025249392288787434
1 0.0037037037037037034 0.0 1.0 0.0 0.017958544411941647 0.011877477006974817 0.008947368421052631 0.002002107481559536 0.08271864446634247
0 0.0017006802721088435 0.0 1.0 0.0 0.011599060095077942 0.007501722080137108 0.007619047619047619 0.0008530282502885242 0.04019876467668241
0 0.002028397565922921 0.0 1.0 0.0 0.010912448096735005 0.008423543656381564 0.007368421052631578 0.0011777102832703154 0.04848984359277416
0 0.0015873015873015873 0.0 1.0 0.0 0.011364920284943628 0.009395117558989613 0.008070175438596491 0.001354809573987656 0.037396474646067844
0 0.002150537634408602 0.0 1.0 0.0 0.004491829637322388 0.000858341774887863 0.00575438596491228 0.00028099754127151384 0.0005253644806076978
0 0.0010080645161290322 0.0 1.0 0.0 0.00994765205490339 0.0036515558311369634 0.008183361629881153 0.0010197491417111388 0.030206507044044886
0 0.0013774104683195593 0.0 1.0 0.0 0.0031867669476103376 0.0012368658248959358 0.006076555023923444 0.0002873838490276846 0.0004322824297707341
0 0.0010893246187363833 0.0 1.0 0.0 0.012355892474512069 0.004290858528429585 0.00787524366471735 0.0008195761620419154 0.022734184102790385
0 0.0010582010582010583 0.0 1.0 0.07407407407407407 0.009675166594208072 0.0034453524749300853 0.008966861598440547 0.0008976310346173358 0.028715437947104943
0 0.001984126984126984 0.0 1.0 0.0 0.017104784235134486 0.010647669385947411 0.00932330827067669 0.002182748758091224 0.06854671983100474
0 0.001001001001001001 0.0 1.0 0.0 0.0025754168667377476 0.0005309600564589868 0.006198830409356726 0.00015610974515084102 0.00025530053291301046
0 0.0043859649122807015 0.0 1.0 0.0 0.0 0.0 0.00912280701754386 0.0 0.013167476694842787
0 0.001349527665317139 0.0 1.0 0.0 0.004298578206395758 0.0007328211675213699 0.005152354570637119 0.0003882202872830126 0.024961052635980613
0 0.00125 0.0 1.0 0.0 0.009808379920872764 0.006426358818259205 0.00831578947368421 0.0013171759747102212 0.04076380605653605
0 0.0010604453870625664 0.0 1.0 0.0 0.0024170129349563524 0.0016706195367052696 0.007734553775743708 0.0003665185320932789 0.00023972901569106904
0 0.0011337868480725624 0.0 1.0 0.0 0.008800165382468776 0.004429738896338681 0.006165413533834587 0.0008530282502885242 0.03939042595301673
0 0.0013679890560875513 0.0 1.0 0.0 0.0 0.0 0.0063157894736842095 0.0001859542552532077 0.0015375391226037708
0 0.0025252525252525255 0.0 1.0 0.2222222222222222 0.0 0.0 0.003274853801169591 0.00023416461772626156 0.0060763318608307755
0 0.05263157894736842 0.0 1.0 0.0 0.031228109230764554 0.01870412265381181 0.01709169831795984 0.005454049631851651 0.05263157894736842
0 0.041666666666666664 0.0 1.0 0.0 0.032265376233446816 0.011748522907295875 0.011168384879725086 0.004749568221070811 0.08932070136186511
0 0.013333333333333332 0.0 1.0 0.0 0.01168716126435898 0.01562495596577248 0.01381443298969072 0.005181347150259069 0.032017540337929806
0 0.008333333333333333 0.0 1.0 0.0 0.010852980431892223 0.0058742614536479365 0.013402061855670102 0.0 0.02525177627198735
0 0.028571428571428574 0.0 1.0 0.0 0.004513586369721565 0.010070162491967892 0.011045655375552283 0.0 0.001381436467361704
0 0.01282051282051282 0.0 1.0 0.0 0.028895018355628535 0.0027111975939913555 0.020618556701030927 0.0 0.08265889874712176
0 0.008928571428571428 0.0 1.0 0.0 0.023466028523906262 0.022211145651401525 0.01675257731958763 0.0016191709844559587 0.04686879270070832
0 0.006578947368421052 0.0 1.0 0.0 0.015785670214781753 0.020405329260040198 0.015735214324470972 0.00109080992637033 0.006342731508339138
0 0.008547008547008546 0.0 1.0 0.0 0.031386691054695985 0.01626718556394813 0.020618556701030924 0.0007971303308090873 0.056303175612268865
0 0.004 0.0 1.0 0.0 0.016712105898909764 0.0042294682466265145 0.008865979381443298 0.0 0.00010063013413730691
0 0.006060606060606061 0.0 1.0 0.0 0.038011717775908546 0.0 0.010652920962199311 0.0 0.05429881691455392
0 0.038461538461538464 0.0 1.0 0.0 0.02116806950709318 0.010530563353906194 0.014812321158054201 0.003542510121457489 0.038461538461538464
0 0.027777777777777776 0.0 1.0 0.0 0.018084420373349532 0.002486255395951868 0.010333090201799172 0.002071150097465887 0.054930760100891235
0 0.023809523809523808 0.0 1.0 0.0 0.016710064603345974 0.012225488909878143 0.01422319474835886 0.004072681704260651 0.05127424599913732
0 0.010869565217391304 0.0 1.0 0.0 0.011120325744911537 0.008703768125597195 0.010750642184378269 0.0035278413424866513 0.030970261534853806
0 0.014285714285714287 0.0 1.0 0.0 0.0 0.0010655380268365148 0.015473585495467335 0.0020363408521303257 0.0015819880091444624
0 0.008333333333333333 0.0 1.0 0.0 0.0080565499082707 0.004475259712713362 0.009518599562363238 0.002302631578947368 0.03306217191770695
0 0.017857142857142856 0.0 1.0 0.0 0.0056815720469258315 0.003729383093927802 0.013949671772428883 0.001644736842105263 0.0020988037506027377
0 0.013888888888888888 0.0 1.0 0.0 0.014634217293114038 0.004972510791903736 0.012399708242159009 0.0 0.06056140800190709
0 0.003472222222222222 0.0 1.0 0.0 0.006378597876062366 0.005127901754150727 0.008205689277899343 0.0005482456140350877 0.01551135369777837
0 0.0071428571428571435 0.0 1.0 0.0 0.00996781098234357 0.005327690134182573 0.010940919037199124 0.0012531328320802004 0.036799110903233755
0 0.003952569169960474 0.0 1.0 0.0 0.0038033189851068767 0.0025943534566454274 0.013985348682332796 0.0005720823798627002 0.02314623049891103
0 0.0027777777777777775 0.0 1.0 0.0 0.011057160005675717 0.004992684146139686 0.010357403355215174 0.0006578947368421052 0.0279381350918607
0 0.01098901098901099 0.0 1.0 0.0 0.0012228893421157066 0.0021310760536730295 0.008752735229759301 0.0 0.003582523444575042
0 0.003105590062111801 0.0 1.0 0.0 0.006939537411472077 0.006046794188334765 0.013699933403101517 0.0007627765064836002 0.02258599969387962
0 0.00392156862745098 0.0 1.0 0.0 0.005391390107072606 0.004460273987991016 0.01608958681941048 0.0006449948400412797 0.03069086163625969
0 0.0021551724137931034 0.0 1.0 0.0 0.010891409061532319 0.005796954314905907 0.012223647476043159 0.001058681185722928 0.028948294478891568
0 0.002557544757033248 0.0 1.0 0.0 0.016086357068847236 0.009930880582281724 0.011321472742840833 0.0020976353928299006 0.03867195530113154
0 0.0026455026455026454 0.0 1.0 0.0 0.01365499005372601 0.005682869476461412 0.009586329061164947 0.0 0.04053541642685706
0 0.002770083102493075 0.0 1.0 0.0 0.012890495127841406 0.012839978023691506 0.010825751468386503 0.0017313019390581717 0.02511796822470899
0 0.0016129032258064516 0.0 1.0 0.0 0.01566396808603527 0.005306378532299648 0.013411449142373121 0.001697792869269949 0.02475163442251083
0 0.0031746031746031746 0.0 1.0 0.0 0.01221533953391541 0.004597932981354454 0.014296134208606854 0.0014619883040935672 0.039157292118209175
0 0.0030303030303030303 0.0 1.0 0.0 0.02047593473396673 0.0 0.009044493070751277 0.0 0.05605093219355168
0 0.0016722408026755853 0.0 1.0 0.0 0.00645631954084212 0.0015359277760321115 0.012371654603602088 0.00143387314439946 0.019576898475158092
0 0.04 0.0 1.0 0.0 0.0071516604842751415 0.004126903051022485 0.01796610169491525 0.0030594900849858354 0.04
0 0.038461538461538464 0.0 1.0 0.0 0.005100371454805274 0.005929304653148234 0.001738374619730552 0.0026149487905861852 0.0062726312726268255
0 0.011494252873563218 0.0 1.0 0.06896551724137931 0.01003683396426999 0.008813104969573783 0.009448665497759594 0.002930546058415552 0.010452920897935522
0 0.011904761904761904 0.0 1.0 0.0 0.004667077287594793 0.00642341337424392 0.009819747107882701 0.0010791852151625526 0.0005320338722746332
0 0.007692307692307693 0.0 1.0 0.0 0.005014855712782548 0.007411630816435292 0.012168622338113864 0.0003268685988232731 0.00017208603247572594
0 0.020833333333333332 0.0 1.0 0.25 0.020520121812903653 0.07424500138016071 0.0346045197740113 0.019475920679886686 0.04821300277120571
0 0.0035714285714285713 0.0 1.0 0.05 0.0029145559191694767 0.00494423309373611 0.01694915254237288 0.00056657223796034 0.0003506872290026148
0 0.020833333333333332 0.0 1.0 0.25 0.020520121812903653 0.07424500138016071 0.0346045197740113 0.019475920679886686 0.04821300277120571
0 0.005555555555555555 0.0 1.0 0.1 0.006434773391346233 0.003854048024546352 0.011440677966101697 0.0 0.025361310781046566
0 0.005555555555555556 0.0 1.0 0.0 0.007049055336973776 0.0068023786887941055 0.014595103578154427 0.0003147623544224111 0.028558930457778922
0 0.020833333333333332 0.0 1.0 0.25 0.020520121812903653 0.07424500138016071 0.0346045197740113 0.019475920679886686 0.04821300277120571
0 0.005555555555555555 0.0 1.0 0.13333333333333333 0.0035519613885603273 0.010277461398790272 0.007156308851224106 0.0003777148253068933 0.0007215065911316509
0 0.009615384615384616 0.0 1.0 0.25 0.020520121812903653 0.04978684296707403 0.03283898305084745 0.01451841359773371 0.048439676965446904
0 0.002304147465437788 0.0 1.0 0.06451612903225806 0.01218853101847038 0.010999146869976951 0.017495899398578457 0.0012793566663620581 7.814604509639097e-05
0 0.020833333333333332 0.0 1.0 0.25 0.020520121812903653 0.07424500138016071 0.0346045197740113 0.019475920679886686 0.04821300277120571
0 0.003289473684210526 0.0 1.0 0.10526315789473684 0.012787849754916748 0.004761075335461715 0.0034195658638120725 0.000745489786789921 0.001637410555705204
0 0.020833333333333332 0.0 1.0 0.25 0.020520121812903653 0.07424500138016071 0.0346045197740113 0.019475920679886686 0.04821300277120571
0 0.003968253968253968 0.0 1.0 0.14285714285714285 0.015373010135015191 0.006461459383840898 0.011904761904761906 0.0010117361392148927 0.0002487601577251324
0 0.020833333333333332 0.0 1.0 0.25 0.020520121812903653 0.07424500138016071 0.0346045197740113 0.019475920679886686 0.04821300277120571
0 0.002631578947368421 0.0 1.0 0.10526315789473684 0.01176488035732288 0.0 0.00951531370799881 0.00044729387207395263 0.0004103439486749474
0 0.020833333333333332 0.0 1.0 0.25 0.020520121812903653 0.07424500138016071 0.0346045197740113 0.019475920679886686 0.04821300277120571
0 0.041666666666666664 0.0 1.0 0.0 0.0040614821695715425 0.004907932729671221 0.0040826128722382315 0.0013828763828763833 0.041666666666666664
0 0.0625 0.0 1.0 0.0 0.0059563951006299555 0.00736189909450683 0.007024495677233429 0.001443001443001443 0.00018797225613201657
0 0.02222222222222222 0.0 1.0 0.13333333333333333 0.0023197782592430803 0.004741631495110285 0.015177713736791547 0.0020202020202020206 0.0004987135042748053
0 0.010416666666666666 0.0 1.0 0.0 0.0052487511797907555 0.008179887882785364 0.007985110470701245 0.001863876863876863 0.00021618336341548556
0 0.007692307692307693 0.0 1.0 0.0 0.0025461968245586997 0.006040532590364579 0.008313012635779207 0.001609501609501609 0.00022535488301187365
0 0.023809523809523808 0.0 1.0 0.0 0.0018525358873323443 0.0014022664941917772 0.01399752984767394 0.0014430014430014428 0.0022111048858737435
0 0.010989010989010988 0.0 1.0 0.0 0.0 0.0037753328689778616 0.006207049434715141 0.0015540015540015544 0.001158480683579229
0 0.003676470588235294 0.0 1.0 0.0 0.0036655640824584264 0.006351442356045107 0.009450754365146636 0.0015278838808250566 3.1479610334149175e-05
0 0.004830917874396135 0.0 1.0 0.0 0.00217905538393169 0.0038409908319166075 0.007204610951008645 0.0014430014430014434 0.0003802365974402364
0 0.0029411764705882353 0.0 1.0 0.0 0.003223538302892181 0.005065698578437692 0.010976436684183757 0.0009761480349715644 2.6302280687109677e-05
0 0.003246753246753247 0.0 1.0 0.0 0.003399664940676186 0.006310199223862997 0.004013997529847674 0.00020614306328592042 3.644162389450936e-05
0 0.003968253968253968 0.0 1.0 0.09523809523809523 0.003327209530359108 0.0037393773178447396 0.01022368601619322 0.00048100048100048096 0.0002819727784378685
0 0.0024813895781637717 0.0 1.0 0.0 0.0024785838502939953 0.004683857080648756 0.011806265687459327 0.0007447749383233254 3.720466330333622e-05
0 0.0047619047619047615 0.0 1.0 0.0 0.0024973398123109137 0.004580737214359806 0.0024975984630163303 0.0 0.0004693018886430611
0 0.011111111111111112 0.0 1.0 0.0 0.0 0.0 0.007204610951008644 0.0 0.004195195389078606
0 0.001838235294117647 0.0 1.0 0.11764705882352941 0.0036040258846961964 0.005838551464976896 0.010467875911171388 0.00021220609455903573 0.00014604479949241258
0 0.003676470588235294 0.0 1.0 0.0 0.0037874758078591184 0.004096278748731417 0.011167146974063402 0.0008116883116883117 0.0005274833522923037
0 0.0021367521367521365 0.0 1.0 0.0 0.004434050390203883 0.005285466016569007 0.008700953225448905 0.0 0.00019367016679984274
0 0.003289473684210526 0.0 1.0 0.0 0.0037197496096511486 0.003680949547253415 0.008465417867435158 0.0 0.00040309270767308465
0 0.0029411764705882353 0.0 1.0 0.0 0.0014472774859974342 0.0028870192527477765 0.01076453636209527 0.0 0.0006579706193028439
0 0.0015360983102918587 0.0 1.0 0.06451612903225806 0.004090846749284105 0.002216485748883777 0.006321465092497908 9.309686729041568e-05 0.02159049530892299
0 0.0022727272727272726 0.0 1.0 0.0 0.0028879277503839934 0.000664526722364804 0.007636887608069165 0.0001443001443001443 0.03224221006767621
0 0.003105590062111801 0.0 1.0 0.0 0.0011842248861722083 0.0 0.009880609304240428 0.0007215007215007214 0.008507595392722571
0 0.0016025641025641025 0.0 1.0 0.0 0.0025723668357847474 0.0 0.009643094657503879 0.000666000666000666 0.026831777654994542
0 0.0019047619047619048 0.0 1.0 0.0 0.0027226148378692795 0.0 0.005763688760806916 0.0003435717721432007 0.00033434336236572577
0 0.001201923076923077 0.0 1.0 0.0625 0.0035200157071435412 0.0 0.010221541786743516 0.00022546897546897547 0.0013320213250153138
0 0.0021786492374727667 0.0 1.0 0.0 0.001962099400551611 0.0005774038505495554 0.005594168503136125 0.0005092946269416857 0.0006361095613046901
0 0.0032467532467532465 0.0 1.0 0.18181818181818182 0.0006563577802064783 0.0 0.003798794865077286 0.0 0.001403981501689765
0 0.0018148820326678765 0.0 1.0 0.0 0.0007932921229283662 0.0 0.0037919005005308663 0.000303789777473988 0.00012497512377455038
0 0.003333333333333333 0.0 1.0 0.0 0.0008802950407441449 0.0 0.0024495677233429395 0.0 0.0015144451227954326
0 0.001152073732718894 0.0 1.0 0.07142857142857142 0.0025671779569533316 0.0004746619445462886 0.011939069575957185 0.0003607503607503607 0.012288777982164852
0 0.003472222222222222 0.0 1.0 0.0 0.0029486205748187923 0.0 0.008965738072366315 0.000320666987333654 0.0014507545258888048
0 0.0021645021645021645 0.0 1.0 0.14285714285714285 0.0079312309524989 0.0 0.008336764100452861 0.0005153576582148011 0.0034032457498438403
0 0.003676470588235294 0.0 1.0 0.0 0.0033089313276810453 0.0 0.009546109510086456 0.0005411255411255411 0.0013681610694655896
0 0.0017857142857142857 0.0 1.0 0.0 0.0 0.0 0.008465417867435158 0.0008116883116883116 0.0011977234124629064
0 0.05263157894736842 0.0 1.0 0.0 0.0067726820372660534 0.006265363597798707 0.007087544297151857 0.002368421052631579 0.05263157894736843
0 0.012195121951219513 0.0 1.0 0.0 0.005866092946113181 0.009133577471713951 0.011799768870506658 0.0029268292682926847 0.016185941052915955
0 0.013888888888888888 0.0 1.0 0.0 0.006863598274829265 0.007505599341075797 0.014131338320864507 0.0026041666666666674 0.004865941495053848
0 0.019230769230769232 0.0 1.0 0.0 0.005026668258732338 0.0026163056782016582 0.013811624784193363 0.0025 0.0002599823603793714
0 0.008333333333333333 0.0 1.0 0.0 0.006079907586069167 0.00850299345415539 0.012884455527847049 0.0012499999999999998 0.0006391537111832211
0 0.01515151515151515 0.0 1.0 0.0 0.001830732359813466 0.0015459988098464343 0.009521650419406029 0.0013636363636363635 0.0027409628115014615
0 0.007142857142857143 0.0 1.0 0.0 0.004248810630754812 0.005952095417908772 0.01571072319201995 0.0017500000000000003 0.00018608169982452762
0 0.00625 0.0 1.0 0.0 0.00814794632280188 0.005465617880644943 0.012219451371571072 0.0005 0.03821254412953387
0 0.013888888888888888 0.0 1.0 0.0 0.0034769341187247645 0.0042514967270776945 0.00529925187032419 0.0 0.0030781783210376322
0 0.004545454545454546 0.0 1.0 0.0 0.007412821933514715 0.0015459988098464343 0.014282475629109047 0.0005681818181818183 0.027438127351746267
0 0.00909090909090909 0.0 1.0 0.0 0.002287773747582371 0.0034011973816621558 0.013466334164588525 0.0005 0.0006968276925031531
0 0.004166666666666667 0.0 1.0 0.0 0.005939566690959624 0.0042514967270776945 0.013216957605985036 0.0 0.03888919792087224
0 0.002849002849002849 0.0 1.0 0.0 0.0031285735202529223 0.003149256834872366 0.011175764292971277 0.00018518518518518518 0.0005370273995037133
0 0.0017857142857142857 0.0 1.0 0.0 0.003892102002198051 0.004251496727077695 0.009850374064837904 0.0 4.9636726610487724e-05
0 0.007407407407407408 0.0 1.0 0.0 0.005197769091772915 0.007558216403693679 0.01025214740925464 0.0016666666666666666 0.0021424015120937085
0 0.003289473684210526 0.0 1.0 0.0 0.012970013582748064 0.01342577913814009 0.008925055781598634 0.0002631578947368421 0.035928629898263786
0 0.0032679738562091504 0.0 1.0 0.0 0.0039047155472629594 0.00283433115138513 0.011914657799944583 0.0012500000000000002 0.00013745386894098235
0 0.0021367521367521365 0.0 1.0 0.0 0.006252115821029133 0.0 0.006522156148091309 0.00028846153846153843 0.00030185035840893804
0 0.005847953216374269 0.0 1.0 0.0 0.0 0.0 0.005541701302299806 0.0 0.003871086812681735
0 0.004545454545454546 0.0 1.0 0.0 0.004473869829229315 0.0018041733723945885 0.011108592155973701 0.0009090909090909091 0.00032324983689868887
0 0.0047619047619047615 0.0 1.0 0.0 0.00867770618397276 0.0019845907096340473 0.013466334164588529 0.0017500000000000003 0.0851429155884941
0 0.041666666666666664 0.0 1.0 0.0 0.013502384841992857 0.004305432987244721 0.009914255091103967 0.0022812667740203974 0.041666666666666664
0 0.015151515151515152 0.0 1.0 0.0 0.010385444881943914 0.0025459354559402435 0.008964240475494496 0.0018542917093641732 0.028242364373087952
0 0.013888888888888888 0.0 1.0 0.08333333333333333 0.009033920008658344 0.005077675659381293 0.010182207931404072 0.0017444981213097155 0.029565604041322257
0 0.008333333333333333 0.0 1.0 0.0 0.011103517411507977 0.004784996339833254 0.012272240085744908 0.0019860440150295225 0.021433608118522973
0 0.016666666666666666 0.0 1.0 0.0 0.021197901309647698 0.006944331182652953 0.011923901393354771 0.0017444981213097155 0.06908395166048928
0 0.008333333333333333 0.0 1.0 0.0 0.010386428492104263 0.00722954394773236 0.011093247588424436 0.0020933977455716585 0.02471612536231932
0 0.007936507936507936 0.0 1.0 0.0 0.007668978458410662 0.006322012821006241 0.011075384065737763 0.0018786902844873858 0.00022393110350021016
0 0.005952380952380952 0.0 1.0 0.0 0.010709423855772717 0.005771998274610524 0.011330577246975962 0.0010735373054213634 0.01907878591745546
0 0.0038314176245210726 0.0 1.0 0.0 0.007182467842594563 0.006935819816001629 0.006153675573788669 0.00027763895829862847 0.02644382298334121
0 0.007692307692307693 0.0 1.0 0.0 0.020510608036713993 0.00674088419504453 0.010883007667573582 0.0007432181345224823 0.05151059245615935
0 0.002840909090909091 0.0 1.0 0.0 0.0028988261581171385 0.005134657882944077 0.011103295819935691 0.00045289855072463763 0.008893188928321093
0 0.0043859649122807015 0.0 1.0 0.0 0.006986092435262609 0.003844242595169718 0.008800135386698257 0.0005932706161539113 0.04144079310330269
0 0.002564102564102564 0.0 1.0 0.0 0.012454460765756565 0.006870488023887062 0.00889603429796356 0.0005367686527106817 0.017943107875112076
0 0.0047619047619047615 0.0 1.0 0.0 0.01235634095798656 0.009843795325795853 0.011361200428724544 0.0008588298443370907 0.03518630271045182
0 0.00392156862745098 0.0 1.0 0.0 0.008868489968651357 0.0060325496065600556 0.012010592018157745 0.00047361939945060144 0.010643548696242719
0 0.004464285714285714 0.0 1.0 0.0 0.010696290865296543 0.00547696840847368 0.004937988056959118 0.00023004370830457787 0.00023827702441213
0 0.004901960784313725 0.0 1.0 0.0 0.003365401021136012 0.0018256561361578935 0.008708467309753484 0.00026838432635534085 0.00045041174469049927
0 0.001984126984126984 0.0 1.0 0.0 0.01540152047553035 0.007967064730337235 0.007636655948553055 0.0003450655624568668 0.020325988284355927
0 0.004048582995951417 0.0 1.0 0.0 0.017868072955850703 0.007013053720293659 0.013727430126143952 0.0012386968908708038 0.04783564981872579
0 0.0038461538461538464 0.0 1.0 0.0 0.015516495038020483 0.0040413327704077375 0.008904279000742022 0.0004954787563483216 0.07475670748104644
0 0.0031746031746031746 0.0 1.0 0.0 0.016835741150484744 0.010677618093319489 0.0105037513397642 0.0011808910359634996 0.06823777792235562
0 0.0023923444976076554 0.0 1.0 0.0 0.01065078904246572 0.005188706913290856 0.006007784735149772 0.0 0.040397429090929464
0 0.002288329519450801 0.0 1.0 0.0 0.010335585212938342 0.0034591379421939038 0.007953968522592657 0.0 0.041449858779903696
0 0.0021929824561403508 0.0 1.0 0.0 0.0018479728429780006 0.0023060919614626024 0.006600101540023694 0.0 0.0008193894590124934
0 0.004 0.0 1.0 0.0 0.014480147801911725 0.0 0.00562700964630225 0.0 0.07804489168161305
0 0.004807692307692308 0.0 1.0 0.0 0.014403211167428093 0.00293265979122524 0.006229903536977492 0.0006038647342995169 0.09849495888297886
0 0.0020576131687242796 0.0 1.0 0.0 0.004316798435251084 0.0018256561361578933 0.008127902822436583 0.0005367686527106817 0.0004191002057470213
0 0.0021008403361344537 0.0 1.0 0.0 0.006512259719982975 0.0044793388436577325 0.009551730660109704 0.0010419626787913233 0.04205557234205906
0 0.002652519893899204 0.0 1.0 0.0 0.008782525948697288 0.002527831573141698 0.012490724709374226 0.00037160906726124113 0.00019519173783854864
0 0.002564102564102564 0.0 1.0 0.0 0.00751461919892027 0.0 0.009398961167449912 0.0 0.01620102409553281
0 0.0026881720430107525 0.0 1.0 0.0 0.011522854864541103 0.00273848420423684 0.010986066452304396 0.00040257648953301127 0.00019124685284024372
0 0.000946969696969697 0.0 1.0 0.0 0.011322357945350657 0.001226186529378898 0.013495079411478126 0.00029278290147855365 0.027546064546985938
0 0.0033670033670033673 0.0 1.0 0.2222222222222222 0.0 0.0 0.0055376920328688815 0.0 0.0035784776813436526
0 0.07142857142857142 0.0 1.0 0.0 0.01602210294389555 0.015187957366286366 0.009870129870129871 0.003122560499609679 0.07142857142857142
0 0.013888888888888888 0.0 1.0 0.0 0.009076907883193899 0.009185373007774333 0.010353535353535356 0.002479255211495647 0.026260203563523453
0 0.016666666666666666 0.0 1.0 0.0 0.0035062677775687806 0.0037171556083739404 0.008454545454545454 0.0017304189435336978 0.00023130306423481032
0 0.016666666666666666 0.0 1.0 0.0 0.0005692236283808008 0.0008260345796386534 0.004848484848484849 0.0017000607164541597 0.0011274267834533265
0 0.028571428571428574 0.0 1.0 0.0 0.03306030448753702 0.024704960100490288 0.010909090909090908 0.00468384074941452 0.13926738289014293
0 0.009259259259259259 0.0 1.0 0.0 0.0054908240502677 0.006706436972124601 0.010000000000000002 0.002125075895567699 0.00013352863619751443
0 0.008928571428571428 0.0 1.0 0.0 0.0020236969055215143 0.004646444510467426 0.007840909090909091 0.0019353369763205834 0.0005226741313481768
0 0.006578947368421052 0.0 1.0 0.0 0.0050796852771983 0.0028619586552834702 0.005358851674641149 0.001533889368229317 0.0002447331460523956
0 0.007936507936507936 0.0 1.0 0.0 0.006697492585231618 0.004425185248064215 0.0070129870129870125 0.0 0.00036041908169908934
0 0.003703703703703704 0.0 1.0 0.0 0.011154141805035352 0.010573978188019062 0.008215488215488216 0.0010794036294947042 0.034095432161564014
1 0.004329004329004329 0.0 1.0 0.0 0.007929265138986712 0.005310222297677057 0.006493506493506494 0.00034695116662329775 0.00012662241564026213
0 0.003472222222222222 0.0 1.0 0.0 0.01136329029640896 0.0123067834762607 0.008257575757575759 0.001366120218579235 0.03996278224804626
0 0.002958579881656805 0.0 1.0 0.0 0.004719014826313734 0.005242142524629916 0.008951048951048951 0.00014011489421325487 9.078988892023473e-05
0 0.002551020408163265 0.0 1.0 0.0 0.01063591215930085 0.009873033136965298 0.012142857142857141 0.00117096018735363 0.03362316997253235
0 0.003703703703703704 0.0 1.0 0.0 0.01597784356456307 0.016075525421696685 0.007676767676767677 0.002529852256628213 0.05174878930333668
0 0.001524390243902439 0.0 1.0 0.0 0.007292058296962228 0.008448828839696323 0.009223946784922395 0.0006219734328490826 0.022973845979461376
0 0.001278772378516624 0.0 1.0 0.0 0.007519113830278664 0.007075717207661203 0.008932806324110672 0.000950344499881207 0.020245491791877904
0 0.001633986928104575 0.0 1.0 0.058823529411764705 0.008863199142733749 0.002068849459049054 0.008770053475935829 0.0005893067609557484 0.01049424917549783
0 0.0010964912280701754 0.0 1.0 0.0 0.008364535741848471 0.004440737795602945 0.008295454545454547 0.0008727990285367335 0.018529035148724855
0 0.0033333333333333335 0.0 1.0 0.0 0.01760699852462153 0.007567150238091381 0.007515151515151515 0.0014571948998178506 0.06310971432010004
0 0.0023809523809523807 0.0 1.0 0.0 0.01045002036608014 0.005675362678568536 0.009636363636363636 0.001092896174863388 0.04906183796422999
0 0.003787878787878788 0.0 1.0 0.0 0.0016032224675698963 0.0 0.00818181818181818 0.0009107468123861566 0.0012428230101360362
0 0.002898550724637681 0.0 1.0 0.0 0.0005338787261243564 0.0 0.007515151515151515 0.0004857316332726169 0.0010868643036231148
0 0.0026041666666666665 0.0 1.0 0.25 0.004926770041868462 0.0013909944405201197 0.0060227272727272725 0.00022768670309653916 0.03507672376089806
0 0.043478260869565216 0.0 1.0 0.0 0.003792522603426783 0.004294082856997598 0.012780697563306256 0.003114145406635525 0.043478260869565216
0 0.027777777777777776 0.0 1.0 0.0 0.01268990071115435 0.009349935082284001 0.008089133089133088 0.003520048974594429 0.0035683617935293338
0 0.02222222222222222 0.0 1.0 0.0 0.009144828450380863 0.015349697274434606 0.01043956043956044 0.003305785123966942 0.006705302418649603
0 0.01 0.0 1.0 0.0 0.008040376816903979 0.009744477346910856 0.0074725274725274725 0.0027548209366391185 0.0002535738658278083
0 0.007407407407407408 0.0 1.0 0.0 0.00596298248144379 0.009022664210102645 0.005596255596255596 0.0026527905315784106 0.0016920798026228351
0 0.007246376811594202 0.0 1.0 0.0 0.005989437289500923 0.008147556310126133 0.008122312470138558 0.0007186489399928135 0.0001484202659457139
0 0.007936507936507936 0.0 1.0 0.0 0.006290787277475979 0.009369689756645054 0.011141636141636142 0.0006121824303642485 0.00038004545059349136
0 0.004310344827586207 0.0 1.0 0.0 0.006994077997183888 0.009046597006415915 0.0058734369079196675 0.0 0.0001028768773290199
0 0.0027777777777777775 0.0 1.0 0.0 0.006209471151718495 0.01009152465170202 0.011675824175824176 0.0006887052341597796 0.011051670557082033
0 0.0035714285714285718 0.0 1.0 0.0 0.009652678415257101 0.012046743972829359 0.009222919937205653 0.0 0.0004363347993496716
0 0.0036363636363636364 0.0 1.0 0.0 0.005157709898744203 0.004497451083189627 0.006373626373626374 0.0 0.00014326696642794968
0 0.0026041666666666665 0.0 1.0 0.0 0.0057491142964874 0.0013295552240960757 0.01004464285714286 0.0006026170798898072 0.013418196576484074
1 0.0027472527472527475 0.0 1.0 0.0 0.008830026777635717 0.0022685397936482343 0.005788854003139716 0.0006887052341597796 0.016527856545195715
0 0.0021645021645021645 0.0 1.0 0.0 0.004926594820605553 0.0006355559712447317 0.004828504828504828 0.00016695884464479506 0.000971363100613029
0 0.045454545454545456 0.0 1.0 0.0 0.00991774854889579 0.00643429348593644 0.013710474308300396 0.001607915893630179 0.045454545454545456
0 0.02631578947368421 0.0 1.0 0.0 0.005916767156215479 0.0035990171874854867 0.009939931350114417 0.0014321518080916576 0.023541526135791153
0 0.015873015873015872 0.0 1.0 0.0 0.006318674067911562 0.00308498628722191 0.011710662525879916 0.0016844833171363782 0.020350405225287804
0 0.016666666666666666 0.0 1.0 0.0 0.0019014799078607254 0.006136898369129723 0.008786231884057971 0.0015419501133786847 0.004162059067880938
0 0.00425531914893617 0.0 1.0 0.0 0.006627455707892581 0.0046873248362213635 0.009192876965772435 0.0016500217108119828 0.018046650298504573
0 0.0037037037037037034 0.0 1.0 0.0 0.005312637773037866 0.0038197195368082416 0.011020531400966186 0.0018442932728647001 0.01590000727268458
0 0.01020408163265306 0.0 1.0 0.0 0.0071626138089668475 0.005949616411070827 0.007472826086956522 0.0001943634596695821 0.05693171499041426
0 0.00625 0.0 1.0 0.0 0.004974396963651213 0.007138161643242531 0.013383152173913046 0.0007482993197278912 0.0001723173446886158
0 0.0035842293906810036 0.0 1.0 0.0 0.0023252092216138388 0.0029854706005373326 0.0051718092566619914 0.00026333113890717575 0.0011144409513523426
0 0.002325581395348837 0.0 1.0 0.0 0.009650240328365265 0.004483246779630674 0.0114067239635996 0.000601170700838475 0.015789730123693235
0 0.0018181818181818182 0.0 1.0 0.0 0.008048361535825456 0.005039578895316156 0.013070652173913042 0.0012244897959183675 0.015623878282029095
0 0.0028735632183908046 0.0 1.0 0.0 0.0081868813705235 0.00674098995844018 0.015320464767616197 0.001172882946281961 0.029973358444552036
0 0.002958579881656805 0.0 1.0 0.0 0.005818069544717113 0.0023041990792681353 0.011496655518394648 0.00020931449502878074 0.02948031674178096
0 0.008928571428571428 0.0 1.0 0.0 0.005744305799683634 0.008075012796306236 0.012737771739130434 0.0015306122448979593 0.00076574796925939
0 0.005128205128205128 0.0 1.0 0.0 0.014444176877929628 0.009398177394865651 0.01578177257525084 0.001465201465201465 0.0686516666220208
0 0.0021551724137931034 0.0 1.0 0.0 0.004828189479629956 0.003607219276233363 0.007730509745127437 0.0007506450856204552 0.015088075112115523
0 0.00392156862745098 0.0 1.0 0.0 0.0095764758675528 0.006911092560661467 0.012681159420289854 0.0017233560090702948 0.025556940518570274
0 0.003472222222222222 0.0 1.0 0.0 0.0019335953488903602 0.002126900890813012 0.0037364130434782605 0.00017006802721088434 0.003976639764502553
0 0.003508771929824561 0.0 1.0 0.0 0.010919077577717094 0.004495884611580487 0.005978260869565216 0.000634920634920635 0.04615260748630926
0 0.008333333333333333 0.0 1.0 0.0 0.0010428374515371584 0.0015424931436109548 0.008152173913043478 0.0 0.023717903708123118
0 0.002506265664160401 0.0 1.0 0.0 0.002566895790024289 0.004861314681865636 0.01272883295194508 0.0007876834944504118 0.000324193682749239
0 0.006493506493506494 0.0 1.0 0.0 0.004224457372211371 0.00296260970138084 0.01824534161490683 0.0009718172983479106 0.0010675215174186165
0 0.002898550724637681 0.0 1.0 0.0 0.009795787751002354 0.00485544370514667 0.013768115942028985 0.0009070294784580499 0.05072307622827518
0 0.0013888888888888887 0.0 1.0 0.0 0.007902320460604396 0.0009254958861665729 0.01127717391304348 0.0004081632653061224 0.030200029532025222
0 0.002 0.0 1.0 0.0 0.0035865175033763406 0.0009254958861665729 0.0066576086956521745 0.00034013605442176874 0.0017700849853274074
0 0.0022624434389140274 0.0 1.0 0.0 0.004018052278119263 0.0029950912851118266 0.013906649616368286 0.0011204481792717088 0.0003215551382892605
0 0.001610305958132045 0.0 1.0 0.0 0.0067538660714178385 0.0021129788478330123 0.014236767485822309 0.0011239278320023664 0.03270981046129431
0 0.0016233766233766233 0.0 1.0 0.0 0.007100084354966989 0.00181384307912785 0.010869565217391304 0.0008039579468150895 0.03464358876423142
0 0.0009578544061302681 0.0 1.0 0.0 0.006669874368369553 0.001112725545637838 0.011548913043478264 0.0006046863189720334 0.018621674891804014
0 0.0017543859649122807 0.0 1.0 0.0 0.006897505556189179 0.0 0.008152173913043478 0.0005728607232366631 0.0410706627656622
0 0.002304147465437788 0.0 1.0 0.0 0.007054234266201229 0.0030053353593209914 0.016789596273291928 0.001360544217687075 0.0064614938978704356
0 0.0010416666666666667 0.0 1.0 0.0 0.0066213811224350196 0.00037136912128998644 0.008242753623188406 9.070294784580498e-05 0.030840577016657232
0 0.05 0.0 1.0 0.0 0.0075861963720012015 0.002964929224363025 0.01082089552238806 0.0012453300124533005 0.05
0 0.011904761904761904 0.0 1.0 0.0 0.0073447294777258055 0.005445871184083756 0.014244254915896709 0.0015121864436932928 0.00815582442380245
0 0.011904761904761904 0.0 1.0 0.0 0.0072415708397520675 0.00645126790392275 0.017768301350390897 0.002357231809286604 0.01350009426143625
0 0.006578947368421052 0.0 1.0 0.0 0.004778729640798237 0.0053761500002234945 0.013812516365540718 0.0026545192370715093 0.019631341212030893
0 0.0064516129032258064 0.0 1.0 0.0 0.005211580374036193 0.0037604429150269875 0.009950248756218905 0.0014461896918812516 0.012458438854482773
0 0.013888888888888888 0.0 1.0 0.0 0.004671085919366673 0.004549866339224405 0.01730928689883914 0.002075550020755501 0.05562816017411564
0 0.007142857142857143 0.0 1.0 0.0 0.0052330451642321665 0.007114222703324619 0.008208955223880597 0.0019925280199252797 0.03021666567225449
0 0.003289473684210526 0.0 1.0 0.0 0.006300972630968351 0.0076661510661660635 0.012863315003927728 0.0009176115881234843 0.009787489657381587
0 0.0065359477124183 0.0 1.0 0.0 0.0043597013777339315 0.0024915371633302727 0.010316066725197541 0.0005127829463043 0.00042442176093533706
0 0.002380952380952381 0.0 1.0 0.047619047619047616 0.0041989029720009155 0.0047995961560417365 0.009891021085050938 0.0002668564312399929 0.013804784197354106
0 0.004329004329004329 0.0 1.0 0.0 0.0032273967148933385 0.0023381411503781042 0.01042407012556266 0.00023720571665777145 0.030433650789708937
0 0.005952380952380952 0.0 1.0 0.0 0.004075832193165067 0.004482489326646709 0.015547263681592038 0.0008005692937199787 0.047197587244342934
0 0.006410256410256411 0.0 1.0 0.0 0.0021977355958107407 0.00352967764805122 0.004249585406301825 0.0 0.004375885032063436
0 0.0023809523809523807 0.0 1.0 0.0 0.006736346702989682 0.006570795100243247 0.021102819237147595 0.0022000830220008302 0.012509795138214309
0 0.004166666666666667 0.0 1.0 0.0 0.012040350199476524 0.009206430779613787 0.019434079601990048 0.0014009962640099626 0.02375350589654667
0 0.002976190476190476 0.0 1.0 0.0 0.008994236670616659 0.007500024419197186 0.010957119166074388 0.0008895214374666429 0.01835233290421939
0 0.0058823529411764705 0.0 1.0 0.0 0.0 0.0017421446216070342 0.01567164179104477 0.0006226650062266502 0.005455910338367739
0 0.00505050505050505 0.0 1.0 0.0 0.007111729197152073 0.0023103344605426165 0.005766621438263228 0.0 0.05508139470953077
0 0.003508771929824561 0.0 1.0 0.0 0.004846228480351746 0.0030236545807615966 0.008540630182421228 0.00049813200498132 0.043279392653300906
0 0.0009090909090909091 0.0 1.0 0.0 0.005558714307639629 0.00469355187874103 0.013885119855269107 0.0004528472772557455 0.011717933207264266
0 0.004329004329004329 0.0 1.0 0.0 0.010953104757880895 0.004934874928884636 0.016847580280416104 0.0010189063738254274 0.0451339944844955
0 0.0023923444976076554 0.0 1.0 0.0 0.008934381772678045 0.009392185693939762 0.01813301911495156 0.001704135806515042 0.039718066562599706
0 0.0010869565217391304 0.0 1.0 0.0 0.005939903758426601 0.004239909122336866 0.010043532338308458 0.0004669987546699875 0.01764273214714137
0 0.004166666666666667 0.0 1.0 0.0 0.008864668515687511 0.0 0.010945273631840797 0.0 0.0006379231588784777
0 0.002105263157894737 0.0 1.0 0.0 0.009234020608872974 0.0017834160748048267 0.012765121759622938 0.0009176115881234843 0.020843610943012566
0 0.0019230769230769232 0.0 1.0 0.0 0.0015554061939193533 0.0004512981759764818 0.007960199004975122 0.00043586550435865506 0.002139604011926207
0 0.0020576131687242796 0.0 1.0 0.0 0.005570863267335364 0.0 0.008844665561083473 0.0006918500069185 0.032285846241535715
0 0.0015527950310559005 0.0 1.0 0.0 0.001875830828809211 0.0007366283787237328 0.008327925589444084 0.0007580269641020088 0.00541375904112261
0 0.0038314176245210726 0.0 1.0 0.0 0.0006218642441031322 0.0 0.011194029850746268 0.0012453300124533001 0.010572582608149814
0 0.0007575757575757576 0.0 1.0 0.0 0.006199879473093558 0.0012801088646520508 0.011278833107191319 0.0010472093286539115 0.014341346758082298
0 0.0012903225806451613 0.0 1.0 0.0 0.009548941587525055 0.0027107924337033368 0.013233830845771143 0.000846824408468244 0.014541810635582407
0 0.0011160714285714285 0.0 1.0 0.0 0.006253675183746405 0.0006050875968087805 0.00923951670220327 0.0007116171499733144 0.016943375472328735
0 0.001594896331738437 0.0 1.0 0.0 0.001566290521107938 0.0 0.009295627127520292 0.00026217473946385267 0.01211837084513535
0 0.003676470588235294 0.0 1.0 0.0 0.0 0.0 0.016946517412935326 0.0014009962640099626 0.004931838774088849
0 0.0035714285714285713 0.0 1.0 0.0 0.0016089367462295517 0.0011282454399412045 0.005286069651741294 0.0006226650062266501 0.010600829857853796
0 0.0027777777777777775 0.0 1.0 0.0 0.0013522966202801421 0.0 0.010696517412935324 0.00049813200498132 0.0033334353063492472
0 0.04 0.0 1.0 0.0 0.006359544199386613 0.008195656341354593 0.00996996996996997 0.003132530120481928 0.04000000000000001
0 0.015625 0.0 1.0 0.0 0.003062328938516382 0.0038417139100099646 0.007413663663663664 0.0029179216867469874 0.004613928688342813
0 0.047619047619047616 0.0 1.0 0.0 0.0016330598411713082 0.0 0.008151008151008152 0.0025817555938037863 0.0058189440926881735
0 0.006756756756756757 0.0 1.0 0.0 0.006355969309720361 0.007752647890470561 0.008846684522360197 0.0017909475740801046 0.013692867913602452
0 0.007407407407407408 0.0 1.0 0.0 0.005684848729319992 0.010623998961015213 0.0035591146702257815 0.0 0.0004167731752992865
0 0.018518518518518517 0.0 1.0 0.0 0.005419208805692455 0.006829713617795493 0.008008008008008008 0.0 0.0019150437362113683
0 0.005714285714285714 0.0 1.0 0.0 0.00990203453508251 0.010641659205729908 0.010570570570570571 0.0015662650602409635 0.00031540976441720597
0 0.003787878787878788 0.0 1.0 0.0 0.006173352585113297 0.008071479730121947 0.008463008463008464 0.0006389193136181087 0.0003757636399315296
0 0.003367003367003367 0.0 1.0 0.0 0.006541095073529869 0.010555011954774852 0.009009009009009005 0.0009127418765972982 0.00010970993699127759
1 0.00625 0.0 1.0 0.0 0.01073746875234475 0.013283527635080934 0.006944444444444445 0.0016942771084337348 0.02133834302018128
0 0.005681818181818182 0.0 1.0 0.0 0.009174952863657814 0.011505307295606358 0.009759759759759758 0.0009412650602409639 0.0007645309814220653
0 0.004166666666666667 0.0 1.0 0.0 0.005201677933739414 0.006544861484926281 0.008408408408408409 0.00030120481927710846 0.0064145669361206515
0 0.006993006993006993 0.0 1.0 0.0 0.004268378221953557 0.0 0.011466011466011467 0.0 0.002054077522480628
0 0.002747252747252747 0.0 1.0 0.0 0.005476200009747106 0.0 0.006006006006006008 0.0 0.0004959521755447149
0 0.004166666666666667 0.0 1.0 0.0 0.0 0.0 0.00825825825825826 0.00037650602409638556 0.0008133979286375394
0 0.04 0.0 1.0 0.0 0.012464747567928704 0.009678417211370837 0.009147982062780271 0.002606741573033707 0.04
0 0.021739130434782608 0.0 1.0 0.0 0.005964293416581051 0.010330674108167508 0.01394033924741665 0.0031265266243282845 0.046394184673280735
0 0.027777777777777776 0.0 1.0 0.0 0.0046000388028980795 0.012996233805017571 0.01046337817638266 0.003932584269662921 0.013564595415483917
0 0.0125 0.0 1.0 0.0 0.005331332892863945 0.010388869434191077 0.005829596412556054 0.002359550561797752 0.0003946922395966452
0 0.01 0.0 1.0 0.0 0.00959019660027164 0.007240497606155844 0.009080717488789237 0.0025842696629213473 0.004289194811333536
0 0.006666666666666666 0.0 1.0 0.0 0.006515488539594575 0.005792398084924675 0.006995515695067264 0.0014382022471910113 0.00431252787760762
0 0.005714285714285714 0.0 1.0 0.0 0.0035755148406068833 0.007461094655770107 0.010582959641255607 0.001348314606741573 0.005654052446903388
1 0.003787878787878788 0.0 1.0 0.0 0.008940477522604753 0.008122797813467647 0.012637586628618016 0.0008171603677221655 0.02569437711156086
0 0.00505050505050505 0.0 1.0 0.0 0.004227575123937868 0.007625110551691281 0.010191602119853243 0.0008171603677221656 0.0010894890989282505
0 0.004166666666666667 0.0 1.0 0.0 0.0054076536792189885 0.0037446708696779363 0.014667414050822128 0.001404494382022472 0.00020256693370648653
0 0.003952569169960474 0.0 1.0 0.0 0.002507058161734696 0.006061954666214313 0.010918307662312342 0.001172447484123107 0.00025445515832351066
0 0.003205128205128205 0.0 1.0 0.0 0.008119485327154912 0.010823519186004833 0.009744739565367368 0.001296456352636128 0.03611378816244895
0 0.0015384615384615385 0.0 1.0 0.0 0.003035593156121509 0.006232306468908463 0.009730941704035876 0.0007191011235955057 5.926555641696948e-05
0 0.008928571428571428 0.0 1.0 0.0 0.016531339556390516 0.00854731878600153 0.008408071748878924 0.0005617977528089888 0.10982441335600847
0 0.0031746031746031746 0.0 1.0 0.0 0.008494663523071941 0.0055266526896045704 0.013239376468076018 0.0010700909577314073 0.03964160175732313
0 0.0023148148148148147 0.0 1.0 0.0 0.006682721246979263 0.005112118885392884 0.010463378176382663 0.0015813566375364131 0.029702804119258876
0 0.0034602076124567475 0.0 1.0 0.0 0.003857011616249745 0.0 0.0055394355051437616 0.0 0.0007678307695100656
0 0.001984126984126984 0.0 1.0 0.0 0.00513194605565817 0.0009155349076494705 0.007126841768097374 0.0006420545746388444 9.33769452984831e-05
0 0.006578947368421052 0.0 1.0 0.0 0.009448783561455669 0.006976360781025632 0.009248878923766817 0.0022471910112359553 0.001406730579264031
0 0.005555555555555556 0.0 1.0 0.0 0.0013493025416553115 0.0 0.013702042850024913 0.0009987515605493135 0.0013117051959203837