0 0.037037037037037035 0.0 1.0 0.07407407407407407 0.01431554130956566 0.004999448880599249 0.014287284316957907 0.0030864197530864213 0.037037037037037035
0 0.013888888888888888 0.0 1.0 0.0 0.011321341303446865 0.006062749374647759 0.012776129244971976 0.003968253968253968 0.02933807989983232
0 0.01282051282051282 0.0 1.0 0.0 0.007400756570477679 0.004890595238184513 0.011412919424788863 0.00331959706959707 0.008055231672583384
0 0.016666666666666666 0.0 1.0 0.0 0.006658273670691581 0.0025618337988271176 0.01582591493570722 0.0 0.00022685035062192818
0 0.018181818181818184 0.0 1.0 0.0 0.00688835461538674 0.008331465906859672 0.005934718100890208 0.0 0.005228332765647669
0 0.006172839506172839 0.0 1.0 0.0 0.009384583705537552 0.004660759176422053 0.010550609957138147 0.0016534391534391536 0.04309699203474313
0 0.005291005291005291 0.0 1.0 0.0 0.009865175315387522 0.01224658489037659 0.014177382129904383 0.002535273368606702 0.043869379097496795
0 0.004807692307692308 0.0 1.0 0.0 0.007631179278138252 0.009990214733602122 0.017461766719926955 0.002747252747252747 0.010661328654900675
0 0.004273504273504273 0.0 1.0 0.0 0.008792057851001138 0.007868833547602158 0.007646656014608537 0.0006868131868131868 0.008157512685192866
0 0.005555555555555556 0.0 1.0 0.0 0.0025441645139531407 0.00967358852763178 0.018298714144411473 0.003472222222222222 0.007012279917327323
0 0.005681818181818182 0.0 1.0 0.0 0.008165962162378701 0.01616775315640056 0.015022255192878342 0.004464285714285714 0.010709458885903002
0 0.003968253968253968 0.0 1.0 0.0 0.008579718999529149 0.015523761373920591 0.016391126183411046 0.004676870748299321 0.0050152179509407825
0 0.004807692307692308 0.0 1.0 0.0 0.00917540812312788 0.012855579395692346 0.012054896142433236 0.003720238095238095 0.004168388116736314
0 0.0047619047619047615 0.0 1.0 0.0 0.004902671465082314 0.010862696644745262 0.018991097922848664 0.004563492063492063 0.007719891856195027
0 0.0022222222222222222 0.0 1.0 0.0 0.009527257069244644 0.004699395165212167 0.007220573689416421 0.0 0.03551340203123379
0 0.04 0.0 1.0 0.0 0.03419857466372468 0.011193641574328794 0.017964071856287425 0.006506024096385543 0.039999999999999994
0 0.014285714285714285 0.0 1.0 0.0 0.015245190530690714 0.009993752452132252 0.012660393498716851 0.003958691910499141 0.035489260485108955
1 0.010416666666666666 0.0 1.0 0.0 0.01456992002614617 0.009706591034641266 0.014034431137724547 0.0013177710843373493 0.03905843676835805
0 0.006756756756756757 0.0 1.0 0.05405405405405406 0.0210570289815433 0.01233856319162518 0.015536494578410746 0.0006512536633018561 0.023217660580652385
0 0.015384615384615385 0.0 1.0 0.0 0.012804279224264666 0.010681508790517876 0.012897282358360204 0.0 0.01933028639357118
0 0.010416666666666666 0.0 1.0 0.0 0.009639577784688907 0.009744696335660732 0.014970059880239523 0.0030120481927710845 0.02568638481197906
1 0.015873015873015872 0.0 1.0 0.0 0.028968094753366605 0.01342727440241119 0.015968063872255488 0.004016064257028113 0.1326345150833294
0 0.03125 0.0 1.0 0.0625 0.012141703100406683 0.002882455157174184 0.00895979020979021 0.00186077057793345 0.03125
0 0.07142857142857142 0.0 1.0 0.0 0.005893978090958272 0.0046412024767593955 0.005244755244755246 0.002251688766574931 0.0017320251350094495
0 0.0101010101010101 0.0 1.0 0.0 0.00673306189379158 0.005919503942307818 0.013138376774740413 0.0026535052804755096 0.032427712732609935
0 0.011363636363636364 0.0 1.0 0.0 0.005773823043631021 0.005611096575843273 0.014701207883026063 0.0031842063365706105 0.018861232968728665
0 0.0071428571428571435 0.0 1.0 0.0 0.0027679854071302125 0.0025120117209098186 0.014423076923076924 0.0018764073054791093 0.0014688223465506127
0 0.0047619047619047615 0.0 1.0 0.0 0.00506863274857127 0.005256453170910733 0.016083916083916086 0.001901426069552164 0.004148710216053264
0 0.004201680672268907 0.0 1.0 0.058823529411764705 0.007221614319738007 0.005573281291549759 0.015734265734265732 0.0014937673843618009 0.03343769826520571
0 0.0078125 0.0 1.0 0.0 0.0034950840435689964 0.002081971314454142 0.011472902097902098 0.001532399299474606 0.002436396604083779
0 0.006172839506172839 0.0 1.0 0.0 0.005136064275904909 0.0037231349327057498 0.015831390831390832 0.0021404942595835766 0.011018394758325672
0 0.008333333333333333 0.0 1.0 0.0 0.01108682878516048 0.009746832050734193 0.025058275058275056 0.0037945125510799767 0.019997619781095526
0 0.006060606060606061 0.0 1.0 0.0 0.0036346746450966277 0.009923555507795381 0.0175990675990676 0.0026853473438412144 0.009760664605781242
0 0.0021929824561403508 0.0 1.0 0.0 0.006381300421138152 0.006093034422610804 0.013617960986382039 0.0017052262881371556 0.027631691062858926
0 0.0026525198938992045 0.0 1.0 0.0 0.006261872166566728 0.003344267664854055 0.019110200144682905 0.0016909233649374962 0.010925454051767149
0 0.003968253968253968 0.0 1.0 0.0 0.003783456529222889 0.0028558269304041236 0.010295260295260294 0.0004864759680871765 0.0020081460433256583
0 0.00392156862745098 0.0 1.0 0.0 0.0031963113914878476 0.003968905111620366 0.015014397367338546 0.00020603688060162769 0.00251935979274189
0 0.001953125 0.0 1.0 0.0 0.005774610039316021 0.006105106545070325 0.01644449300699301 0.0018060420315236427 0.03401383913607249
0 0.0016339869281045752 0.0 1.0 0.0 0.00588848299888759 0.00511742496854434 0.016802641802641807 0.0018972562755399881 0.004949079125971874
0 0.0014619883040935672 0.0 1.0 0.0 0.005547715826384501 0.003417824190110897 0.011409642988590356 0.0006452207576735183 0.024327581674758646
0 0.002288329519450801 0.0 1.0 0.0 0.006190588042198377 0.004266245033048701 0.012845849802371542 0.00038072032285083377 0.0473928754102334
0 0.0033333333333333335 0.0 1.0 0.0 0.0013804045644455877 0.003228939422758396 0.010722610722610723 0.0008172796263864566 0.0014667903200823167
0 0.001984126984126984 0.0 1.0 0.0 0.006210165837858137 0.0033256478099922726 0.011655011655011656 0.0006567425569176883 0.04314798235751538
0 0.002840909090909091 0.0 1.0 0.0 0.0032338862534579006 0.00417100682780688 0.010161713286713288 0.0008756567425569177 0.008917559203939565
0 0.001278772378516624 0.0 1.0 0.0 0.005405321380419609 0.00547703463820506 0.015322912381735913 0.0010816936231585455 0.005562291612361631
1 0.034482758620689655 0.0 1.0 0.06896551724137931 0.013211548897818665 0.009303621457246659 0.010033444816053508 0.004165702383707473 0.034482758620689655
0 0.016666666666666666 0.0 1.0 0.0 0.003948218330662214 0.00753003112428179 0.0157190635451505 0.0042505592841163295 0.008772291864490236
0 0.009523809523809523 0.0 1.0 0.0 0.007754216630680921 0.01368999033610149 0.011275680840898228 0.004026845637583891 0.018867046430256322
1 0.007352941176470588 0.0 1.0 0.0 0.0073947094676073055 0.007771247309322932 0.018099547511312212 0.0022700355309909197 0.012268722724330688
0 0.02 0.0 1.0 0.0 0.010709738653401676 0.011715264428369922 0.018394648829431436 0.00436241610738255 0.008882398602712772
0 0.006944444444444444 0.0 1.0 0.0 0.01034074788423331 0.010411404868541512 0.012959866220735784 0.0029362416107382547 0.004213313700149889
0 0.008928571428571428 0.0 1.0 0.0 0.007103688372755633 0.01540199687306341 0.01107859531772575 0.0041946308724832215 0.02613649681375911
0 0.00390625 0.0 1.0 0.0 0.0059511113765359416 0.010797471047492067 0.01212374581939799 0.002516778523489933 0.007535557169298696
0 0.0044444444444444444 0.0 1.0 0.0 0.003618645124713121 0.004704167460960013 0.013110367892976586 0.0013422818791946308 0.00848090677186233
0 0.005555555555555556 0.0 1.0 0.0 0.003927762181995988 0.014612544621615443 0.015235971757710888 0.004287844891871738 0.009123537444041749
0 0.005347593582887701 0.0 1.0 0.0 0.0027991349589842453 0.0022750390811229343 0.003541215817430651 0.0 0.006811880253705884
0 0.0028735632183908046 0.0 1.0 0.0 0.00643942221798239 0.0034544192007940153 0.012570637758044052 0.00023142791020597085 0.008994335735090831
0 0.03225806451612903 0.0 1.0 0.0 0.010203151435600182 0.0072211437687377 0.010309278350515462 0.0035008752188047014 0.03225806451612903
0 0.015625 0.0 1.0 0.0 0.006031795833752068 0.0051043542299708125 0.008456829896907214 0.0026647286821705417 9.314285971507854e-05
0 0.014492753623188404 0.0 1.0 0.0 0.010970693181839 0.005929404131662711 0.013670999551770504 0.003258060892034603 0.008902239023251846
0 0.014705882352941176 0.0 1.0 0.0 0.005943554729646226 0.003863477668957165 0.0030321406913280777 0.0012159902720778235 0.008906785044830312
0 0.0071428571428571435 0.0 1.0 0.0 0.0072133902354965555 0.004225603195816837 0.011782032400589101 0.0005537098560354374 6.28354307067599e-05
0 0.018518518518518517 0.0 1.0 0.0 0.015102796402179966 0.001953027494494491 0.005154639175257732 0.0011484352569623888 0.018216453741731795
0 0.005952380952380952 0.0 1.0 0.0 0.0067037353702462605 0.00715148598639347 0.016967353951890033 0.001614987080103359 0.01625508082327674
0 0.010416666666666666 0.0 1.0 0.0 0.009777100842898588 0.005453135868413908 0.012027491408934709 0.002153316106804479 0.01217634071530304
0 0.004830917874396135 0.0 1.0 0.0 0.004274238739584164 0.003527420912782069 0.010757507844016136 0.0011234692731153803 0.015822151315001188
0 0.008333333333333333 0.0 1.0 0.0 0.01325348943043233 0.013293017135022905 0.019329896907216496 0.0034453057708871662 0.0658905791282572
0 0.0019342359767891683 0.0 1.0 0.0 0.005328324563260427 0.005007799605965975 0.01540908093880236 0.001099565671559734 0.00048006414569875215
0 0.0037878787878787876 0.0 1.0 0.0 0.009209443486912654 0.004131968402252363 0.020852858481724457 0.0007047216349541931 0.030752112178789946
0 0.0027472527472527475 0.0 1.0 0.0 0.011227607017736656 0.006348333521192266 0.005246686303387335 0.0001845699520118125 0.01475504010030053
0 0.003105590062111801 0.0 1.0 0.0 0.00866033718852747 0.005302728642698353 0.015351860152398032 0.0011234692731153803 0.009638299327748848
0 0.005128205128205128 0.0 1.0 0.0 0.0017767604850806216 0.009375447626234323 0.015463917525773196 0.000795070562512423 0.000790804962053543
0 0.002403846153846154 0.0 1.0 0.0 0.007371658390471755 0.0036687025774693556 0.012192704203013483 0.0003975352812562115 7.142779373131973e-05
0 0.0032679738562091504 0.0 1.0 0.0 0.0038858817566806863 0.0022219628172433516 0.009020618556701032 0.0002871088142405972 0.02122633271298498
0 0.045454545454545456 0.0 1.0 0.09090909090909091 0.018891254601672017 0.009389728944455075 0.01751558134536858 0.0035545023696682454 0.045454545454545456
0 0.02 0.0 1.0 0.0 0.008242955211707844 0.006697159885612246 0.016075650118203312 0.0024644549763033173 0.03157454308924112
0 0.01075268817204301 0.0 1.0 0.0 0.011686021868578261 0.007540068675932724 0.013726835964310227 0.0028283137134994638 0.025885502159744878
0 0.017857142857142856 0.0 1.0 0.0 0.010790919287292935 0.007350356679261321 0.010469436001350895 0.004400812457684494 0.04369997457666186
0 0.011111111111111112 0.0 1.0 0.0 0.008553336595840247 0.009439244982326631 0.01615445232466509 0.0036861506055818833 0.017851270193125372
0 0.006944444444444444 0.0 1.0 0.0 0.008550421710374869 0.00564943450778711 0.0128053585500394 0.002369668246445498 0.02493317496269475
0 0.011904761904761904 0.0 1.0 0.0 0.014367236868590422 0.009205994774546823 0.015366430260047283 0.002764612954186414 0.02148465267808442
0 0.009615384615384616 0.0 1.0 0.0 0.013591354691697052 0.0064621028276294285 0.015457355882887797 0.0016405395552314983 0.033513331617526794
1 0.0037037037037037034 0.0 1.0 0.0 0.008553778670502601 0.005815671987575486 0.01276595744680851 0.000947867298578199 0.017868651886077235
0 0.0038461538461538464 0.0 1.0 0.0 0.008704023052470184 0.003646362806605807 0.008365157301327515 0.0005468465184104995 0.019811439930114562
0 0.005050505050505051 0.0 1.0 0.0 0.012917777749305597 0.003861222036532035 0.009456264775413713 0.0 0.03570598225404276
0 0.004629629629629629 0.0 1.0 0.0 0.011199070761987943 0.001517291730511952 0.008405568689256633 0.0005265929436545551 0.0319767227412323
0 0.004273504273504274 0.0 1.0 0.0 0.004676334740724054 0.006113327538376931 0.007486209613869189 0.0010531858873091102 0.003410076451655145
0 0.004201680672268907 0.0 1.0 0.0 0.0085372971525733 0.00630337895974166 0.01585314977054652 0.0025090604962364096 0.02701302249289945
0 0.0026666666666666666 0.0 1.0 0.0 0.014308908430187244 0.005794163686438798 0.009361702127659575 0.00047393364928909954 0.020787307989145503
0 0.003289473684210526 0.0 1.0 0.0 0.007057491880600335 0.0048729087920930435 0.010700510140599728 0.0009977550511349462 0.022922815692731958
0 0.00267379679144385 0.0 1.0 0.0 0.008178775266047461 0.0024151321963071094 0.010423382763808296 0.0002154243860404998 0.02452792587969661
0 0.0022222222222222222 0.0 1.0 0.0 0.0147216021041521 0.00569114933726633 0.01371158392434988 0.001137440758293839 0.026297012004207098
0 0.0020242914979757085 0.0 1.0 0.0 0.005721061231917094 0.0038587904378453945 0.012456810329150757 0.00018228217280349984 0.016764755460669
0 0.0025 0.0 1.0 0.0 0.006746395659120763 0.004295026112378914 0.007092198581560284 0.0 0.022325334306923975
0 0.04 0.0 1.0 0.0 0.03331024712227763 0.011212272258096035 0.019310344827586205 0.00454320987654321 0.04000000000000001
0 0.013157894736842105 0.0 1.0 0.0 0.015125368566908244 0.007918919848633727 0.015815400570391495 0.0037686809616634164 0.022727431498246874
0 0.013333333333333332 0.0 1.0 0.0 0.018565500887628712 0.002029152595846601 0.011527093596059112 0.0014814814814814816 0.04860855741001547
0 0.005208333333333333 0.0 1.0 0.0 0.014147126271458999 0.008234597742503846 0.014111247947454842 0.0022633744855967077 0.026357855456877088
0 0.0058823529411764705 0.0 1.0 0.0 0.014417304859611072 0.011724235242502053 0.018690234714575486 0.003050108932461874 0.03879514248984738
0 0.005747126436781609 0.0 1.0 0.0 0.014001695506180604 0.008345570987379954 0.016901647698318326 0.002554278416347382 0.04571738172290546
0 0.005952380952380952 0.0 1.0 0.0 0.03456136204438021 0.0043558280539135455 0.016728243021346467 0.001954732510288066 0.03303397756471665
0 0.0078125 0.0 1.0 0.0 0.014239073711213097 0.009064297256193026 0.006927339901477833 0.0006172839506172839 0.026827730454095745
0 0.003968253968253968 0.0 1.0 0.0 0.011973233189250016 0.009821510019527491 0.014778325123152707 0.00326278659611993 0.043213190036012296
0 0.002173913043478261 0.0 1.0 0.0 0.011098762941982815 0.007128090759466554 0.016920111372884985 0.0019323671497584545 0.027963729779925027
0 0.0022727272727272726 0.0 1.0 0.0 0.011900057768743323 0.008252575480537556 0.016194581280788177 0.0014814814814814816 0.032857418558195337
0 0.003472222222222222 0.0 1.0 0.0 0.022129405677067653 0.004549973149543003 0.011596880131362888 0.0010288065843621398 0.037408722643163146
0 0.0026525198938992045 0.0 1.0 0.0 0.011081652122166299 0.00482390703265779 0.01121114319687447 0.0005108556832694764 0.045883300904366923
0 0.038461538461538464 0.0 1.0 0.0 0.02165320326708912 0.00742297086282905 0.0111236802413273 0.0053050397877984065 0.03846153846153847
0 0.013888888888888888 0.0 1.0 0.0 0.014916830634814991 0.009382825055518518 0.020561002178649243 0.004789272030651339 0.013185042392640525
0 0.02222222222222222 0.0 1.0 0.0 0.007434758301272267 0.010401064818218108 0.021895424836601306 0.003284072249589491 0.03258027642839364
0 0.008928571428571428 0.0 1.0 0.0 0.014638599395711032 0.00880417715221759 0.014355742296918763 0.001055594651653765 0.020641197203857587
1 0.01 0.0 1.0 0.0 0.004856943310076708 0.005088300176909812 0.012009803921568626 0.0 0.0023857188641374523
0 0.00980392156862745 0.0 1.0 0.0 0.011102274214136646 0.010219991635892874 0.007497116493656286 0.0005795421616922632 0.007717934230377392
0 0.011904761904761904 0.0 1.0 0.0 0.004726053990585388 0.01820162580400188 0.012254901960784314 0.0016420361247947454 0.004187777957391537
0 0.008928571428571428 0.0 1.0 0.0 0.014386121531357241 0.009528677695644652 0.015756302521008403 0.0014074595355383533 0.04134829066400024
0 0.005291005291005291 0.0 1.0 0.0 0.00985351294176265 0.015591273170763037 0.01844070961718021 0.00422237860661506 0.0007622412498952049
0 0.006666666666666667 0.0 1.0 0.0 0.022910042413723485 0.012493195355568502 0.014705882352941175 0.0013136288998357964 0.035283979842871745
0 0.045454545454545456 0.0 1.0 0.09090909090909091 0.016634384267648985 0.008240270232902748 0.00923076923076923 0.0030864197530864196 0.045454545454545456
0 0.023809523809523808 0.0 1.0 0.0 0.006628790957942889 0.012034442861575104 0.016849816849816852 0.004703115814226925 0.00804474899546011
0 0.05555555555555555 0.0 1.0 0.0 0.004682085481389 0.009099889575905172 0.01846153846153846 0.0051440329218107 0.013863592703726212
0 0.010416666666666666 0.0 1.0 0.0 0.006139835014890211 0.005432289729370629 0.006794871794871795 0.003215020576131687 0.027345214115654746
0 0.004878048780487805 0.0 1.0 0.0 0.006445322801161308 0.004424681437417272 0.0150093808630394 0.0015055706112616681 0.014625082337885092
0 0.004901960784313725 0.0 1.0 0.0 0.006438083665625175 0.005886519045288231 0.017828054298642537 0.0005446623093681917 0.016820966797909287
0 0.006211180124223602 0.0 1.0 0.0 0.008691656867351506 0.003847198153013079 0.016454849498327758 0.0008051529790660225 0.020337483649335904
0 0.009615384615384616 0.0 1.0 0.0 0.008305744762216896 0.0032300070101255038 0.014911242603550295 0.0 0.032872272345437985
0 0.004273504273504273 0.0 1.0 0.0 0.00728824842314696 0.006172045041857725 0.024852071005917162 0.0008309591642924976 0.013906663986161165
0 0.011111111111111112 0.0 1.0 0.0 0.009688109172604051 0.002332782840646197 0.018803418803418806 0.0010288065843621398 0.07478714703233896
0 0.003952569169960474 0.0 1.0 0.0 0.0077123592434835166 0.006690124787322415 0.012040133779264215 0.0 0.025782184281701058
0 0.010416666666666666 0.0 1.0 0.0 0.0037781591804878826 0.01776149457939319 0.01730769230769231 0.0038580246913580245 0.010590595622125146
0 0.006410256410256411 0.0 1.0 0.0 0.0009402309095885028 0.007068183176156292 0.012564102564102564 0.0007716049382716049 0.0019406079238697973
0 0.003105590062111801 0.0 1.0 0.0 0.0033442104859216044 0.006624287036859658 0.008963210702341138 0.00026838432635534085 0.003835160465559533
0 0.00392156862745098 0.0 1.0 0.0 0.005335632198241586 0.00833089717226558 0.014479638009049773 0.0014524328249818446 0.008945825751065296
0 0.002717391304347826 0.0 1.0 0.0 0.003746158066326353 0.006256976024818489 0.02274247491638796 0.0017444981213097155 0.0066133753976194845
0 0.034482758620689655 0.0 1.0 0.06896551724137931 0.023764122601268988 0.007384904241146685 0.013262599469496022 0.006067781559863847 0.034482758620689655
0 0.021739130434782608 0.0 1.0 0.0 0.0077388208573414335 0.0069232641536134745 0.008361204013377926 0.004291845493562234 0.01360215833005406
0 0.020833333333333332 0.0 1.0 0.0 0.015560284996500534 0.009813697540266642 0.016025641025641028 0.004023605150214592 0.07825598045065792
0 0.013888888888888888 0.0 1.0 0.0 0.011984020476345714 0.01085773052016937 0.015194681861348527 0.0019074868860276585 0.06914246303558157
0 0.0125 0.0 1.0 0.0 0.011655418240845216 0.013754675930205233 0.013087606837606838 0.004023605150214592 0.040936032151080146
0 0.005555555555555555 0.0 1.0 0.0 0.009628498260429599 0.00902745297608746 0.01096866096866097 0.002145922746781116 0.016197492734682285
0 0.008403361344537815 0.0 1.0 0.0 0.005529416628507855 0.004395721286649569 0.010055304172951232 0.0005049229992426155 0.00033579920852814187
0 0.006944444444444444 0.0 1.0 0.0 0.009247305215290729 0.013894511818204348 0.011158594491927824 0.0030996661897949454 0.0017952727862728325
0 0.005847953216374269 0.0 1.0 0.0 0.009484071657421614 0.011428895203268766 0.01439496176338282 0.0029365258640162636 0.02376119009587535
0 0.003448275862068966 0.0 1.0 0.0 0.005352458106775683 0.00860732941960521 0.014883583849101094 0.0011839573775344087 0.018751790499657688
0 0.004784688995215311 0.0 1.0 0.0 0.0043562854584413505 0.008447344623069883 0.01686909581646424 0.001581206234470296 0.00319295203251973
0 0.038461538461538464 0.0 1.0 0.07692307692307693 0.014508723954574384 0.014612645809211632 0.010761259465922678 0.005809294871794871 0.038461538461538464
0 0.029411764705882353 0.0 1.0 0.0 0.008470147021805244 0.01730752450735446 0.01615361170374886 0.006740196078431372 0.012934415555721425
0 0.037037037037037035 0.0 1.0 0.0 0.0031876875825387055 0.01060633260896591 0.008059873344847437 0.003472222222222222 0.0029301179867605733
0 0.008928571428571428 0.0 1.0 0.0 0.015111543250923768 0.01458075610275413 0.012028127313101405 0.0016741071428571428 0.029973908201773893
0 0.008695652173913044 0.0 1.0 0.0 0.008461460426896529 0.011394213173623916 0.012840729894120297 0.0006793478260869565 0.023092119973403533
0 0.007936507936507936 0.0 1.0 0.0 0.008012103962786973 0.007138890484249818 0.014310387367382185 0.0027281746031746026 0.01536031128849695
0 0.006211180124223602 0.0 1.0 0.0 0.007822941565821777 0.010683036164385403 0.013066005857175038 0.002038043478260869 0.013732095000232463
0 0.006944444444444444 0.0 1.0 0.0 0.01582921869614222 0.009831297246349964 0.01468048359240069 0.00318287037037037 0.03665538869875592
0 0.006944444444444444 0.0 1.0 0.0 0.016314174158677825 0.004203008576200741 0.012305699481865284 0.0006510416666666666 0.02380139359448272
0 0.008333333333333333 0.0 1.0 0.0 0.004998032270567377 0.010731194619578664 0.009067357512953367 0.0021701388888888886 0.0007815272000526696
0 0.045454545454545456 0.0 1.0 0.09090909090909091 0.016489144379625016 0.00795376035339121 0.007768595041322313 0.003815527538155275 0.045454545454545456
0 0.016666666666666666 0.0 1.0 0.0 0.009181039479799164 0.006065062033470395 0.01878787878787879 0.004136253041362529 0.019725539856658956
0 0.013888888888888888 0.0 1.0 0.0 0.011075204046026445 0.014091302122789176 0.02 0.004562043795620438 4.817324524276781e-05
0 0.017857142857142856 0.0 1.0 0.0 0.007614197578214997 0.011158903825305216 0.015324675324675326 0.0015641293013555788 0.00011967651261953479
0 0.0058823529411764705 0.0 1.0 0.0 0.01606120756486349 0.010327962266058574 0.020855614973262035 0.0017174753112924 0.01267347720865078
0 0.005952380952380952 0.0 1.0 0.0 0.011722508129320354 0.006518953981400324 0.008571428571428572 0.0009124087591240875 0.016657680055148893
0 0.011904761904761904 0.0 1.0 0.0 0.0037088071799360038 0.012965567246606089 0.013636363636363636 0.0009124087591240877 0.0012454512602933082
0 0.00625 0.0 1.0 0.0 0.0047153395471494376 0.0045450718905662765 0.015636363636363636 0.0 0.010815153552526135
0 0.00505050505050505 0.0 1.0 0.0 0.02429863589562475 0.0099934843425526 0.01702479338842975 0.0009953550099535502 0.018366669034116597
0 0.005263157894736842 0.0 1.0 0.0 0.00488742486546294 0.007870336844049655 0.023732057416267948 0.0021129466000768342 0.008798955936685586
0 0.0033670033670033673 0.0 1.0 0.0 0.0067509525562514106 0.010584075020284658 0.017373737373737378 0.0010813733441470668 5.4806271446288085e-05
0 0.009259259259259259 0.0 1.0 0.0 0.010167751167329436 0.010891061824699063 0.02303030303030303 0.0016220600162206002 0.0004658361148243684
0 0.005494505494505495 0.0 1.0 0.0 0.014560752537774104 0.006206564565076926 0.01116883116883117 0.0 0.04779011884440322
0 0.030303030303030304 0.0 1.0 0.06060606060606061 0.013693599130401532 0.008362916906093655 0.012263099219620956 0.004474272930648768 0.030303030303030297
0 0.022727272727272728 0.0 1.0 0.0 0.010454589920773335 0.009112922744631909 0.015658254788689572 0.003660768761439902 0.012801881086359644
0 0.017543859649122806 0.0 1.0 0.0 0.012171332507921828 0.01340742866146001 0.016370357331455726 0.005651713175556339 0.04027139656141134
0 0.006944444444444444 0.0 1.0 0.0 0.009742105933522004 0.007784941597642578 0.01393534002229654 0.0017710663683818044 0.01631566218071968
0 0.011111111111111112 0.0 1.0 0.0 0.00219844301385221 0.011448915646901812 0.020810107766629504 0.0033557046979865775 0.018157921656029325
0 0.008333333333333333 0.0 1.0 0.0 0.01197209947015812 0.007209916120589166 0.016555183946488295 0.0023489932885906043 0.04372596542593312
0 0.009523809523809523 0.0 1.0 0.0 0.00287849540279168 0.017242955680311468 0.017391304347826087 0.0038031319910514544 0.015919662817140936
0 0.004807692307692308 0.0 1.0 0.0 0.007782155872435971 0.008347432511895217 0.008489837921276049 0.0015487867836861124 0.0037594716707213707
0 0.0035842293906810036 0.0 1.0 0.0 0.008540882298629364 0.014250025309384486 0.01273060740101413 0.002814462004762936 0.023772037798823146
1 0.003448275862068966 0.0 1.0 0.0 0.008021631255813231 0.00408113759956796 0.014300542036673969 0.0004628558204119417 0.023299086740356235
0 0.003787878787878788 0.0 1.0 0.0 0.00813048283290382 0.01023335778232391 0.014214046822742474 0.004334451901565996 0.0040486453263541425
0 0.004166666666666667 0.0 1.0 0.0 0.006607977177551195 0.0027968984348472423 0.012040133779264214 0.001006711409395973 0.02172233465504794
0 0.012820512820512822 0.0 1.0 0.0 0.017919353660001275 0.0027161547059670007 0.017279821627647716 0.0 0.08459022548021616
0 0.043478260869565216 0.0 1.0 0.0 0.00561603435579986 0.005922285647355497 0.013043478260869565 0.006174427579109854 0.04347826086956523
0 0.017241379310344827 0.0 1.0 0.0 0.003901321302404918 0.010881550907242282 0.012778904665314405 0.004896959804121609 0.004670417239961317
0 0.008547008547008546 0.0 1.0 0.0 0.007695548152646872 0.013050610720050036 0.014328808446455506 0.0015172204521316946 0.00958844983998482
0 0.015625 0.0 1.0 0.0 0.01106149272161603 0.008781007082284584 0.005514705882352941 0.0 0.0006335532989043748
0 0.0125 0.0 1.0 0.0 0.01043716421470785 0.0195189216018024 0.019852941176470587 0.004437869822485207 0.02854529848769028
0 0.004901960784313725 0.0 1.0 0.0 0.007644381281190294 0.007027947470156688 0.015570934256055364 0.00034806822137138876 0.00018798213311333256
0 0.010989010989010988 0.0 1.0 0.0 0.00945602574550584 0.021181966071000827 0.01990950226244344 0.0027309968138370506 0.0010635484434320416
0 0.09090909090909091 0.0 1.0 0.0 0.0041420723635422286 0.0 0.012601260126012604 0.0045228403437358655 0.09090909090909093
0 0.025 0.0 1.0 0.0 0.017548546487419596 0.020428409969818102 0.01534653465346535 0.006218905472636817 8.034682623728579e-05
0 0.016666666666666666 0.0 1.0 0.0 0.018818311854803454 0.013865898991685773 0.01658415841584159 0.005472636815920398 2.687171638169511e-05
0 0.016666666666666666 0.0 1.0 0.0 0.008693772497943964 0.008261026189155288 0.016501650165016504 0.0006633499170812604 0.000162843478502739
0 0.008695652173913044 0.0 1.0 0.0 0.016827962770435478 0.010775251551072116 0.008824795523030565 0.002163097555699762 0.00039593389287452573
0 0.01111111111111111 0.0 1.0 0.0 0.011851225972839597 0.009389118189706586 0.007920792079207921 0.0006633499170812604 0.0008929399987862705
0 0.00510204081632653 0.0 1.0 0.0 0.0075913525418719804 0.006067867725585547 0.012729844413012729 0.0010660980810234541 2.9058038506279703e-05
0 0.010416666666666666 0.0 1.0 0.0 0.008038313773129644 0.007717837819545968 0.017739273927392742 0.0008291873963515755 0.00016656897656840543
0 0.006944444444444444 0.0 1.0 0.0 0.012410186364518606 0.01176054132108385 0.008663366336633664 0.0012437810945273632 0.000826421289678176
0 0.0071428571428571435 0.0 1.0 0.0 0.005664315086866473 0.013230579119221661 0.009547383309759547 0.0007107320540156361 0.0003949000053145932
0 0.003246753246753247 0.0 1.0 0.0 0.008021313184570111 0.014329763309680171 0.01343705799151344 0.00035536602700781805 0.012214309605153625
0 0.03125 0.0 1.0 0.0 0.013931429395534722 0.012777019999148579 0.015625000000000003 0.004769076305220881 0.03125
0 0.02631578947368421 0.0 1.0 0.0 0.01146430423993985 0.006052989940591288 0.009894736842105265 0.004016064257028112 0.0305029819127679
0 0.02564102564102564 0.0 1.0 0.0 0.006827124502343653 0.012228791164654244 0.00984615384615385 0.004633920296570899 0.02653241059544311
0 0.011904761904761904 0.0 1.0 0.09523809523809523 0.004633916929696784 0.007485253805005582 0.006666666666666669 0.0017211703958691913 0.0018070104958361722
0 0.01 0.0 1.0 0.0 0.005272501684645284 0.004227716251140169 0.0134 0.001004016064257028 0.003468625920270082
0 0.00980392156862745 0.0 1.0 0.0 0.009523415328832725 0.013593890675038606 0.012705882352941178 0.0011811953697141507 0.0230121612569581
0 0.010989010989010988 0.0 1.0 0.0 0.007398298982803761 0.005233688102308682 0.008923076923076922 0.0 0.0317098557407451
0 0.0078125 0.0 1.0 0.0 0.007632617445343823 0.008377982583299347 0.012 0.002259036144578313 0.04812904336679375
0 0.0028490028490028487 0.0 1.0 0.0 0.00557917696659791 0.006570521829886731 0.007487179487179488 0.0009267840593141797 0.01064191071443164
0 0.004545454545454546 0.0 1.0 0.0 0.01159347733568405 0.010596559581949659 0.009454545454545457 0.0 0.02401464808436461
0 0.004545454545454545 0.0 1.0 0.0 0.00791677547263948 0.0071162831671208225 0.0116 0.0004016064257028112 0.03240403992327954
0 0.004629629629629629 0.0 1.0 0.0 0.008419464462131565 0.0047575803261595455 0.013333333333333332 0.0004462293618920125 0.040932332115790976
0 0.03571428571428571 0.0 1.0 0.07142857142857142 0.021624753733667287 0.018823904852626083 0.018528464017185824 0.005256064690026954 0.03571428571428571
0 0.041666666666666664 0.0 1.0 0.0 0.014792081684525851 0.007779802064740468 0.019110275689223057 0.006289308176100628 0.10028960227010786
0 0.011904761904761904 0.0 1.0 0.0 0.010084632970694148 0.012436546928424384 0.016648764769065523 0.005390835579514824 0.039515569243142375
0 0.019230769230769232 0.0 1.0 0.0 0.015422602510504015 0.009068036311866987 0.015326778484673221 0.0 0.04299485653757439
0 0.016666666666666666 0.0 1.0 0.0 0.013477822885590298 0.01701964769481394 0.023496240601503755 0.0047169811320754715 0.05002545516492971
0 0.007246376811594202 0.0 1.0 0.0 0.010254823484149996 0.01279155287341176 0.016835567178816603 0.0011484823625922888 0.049353492650829646
0 0.006211180124223602 0.0 1.0 0.0 0.0075539326881320255 0.012545219525682579 0.017652827721477603 0.003445447087776866 0.052290903451205475
0 0.005952380952380952 0.0 1.0 0.0 0.010884227132052489 0.017145295284947647 0.01951306838524883 0.004672057502246181 0.029115968995970125
0 0.006172839506172839 0.0 1.0 0.0 0.004289733977581201 0.00922892041890887 0.014411027568922307 0.0010482180293501049 0.005728327506070548
0 0.0038461538461538464 0.0 1.0 0.0 0.006593633957921539 0.009168638224865529 0.01532677848467322 0.0020319303338171262 0.021953010776720492
0 0.003246753246753247 0.0 1.0 0.0 0.009936087354921139 0.003130509764416853 0.012352309344790547 0.00026954177897574127 0.04283243492939626
0 0.0024509803921568627 0.0 1.0 0.0 0.010026900938040758 0.010087195402978593 0.01238390092879257 0.0017758046614872365 0.03456221408252773
0 0.02857142857142857 0.0 1.0 0.05714285714285714 0.01400553592577314 0.008222781032861639 0.01175278622087133 0.003762074224707678 0.02857142857142857
0 0.017241379310344827 0.0 1.0 0.0 0.016218317707169087 0.0037380144932484373 0.00880410858400587 0.0035587188612099655 0.02685328695047242
0 0.007246376811594202 0.0 1.0 0.0 0.0028178063623348227 0.006182780572466671 0.009636139377119953 0.0011604518025684666 0.0038241342230673713
0 0.008928571428571428 0.0 1.0 0.0 0.008799042495411125 0.007135595479840516 0.013931104356636272 0.0012709710218607015 0.01396463718798473
0 0.016666666666666666 0.0 1.0 0.0 0.0036179527846322787 0.0063898631593005024 0.008865248226950354 0.0005931198102016607 0.013266372578556793
0 0.008333333333333333 0.0 1.0 0.0 0.011142590026883562 0.001710997416385115 0.00673758865248227 0.0 0.015518638922387685
0 0.010989010989010988 0.0 1.0 0.0 0.004406640087247065 0.008136877550229054 0.00845608292416803 0.0010949904188338351 0.0012267917597174524
0 0.005434782608695652 0.0 1.0 0.0 0.010239760410968982 0.008721881882407422 0.016497070613629355 0.0010830883490639022 0.016225515566055594
0 0.007936507936507936 0.0 1.0 0.0 0.004895087307005307 0.012819057971537928 0.009878419452887538 0.0 0.0013543671972984525
0 0.003125 0.0 1.0 0.0 0.008742269552583191 0.007281417088780865 0.015181737588652482 0.0011120996441281138 0.013399688245737151
0 0.0030303030303030303 0.0 1.0 0.0 0.011586401408788237 0.006986388048672294 0.007919621749408984 0.00047449584816132857 0.02826183354749784
0 0.05555555555555555 0.0 1.0 0.0 0.015182325084928616 0.010614694007309168 0.011505588428665352 0.007275132275132276 0.05555555555555555
0 0.017857142857142856 0.0 1.0 0.0 0.021673714890492052 0.014727954739458319 0.018385460693153 0.006802721088435377 0.0245135607739355
0 0.018518518518518517 0.0 1.0 0.0 0.006549910874561145 0.021900907312020417 0.007560815253122947 0.0026455026455026454 0.0005880843146067637
0 0.010869565217391304 0.0 1.0 0.0 0.019588121915859152 0.009879738936420962 0.010290712631849755 0.0 0.038036739268944866
0 0.007407407407407408 0.0 1.0 0.0 0.01591988061201636 0.009638722305095866 0.01051939513477975 0.0015432098765432098 0.03304808344812394
0 0.005376344086021505 0.0 1.0 0.0 0.01351314826134606 0.0042663491679183 0.00820767322008017 0.0 0.02488361646088956
0 0.02040816326530612 0.0 1.0 0.0 0.0 0.0144608732213527 0.01014370245139476 0.0 0.0016184548758041112
0 0.007352941176470588 0.0 1.0 0.0 0.011562599730027608 0.017379385732895835 0.009397841977027498 0.0024509803921568627 0.017669574653739143
0 0.03333333333333333 0.0 1.0 0.0 0.010003192501964905 0.008832353276193092 0.018181818181818188 0.003976861894432395 0.03333333333333333
0 0.012195121951219513 0.0 1.0 0.0 0.00769883063983231 0.00841400303878944 0.021486643437862954 0.0038622295116660485 0.014560402059244413
0 0.027777777777777776 0.0 1.0 0.0 0.010443062716493484 0.0041176359823669436 0.014249639249639253 0.0019884309472161968 0.055949655841698566
0 0.009615384615384616 0.0 1.0 0.0 0.008251054282267283 0.008030957202041925 0.01298701298701299 0.003420657433672619 0.007817121347064316
0 0.007407407407407408 0.0 1.0 0.07407407407407407 0.011050073312124063 0.002565480218120167 0.01002084335417669 0.0016871535309713182 0.015312218334147773
0 0.0037037037037037034 0.0 1.0 0.0 0.010342419913467633 0.008897044651563088 0.020490620490620493 0.001928175463967221 0.014086191159254611
0 0.005952380952380952 0.0 1.0 0.0 0.001191853945703006 0.003114448745413049 0.018127705627705628 0.0011749819233550253 0.0002649499464229329
0 0.011363636363636364 0.0 1.0 0.0 0.0013385271080921508 0.0009576976166967063 0.014167650531286895 0.0009859988168014198 0.0012034886749221518
0 0.003968253968253968 0.0 1.0 0.07142857142857142 0.013558988940501126 0.00545566462774441 0.01383735312306741 0.0018593120545398205 0.015862788782214823
0 0.0058823529411764705 0.0 1.0 0.0 0.006978507655364774 0.0038826661832544913 0.009931245225362874 0.0 0.02078705963837517
0 0.003246753246753247 0.0 1.0 0.0 0.005287318509158863 0.00427278643334945 0.007884972170686457 0.0004648280136349551 0.01826172425374436
0 0.0024509803921568627 0.0 1.0 0.11764705882352941 0.015037966347390783 0.0029042556238329464 0.009740259740259742 0.0007017991578410106 0.00804540183812209
0 0.003344481605351171 0.0 1.0 0.0 0.005071882176785178 0.0034634809582134826 0.007716920760399022 0.00018862586060548902 0.00016471563406891061
0 0.004464285714285714 0.0 1.0 0.0 0.0060333587989037695 0.003109125940114044 0.010822510822510824 0.0008134490238611714 0.0002476424347562529
0 0.002898550724637681 0.0 1.0 0.08695652173913043 0.014382404737059071 0.003069425802200448 0.004799548277809147 0.00047156465151372253 0.0035383979795092085
0 0.0020833333333333333 0.0 1.0 0.06666666666666667 0.005016226263569517 0.00279928371041314 0.0158008658008658 0.0007230657989877079 0.00016047670270544136
0 0.004901960784313725 0.0 1.0 0.0 0.00582742810892084 0.0077917666880514 0.020923520923520924 0.0010845986984815619 0.00045158066627496384
0 0.0022222222222222222 0.0 1.0 0.0 0.005001568206281595 0.004303237647455739 0.016883116883116885 0.0005206073752711496 0.0002505161729601396
0 0.005263157894736842 0.0 1.0 0.2 0.006640564540656706 0.0 0.0008658008658008658 0.00043383947939262476 0.008618429962826845
0 0.034482758620689655 0.0 1.0 0.06896551724137931 0.020643094487440613 0.011136468737158647 0.011217282924802658 0.007105538140020901 0.03448275862068966
0 0.05 0.0 1.0 0.0 0.005854439516689557 0.018203850194609343 0.026506024096385545 0.0036363636363636364 0.0037567303968542875
1 0.01282051282051282 0.0 1.0 0.0 0.024918802937345073 0.019964004854745185 0.020157553290083414 0.00606060606060606 0.025485695061050386
0 0.011904761904761904 0.0 1.0 0.0 0.023648909411096267 0.010381095672071489 0.01376936316695353 0.0011544011544011544 0.03835053253253774
0 0.008 0.0 1.0 0.0 0.019988335308551167 0.01305793858642629 0.01710843373493976 0.00048484848484848484 0.0325379082767966
0 0.010416666666666666 0.0 1.0 0.0 0.007344702191680293 0.02012112094858166 0.01882530120481928 0.004166666666666667 0.013465905822057058
0 0.00510204081632653 0.0 1.0 0.0 0.012901971089237308 0.014951879708651583 0.020869191049913947 0.0034632034632034628 0.02687485177111604
0 0.011363636363636364 0.0 1.0 0.0 0.010714167570246715 0.01878725585421628 0.02464403066812705 0.006060606060606061 0.01982714383559759
0 0.02564102564102564 0.0 1.0 0.0 0.007416789866610284 0.005021542743953672 0.011037981626216923 0.001853568118628361 0.025641025641025637
0 0.016666666666666666 0.0 1.0 0.0 0.008367627922302017 0.004729244733819203 0.010561497326203208 0.0018295403837572518 0.027825801978165164
1 0.007751937984496124 0.0 1.0 0.0 0.005187097526918191 0.004085522178471118 0.009140654147494095 0.0017745400205473058 0.004148227379603534
0 0.011363636363636364 0.0 1.0 0.0 0.007027488760606549 0.004833274443068338 0.018230432668935346 0.0017646342947547763 0.005981631157261385
0 0.011764705882352941 0.0 1.0 0.0 0.002657007845781389 0.003018305530369152 0.014391318024536017 0.0014174344436569805 0.004031692245814219
0 0.023809523809523808 0.0 1.0 0.0 0.0020672046844810504 0.002410277488321698 0.006875477463712758 0.0013386880856760372 0.019270341599028927
0 0.005952380952380952 0.0 1.0 0.0 0.004402462121258641 0.004734381316173452 0.00907976827094474 0.0017291387773315482 0.037201207082640096
0 0.005952380952380952 0.0 1.0 0.0 0.0019790097960584447 0.0018356155057763772 0.0067481538069773354 0.0007649646203863069 0.001280742966015817
1 0.013888888888888888 0.0 1.0 0.0 0.003717063533238236 0.0011382856029659154 0.00518048128342246 0.0 0.010093956035969432
0 0.003448275862068966 0.0 1.0 0.0 0.006653109843992603 0.0034916168901192855 0.011755485893416929 0.0008309098462816785 0.012039393401796303
0 0.004132231404958678 0.0 1.0 0.0 0.004913069668028171 0.0013971695151057493 0.01270053475935829 0.0007301935012778385 0.020225901807250733
0 0.005555555555555555 0.0 1.0 0.0 0.009309809316929353 0.0033588857429360038 0.010160427807486631 0.00035698348951361 0.000227310324437207
0 0.002958579881656805 0.0 1.0 0.0 0.007106811771977168 0.004580894265469505 0.010026737967914439 0.0004119040263618577 0.01806252691969839
0 0.0032467532467532465 0.0 1.0 0.0 0.005803522423969162 0.00596769311367173 0.010148274185707339 0.0009127418765972982 0.008058799217226116
0 0.0035087719298245615 0.0 1.0 0.0 0.0016316186789023192 0.0026215523344522234 0.010061919504643961 0.00028182907066863944 0.003531331878575675
0 0.0026041666666666665 0.0 1.0 0.0 0.0009767798244281645 0.002750358627702298 0.010639483065953656 0.0005020080321285141 0.0006050459283506079
0 0.0053475935828877 0.0 1.0 0.0 0.007458928794757714 0.0014869776275439615 0.01215362177929023 0.0 0.001043032481532138
0 0.0021367521367521365 0.0 1.0 0.0 0.008294834724676507 0.004536894981330807 0.016094199917729327 0.0008752960560189475 0.024935036756257852
0 0.001644736842105263 0.0 1.0 0.0 0.004264134803079407 0.0018047579403897237 0.011739639037433157 0.000251004016064257 0.00010669933274711072
0 0.004166666666666667 0.0 1.0 0.0 0.0013745348884370574 0.0006362988035091701 0.00267379679144385 0.0 0.016629983182531456
0 0.0010822510822510823 0.0 1.0 0.0 0.005851152738461818 0.003345195173817088 0.009024064171122996 0.0005780698551782888 0.020867368285717017
0 0.003246753246753247 0.0 1.0 0.0 0.007383231375133427 0.0055770072151227045 0.019862490450725745 0.0011474469305794606 0.0009699798891176732
0 0.004830917874396135 0.0 1.0 0.0 0.0021147433230842907 0.0008056076754729168 0.00564468211527035 0.0 0.018646959424520514
0 0.004166666666666667 0.0 1.0 0.0 0.006506823401474088 0.0015271171284220084 0.0034759358288770055 0.000535475234270415 0.09648096558093984
0 0.0014814814814814814 0.0 1.0 0.0 0.003415362018486096 0.0024861169114769413 0.014111705288175876 0.0005949724825226833 0.0034122116728252084
0 0.0027472527472527475 0.0 1.0 0.0 0.012126615142140303 0.0075263425013040956 0.01680672268907563 0.0016255498183209026 0.03517630349655993
0 0.0011947431302270011 0.0 1.0 0.0 0.007159775137500334 0.0016025686099198242 0.010867690184578229 0.000734119272790085 0.0262615613367017
1 0.0021008403361344537 0.0 1.0 0.0 0.013841105501761415 0.006914012353620223 0.018323372129600498 0.0007874635798094338 0.005777380607406997
0 0.0009319664492078285 0.0 1.0 0.0 0.00819634197929744 0.004482095470300632 0.008418846654140775 0.0007236151814465067 0.016059086452310696
0 0.0010416666666666667 0.0 1.0 0.0 0.0023716407083633714 0.004487441314694053 0.01575033422459893 0.0007530120481927709 0.015799859622909005
0 0.002932551319648094 0.0 1.0 0.0 0.0030488848215591557 0.0008821567318915334 0.015435099659698588 0.0007301935012778385 0.0021080078052296246
0 0.0020833333333333333 0.0 1.0 0.0 0.00399529564524344 0.003146547431421429 0.01408199643493761 0.0006247211066488176 0.06211729074100932
0 0.0015151515151515152 0.0 1.0 0.0 0.002802067989195802 0.0015518224472933126 0.004612299465240641 0.00013386880856760375 0.003679465635519889
0 0.0016339869281045752 0.0 1.0 0.0 0.00297072902461813 0.0008155386134934822 0.008912655971479498 0.00014874312063067083 0.008804554057437164
0 0.03125 0.0 1.0 0.0625 0.011747854843147748 0.004124384276173231 0.011986301369863011 0.0024313501144164773 0.03125000000000001
0 0.013513513513513514 0.0 1.0 0.0 0.005708000745882011 0.005450828961972284 0.013698630136986302 0.002906796957140208 0.017665633607246888
0 0.02564102564102564 0.0 1.0 0.0 0.007733168645052613 0.0029739735693220157 0.009834913944502985 0.0035205069530012323 0.0029434283676836497
0 0.006578947368421052 0.0 1.0 0.0 0.004556870569992146 0.00401408261950143 0.013338139870223505 0.002288329519450802 0.010130447833941219
0 0.008 0.0 1.0 0.0 0.012811654113942559 0.007562331818178693 0.015342465753424659 0.0010068649885583523 0.03074883307627013
0 0.01282051282051282 0.0 1.0 0.0 0.011385532122574153 0.005385427125172689 0.014049877063575692 0.0012321774335504313 0.023799205569672792
0 0.0047619047619047615 0.0 1.0 0.0 0.008683926963534278 0.006529217578207692 0.013089802130898021 0.0010678871090770404 0.024984186399014157
0 0.004807692307692308 0.0 1.0 0.0 0.008340789268206682 0.004364313549550465 0.008166491043203371 0.0005280760429501849 0.034271877201789536
0 0.006172839506172839 0.0 1.0 0.0 0.011066436769768664 0.0043291121041370215 0.009005580923389142 0.0 0.03670737001827477
0 0.005555555555555556 0.0 1.0 0.0 0.008006479579660636 0.002700014901284869 0.008625063419583967 0.0005085176709890668 0.0009057537342864996
0 0.004132231404958678 0.0 1.0 0.0 0.005924267310509429 0.0052033190089371805 0.012141967621419674 0.0011441647597254005 0.0006304645782860403
0 0.0037878787878787876 0.0 1.0 0.0 0.006553146180747691 0.007971813895879197 0.01141552511415525 0.002288329519450801 0.03282920885518383
0 0.004048582995951417 0.0 1.0 0.0 0.0026033210478317733 0.0034702558617845073 0.013938956981494832 0.0014452607491268216 0.003977788788922721
0 0.005494505494505494 0.0 1.0 0.0 0.005690954735916549 0.007524525262104809 0.010361784334387074 0.0028164055624009857 0.004857417296112535
0 0.002564102564102564 0.0 1.0 0.0 0.006686827375828811 0.0070391362258299655 0.011678960309097295 0.0016722408026755853 0.0031062246385617854
0 0.0025 0.0 1.0 0.0 0.011111214839543986 0.005136639963188381 0.007945205479452055 0.0002745995423340961 0.022440799355255527
0 0.003095975232198142 0.0 1.0 0.0 0.005810483262053127 0.005290553692553417 0.010454217736121124 0.0009635071660845478 0.016216999287501352
0 0.002525252525252525 0.0 1.0 0.0 0.0075885949720093295 0.0023322329218343246 0.009236197592361975 0.00041605991262741833 0.04363370511395597
0 0.002631578947368421 0.0 1.0 0.0 0.007408510649202962 0.004147599586782383 0.007534246575342465 0.0 0.02642393854352537
0 0.037037037037037035 0.0 1.0 0.07407407407407407 0.01156817909213388 0.008107837673882816 0.013535623977391045 0.004032258064516127 0.037037037037037035
0 0.015625 0.0 1.0 0.0 0.00794381434673608 0.008041536226896271 0.012173694779116463 0.004536290322580644 0.004249181887507283
0 0.027777777777777776 0.0 1.0 0.0 0.009615618832793342 0.007842196922845884 0.014390896921017403 0.0016801075268817205 0.041214276508140656
0 0.025 0.0 1.0 0.0 0.0014726508222470526 0.0 0.01365461847389558 0.0 0.00609034742530666
0 0.0125 0.0 1.0 0.0 0.006828804956608706 0.005881647692134413 0.008032128514056224 0.0005040322580645161 0.023900191476055682
0 0.007246376811594202 0.0 1.0 0.0 0.005360320083352022 0.00796737815444423 0.00995285489785228 0.0007012622720897616 0.0003672644250667357
0 0.007936507936507936 0.0 1.0 0.0 0.005993008280693485 0.00939825332955516 0.009370816599732261 0.0 0.017295338883342483
0 0.006578947368421052 0.0 1.0 0.0 0.008445050768317516 0.014980429187815386 0.016487000634115408 0.002758913412563667 0.012416502821800342
0 0.003472222222222222 0.0 1.0 0.0 0.006645578649913693 0.009670592247973777 0.012299196787148593 0.0016381048387096773 0.006194305271228339
0 0.0035714285714285718 0.0 1.0 0.0 0.010674942516599216 0.012727614791056429 0.009179575444635686 0.0012960829493087556 0.025371356580283142
0 0.004132231404958678 0.0 1.0 0.0 0.009056511657983931 0.0022921879101870436 0.0104052573932092 0.00036656891495601173 0.02065149932110326
0 0.008333333333333333 0.0 1.0 0.0 0.0018866901210775444 0.010482918580371826 0.013654618473895583 0.0012096774193548388 0.002751114120157089
0 0.08333333333333333 0.0 1.0 0.0 0.005505714362179664 0.005580425921225238 0.013457556935817806 0.005729166666666666 0.08333333333333336
0 0.017857142857142856 0.0 1.0 0.0 0.015017611256602378 0.019224407194143804 0.017080745341614908 0.008035714285714288 0.014408512410331944
0 0.018518518518518517 0.0 1.0 0.0 0.013307655662778077 0.007367400870204605 0.01932367149758454 0.002777777777777778 0.000254382874272432
1 0.006578947368421052 0.0 1.0 0.0 0.00862127042404341 0.013513609606943408 0.013893429225237005 0.0027960526315789474 0.012962706831220807
0 0.008 0.0 1.0 0.0 0.010191229257594555 0.008149705291999699 0.013416149068322981 0.0015000000000000002 7.903344873815159e-05
0 0.007575757575757575 0.0 1.0 0.0 0.008965155732765613 0.017783111711482932 0.01129305477131564 0.0014204545454545455 7.008594754898515e-05
0 0.007936507936507936 0.0 1.0 0.0 0.00699087581144618 0.012827488739249297 0.013457556935817804 0.0 0.00019125218834747896