0 0.02857142857142857 0.0 1.0 0.05714285714285714 0.006325643539362525 0.0072950368072009 0.012343966712898752 0.0026394998842324607 0.028571428571428564
1 0.015151515151515152 0.0 1.0 0.0 0.005976514582391111 0.006704031494574541 0.013533392174168874 0.0027012425715829294 0.009496001969347495
0 0.020833333333333332 0.0 1.0 0.0 0.006101998797635639 0.004134356622765991 0.008191747572815532 0.0015194489465153972 0.0031508578659006645
0 0.005434782608695652 0.0 1.0 0.0 0.004490686429346179 0.005733127279948861 0.012417335021809483 0.0023958847156648586 0.007459455837677573
0 0.00425531914893617 0.0 1.0 0.0 0.004186726661845898 0.006321490132578803 0.008538180816635682 0.0018966171247284393 0.01047340205800909
0 0.003875968992248062 0.0 1.0 0.0 0.0077009165359554705 0.009278403817060393 0.010912922405358622 0.0010930609475707663 0.012490237686714735
0 0.002857142857142857 0.0 1.0 0.0 0.0037569153618265956 0.005433257834919333 0.009093851132686084 0.0005510534846029174 0.009166483499897236
0 0.003472222222222222 0.0 1.0 0.0 0.0020888443689665 0.0045937295808511 0.00966379000359583 0.00022510354763191067 0.0005045162464667538
0 0.008547008547008546 0.0 1.0 0.0 0.004606007863076479 0.007503054052743259 0.007592730893701767 0.001122054606657524 0.002560575788679186
0 0.004166666666666667 0.0 1.0 0.0 0.0035589268923640147 0.004500111647226042 0.0084277238403452 0.0001350621285791464 0.000721391088909353
0 0.004784688995215311 0.0 1.0 0.0 0.002027652775260055 0.002901302893169116 0.015670243570090274 0.0008530239699735563 0.0004847660159891239
0 0.003968253968253968 0.0 1.0 0.0 0.0038082870127258404 0.0056947430797022695 0.009939898289412854 0.000694605232692753 0.0005414799735690689
0 0.0027472527472527475 0.0 1.0 0.0 0.00420785987343763 0.004187844103937567 0.013176144244105412 0.0014470942347765687 0.01754782837923006
0 0.0047619047619047615 0.0 1.0 0.0 0.003319109413595316 0.0036090946288162024 0.0056094929881337656 0.0009724473257698541 0.03862332742674891
0 0.0020833333333333333 0.0 1.0 0.0 0.005356398280727993 0.006309915880149421 0.012186488673139158 0.001012965964343598 0.0011748044911096748
0 0.0020161290322580645 0.0 1.0 0.0 0.0018696016573742462 0.0014270458372777437 0.010648293141246478 0.0007842317143305276 0.0025945494766346426
0 0.0012004801920768306 0.0 1.0 0.0 0.005052114131993918 0.004838417850891223 0.013176144244105409 0.0007276816723447887 0.006029971462770318
0 0.00505050505050505 0.0 1.0 0.0 0.012261232851832888 0.0016807963679552678 0.01426890261841718 0.0002946810078090467 0.0002864990277240842
0 0.0023923444976076554 0.0 1.0 0.0 0.0003175557600423882 0.0 0.011694616063548102 0.00014734050390452334 0.0005298334349264418
0 0.00625 0.0 1.0 0.0 0.0007985764668373826 0.0 0.007686084142394823 0.0 0.03614645158493879
0 0.003401360544217687 0.0 1.0 0.0 0.004117502181957649 0.004933145538512403 0.006356911696717522 0.0012734429266033805 0.04183046017604662
0 0.005050505050505051 0.0 1.0 0.2222222222222222 0.015041517769009777 0.0 0.0032362459546925564 0.0 0.004858475793044307
0 0.006211180124223602 0.0 1.0 0.0 0.011964481326344704 0.0 0.0048543689320388345 0.0 0.007930323525989378
0 0.004629629629629629 0.0 1.0 0.0 0.008204615061157636 0.0024499891097872536 0.0066522833513124775 0.00036016567621105706 0.006397532873306924
0 0.04 0.0 1.0 0.0 0.014964463312525066 0.022610515010134266 0.018969072164948447 0.01208333333333333 0.04
0 0.02 0.0 1.0 0.0 0.01654296386863912 0.026721719722971868 0.015257731958762889 0.0020833333333333333 0.01332035214155266
0 0.010416666666666666 0.0 1.0 0.0 0.017624444120347364 0.023943095292455835 0.017074742268041235 0.003255208333333333 0.021028538785975555
0 0.016666666666666666 0.0 1.0 0.0 0.012904317102378231 0.018895541009234195 0.013745704467353953 0.0 0.017854258647581348
0 0.043478260869565216 0.0 1.0 0.0 0.02240454874203916 0.01465569763273839 0.02946460653970535 0.009057971014492752 0.043478260869565216
0 0.016666666666666666 0.0 1.0 0.0 0.02306801862818185 0.02407783179125229 0.02038567493112948 0.0030555555555555553 0.019415039681484454
0 0.0303030303030303 0.0 1.0 0.0 0.007891010650871853 0.01608963425265665 0.028549962434259956 0.0015151515151515152 0.008578171617832047
0 0.009615384615384616 0.0 1.0 0.0 0.008198968207516737 0.004337164167530883 0.02161474888747616 0.0019230769230769232 0.014458078288617364
0 0.011764705882352941 0.0 1.0 0.0 0.008859714054489501 0.01364210240681614 0.0160427807486631 0.000980392156862745 0.019805585801872718
0 0.011904761904761904 0.0 1.0 0.0 0.03642883045938667 0.03329966560160017 0.01948051948051948 0.0011904761904761904 0.05133972405469024
0 0.03333333333333333 0.0 1.0 0.0 0.011734919679457152 0.010331374940300711 0.011323763955342903 0.0024780175859312544 0.03333333333333334
0 0.017857142857142856 0.0 1.0 0.0 0.005658510088550496 0.006408559643419615 0.01939507860560492 0.0027406646111682075 0.018502808764555574
0 0.01111111111111111 0.0 1.0 0.0 0.00511218444722086 0.007934718843135482 0.00988835725677831 0.0024780175859312544 0.0038191179319082406
0 0.008620689655172414 0.0 1.0 0.0 0.00489257307392923 0.002376073692002897 0.013694109882857618 0.0016538493343256425 8.87886683113827e-05
0 0.015384615384615385 0.0 1.0 0.0 0.002753131268209418 0.002509645734486003 0.011225616488774383 0.00036893562073418186 0.002570867197784839
0 0.020833333333333332 0.0 1.0 0.0 0.01478404225564077 0.00815634863707951 0.012858851674641148 0.0005995203836930455 0.07953425404061171
0 0.003484320557491289 0.0 1.0 0.0 0.008534588020021359 0.0081487849479497 0.011203174232699266 0.0008773469029654324 0.011887879914420384
0 0.005434782608695652 0.0 1.0 0.0 0.0082072498975964 0.006383229368149181 0.005928853754940711 0.0 0.0037387831555946126
0 0.006172839506172839 0.0 1.0 0.0 0.011211066070423797 0.007535804432093786 0.016613503455608723 0.0014654942712496667 6.83434072608154e-05
0 0.002777777777777778 0.0 1.0 0.0 0.003766700211671035 0.006890945434895514 0.013157894736842108 0.0005995203836930455 0.008538821924489008
0 0.005681818181818182 0.0 1.0 0.0 0.009258601047217648 0.006117261477809632 0.009419856459330144 0.00029976019184652276 0.04489035239121676
0 0.001984126984126984 0.0 1.0 0.0 0.008971858911039049 0.010692750634114389 0.01099339257233994 0.0006280689733927144 0.010561851409823547
0 0.006410256410256411 0.0 1.0 0.0 0.008879855753199224 0.004883491273192938 0.011164274322169059 0.0007993605115907274 0.021301262529646748
0 0.004464285714285714 0.0 1.0 0.0 0.0010682018810633867 0.001709766928853777 0.0058313397129186595 0.0008992805755395683 0.0021625283118421592
0 0.0047619047619047615 0.0 1.0 0.0 0.0023160434647584815 0.0019540193472614596 0.00478468899521531 0.0010277492291880781 0.0027851265777468722
0 0.001893939393939394 0.0 1.0 0.0 0.0072901276008188525 0.0 0.015369001014934032 0.0001453382748346777 0.005339772039642373
0 0.004201680672268907 0.0 1.0 0.0 0.002383068372115382 0.0 0.015892002734108 0.0 0.000598433936153033
0 0.0037037037037037034 0.0 1.0 0.0 0.004466036258694207 0.0023733667849502762 0.01786283891547049 0.0006394884092725819 0.0017321801018842164
0 0.045454545454545456 0.0 1.0 0.09090909090909091 0.012854997430856092 0.020880776592944482 0.008236729713239781 0.007371007371007371 0.045454545454545456
0 0.02 0.0 1.0 0.0 0.016633748863064114 0.029415761138699717 0.011006711409395973 0.005135135135135136 6.312756901790457e-05
0 0.01111111111111111 0.0 1.0 0.0 0.009963462953153614 0.0015320708926406107 0.017225950782997764 0.0013513513513513514 0.01837790207680651
0 0.03571428571428571 0.0 1.0 0.0 0.014799851383361876 0.022805077330927737 0.014381591562799615 0.0019305019305019305 0.08005218405276514
0 0.008695652173913044 0.0 1.0 0.0 0.012015670177599068 0.009239161611544486 0.014298220017508025 0.0011750881316098707 0.013120262964742927
0 0.006944444444444444 0.0 1.0 0.0 0.004445410758275253 0.0076603544632030535 0.012863534675615212 0.0 0.00041471302325401133
0 0.007936507936507936 0.0 1.0 0.0 0.015502714831934399 0.02042761190187481 0.01789709172259507 0.0015015015015015015 0.010939412590988297
0 0.03571428571428571 0.0 1.0 0.0 0.008877247163599052 0.011698940705206018 0.010204081632653062 0.0035714285714285718 0.03571428571428572
0 0.02631578947368421 0.0 1.0 0.0 0.005544759507347446 0.007229636580586006 0.016030642644346716 0.002844950213371266 0.01554370329928093
0 0.0303030303030303 0.0 1.0 0.0 0.007782758564756814 0.008966391460209404 0.008086253369272238 0.003931203931203931 0.056012110469766306
0 0.015625 0.0 1.0 0.0 0.0006317860775495641 0.002298106338960916 0.015161725067385445 0.0028716216216216218 0.000900136104142676
0 0.008 0.0 1.0 0.0 0.00399184944753413 0.004023735744310379 0.015633423180592992 0.0024864864864864865 0.027414672098198187
0 0.00505050505050505 0.0 1.0 0.0 0.003940765588073023 0.008009159867212283 0.015682430776770395 0.0011466011466011467 0.011870339204956918
0 0.0047619047619047615 0.0 1.0 0.0 0.0038071965094373258 0.00926659780239431 0.01949685534591195 0.001981981981981982 0.01696219936267865
0 0.005434782608695652 0.0 1.0 0.0 0.006426321061145798 0.009894596547308135 0.009258174147427635 0.0009400705052878967 0.024663932389248588
0 0.004830917874396135 0.0 1.0 0.0 0.007933746193246086 0.010753920714857 0.01371147310441814 0.0016451233842538192 0.029046474249138376
0 0.0033333333333333335 0.0 1.0 0.0 0.004165990277083881 0.007057018044494361 0.011500449236298293 0.0006306306306306307 0.01690701533401025
0 0.003952569169960474 0.0 1.0 0.0 0.007922710283585021 0.011672395563846612 0.016641275049806628 0.0011750881316098707 0.027308431185481062
0 0.003333333333333333 0.0 1.0 0.0 0.005428654553964654 0.008932948012996864 0.014663072776280324 0.0007567567567567568 0.015866935776354084
0 0.0016722408026755855 0.0 1.0 0.0 0.005690693497749123 0.005875648089714913 0.013711473104418137 0.0010575793184488837 0.01140658563333312
0 0.008928571428571428 0.0 1.0 0.0 0.004227425617419396 0.006894319016882748 0.012129380053908356 0.0 0.0038358326854253592
0 0.003703703703703704 0.0 1.0 0.0 0.004084961884466453 0.0030641417852812214 0.013776579814315664 0.00030030030030030034 0.0009074253564696937
0 0.004807692307692308 0.0 1.0 0.0 0.0007052036868468082 0.0 0.011611030478955007 0.0 0.0033862718033940736
0 0.030303030303030304 0.0 1.0 0.0 0.010191361149419874 0.005637227990543323 0.010886644219977553 0.0021926125822229717 0.03030303030303031
0 0.017857142857142856 0.0 1.0 0.0 0.0049953692635690975 0.006989071649842757 0.013690476190476189 0.002319109461966604 0.006902748726938064
0 0.014492753623188404 0.0 1.0 0.0 0.013264372371786393 0.008716807555656608 0.013768115942028985 0.0025006049850770334 0.03811708737205044
0 0.008333333333333333 0.0 1.0 0.0 0.004136738303855867 0.00552425364058565 0.011481481481481483 0.001793444650587507 0.0063437080919980645
0 0.011764705882352941 0.0 1.0 0.0 0.005570644159774225 0.004469317289416105 0.0196078431372549 0.0008730765033286041 0.06737929632313289
0 0.008771929824561403 0.0 1.0 0.0 0.002101210569400936 0.008356303018448957 0.009746588693957116 0.0009764671418806758 0.0007158718943060414
0 0.0047619047619047615 0.0 1.0 0.0 0.006220309922571358 0.00712882681654184 0.01154320987654321 0.001607915893630179 0.03546405902758719
0 0.008928571428571428 0.0 1.0 0.0 0.009924210620364525 0.009497231876128522 0.014285714285714285 0.0015902464882056719 0.07789819445162945
0 0.0037037037037037034 0.0 1.0 0.0 0.0064435679262768355 0.005195764412357268 0.012469135802469134 0.000989486703772418 0.03354415053531115
0 0.00625 0.0 1.0 0.0 0.006953686581394094 0.005139253997827673 0.009953703703703704 0.0009276437847866419 0.06972657095330674
0 0.006493506493506494 0.0 1.0 0.0 0.004962680272150513 0.01002853147245529 0.012433862433862434 0.0015902464882056719 0.001044854785964285
1 0.00641025641025641 0.0 1.0 0.0 0.004033838796160171 0.008277818901819696 0.00754985754985755 0.0002854288568574283 0.002514092556245742
0 0.0038461538461538464 0.0 1.0 0.0 0.006159837275907234 0.007899963807476084 0.009907407407407408 0.002040816326530612 0.05715490917587389
0 0.0035714285714285713 0.0 1.0 0.0 0.005031536177540515 0.008295981771648874 0.014814814814814812 0.0011131725417439704 0.016611733616706092
0 0.0030303030303030303 0.0 1.0 0.0 0.005610324543198364 0.010823084234105447 0.01430976430976431 0.0024456063417102377 0.008463231000930367
0 0.005208333333333333 0.0 1.0 0.0 0.005635895880845984 0.006868317824271209 0.013425925925925924 0.0010822510822510823 0.019263945299627116
0 0.004524886877828054 0.0 1.0 0.0 0.004025816315814833 0.002397825842606487 0.011823361823361824 0.0014271442842871416 0.0035612841816940913
0 0.0030864197530864196 0.0 1.0 0.0 0.00794391764538034 0.0029963418494248894 0.007921810699588479 0.0006184291898577612 0.061948550623215776
0 0.0020242914979757085 0.0 1.0 0.0 0.0024228882674793384 0.0011904734053534267 0.011823361823361824 0.0007849293563579278 0.009125004800534384
0 0.004545454545454546 0.0 1.0 0.0 0.01095482566625722 0.0077368990221393045 0.00808080808080808 0.0016866250632484399 0.10252741914360129
0 0.0021645021645021645 0.0 1.0 0.0 0.00800438706999623 0.009000757552644713 0.01296296296296296 0.002276943835385394 0.04613728345335578
0 0.004545454545454545 0.0 1.0 0.0 0.002437584587846219 0.0012620398447725995 0.007222222222222223 0.0009276437847866419 0.0034305502736288614
0 0.001610305958132045 0.0 1.0 0.0 0.006606353195717151 0.002625445867295727 0.017283950617283945 0.0012368583797155224 0.03992426899489293
0 0.0012254901960784314 0.0 1.0 0.0 0.009392713474390182 0.00456901462214641 0.016339869281045753 0.0016370184437411329 0.02283026179504108
0 0.0010526315789473684 0.0 1.0 0.0 0.007195715569775912 0.0009589493108808086 0.00969785575048733 0.0003905868567522703 0.021611979923129604
0 0.038461538461538464 0.0 1.0 0.07692307692307693 0.00928975805705582 0.01280283712642266 0.01382007822685789 0.0043171114599686025 0.03846153846153846
0 0.01282051282051282 0.0 1.0 0.0 0.003968468269809463 0.00749698232395477 0.010430247718383313 0.003401360544217688 0.0037653860176910226
0 0.014492753623188404 0.0 1.0 0.0 0.004551018192017176 0.008478221320882605 0.010316875460574798 0.001922508133688258 0.00044509752902088996
0 0.010869565217391304 0.0 1.0 0.0 0.0035764631868483877 0.005670457850221121 0.007958732498157702 0.0004436557231588287 0.008251731937339924
0 0.011111111111111112 0.0 1.0 0.0 0.006990985029312565 0.008997876671063903 0.010546139359698682 0.0007558578987150416 0.03790819004214008
0 0.006944444444444444 0.0 1.0 0.0 0.0051640784035801735 0.010448731536667923 0.013700564971751412 0.002125850340136054 0.005097607690775027
0 0.0049261083743842365 0.0 1.0 0.0 0.005383541542561021 0.008776254092958881 0.010870835768556401 0.0002345765892563922 0.00022430971184773737
0 0.0125 0.0 1.0 0.0 0.012991778030356293 0.017834236245093168 0.013220338983050847 0.002040816326530612 0.07257533632391157
0 0.004273504273504273 0.0 1.0 0.0 0.004164312109877179 0.009976135854185168 0.012516297262059974 0.0030088958660387227 0.0005281858721253735
0 0.0038461538461538464 0.0 1.0 0.0 0.004301963591293988 0.008117815771564904 0.009387222946544982 0.002354788069073783 0.014891321579350938
0 0.0030303030303030303 0.0 1.0 0.0 0.0037647418454775142 0.004957476535732375 0.010508474576271189 0.0013605442176870747 0.00024576218270954564
0 0.008333333333333333 0.0 1.0 0.0 0.007699966958537595 0.0023137397154164322 0.012542372881355932 0.0 0.002641180597448337
1 0.006993006993006993 0.0 1.0 0.0 0.0050034385058037745 0.009902742817130794 0.0067796610169491515 0.0012368583797155224 0.04091023450117725
0 0.047619047619047616 0.0 1.0 0.0 0.017893814060739262 0.02796033014371524 0.01621808143547274 0.007994438651372959 0.047619047619047616
0 0.041666666666666664 0.0 1.0 0.0 0.006893850897431854 0.022639632381308394 0.00966183574879227 0.007907542579075427 0.02690702527785947
0 0.016666666666666666 0.0 1.0 0.0 0.01052029430579302 0.009930503304123081 0.011231884057971013 0.00291970802919708 0.02538387375867372
0 0.009615384615384616 0.0 1.0 0.0 0.006710076844132402 0.013367985217088764 0.011426978818283166 0.0 0.0020167960219103697
0 0.009523809523809525 0.0 1.0 0.0 0.009264889002328872 0.016550838840205136 0.010351966873706006 0.0013903371567605145 0.012791558714247434
0 0.00980392156862745 0.0 1.0 0.0 0.007743854705393286 0.01271684184712285 0.01832907075873828 0.0025762129669386004 0.017885082853116213
0 0.006802721088435374 0.0 1.0 0.0 0.014879165576929027 0.008208121692117614 0.016218081435472737 0.0010427528675703858 0.027195944144774605
0 0.034482758620689655 0.0 1.0 0.06896551724137931 0.018633279871903136 0.019548105456846772 0.01754036276659358 0.0068163592622293495 0.034482758620689655
0 0.038461538461538464 0.0 1.0 0.0 0.012596554636531667 0.012168863619542595 0.01067140951534015 0.005366726296958854 0.0002567263458633206
0 0.007575757575757575 0.0 1.0 0.0 0.0086526146014319 0.015776560385595058 0.012086179716237518 0.0021141649048625794 0.004998982822536178
0 0.014705882352941176 0.0 1.0 0.0 0.004887124592476433 0.006979201193561193 0.014280856851411084 0.0 0.018802614165543866
0 0.014285714285714287 0.0 1.0 0.0 0.004589291466145469 0.01694948861293433 0.00990916597853014 0.0 0.0004102444942324185
0 0.010416666666666666 0.0 1.0 0.0 0.01143881152344809 0.012149930840013805 0.013728323699421962 0.0014534883720930232 0.01860453944046063
0 0.007518796992481203 0.0 1.0 0.0 0.007603474612538587 0.008326064581792301 0.010039549741405534 0.0 0.0040067249965864095
0 0.009615384615384616 0.0 1.0 0.0 0.01602423300686725 0.013185153124109393 0.01734104046242774 0.004025044722719141 0.03942459345294061
0 0.013888888888888888 0.0 1.0 0.0 0.02771346665613261 0.0 0.008670520231213872 0.0 0.10570200176718807
0 0.034482758620689655 0.0 1.0 0.0 0.01749665149248328 0.02259187502157923 0.035929587653725586 0.008742107819329773 0.03448275862068966
0 0.012195121951219513 0.0 1.0 0.0 0.008800048603763507 0.015503392754487026 0.02728978338734436 0.003263483339058742 0.00975003211369326
0 0.02222222222222222 0.0 1.0 0.0 0.01661030988799025 0.03382805336822894 0.0303030303030303 0.004225352112676056 0.04495806489105102
0 0.020833333333333332 0.0 1.0 0.0 0.010817536270233477 0.003992015706176239 0.03146853146853148 0.002347417840375587 0.03019055197762734
0 0.008333333333333333 0.0 1.0 0.0 0.007894589603107587 0.013934180252639388 0.01048951048951049 0.0005868544600938967 0.017130557676194834
0 0.007575757575757575 0.0 1.0 0.09090909090909091 0.01207254475116033 0.008709852449839066 0.01589319771137953 0.0 0.0152967573537844
0 0.043478260869565216 0.0 1.0 0.08695652173913043 0.019766935297547306 0.021694204338100903 0.009557721139430283 0.004893657067570113 0.04347826086956523
0 0.019230769230769232 0.0 1.0 0.0 0.01631994234975016 0.018121597771093734 0.007460212201591511 0.004495504495504498 6.478329464611612e-05
0 0.011494252873563218 0.0 1.0 0.06896551724137931 0.008559270416757104 0.008877536258428274 0.00980975029726516 0.0023884161815196296 0.0001488552095748224
0 0.016666666666666666 0.0 1.0 0.0 0.011508481309587992 0.015705384734947904 0.013218390804597701 0.0008658008658008659 9.477186212199595e-05
0 0.009090909090909092 0.0 1.0 0.0 0.011284327325064068 0.01199748653758575 0.010188087774294668 0.0007870916961826052 0.030544999494540884
0 0.007936507936507936 0.0 1.0 0.0 0.011567901031042842 0.011594762258622418 0.01703612479474548 0.0016491445062873633 0.009233713577176648
0 0.01020408163265306 0.0 1.0 0.0 0.015546309382317066 0.014295135739687782 0.010467980295566502 0.0006184291898577613 0.041481920055099396
0 0.004807692307692308 0.0 1.0 0.0 0.016286233990830446 0.009060798885546869 0.010775862068965518 0.0004995004995004995 0.012924672922295464
0 0.003367003367003367 0.0 1.0 0.0 0.016148206113469572 0.00524734062618243 0.011886102403343783 0.0010494555949101404 0.008587954517019759
0 0.004347826086956522 0.0 1.0 0.0 0.008399648698138884 0.0017335479713864452 0.004497751124437782 0.0003764351590438547 9.788569972300509e-05
0 0.03225806451612903 0.0 1.0 0.06451612903225806 0.014159979325950511 0.0071553942110704535 0.01803676725633021 0.008765778401122016 0.03225806451612903
0 0.01282051282051282 0.0 1.0 0.0 0.024033906386928233 0.03351019708915347 0.019575406672180863 0.0011148272017837235 0.01477995406592528
0 0.014492753623188404 0.0 1.0 0.0 0.015492220155970684 0.022442195794421093 0.0182328190743338 0.001890359168241966 0.011381152517624796
0 0.030303030303030304 0.0 1.0 0.0 0.0057381858396455985 0.0047321294146309475 0.010438413361169104 0.0015832304233558158 0.030303030303030304
0 0.021739130434782608 0.0 1.0 0.0 0.0042636467507144084 0.0026108635825170174 0.012072251974221657 0.0012720912271137158 0.030171597373005295
0 0.047619047619047616 0.0 1.0 0.0 0.0021194474730605985 0.002030868715726022 0.009394572025052192 0.0008956560680698612 0.014992521330645535
0 0.008620689655172414 0.0 1.0 0.0 0.007439392277122222 0.00376900531194572 0.009322582967388955 0.0015133499081180426 0.031560151461812756
0 0.014285714285714287 0.0 1.0 0.0 0.0032927801296577124 0.0042318276364361265 0.008052490307187594 0.0012688460964323032 0.0035197711220032817
0 0.018518518518518517 0.0 1.0 0.0 0.003531258636317399 0.0023693468350136928 0.009858501507770817 0.0009288285150354115 0.005432574092839897
0 0.004329004329004329 0.0 1.0 0.06060606060606061 0.0020917086788731446 0.0030155323354719714 0.009141519579932943 0.0012982489471517692 0.00020102133153535823
0 0.00390625 0.0 1.0 0.0 0.0018301698167385696 0.003353348014100337 0.009720772442588727 0.001469435736677117 0.0012876655546138777
1 0.0022675736961451248 0.0 1.0 0.0 0.004809865825800743 0.004376447427122303 0.011993523923139193 0.0018552875695732845 0.014747618748423376
0 0.003703703703703704 0.0 1.0 0.0 0.007308251886739297 0.004897486757500069 0.01418851001314467 0.0009288285150354116 0.03395917916950898
1 0.0025974025974025974 0.0 1.0 0.0 0.003086028213197302 0.003378884925980525 0.01616462869072472 0.0010449320794148381 0.014770286630798633
0 0.0043859649122807015 0.0 1.0 0.0 0.005489580260275103 0.00478253967719474 0.015822437094824747 0.0013749106308089975 0.03792461338045328
0 0.004048582995951417 0.0 1.0 0.0 0.003621956597811862 0.004990731367329827 0.012196461927260741 0.001099928504647198 0.030377130829583997
0 0.002232142857142857 0.0 1.0 0.0 0.002743605544791876 0.003128636177441787 0.015298799582463465 0.0007836990595611285 0.021975227546302576
0 0.0015873015873015873 0.0 1.0 0.0 0.005319354983871755 0.0032843314404000282 0.013743910925539317 0.0010200527441906753 0.01695346226268549
0 0.002232142857142857 0.0 1.0 0.0 0.004943818472897904 0.005380835737006035 0.014240978228452125 0.0012315270935960591 0.023906635901680563
0 0.0053475935828877 0.0 1.0 0.0 0.005353084256533935 0.008314580851837184 0.011102676029607135 0.0019948703334283276 0.052099808542578493
0 0.002525252525252525 0.0 1.0 0.0 0.005295954414416718 0.005571529249718863 0.009963940026570507 0.00037997530160539567 0.032435188943548694
0 0.002506265664160401 0.0 1.0 0.0 0.004520928653645161 0.0019800327079869573 0.009593398946217318 0.0007463800567248844 0.033126650785812055
0 0.005 0.0 1.0 0.0 0.008963331150911882 0.003868351996883397 0.01127348643006263 0.0008359456635318706 0.06994544028320546
0 0.005952380952380952 0.0 1.0 0.0 0.0070722536413047555 0.006990023355625456 0.014352818371607515 0.0018286311389759666 0.0733821751339386
0 0.003246753246753247 0.0 1.0 0.0 0.004882160116594733 0.005304710243426681 0.011482254697286014 0.00029855202268995375 0.05140044012996277
0 0.006211180124223602 0.0 1.0 0.0 0.009886930466239731 0.0030463030735890335 0.011034894124664478 0.0 0.10467798603543792
0 0.0008680555555555555 0.0 1.0 0.0 0.004524247501996136 0.003939509718600635 0.01646224773834377 0.0006095437129919888 0.017418393669018976
0 0.0023529411764705885 0.0 1.0 0.0 0.0067521676833905385 0.003978616434153222 0.007859511236644972 0.0003073329645337759 0.03988802034646685
0 0.005494505494505495 0.0 1.0 0.2857142857142857 0.002261941507249044 0.0030463030735890335 0.005517447062332239 0.0 0.021573970086903847
0 0.003367003367003367 0.0 1.0 0.0 0.004580192691625352 0.006376024350462347 0.01840956538242551 0.002089864158829676 0.052307115135541975
0 0.0009157509157509158 0.0 1.0 0.0 0.003763356596917399 0.0024104536164711522 0.013489641882126225 0.0006430351257937464 0.017856572394214742
0 0.002028397565922921 0.0 1.0 0.0 0.0 0.0008362400594165974 0.008841950141225593 0.00012293318581351037 0.007194286523367501
0 0.001282051282051282 0.0 1.0 0.0 0.0024553060347846326 0.0024604755594372957 0.010839890798137146 0.0 0.0007661967066818876
0 0.0026881720430107525 0.0 1.0 0.0 0.002507571415570909 0.004146356961273961 0.006002087682672234 0.0 0.0060727381382546615
0 0.0010080645161290322 0.0 1.0 0.0 0.005885939353697232 0.004259705460764935 0.009158865916896759 0.0004381973236255772 0.015823093586020593
0 0.0027548209366391185 0.0 1.0 0.0 0.004552893197181266 0.0006461855004582798 0.009204782691212754 0.00018998765080269783 0.053215299298416834
0 0.0011312217194570135 0.0 1.0 0.0 0.0031377057774080916 0.003733886023981942 0.01770515497029067 0.0017281569005706938 0.020611942442689487
0 0.0015873015873015873 0.0 1.0 0.0 0.004772896426469232 0.003896459325282545 0.010554395731848758 0.0011029838616045512 0.031219751017163337
0 0.0012626262626262625 0.0 1.0 0.0 0.0028481673489870367 0.00032342480338715514 0.010580755361548682 0.0005699629524080935 0.0023100042534705666
0 0.0006285355122564425 0.0 1.0 0.0 0.005836289083788307 0.0019284830058699145 0.011021022479001797 0.0007290223809870962 0.017044926149658503
0 0.0010526315789473684 0.0 1.0 0.0 0.005652905785706895 0.0028310367007639446 0.018580375782881006 0.00142110762800418 0.035787594195510676
0 0.0005827505827505828 0.0 1.0 0.0 0.0024012852377075624 0.002121450179477805 0.010960334029227557 0.0013061650992685478 0.012211645688183803
0 0.0006756756756756757 0.0 1.0 0.0 0.0037904460802720688 0.001248606584920401 0.009507419737064832 0.000677793781242057 0.018088017143415423
0 0.027777777777777776 0.0 1.0 0.0 0.018079855421411238 0.03006933881702771 0.02914951989026063 0.007805325987144164 0.027777777777777776
0 0.02 0.0 1.0 0.0 0.013003631296855493 0.022109089601455058 0.02666666666666667 0.0064462809917355335 0.026109955710841733
1 0.006666666666666666 0.0 1.0 0.0 0.011999845502594728 0.016763143893492847 0.028312757201646086 0.002066115702479339 0.007272235931118729
1 0.008928571428571428 0.0 1.0 0.0 0.011827318017189762 0.026070757906159474 0.029247501469723686 0.00487012987012987 0.02366272213096357
0 0.005128205128205128 0.0 1.0 0.05128205128205128 0.009975706828524512 0.010756427045370507 0.02289754141605994 0.001589319771137953 0.01488463863665626
0 0.004901960784313725 0.0 1.0 0.0 0.01941372470600498 0.024664672406709415 0.031106269668361164 0.005104521147301897 0.020662759878394017
0 0.004608294930875576 0.0 1.0 0.0 0.011782585051555291 0.010327960664651045 0.030134076729058806 0.0022660623833644362 0.02270891781938833
0 0.041666666666666664 0.0 1.0 0.0 0.02370639135425939 0.01705618413701713 0.016786570743405275 0.005565583634175691 0.041666666666666664
0 0.020833333333333332 0.0 1.0 0.0 0.02431946681934596 0.02234200153972338 0.017685851318944845 0.006317689530685921 0.03474751609936002
0 0.01515151515151515 0.0 1.0 0.0 0.014870492009690657 0.010080780095378149 0.01618705035971223 0.004430587463078436 0.020063036411078754
0 0.020833333333333332 0.0 1.0 0.0 0.01256918586320753 0.010232242423773031 0.0170863309352518 0.0024067388688327313 0.03428288619475219
0 0.008333333333333333 0.0 1.0 0.0 0.009176021002305261 0.005858250311308918 0.022332134292565944 0.0007521058965102287 0.026902194137677072
0 0.005208333333333333 0.0 1.0 0.0 0.010085318056285649 0.010787266487164621 0.021357913669064747 0.0014666064981949457 0.015028498059361368
0 0.004329004329004329 0.0 1.0 0.0 0.010539751432406921 0.010686350581486249 0.014824504033137125 0.0013127666557269447 0.015560029030712075
0 0.003676470588235294 0.0 1.0 0.0 0.011070777720456624 0.012793534368852373 0.013965298349555648 0.0015926948396687197 0.01960830853717417
0 0.007407407407407407 0.0 1.0 0.0 0.011477553575076734 0.016762784789926675 0.014628297362110314 0.003610108303249097 0.014835849280568653
0 0.004 0.0 1.0 0.0 0.007596218388438231 0.011788057746766976 0.01553956834532374 0.002743682310469314 0.009005428821738376
0 0.008264462809917356 0.0 1.0 0.0 0.017934394806891275 0.010630165206494551 0.01765860039241334 0.0013127666557269447 0.05485500615553081
0 0.0037878787878787876 0.0 1.0 0.0 0.009320418690213618 0.006484643186880711 0.017331589274035317 0.0008204791598293403 0.005453694958613064
0 0.02857142857142857 0.0 1.0 0.05714285714285714 0.011387999261863726 0.012491078528881415 0.015441783649876136 0.0046376811594202915 0.02857142857142857
0 0.023809523809523808 0.0 1.0 0.0 0.006211324034641288 0.011245733907683802 0.017065785851913016 0.00427881297446515 0.004908611714332168
0 0.020833333333333332 0.0 1.0 0.0 0.010079923116686353 0.013976359913795634 0.013005780346820806 0.0050724637681159425 0.06087773488928349
0 0.009615384615384616 0.0 1.0 0.0 0.009320732155711591 0.00798429091351924 0.012116496220542462 0.0030100334448160543 0.03895168998801702
1 0.016666666666666666 0.0 1.0 0.0 0.014615350380438463 0.01960936690174225 0.019267822736030824 0.004347826086956522 0.09071242257918678
0 0.007575757575757575 0.0 1.0 0.0 0.007309653254371094 0.015260500471816664 0.010641093011035207 0.0022397891963109357 0.046687255108311
0 0.006493506493506493 0.0 1.0 0.0 0.0026218814199194976 0.00537738716468325 0.00696269048870205 0.0007905138339920949 0.0005740507992390801
0 0.007352941176470588 0.0 1.0 0.0 0.010869849721450142 0.015204099074673523 0.01224073444406664 0.0018755328218243818 0.05759358649963148
0 0.0065359477124183 0.0 1.0 0.0 0.01627856572202203 0.02240093958723175 0.022271336280176808 0.004774083546462063 0.05709114933803523
0 0.002564102564102564 0.0 1.0 0.0 0.00192984153518719 0.005607332014357124 0.012449977767896846 0.0008175399479747306 0.00016556160164997734
0 0.003134796238244514 0.0 1.0 0.0 0.008613577621350824 0.008863400391513959 0.014550528204106038 0.0018990504747626188 0.03464269774362704
0 0.0030864197530864196 0.0 1.0 0.0 0.003500941427166901 0.0032030588435461613 0.00792121601370156 0.0009661835748792271 0.010729201304894945
0 0.002136752136752137 0.0 1.0 0.0 0.008097156638822567 0.004408051539560123 0.014210019267822739 0.0013687600644122385 0.0241741640987796
0 0.0026455026455026454 0.0 1.0 0.0 0.0037069924320299813 0.007648182872583071 0.00695782487690002 0.0007514761137949543 0.0006751428153969061
0 0.05 0.0 1.0 0.0 0.0186608935694753 0.019420047294941466 0.021764705882352943 0.011309523809523814 0.049999999999999996
0 0.017857142857142856 0.0 1.0 0.0 0.010897748731244768 0.01995051707598224 0.015126050420168066 0.0008503401360544217 0.016078003834295744
0 0.018518518518518517 0.0 1.0 0.0 0.021472258462121665 0.03140719993452052 0.024836601307189548 0.0013227513227513227 0.03555595272163578
0 0.013157894736842105 0.0 1.0 0.0 0.016007555034774586 0.021229885196958904 0.031578947368421054 0.0037593984962406013 0.01764298791793169
0 0.058823529411764705 0.0 1.0 0.11764705882352941 0.04036759393426513 0.031432768860252785 0.02718734552644588 0.00897308075772682 0.058823529411764705
1 0.027777777777777776 0.0 1.0 0.0 0.009198835426912771 0.00607892765823384 0.0196078431372549 0.00753295668549906 0.004149928414594074
0 0.0303030303030303 0.0 1.0 0.0 0.019625276628251816 0.02343386815989729 0.022154316271963327 0.003852080123266564 0.02907409357299985
0 0.03125 0.0 1.0 0.0 0.023511785642207947 0.026956935987257083 0.032563025210084036 0.005296610169491525 0.03521738657163423
0 0.02 0.0 1.0 0.0 0.014485095782322691 0.03036717057097551 0.01848739495798319 0.0025423728813559325 0.012491099011326296
0 0.00641025641025641 0.0 1.0 0.0 0.013769240483976677 0.019954873816792302 0.006140917905623788 0.0 0.0383224519180307
0 0.0049261083743842365 0.0 1.0 0.0 0.0067572567539932425 0.009939209180777776 0.0165169516082295 0.0 0.001160201334310393
0 0.045454545454545456 0.0 1.0 0.0 0.006652753330687871 0.00889783487681401 0.006679700228087326 0.003433616742969261 0.045454545454545456
0 0.019230769230769232 0.0 1.0 0.0 0.011362460481047302 0.012757896774539161 0.02233250620347394 0.004427227448810184 0.0174092157464237
0 0.011494252873563218 0.0 1.0 0.0 0.008219654309762755 0.012281874553422646 0.015572858731924363 0.0035971223021582744 0.005629471665758092
0 0.008928571428571428 0.0 1.0 0.0 0.0118858844415467 0.014856206446109113 0.012672811059907835 0.0008992805755395683 0.010344875728343944
0 0.008333333333333333 0.0 1.0 0.0 0.007861529834583015 0.01231906584205284 0.015083632019115896 0.000749400479616307 0.007869167215345361
0 0.003472222222222222 0.0 1.0 0.0 0.008603228690481404 0.008156348637079513 0.011872759856630824 0.000524580335731415 0.0018676250495855394
0 0.005952380952380952 0.0 1.0 0.0 0.005387463981536258 0.005097717898174693 0.012694145758661887 0.0 0.00011496010323045338
1 0.005434782608695652 0.0 1.0 0.0 0.005874720111007764 0.009012627451492639 0.01901199937665576 0.0014075695964967157 0.00015135159568163266
0 0.004830917874396135 0.0 1.0 0.0 0.011366641110114886 0.004069864203452338 0.01589527816736793 0.0017203628401626526 0.014381845427019707
0 0.005555555555555556 0.0 1.0 0.0 0.00843975852418944 0.004559378476943407 0.01632815611310235 0.0011990407673860913 0.02857613795092241
0 0.006493506493506494 0.0 1.0 0.0 0.005566129957764377 0.002571936428975785 0.01817716333845366 0.0007708119218910587 0.00027196939031825623
0 0.037037037037037035 0.0 1.0 0.0 0.019294214197261614 0.01922697497539336 0.010797631487286661 0.005474027486606103 0.03703703703703704
0 0.013157894736842105 0.0 1.0 0.0 0.011662173516703114 0.009778152182722372 0.02219105758125722 0.005130751406818934 0.016128674978863704
0 0.018518518518518517 0.0 1.0 0.0 0.009510089796874097 0.006646013252569197 0.012365029606408916 0.003144654088050314 0.01208303404677837
0 0.010416666666666666 0.0 1.0 0.0 0.01675628625836047 0.017998140565707605 0.014367816091954026 0.0030136268343815514 0.015673442113398706
0 0.004545454545454546 0.0 1.0 0.045454545454545456 0.012097411250213625 0.012334072976172929 0.013109147905386153 0.001858204688393368 0.020630101988639616
0 0.0043859649122807015 0.0 1.0 0.0 0.015536410947473234 0.016667798219882658 0.015261508001979875 0.002896391923204237 0.019547362813243832
0 0.004201680672268907 0.0 1.0 0.0 0.017371626574400095 0.017564280220949535 0.013645583625299652 0.0033296337402885685 0.0233706814084921
0 0.005 0.0 1.0 0.0 0.011089615003575352 0.01253908165291017 0.0135423197492163 0.0028930817610062893 0.017588760994092602
0 0.004629629629629629 0.0 1.0 0.0 0.015611230873130127 0.016626739805284733 0.019200626959247645 0.002620545073375262 0.04262039966262057
0 0.004545454545454546 0.0 1.0 0.0 0.00827691073093778 0.010255261116765177 0.012396694214876032 0.0024299599771297883 0.0240735588073545
0 0.0036363636363636364 0.0 1.0 0.0 0.010631466530154739 0.012999979242875328 0.01379310344827586 0.0023899371069182385 0.019661680595659717
0 0.047619047619047616 0.0 1.0 0.0 0.017371054605408335 0.005213002180904676 0.019581664441477527 0.005365526492287055 0.047619047619047616
0 0.022727272727272728 0.0 1.0 0.0 0.018096832405149643 0.01810190211531941 0.011894647408666099 0.004908237302603499 0.01755091652760836
0 0.01515151515151515 0.0 1.0 0.0 0.005595673403525697 0.010281868007160687 0.0159303313508921 0.0032010243277848915 0.00020846609736561593
0 0.0078125 0.0 1.0 0.0 0.006681773984455615 0.009584836606947724 0.021466121495327097 0.0019072769953051645 8.417658766743222e-05
0 0.010526315789473684 0.0 1.0 0.0 0.01609452069835468 0.017200313570313784 0.01574028529267093 0.0017296763034346432 0.004596692840958098
0 0.008333333333333333 0.0 1.0 0.1 0.012377776138751118 0.00518302355360896 0.023130841121495327 0.001643192488262911 0.018963724638710943
0 0.017857142857142856 0.0 1.0 0.0 0.0 0.0 0.018691588785046728 0.0 0.0027549225696090465
0 0.005208333333333333 0.0 1.0 0.0 0.010044027773883803 0.011976047118528713 0.014602803738317757 0.0 0.03813053790782436
0 0.004830917874396135 0.0 1.0 0.0 0.01375790907848049 0.01737158231545013 0.017269402681836653 0.00265360277607675 0.017917913857005387
0 0.004347826086956522 0.0 1.0 0.0 0.01261921628464717 0.010658714312393222 0.013612352702153595 0.001837109614206981 0.03221625189876665
0 0.03225806451612903 0.0 1.0 0.06451612903225806 0.006727301012897627 0.0061011249391482196 0.00971090523495926 0.0022921674959467766 0.03225806451612903
0 0.017857142857142856 0.0 1.0 0.0 0.005567982526043458 0.009025044965598444 0.006982204646564507 0.0022901708343649415 0.0142597085816402
0 0.041666666666666664 0.0 1.0 0.0 0.007885065721730585 0.006505617362374623 0.013192041522491349 0.0032495667244367412 0.0690644448797545
0 0.010869565217391304 0.0 1.0 0.0 0.004910065233837089 0.004319483189323401 0.021513464720926734 0.002335920428000904 0.0020821010686727544
0 0.011764705882352941 0.0 1.0 0.0 0.0062783637928564475 0.008896015718514156 0.012823122328516182 0.00275257416658171 0.03437472792627465
0 0.005376344086021505 0.0 1.0 0.0 0.006431525814874615 0.007329013189547345 0.009487666034155597 0.0021803544473640067 0.021134743087502277
0 0.005714285714285714 0.0 1.0 0.0 0.008536120775420077 0.004732805549202012 0.012456747404844292 0.0021490467937608313 0.0250723756840784
1 0.00625 0.0 1.0 0.0 0.007008688487067564 0.009439517609964485 0.015570934256055362 0.0017331022530329288 0.03458685890567081
0 0.004629629629629629 0.0 1.0 0.0 0.0060141815032988405 0.008321904319505477 0.009227220299884658 0.0009387637203928364 0.02355659221462072
0 0.0025 0.0 1.0 0.0 0.0053868771583061945 0.007410249676471444 0.014965397923875435 0.0012131715771230502 0.02032709586704824
0 0.0033670033670033673 0.0 1.0 0.0 0.0038538840232749017 0.00529431111051692 0.014033064206074586 0.0008986456126837408 0.022553502612014126
0 0.002976190476190476 0.0 1.0 0.0 0.00650216494790108 0.004037024005883352 0.013655462184873951 0.0014236197078484772 0.014006010073495374
0 0.005128205128205128 0.0 1.0 0.0 0.004402571566497903 0.002144051016733677 0.005536332179930796 0.0005777007510109763 0.0444206508834114
0 0.0026455026455026454 0.0 1.0 0.0 0.0033832514080259952 0.0011911394537409317 0.007945661924900678 0.0004493228063418705 0.02354620553799977
0 0.006060606060606061 0.0 1.0 0.0 0.007579673807758624 0.004286998432849731 0.014784523435042466 0.0 0.059152093884961336
0 0.001644736842105263 0.0 1.0 0.0 0.0037490050063423196 0.0016523086148641205 0.012793662356583501 0.0005472954483261881 0.012014442537787875
0 0.0018975332068311196 0.0 1.0 0.0 0.0028871227231901 0.0016788689967418382 0.01172005804219221 0.0007826913400793872 0.015929879631845324
0 0.0037037037037037034 0.0 1.0 0.0 0.0015550258155329981 0.0031437988507564693 0.018223760092272202 0.0 0.0015645935089459088
0 0.0037593984962406013 0.0 1.0 0.0 0.0031439446740230844 0.005036555030659906 0.0042016806722689065 0.0002475860361475613 0.0034053891903082904
0 0.0038461538461538464 0.0 1.0 0.0 0.004337762044223119 0.006348055371719795 0.00758583976577056 0.0 0.002649748811513453
0 0.0013605442176870747 0.0 1.0 0.0 0.006348697031161934 0.006677251764319804 0.015719228868017795 0.0014359990096558552 0.020118731821288906
0 0.0012285012285012285 0.0 1.0 0.0 0.005576706617153517 0.00677223097007961 0.015757972505377353 0.0006089278186331913 0.011242203096009868
0 0.0010869565217391304 0.0 1.0 0.0 0.002305542800611539 0.004100074561005438 0.015441176470588236 0.00025996533795493934 0.0008826631007792629
0 0.021739130434782608 0.0 1.0 0.08695652173913043 0.006887638882407247 0.008058990257578115 0.019029802606115337 0.0037525879917184248 0.021739130434782608
0 0.014285714285714285 0.0 1.0 0.0 0.00904523833453859 0.010880962384610468 0.017210682492581602 0.004081632653061224 0.01848299290954053
0 0.011904761904761904 0.0 1.0 0.0 0.006045978681195308 0.008171062077904976 0.019181856718948703 0.001062925170068027 0.02107222316292092
0 0.0125 0.0 1.0 0.0 0.005124229823586424 0.004049044501978756 0.011721068249258159 0.0 0.029696307238028696
0 0.008 0.0 1.0 0.0 0.007422787365436734 0.008102899172366444 0.020771513353115726 0.0017857142857142854 0.016461248913794198
0 0.00980392156862745 0.0 1.0 0.0 0.007337893855484602 0.005978634376679876 0.014662244719846396 0.0007002801120448179 0.021536715124484174
0 0.005952380952380952 0.0 1.0 0.0 0.00494325554132371 0.007596969033302806 0.021389713155291784 0.001240079365079365 0.022737021359750576
0 0.005681818181818182 0.0 1.0 0.0 0.00524586732670198 0.004198792035735168 0.01699487456164014 0.0006764069264069264 0.011756127237037107
0 0.007936507936507936 0.0 1.0 0.0 0.01123011249990075 0.011766884734904713 0.023314963967782956 0.001913265306122449 0.051159519228590196
0 0.0038461538461538464 0.0 1.0 0.07692307692307693 0.012836884147708557 0.010205205881215393 0.011412919424788861 0.0010302197802197802 0.02107088796400587
0 0.005050505050505051 0.0 1.0 0.0 0.00961916704804833 0.005623672919414939 0.012693702604681837 0.00033068783068783067 0.02557149880883705
0 0.003205128205128205 0.0 1.0 0.0 0.004271065432633966 0.006559883763572647 0.019744350604884723 0.001831501831501831 0.008897390311856095
0 0.002849002849002849 0.0 1.0 0.0 0.008527887118004632 0.008682482011685607 0.016485328058028353 0.0020943562610229276 0.0019337506952825702
0 0.007936507936507936 0.0 1.0 0.0 0.0030096620852353055 0.004970730589419162 0.019452687108473463 0.0013227513227513227 0.030124968356257283
0 0.030303030303030304 0.0 1.0 0.06060606060606061 0.01327956250100401 0.014361196123040492 0.016155243284580824 0.003931722286152668 0.0303030303030303
0 0.014705882352941176 0.0 1.0 0.0 0.013351693396023878 0.016407214143800013 0.009742067173872705 0.003909158600148921 0.021730313665665413
0 0.013888888888888888 0.0 1.0 0.0 0.010407832445165625 0.014015351460546938 0.012223974763406942 0.002900843881856541 0.04401884630795602
0 0.01 0.0 1.0 0.0 0.013159681313971288 0.002782482489768475 0.014763406940063091 0.0007594936708860759 0.016258005771109144
0 0.008333333333333333 0.0 1.0 0.0 0.008562964557375687 0.011866034845600703 0.014589905362776025 0.0010548523206751054 0.01814397455346549
0 0.018518518518518517 0.0 1.0 0.0 0.017019002613063876 0.013619875892498601 0.016123378899404135 0.0 0.052344633285945616
0 0.003968253968253968 0.0 1.0 0.0 0.011960335742815251 0.01273589269147184 0.01962846126883981 0.002373417721518988 0.027457379806738024
0 0.008928571428571428 0.0 1.0 0.0 0.011188807203026927 0.013368470010903926 0.013068949977467326 0.0009041591320072332 0.05862060755382785
0 0.013888888888888888 0.0 1.0 0.0 0.006531130116350658 0.005279523513488266 0.013012618296529969 0.0015822784810126582 0.031675321342723196
0 0.004166666666666667 0.0 1.0 0.0 0.004390498380148996 0.003646606824357286 0.020110410094637227 0.0005274261603375527 0.0002092661355231376
0 0.005347593582887701 0.0 1.0 0.0 0.007270497392361565 0.00923939158918841 0.012803859714232696 0.0011169024571854058 0.021471159307300057
0 0.0030864197530864196 0.0 1.0 0.0 0.007925790427266719 0.005009363342634019 0.012501460450987267 0.0011720581340834506 0.016194141225048135
0 0.005128205128205128 0.0 1.0 0.0 0.006589470050374442 0.0031319428776084347 0.008201892744479496 0.0008438818565400844 0.035605913329251275
0 0.0026455026455026454 0.0 1.0 0.0 0.005976777733661764 0.004768963268137405 0.008645869844608014 0.0011720581340834506 0.01904110639814621