0 0.041666666666666664 0.0 1.0 0.0 0.012944050471275934 0.0021549969381973147 0.012662461773700307 0.0014351320321469572 0.041666666666666664
0 0.010869565217391304 0.0 1.0 0.0 0.006087780755758482 0.0033755865759334874 0.0127143996808935 0.00147257025907253 0.020094556176767232
0 0.020833333333333332 0.0 1.0 0.0 0.008441014526794315 0.0023568711824655127 0.006880733944954129 0.0012916188289322614 0.020342378954793208
0 0.008333333333333333 0.0 1.0 0.0 0.008266694730783534 0.002900544787993907 0.010435779816513762 0.0011863758132414843 0.03090526392251283
0 0.013333333333333334 0.0 1.0 0.0 0.01559835694874897 0.0026259904010541213 0.009021406727828748 0.0016838882510524299 0.06195162061675327
0 0.005952380952380952 0.0 1.0 0.0 0.014416792959805746 0.004270877152488258 0.01527686762778506 0.0016811546662292925 0.0334024652280441
0 0.006493506493506493 0.0 1.0 0.0 0.014512960298099392 0.0012118043527154247 0.01079024186822352 0.0021396513933827355 0.04487941382687627
0 0.005434782608695652 0.0 1.0 0.0 0.01019774593902591 0.002442201181953951 0.005733944954128441 0.0010981879898168021 0.04043414430006523
0 0.005847953216374269 0.0 1.0 0.0 0.011333645721093593 0.0011667515862774079 0.01249396426846934 0.00018127983563961567 0.049192819960213185
0 0.002702702702702703 0.0 1.0 0.0 0.008380405622798494 0.003276467857921408 0.010693032482023308 0.0006826573990753096 0.02496352700394889
0 0.003246753246753247 0.0 1.0 0.0 0.01089750409057271 0.001522285104388713 0.009297182175622544 0.00020501886173527963 0.03538333276173765
0 0.0037878787878787876 0.0 1.0 0.0 0.012001356359795963 0.004939868352275889 0.015690158465387825 0.001513411961173155 0.041867006069760335
0 0.0038461538461538464 0.0 1.0 0.0 0.0075657219234597966 0.0047705303185502975 0.017087155963302757 0.0016647531572904707 0.01560610917132956
0 0.003401360544217687 0.0 1.0 0.0 0.010455095219362706 0.0022300372275337677 0.011413280908693752 0.0006560603575528948 0.04431780084788687
0 0.002150537634408602 0.0 1.0 0.0 0.009338948836077322 0.0039506822397982685 0.016055045871559637 0.0015925336098663013 0.02967873947670426
0 0.006944444444444444 0.0 1.0 0.0 0.02487831513553923 0.0017355261546943006 0.006243628950050969 0.0 0.10377975338587192
1 0.001176470588235294 0.0 1.0 0.0 0.008157436125734652 0.0036945095607410195 0.012821100917431194 0.0008495981630309988 0.019472158370362362
0 0.0027777777777777775 0.0 1.0 0.0 0.01418816764374636 0.0044469901753609225 0.018061926605504586 0.0016073478760045925 0.045789615978106754
0 0.004784688995215311 0.0 1.0 0.0 0.0020587575967242126 0.0012249315328550713 0.007193494578815681 0.00020874647740319382 0.0027936650156045895
0 0.004545454545454546 0.0 1.0 0.0 0.0034778492419727247 0.002917855208055109 0.010321100917431191 0.0003131197161047907 0.0015646901613457687
0 0.001443001443001443 0.0 1.0 0.0 0.008070498736920806 0.0018812100497828871 0.012892688351403947 0.0007306126709111783 0.027888344083140608
0 0.002840909090909091 0.0 1.0 0.0 0.0019375748069524984 0.0012252425215124661 0.011037844036697247 0.0006458094144661309 0.0034884587515653406
0 0.006211180124223602 0.0 1.0 0.0 0.028177171859528036 0.0018537320704698336 0.011304062909567496 0.00032803017877644746 0.13366739084647977
0 0.001736111111111111 0.0 1.0 0.0 0.0022475295297947613 0.002528250200376992 0.011611238532110093 0.0007654037504783774 0.00014420280073942137
0 0.0044444444444444444 0.0 1.0 0.0 0.0013446326350227476 0.002146149426140684 0.003312945973496432 0.0 0.005298422522077285
0 0.0038461538461538464 0.0 1.0 0.0 0.020929878848609383 0.0012847569298831657 0.020412844036697252 0.0020665901262916187 0.09355824825575274
0 0.0028490028490028487 0.0 1.0 0.0 0.0013420589296442144 0.0024639751315852594 0.012702893436838388 0.000883158173628897 0.0012442434938229946
0 0.00510204081632653 0.0 1.0 0.0 0.0 0.00308311405240919 0.00851900393184797 0.0009840905363293422 0.012491592651852389
0 0.0022988505747126436 0.0 1.0 0.0 0.017485912489484886 0.006288302200655236 0.008639143730886851 0.0008419441255262151 0.06140426562422208
0 0.002564102564102564 0.0 1.0 0.0 0.004703457246773109 0.0014585678699869562 0.010409315455187017 0.00017663163472577938 0.001804792331794702
0 0.0011123470522803114 0.0 1.0 0.0 0.008393003267646684 0.0025195740527562144 0.009292945270484023 0.00015835939665069876 0.0320395931473574
0 0.001644736842105263 0.0 1.0 0.0 0.014349093793024842 0.004707922897585745 0.010079671656204733 0.0007251193425584627 0.0486341694002772
0 0.00101010101010101 0.0 1.0 0.0 0.016834229411962397 0.001839128947079381 0.010053516819571864 0.0007654037504783774 0.024105415242377345
0 0.0016339869281045752 0.0 1.0 0.0 0.020322396131441513 0.0035411258065609513 0.009747706422018351 0.0007016201046051792 0.05337076530158726
0 0.0012422360248447205 0.0 1.0 0.0 0.011432111300066395 0.0016836706779850327 0.010221380135620262 0.0004991763590076375 0.040006480793105474
0 0.0012077294685990338 0.0 1.0 0.0 0.014797069172450272 0.0027367155800280866 0.007329477463103312 0.00044925872310687366 0.03865983354793931
0 0.0009652509652509653 0.0 1.0 0.0 0.00841001721576771 0.001418720702047059 0.010935452162516386 0.0004920452681646711 0.03323051139556121
0 0.0020242914979757085 0.0 1.0 0.0 0.003983401272725672 0.001079086387488186 0.009968242766407905 0.0 0.0002626445503960778
0 0.0011655011655011655 0.0 1.0 0.0 0.011639111760954618 0.0022544454637433782 0.011572143452877399 0.0009915457676651707 0.04207400410536097
0 0.0017857142857142859 0.0 1.0 0.0 0.02089868162126846 0.0015897599673971585 0.019741153342070772 0.0008200754469411186 0.0641263557417868
0 0.0010604453870625664 0.0 1.0 0.0 0.015657142316425333 0.002543301352559191 0.010869565217391308 0.0005990116308091649 0.03797951816299349
0 0.030303030303030304 0.0 1.0 0.0 0.007012782542218058 0.0034674058399106647 0.010361681329423264 0.00163094888606191 0.030303030303030304
0 0.014285714285714285 0.0 1.0 0.0 0.009499616413787557 0.003915671478443028 0.013179723502304144 0.0023988928186990627 0.014421985779153114
0 0.014492753623188404 0.0 1.0 0.0 0.012024390058398327 0.002862775225969207 0.010472183263207105 0.0021528525296017217 0.00031637754577744316
0 0.010869565217391304 0.0 1.0 0.0 0.0012107381027555138 0.002428002472870222 0.0060776063581112665 0.0014040342584359052 0.006428857284191582
0 0.005 0.0 1.0 0.0 0.0064869983464871245 0.004149379202154611 0.012338709677419357 0.0016146393972012914 0.01901864388595104
0 0.011904761904761904 0.0 1.0 0.0 0.006792602758023125 0.00532372312452465 0.007987711213517665 0.0016146393972012914 0.012944402691363379
0 0.0026455026455026454 0.0 1.0 0.0 0.007777273530265181 0.003089911787153223 0.012246117084826758 0.0012358968225491364 0.002519788691480384
0 0.004807692307692308 0.0 1.0 0.0 0.006730972621742524 0.0031099286864988353 0.013606286186931348 0.0008280202036929699 0.03417319256506006
0 0.0028490028490028487 0.0 1.0 0.0 0.011178118231112361 0.004074267661966248 0.013647642679900741 0.001545637713560211 0.012237228301740942
1 0.005 0.0 1.0 0.0 0.005897636133515941 0.0034009551980539584 0.014086021505376346 0.0010226049515608183 0.0409251897634733
0 0.003246753246753247 0.0 1.0 0.0 0.0011480205915662784 0.003555839755599962 0.010983102918586788 0.000730432108257727 0.0002301255886649894
0 0.0017730496453900709 0.0 1.0 0.0 0.008142703103175584 0.002711779808888875 0.012903225806451613 0.0008015940269793647 0.011735807544333827
0 0.004273504273504274 0.0 1.0 0.0 0.00899518936285529 0.001795418596463179 0.008900836320191157 0.0005382131324004305 0.0427054695069832
0 0.001984126984126984 0.0 1.0 0.0 0.006704100227204161 0.0025190813970662708 0.011439665471923537 0.0008372204281784475 0.01585960781104924
0 0.005555555555555556 0.0 1.0 0.0 0.0009823821051308597 0.0012203793977976875 0.00949820788530466 0.00017940437746681017 0.0023866389819094803
0 0.0016891891891891893 0.0 1.0 0.0 0.004422156235795001 0.0016171539473884742 0.008340598663179308 0.0003200186192651209 0.024448404345521983
0 0.001547987616099071 0.0 1.0 0.0 0.010318453031073453 0.0035807708701995505 0.010724391624221846 0.0012180612996430795 0.012666282952209567
0 0.001633986928104575 0.0 1.0 0.0 0.0015363493360158957 0.0035712787122499806 0.010088551549652117 0.0015829798011777366 0.001302562050459494
0 0.002631578947368421 0.0 1.0 0.0 0.0019992503337465635 0.003014169244119299 0.008709677419354838 0.00043057050592034443 0.005598842255373621
0 0.002777777777777778 0.0 1.0 0.0 0.0037098189757578223 0.0015200226996812097 0.00931899641577061 0.00023920583662241356 0.0023924608600415704
0 0.001443001443001443 0.0 1.0 0.0 0.009005027958626384 0.004160985331323548 0.00912349299446074 0.001109045242522099 0.021643404245975474
0 0.0011961722488038277 0.0 1.0 0.0 0.006691163885171398 0.0019084364185372902 0.008828522920203736 0.00045323211149509937 0.001865341877793987
0 0.0014492753623188406 0.0 1.0 0.0 0.00826561593306916 0.00154401850967347 0.007526881720430107 0.0005023322569070685 0.02293506692773554
0 0.0016025641025641025 0.0 1.0 0.0 0.0038914893826860523 0.0034605494335058556 0.01513647642679901 0.0017388424277552373 0.00013272048397707802
0 0.0014814814814814814 0.0 1.0 0.0 0.0058081126742990695 0.003804171939877358 0.01027479091995221 0.0009966909859267232 0.00014501928892376482
0 0.0019230769230769232 0.0 1.0 0.0 0.00482207484182668 0.001281543144443651 0.011397849462365592 0.0007534983853606027 0.000307767729370234
0 0.0011574074074074073 0.0 1.0 0.0 0.006165637193779698 0.001250630168203402 0.011189516129032257 0.0004372981700753498 5.966650914104922e-05
0 0.001020408163265306 0.0 1.0 0.0 0.007892209177157388 0.004657668634834185 0.01336405529953917 0.0015992618791327076 0.016915625083445823
0 0.0012315270935960591 0.0 1.0 0.0 0.0076035653053991015 0.002436902476825833 0.011367127496159755 0.0008457634937721052 0.0001562953607374054
0 0.001282051282051282 0.0 1.0 0.0 0.0040151436867460226 0.002360873467921124 0.012696443341604632 0.00082802020369297 0.008413588603416
0 0.001697792869269949 0.0 1.0 0.0 0.001565161835457239 0.0027548833595013476 0.016185625353706847 0.001076426264800861 0.0003770360137081235
0 0.001488095238095238 0.0 1.0 0.0 0.0056881248823542575 0.002549578473138857 0.014644137224782387 0.0013327182326105902 0.00010235907657606132
0 0.05263157894736842 0.0 1.0 0.0 0.031173546607416808 0.005287726601718671 0.013537781461527837 0.0031855955678670366 0.05263157894736842
0 0.016129032258064516 0.0 1.0 0.0 0.02082107899384092 0.00551942748693902 0.01092202184404369 0.003056027164685908 0.018000476386661815
0 0.013333333333333332 0.0 1.0 0.0 0.029246736663550887 0.004842037606440726 0.009343832020997376 0.0028421052631578945 0.030737044257025344
0 0.01 0.0 1.0 0.0 0.01966099874355519 0.004403791560787141 0.010393700787401573 0.003052631578947368 0.03849745694511721
0 0.014285714285714287 0.0 1.0 0.0 0.014837613518954582 0.0023507851951091183 0.012560929883764529 0.0016917293233082709 0.04501166345194681
0 0.006944444444444444 0.0 1.0 0.0 0.014138849632387285 0.0018891590416255464 0.0073272090988626415 0.0006578947368421052 0.03006863879379407
0 0.008928571428571428 0.0 1.0 0.0 0.016988651790317458 0.005144343142631903 0.01115485564304462 0.0018092105263157895 0.04555941868949407
0 0.005 0.0 1.0 0.08 0.00966860818529212 0.001624986420041782 0.011128608923884514 0.00042105263157894734 0.0291529660992578
0 0.009259259259259259 0.0 1.0 0.0 0.0231942429150558 0.006127971102714351 0.014654418197725283 0.0006578947368421052 0.05343681618818269
0 0.0058823529411764705 0.0 1.0 0.0 0.040202626041095785 0.0035336768449881362 0.014204106839586228 0.001547987616099071 0.04751326245047944
0 0.006060606060606061 0.0 1.0 0.0 0.0018126724843885178 0.006178236249289033 0.007349081364829396 0.0007017543859649122 0.0006966889913591784
0 0.003623188405797101 0.0 1.0 0.0 0.016126742192681988 0.0057020898675059625 0.010841036174825973 0.0006864988558352403 0.028485930598515143
0 0.005494505494505495 0.0 1.0 0.0 0.03472054445685209 0.0055379499242389895 0.01124859392575928 0.0003759398496240601 0.06869208571666571
0 0.006493506493506493 0.0 1.0 0.18181818181818182 0.0009769373806304224 0.007210711197539152 0.01717967072297781 0.0004784688995215311 0.0008231658903725195
0 0.002898550724637681 0.0 1.0 0.0 0.0341969073793911 0.005518757165339461 0.013579824261097795 0.00045766590389016015 0.034453857362855556
0 0.002976190476190476 0.0 1.0 0.0 0.014728548236770202 0.008076448007347012 0.013748281464816896 0.0011278195488721803 0.035164504560973864
0 0.003676470588235294 0.0 1.0 0.0 0.003943512611632918 0.006418192287947008 0.007053805774278215 0.0 0.00905253697149587
0 0.002525252525252525 0.0 1.0 0.0 0.002663196510130474 0.006302714532026165 0.008470532092579338 0.0007177033492822966 0.00034407334502796456
0 0.002631578947368421 0.0 1.0 0.0 0.023698639201213963 0.002433705447357639 0.015091863517060367 0.001973684210526316 0.04814989402245094
0 0.00625 0.0 1.0 0.0 0.030571753046125777 0.0018762442350842765 0.017388451443569555 0.003618421052631579 0.09141452139719501
0 0.023255813953488372 0.0 1.0 0.0 0.008268047712139043 0.004047459870455869 0.016434108527131782 0.0026628794603230986 0.023255813953488372
0 0.0125 0.0 1.0 0.0 0.009778412723795702 0.006389504590178905 0.01138095238095238 0.0026717557251908415 0.022689675318950983
0 0.017543859649122806 0.0 1.0 0.0 0.0035777995938928112 0.0023034263694537154 0.008721804511278195 0.0022097227802330257 0.000692619710935584
0 0.014705882352941176 0.0 1.0 0.0 0.0050215674776092145 0.006734782999448846 0.013781512605042016 0.0023574315222272117 0.0014567136860745005
0 0.008695652173913044 0.0 1.0 0.0 0.002828577458970609 0.00466741947978284 0.009275362318840581 0.0011616329239960172 0.0005412820893120673
0 0.009259259259259259 0.0 1.0 0.0 0.012919013574787573 0.006546612267316331 0.015343915343915342 0.001166242578456319 0.05059553349483505
0 0.004329004329004329 0.0 1.0 0.0 0.008522194038729839 0.004411804162253972 0.012698412698412698 0.0010987739995373582 0.026646791360468883
0 0.0078125 0.0 1.0 0.0 0.01400426429565678 0.00149167190338508 0.008214285714285714 0.0 0.05592188068172828
0 0.0035842293906810036 0.0 1.0 0.0 0.010860146326761867 0.006385838964099866 0.012227342549923198 0.0011696626446688007 0.029715893624081443
0 0.0071428571428571435 0.0 1.0 0.0 0.017810423897563953 0.0032780846866169726 0.0108843537414966 0.0006815703380588877 0.06451621089206641
0 0.004545454545454545 0.0 1.0 0.0 0.010952159606702873 0.007327323106478869 0.014095238095238096 0.0015267175572519084 0.04417402712703712
0 0.003623188405797101 0.0 1.0 0.0 0.0047538865253535815 0.0019754714297739034 0.011262939958592132 0.00041486890142714906 0.0002187983528492156
0 0.003663003663003663 0.0 1.0 0.0 0.012201428301910964 0.0040365403694765075 0.014603174603174602 0.0007270083605961468 0.04105549279045701
0 0.003968253968253968 0.0 1.0 0.0 0.010266797824777924 0.0038062867932891487 0.007830687830687832 0.00021204410517387616 0.01417263708145755
0 0.003333333333333333 0.0 1.0 0.0 0.009475721969988153 0.002837338520763884 0.01076190476190476 0.0006679389312977099 0.04491731114543739
0 0.004166666666666667 0.0 1.0 0.0 0.012769884002946518 0.006766362727372981 0.018793650793650796 0.0027989821882951653 0.06067872745466153
0 0.0015082956259426848 0.0 1.0 0.0 0.012599112844551499 0.003983202150587384 0.009474969474969477 0.0005871990604815032 0.01567436157617764
0 0.0024154589371980675 0.0 1.0 0.0 0.00632222330530814 0.004542620492330444 0.009855072463768114 0.0003318951211417192 0.012697197476850408
0 0.0011441647597254005 0.0 1.0 0.0 0.006684281147357316 0.006808439818252903 0.01552795031055901 0.0017009624958513115 0.01908391877261281
0 0.0010869565217391304 0.0 1.0 0.0 0.005171577807234466 0.00208514250843158 0.00935817805383023 0.0003318951211417192 0.019304352372130185
0 0.03225806451612903 0.0 1.0 0.0 0.01989503492764698 0.01100053869502602 0.01889626818469323 0.0036458746136165507 0.03225806451612903
0 0.011111111111111112 0.0 1.0 0.0 0.009264301455514821 0.00781252699049189 0.015196078431372549 0.0037128037128037125 0.026484890497114538
0 0.006802721088435374 0.0 1.0 0.0 0.010839815065037962 0.0068694000281913515 0.015256102440976388 0.002406859549716693 0.025370688769337665
0 0.013888888888888888 0.0 1.0 0.0 0.00996071312714707 0.002635622713800822 0.012527233115468411 0.0004095004095004095 0.07042366410403575
0 0.005128205128205128 0.0 1.0 0.0 0.005675269906788014 0.0038863505751820546 0.010306686777275012 0.000252000252000252 0.032260315879456554
0 0.008771929824561403 0.0 1.0 0.0 0.01186333009504542 0.0035799097338524563 0.015479876160990712 0.001810422863054442 0.06663424852458762
0 0.005291005291005291 0.0 1.0 0.0 0.010216586081815079 0.004773543222147692 0.013435003631082064 0.000637000637000637 0.0461005035185572
0 0.0033783783783783786 0.0 1.0 0.0 0.009825615011729873 0.009393026364357543 0.016030736618971912 0.0023241915133807027 0.03440340199957593
0 0.005555555555555555 0.0 1.0 0.0 0.004777410097694049 0.0045417617011039215 0.01580882352941176 0.0011056511056511055 0.002176621225812689
0 0.007692307692307693 0.0 1.0 0.0 0.010864881556695625 0.013336555594744672 0.01791101055806938 0.003213003213003213 0.016329712718165797
0 0.012987012987012988 0.0 1.0 0.0 0.027575840120195483 0.0 0.009453781512605041 0.0 0.18070480782868126
0 0.008333333333333333 0.0 1.0 0.0 0.005338790640846756 0.014116972344299126 0.012990196078431373 0.0024570024570024574 0.015522315067920683
0 0.0019723865877712033 0.0 1.0 0.0 0.008133171521556836 0.0048651409450636155 0.009489693313222724 0.0013230013230013228 0.032470725946633555
0 0.0035714285714285713 0.0 1.0 0.0 0.004587606434410819 0.004871156974218697 0.017034313725490198 0.0006142506142506142 0.005214380112292582
0 0.00196078431372549 0.0 1.0 0.0 0.010252138869207523 0.0032616902673307663 0.014417531718569779 0.0011562364503540975 0.03680589820515673
0 0.025 0.0 1.0 0.0 0.010659814869025053 0.007806645280848018 0.015538461538461543 0.0038580246913580253 0.025
0 0.05 0.0 1.0 0.0 0.013212727280250778 0.0034883347017452397 0.012923076923076923 0.0027777777777777775 0.043877902578922504
0 0.03333333333333333 0.0 1.0 0.0 0.0032312145444271427 0.006084579354757094 0.015692307692307693 0.0027777777777777775 0.014740465348034618
0 0.010869565217391304 0.0 1.0 0.0 0.007848816038556354 0.005407350347092149 0.016187290969899668 0.00322061191626409 0.027671516026435358
0 0.007692307692307693 0.0 1.0 0.0 0.009314030724064027 0.0036337578863911914 0.013846153846153843 0.00047483380816714147 0.016300475320788956
0 0.006172839506172839 0.0 1.0 0.0 0.010756648347558413 0.008666166666658495 0.016638176638176638 0.0009144947416552355 0.0245783235889238
0 0.004329004329004329 0.0 1.0 0.0 0.0022528861115702955 0.005935241249698397 0.01156177156177156 0.00018705574261129816 0.00012912219419251606
0 0.004807692307692308 0.0 1.0 0.0 0.0038949041562139127 0.008328652590728323 0.014911242603550296 0.0016619183285849952 0.0135079713247838
0 0.007936507936507936 0.0 1.0 0.0 0.0010321087767344189 0.0011940256618616447 0.00945054945054945 0.0 0.002472569954202839
0 0.008333333333333333 0.0 1.0 0.0 0.010011742512420015 0.006537505037054831 0.016666666666666666 0.0020576131687242796 0.0446319918462789
0 0.004132231404958678 0.0 1.0 0.0 0.009338495231690743 0.006997743359166414 0.014125874125874127 0.0016835016835016834 0.031196047071632795
0 0.005208333333333333 0.0 1.0 0.0 0.008133328558453626 0.0035909384299276383 0.012115384615384615 0.00038580246913580245 0.023583995796977383
0 0.0016366612111292963 0.0 1.0 0.0 0.004405569357347486 0.0057699838579201605 0.011718494271685762 0.000591016548463357 0.011372149558205178
0 0.0037593984962406013 0.0 1.0 0.0 0.0069233934360269575 0.003619328744028833 0.010040485829959516 0.000649772579597141 0.006193022088052386
0 0.03571428571428571 0.0 1.0 0.0 0.008074793463455129 0.004157826471579846 0.009015256588072122 0.0017365130817318815 0.03571428571428571
0 0.02 0.0 1.0 0.0 0.004052502103348445 0.005583028828980728 0.013203883495145632 0.002269043760129659 0.0003609131959762657
0 0.014492753623188404 0.0 1.0 0.0 0.005297963265091899 0.005089688987971735 0.018643590825946247 0.0019026143330279754 0.005029901391948541
0 0.008620689655172414 0.0 1.0 0.0 0.005729933643948884 0.0027453321948494205 0.011661644905702487 0.002011959984351421 0.00012259986180338306
0 0.006666666666666667 0.0 1.0 0.0 0.007650350713721374 0.0019639441910995746 0.008683926645091693 0.001620745542949756 0.027338101160448304
0 0.020833333333333332 0.0 1.0 0.0 0.005450598522891279 0.005897654529045175 0.017394822006472493 0.002025931928687196 0.02291664991944336
0 0.005291005291005291 0.0 1.0 0.0 0.010176926009816619 0.0036183492048412766 0.01702025650245715 0.001560717930247914 0.030680469330307297
0 0.015625 0.0 1.0 0.0 0.005646267951831663 0.0023932394767869868 0.010517799352750809 0.0006077795786061589 0.0008893923908595507
0 0.009259259259259259 0.0 1.0 0.0 0.007019670583944233 0.0031909859690493155 0.01577669902912621 0.00040518638573743926 0.00047148728318149234
0 0.005 0.0 1.0 0.0 0.004493191799195781 0.005530277550776405 0.011893203883495145 0.0008103727714748784 0.001342893618031662
0 0.011363636363636364 0.0 1.0 0.0 0.0017678412990176913 0.0010972650733801499 0.020428802588996767 0.0012155591572123178 0.003007158751037978
0 0.003968253968253968 0.0 1.0 0.0 0.0038189482389044465 0.0025465265831499375 0.011095700416088764 0.0006174268735046692 0.001146140824497335
0 0.006993006993006993 0.0 1.0 0.0 0.001797706043814161 0.0028684078659041573 0.013386290085319212 0.0014734050390452335 0.004410662759744224
0 0.005494505494505494 0.0 1.0 0.0 0.002497786240588194 0.006473465229347685 0.01605675877520538 0.000997381872584466 0.0009855757144990288
0 0.0024691358024691358 0.0 1.0 0.0 0.005247361239168614 0.0027799068105941456 0.015282272563825961 0.0008403865778257997 0.00015160592941404442
0 0.0020833333333333333 0.0 1.0 0.0 0.007023508501069272 0.0025470966890342754 0.01197411003236246 0.0005402485143165856 0.030550373279123275
0 0.001838235294117647 0.0 1.0 0.0 0.008440230939785711 0.0030272852505906266 0.012287621359223302 0.001012965964343598 0.020795228192595466
0 0.0029239766081871343 0.0 1.0 0.0 0.001852118782050803 0.0051196434415757795 0.011241696474195196 0.00017060479399471124 0.00040021968503950846
0 0.005263157894736842 0.0 1.0 0.0 0.0031572465315430217 0.0009244380023753973 0.009061488673139158 0.0006482982171799027 0.0040138560416207785
0 0.002380952380952381 0.0 1.0 0.0 0.009317735986136352 0.0022554975745804973 0.010094005239636309 0.0003858917959404183 0.03949955079647135
0 0.0020703933747412005 0.0 1.0 0.0 0.01213305276022678 0.0046986452869173054 0.016392289292247078 0.0004932703826368825 0.03509365604073134
0 0.003246753246753247 0.0 1.0 0.0 0.007624464918268946 0.0025957498622962718 0.015372168284789644 0.00023153507756425097 0.00038719171335046897
0 0.0013175230566534915 0.0 1.0 0.0 0.002441035322046202 0.0023945875755836425 0.010885554574874962 0.00044202151171357 9.983137175875495e-05
0 0.003205128205128205 0.0 1.0 0.0 0.016469478271289598 0.0046922222602665395 0.01257157082399801 0.0004986909362922329 0.0656454645938023
0 0.0014285714285714286 0.0 1.0 0.0 0.002773587677023179 0.001937080872090744 0.016296809986130374 0.0012155591572123178 0.0047740750740234384
0 0.0017482517482517483 0.0 1.0 0.0 0.004978197325323186 0.003196798418945995 0.012577228596646072 0.00088404302342714 0.00017170278132665168
0 0.0013717421124828531 0.0 1.0 0.0 0.006231046789365534 0.0031590971029093243 0.011326860841423947 0.0004201932889128999 0.03431582867081191
0 0.003968253968253968 0.0 1.0 0.0 0.006816954205683844 0.0023251651982871737 0.011147069399496584 0.0009004141905276427 0.0026778913504335593
0 0.003134796238244514 0.0 1.0 0.0 0.003954778971658458 0.0016055310631422444 0.009561635775228007 0.0 0.0024237037361926035
0 0.0014492753623188406 0.0 1.0 0.0 0.008507298674861363 0.001816915715598008 0.009145912480652874 0.00021140159255866395 0.03981722666051277
0 0.0024813895781637717 0.0 1.0 0.0 0.01888416103844428 0.0008480731533878956 0.013442867811799849 0.0003740182022191747 0.051364676493321375
0 0.019230769230769232 0.0 1.0 0.0 0.023244481035189227 0.003157429600992513 0.012085089567966282 0.0019791529225491504 0.019230769230769232
0 0.015625 0.0 1.0 0.0 0.017470340791809928 0.005943282391262764 0.011986301369863015 0.002304888507718697 0.04149276840810008
0 0.00980392156862745 0.0 1.0 0.0 0.023041132444844542 0.006720805774089863 0.012691377921031428 0.0026233477953788724 0.03905001666149591
0 0.013157894736842105 0.0 1.0 0.0 0.027042371674449252 0.005455646659278862 0.01234679163662581 0.0017152658662092624 0.07043415716245764
0 0.005128205128205128 0.0 1.0 0.0 0.022159776172387728 0.0039021232609991996 0.013479100807867933 0.0010995294014161936 0.029455491476165847
0 0.006666666666666666 0.0 1.0 0.0 0.009478280907688345 0.004963925621550489 0.014383561643835618 0.000686106346483705 0.03520442648497978
0 0.008403361344537815 0.0 1.0 0.0 0.029211643361617946 0.0026267789046002426 0.014202256244963738 0.0004035919685198264 0.07927076647983919
0 0.002840909090909091 0.0 1.0 0.0 0.039084798464848865 0.003997785803211446 0.013114881693648816 0.0007016996725401529 0.015975111472109428
0 0.0065359477124183 0.0 1.0 0.0 0.017610244457580776 0.004298723404702198 0.011583400483481063 0.0008071839370396528 0.05024026215739727
0 0.0019230769230769232 0.0 1.0 0.0 0.02380736099983466 0.004502179035864382 0.012677818756585883 0.0010225623433170602 0.017265400581028566
0 0.00909090909090909 0.0 1.0 0.0 0.002347561432172852 0.003351543008565694 0.00821917808219178 0.0006861063464837049 0.006469627788630384
0 0.0027777777777777775 0.0 1.0 0.0 0.028961362405043555 0.004447938440091267 0.01215753424657534 0.00137221269296741 0.03683267356125689
0 0.0015384615384615385 0.0 1.0 0.0 0.020253523901555815 0.003019935139205151 0.012089041095890412 0.000686106346483705 0.011198843793763345
0 0.0016611295681063121 0.0 1.0 0.0 0.031366031855121324 0.004741297490980154 0.014733991717107356 0.0010770274043639554 0.021328036621173063
0 0.0023809523809523807 0.0 1.0 0.0 0.023133516039015884 0.0033173045051127317 0.011986301369863015 0.001654006370987503 0.0315252509094107
0 0.0021551724137931034 0.0 1.0 0.0 0.02263184881609015 0.005817665850441773 0.012163438828530939 0.0017744129650440644 0.026312992756424843
0 0.004901960784313725 0.0 1.0 0.0 0.015255654707161712 0.005949403823226783 0.009703196347031961 0.002144082332761578 0.021575536093017517
0 0.00326797385620915 0.0 1.0 0.0 0.027189346124343067 0.01062411656434801 0.0136986301369863 0.0018161638583392191 0.059261464625007525
0 0.001547987616099071 0.0 1.0 0.0 0.01486061019501339 0.004377318425259704 0.009014907332796132 0.0007062859449096964 0.02335327196847765
0 0.029411764705882353 0.0 1.0 0.0 0.01416213186078046 0.007292094337694933 0.01369016074898428 0.003809355067328136 0.02941176470588236
0 0.013513513513513514 0.0 1.0 0.0 0.009786226025770377 0.007912969962118547 0.011606200795389984 0.004070335395636601 0.021036422643672077
0 0.016666666666666666 0.0 1.0 0.0 0.008269093919631912 0.01111314672414836 0.012462462462462465 0.004216867469879518 0.007564010547620292
0 0.025 0.0 1.0 0.0 0.003303601054432886 0.005520404442256957 0.013213213213213216 0.0006024096385542169 0.000844796296706853
0 0.008 0.0 1.0 0.0 0.014022456628379478 0.006424162146738117 0.012852852852852852 0.000963855421686747 0.02387329015693578
0 0.011904761904761904 0.0 1.0 0.0 0.003949809646106676 0.005319421773560508 0.007722007722007721 0.0004302925989672978 0.011003677765363592
0 0.01020408163265306 0.0 1.0 0.0 0.0015011983928056964 0.0047797970994941 0.012655512655512654 0.0021514629948364886 0.009255330058853152
0 0.002840909090909091 0.0 1.0 0.0 0.007070467466510191 0.007338557499646617 0.01706251706251706 0.00130065717415115 0.01924619111265309
0 0.01111111111111111 0.0 1.0 0.0 0.005291566211690839 0.010163206296210047 0.007207207207207207 0.0015060240963855422 0.013249656859765613
0 0.00625 0.0 1.0 0.0 0.011423295651045783 0.0021696814730739434 0.014076576576576577 0.0009412650602409639 0.05033649114148139
0 0.005681818181818182 0.0 1.0 0.0 0.005184776616593107 0.0060113953830839085 0.010885885885885885 0.00037650602409638556 0.015017115015420955
0 0.003968253968253968 0.0 1.0 0.0 0.01202620044519547 0.0024973396466464346 0.019591019591019592 0.0008605851979345957 0.04040041491674586
0 0.0032051282051282055 0.0 1.0 0.0 0.005739421865350648 0.004779270024935022 0.013638638638638638 0.0011295180722891568 0.0016506255850613843
0 0.003968253968253968 0.0 1.0 0.0 0.008146948331524649 0.0031212818954632943 0.01835168501835169 0.0003346720214190094 0.010896152663334942
0 0.0022222222222222222 0.0 1.0 0.0 0.00513960150189756 0.0067761668898381235 0.014714714714714715 0.002108433734939759 0.0036411482038597545
0 0.03125 0.0 1.0 0.0 0.010543453037544628 0.00499773155518165 0.014993941841680132 0.0018203883495145645 0.031249999999999997
0 0.016129032258064516 0.0 1.0 0.0 0.007132839896355904 0.0033295032426963606 0.012194486424514048 0.0018791105543376147 0.02271439417340154
0 0.0303030303030303 0.0 1.0 0.0 0.0012437936686148275 0.002678723111597045 0.0091055955353209 0.0014710208884966167 0.0021926751511577385
0 0.010416666666666666 0.0 1.0 0.0 0.007771578206687999 0.0033144675262537938 0.009760366182014002 0.0018203883495145638 0.024713360102353834
0 0.025 0.0 1.0 0.0 0.008654286908150767 0.0011942747417533382 0.016558966074313407 0.0016181229773462784 0.016291576110361333
0 0.004629629629629629 0.0 1.0 0.0 0.0062016521897129495 0.0026120321786703435 0.008257045413749777 0.0019777058612010074 0.014903546425176696
0 0.005952380952380952 0.0 1.0 0.0 0.006792500653199417 0.0019968665494841634 0.0071351642434033385 0.0007416396979503776 0.024754047723518857
0 0.005208333333333333 0.0 1.0 0.0 0.010618072521762218 0.0038615189001538672 0.012318255250403878 0.0009439050701186624 0.03106427778424044
0 0.00326797385620915 0.0 1.0 0.0 0.009401311321185615 0.0035611299872817417 0.012924071082390954 0.0009518370454978107 0.02747977865100077
0 0.003448275862068966 0.0 1.0 0.0 0.00638183848497887 0.005372922251258905 0.012645535067684253 0.000557973440464234 0.023800433993742848
0 0.006060606060606061 0.0 1.0 0.0 0.005543271136915014 0.002980953015445928 0.016693591814754983 0.0006472491909385113 0.004316232271904471
0 0.0030864197530864196 0.0 1.0 0.0 0.0024726722647724344 0.0033219174965544596 0.011188894872255129 0.00035958288385472856 0.0034647086160520253
0 0.003663003663003663 0.0 1.0 0.0 0.006103573629770358 0.002559964755160158 0.009769982306331254 0.00046232085067036526 0.033931748339346125
0 0.002551020408163265 0.0 1.0 0.0 0.0036122493864702713 0.003734891453586751 0.012174013385645052 0.00046232085067036526 0.003984507307000295
0 0.0031746031746031746 0.0 1.0 0.0 0.007532587252042771 0.003268901717705345 0.010693130240787755 0.0001541069502234551 0.03380353904453309
0 0.002403846153846154 0.0 1.0 0.0 0.00472407571006799 0.005008177608375046 0.009568783397539457 0.0004978839930296241 0.0011803218240505871
0 0.0053475935828877 0.0 1.0 0.0 0.0017401480608988543 0.0024264726808686066 0.0069026288735497135 0.0005884083553986467 0.01506735156886499
0 0.0026455026455026454 0.0 1.0 0.0 0.003030203695349693 0.003805718735334034 0.01107777521347796 0.0006164278008938204 0.0007720103001583824
0 0.002631578947368421 0.0 1.0 0.0 0.013138070169408229 0.0028354407430543765 0.011550888529886916 0.0008899676375404531 0.04556988403999922
0 0.002631578947368421 0.0 1.0 0.0 0.010724166185771752 0.003239804109837003 0.00918289261117252 0.000510986203372509 0.03793397747736787
0 0.005952380952380952 0.0 1.0 0.0 0.007412003716821315 0.004860745392991363 0.01373182552504039 0.0004045307443365696 0.017601150166447886
0 0.0021645021645021645 0.0 1.0 0.0 0.0028008222204895256 0.003856852900279207 0.0034618047542118624 0.0003082139004469102 0.0020914590872838303
0 0.001610305958132045 0.0 1.0 0.07407407407407407 0.01047471906790448 0.004150191743355648 0.009932387961467124 0.0008390267289943666 0.03338132950272671
0 0.0018115942028985505 0.0 1.0 0.0 0.006794095873897828 0.0045930328820717 0.007515628292477348 0.0004924722104966934 0.025206793128651126
0 0.000784313725490196 0.0 1.0 0.0 0.0038149000763732315 0.0022452437251482935 0.012195508251765977 0.0003490069166825306 0.013510591377388836
0 0.0014245014245014246 0.0 1.0 0.0 0.009852145680514578 0.0031200881556111477 0.015855920540896313 0.0008989572096368213 0.03415830432957191
0 0.02564102564102564 0.0 1.0 0.0 0.009840953669306499 0.00620499107717476 0.012599469496021221 0.0031774181630089392 0.02564102564102564
0 0.014285714285714285 0.0 1.0 0.0 0.009301752350658303 0.00796232632186691 0.015681444991789816 0.003458213256484148 0.026335699421699565
0 0.012345679012345678 0.0 1.0 0.0 0.004875207428395729 0.005160997544710021 0.011813537675606637 0.002561639449247519 0.005000711150389215
0 0.020833333333333332 0.0 1.0 0.0 0.01653013632140649 0.003041061814564259 0.012212643678160919 0.001440922190201729 0.07418169816701603
0 0.009523809523809525 0.0 1.0 0.0 0.00346971369814759 0.004999635233329488 0.01778872468527641 0.0006861534239055852 0.004832973505428529
0 0.004901960784313725 0.0 1.0 0.0 0.012336317427256813 0.00414389973038507 0.011578769438810005 0.0005933209018477708 0.02258506164479665
0 0.011904761904761904 0.0 1.0 0.0 0.003690190459640008 0.008254827836433637 0.011254789272030651 0.0004803073967339097 0.0010861469464017363
0 0.008333333333333333 0.0 1.0 0.0 0.016459049933530465 0.005283710946416599 0.010919540229885057 0.00038424591738712776 0.057005994488137104
0 0.0065359477124183 0.0 1.0 0.0 0.008537349261326736 0.004916314379136345 0.014198782961460448 0.000508560773012375 0.0002940572766329942
0 0.0035714285714285718 0.0 1.0 0.0 0.011345623976369314 0.0035899006159248945 0.009544334975369459 0.0003087690407575134 0.02841928862331403
0 0.006993006993006993 0.0 1.0 0.0 0.012822180974728502 0.008174867695763428 0.014367816091954025 0.001995123032587009 0.0675206728287529
0 0.007575757575757575 0.0 1.0 0.0 0.009304894606178562 0.006946930016436284 0.01018808777429467 0.0 0.0014853794695621938
0 0.0032051282051282055 0.0 1.0 0.0 0.011914599544298988 0.0028588354552875946 0.016762452107279693 0.001080691642651297 0.03318727509537773
0 0.002040816326530612 0.0 1.0 0.0 0.011033825260773155 0.006295598288729102 0.018390804597701153 0.0011527377521613833 0.026346724907158673
0 0.005128205128205128 0.0 1.0 0.0 0.014844849586667229 0.00933092188120331 0.015251989389920423 0.0013300820217246729 0.06685979710266192
0 0.005208333333333333 0.0 1.0 0.0 0.003043130675048321 0.0025040191393613533 0.019396551724137928 0.0 0.0007981288552093025
0 0.038461538461538464 0.0 1.0 0.0 0.019660180170782603 0.002266406642154002 0.012480896586856851 0.001938379922464805 0.03846153846153847
0 0.02 0.0 1.0 0.0 0.011446840101572422 0.0015022939882132018 0.009536423841059601 0.0015384615384615391 0.05223129571087196
0 0.02564102564102564 0.0 1.0 0.0 0.014302606902221533 0.003145676391172578 0.0044829342842587876 0.001326259946949602 0.10256799645887679
0 0.027777777777777776 0.0 1.0 0.0 0.02093737208823729 0.001578900349064612 0.00986019131714496 0.0011788977306218685 0.148494856411709
0 0.02 0.0 1.0 0.0 0.008229911884762742 0.013705348794775394 0.022384105960264897 0.004111405835543766 0.0002575255725898748
1 0.005555555555555555 0.0 1.0 0.0 0.007225398854372239 0.005740210122886719 0.009580573951434876 0.0022104332449160045 5.953864377383072e-05
0 0.006211180124223602 0.0 1.0 0.0 0.012185896901778742 0.002443002213136499 0.00978980708321336 0.001729904278629916 0.05599645191791735
1 0.005952380952380952 0.0 1.0 0.0 0.013361020873201002 0.003631695966987695 0.010785241248817407 0.002210433244916005 0.06084600677291725
0 0.015873015873015872 0.0 1.0 0.0 0.02778077323890308 0.0032643293784814296 0.008893093661305583 0.0011367942402425162 0.1903901890196198
0 0.006666666666666667 0.0 1.0 0.0 0.018406356436982466 0.008667922288662621 0.011743929359823399 0.001768346595932803 0.08522159584601861
0 0.005347593582887701 0.0 1.0 0.0 0.0076724534499467735 0.005149199060226749 0.012933385274639657 0.0011702293649555311 0.0005353986007907735
0 0.008333333333333333 0.0 1.0 0.0 0.013767450211009422 0.006287894596798263 0.011655629139072848 0.0009283819628647215 0.00019408529980218168
0 0.0038461538461538464 0.0 1.0 0.0 0.008713138082546474 0.010013430126598891 0.013973509933774834 0.0022546419098143236 0.000964121509762567
0 0.002232142857142857 0.0 1.0 0.0 0.014245323002671789 0.006800991938976664 0.014279801324503308 0.001699270557029178 0.038124165535213986
0 0.003703703703703704 0.0 1.0 0.0 0.018339554960451226 0.005192811593987556 0.008462104488594555 0.0011788977306218685 0.06960121938129417
0 0.002232142857142857 0.0 1.0 0.0 0.010958009333939877 0.0034220510156666895 0.0087038789025544 0.0008052292535051155 0.04476783988731096
0 0.0021786492374727667 0.0 1.0 0.0 0.014540323425456006 0.006386923280021172 0.01648270787343635 0.0014245014245014246 0.04417799009647063
0 0.0037037037037037034 0.0 1.0 0.0 0.020770994139784928 0.010562602707540154 0.016777041942604858 0.002033598585322723 0.08373242266690101
0 0.0023923444976076554 0.0 1.0 0.0 0.016136818193427303 0.007928118685255156 0.009271523178807946 0.0012056908608632747 0.060475202248036555
0 0.002631578947368421 0.0 1.0 0.0 0.01883590047923366 0.008809546341824894 0.014220982920878355 0.001745078877565266 0.07016729036529971
0 0.0026455026455026454 0.0 1.0 0.0 0.0056729087422032224 0.004602330817084084 0.013980868285504044 0.0004420866489832007 0.0001250635820185165
0 0.001893939393939394 0.0 1.0 0.0 0.012215503834754232 0.004639879405228439 0.009271523178807946 0.0012709991158267018 0.05455325465988816
0 0.003105590062111801 0.0 1.0 0.0 0.010383757697265418 0.002303827898389644 0.009933774834437085 0.00037893141341417203 0.02335856956630122
0 0.0013020833333333333 0.0 1.0 0.0 0.009572330158419625 0.0034787809752609717 0.012086092715231785 0.0011604774535809018 0.0406216483923617
0 0.0033333333333333335 0.0 1.0 0.0 0.003649538268637193 0.005241551199832452 0.011479028697571744 0.001989389920424403 0.0027048505906979822
0 0.0038461538461538464 0.0 1.0 0.0 0.019023970867492256 0.0016231694791573274 0.013642384105960265 0.0005305039787798408 0.1332726444430438
0 0.0030864197530864196 0.0 1.0 0.0 0.002655662727437978 0.004726429385427782 0.010264900662251655 0.0011052166224580016 0.00048500080357913056
0 0.005952380952380952 0.0 1.0 0.0 0.0325737652652604 0.0013504083958365085 0.009492273730684328 0.0 0.2218392232147083
0 0.0017241379310344827 0.0 1.0 0.0 0.008378427303790074 0.0038683319425886218 0.009205298013245032 0.00033156498673740057 0.00029319650654404674
0 0.0020833333333333333 0.0 1.0 0.0 0.00896825769364166 0.0027071242505421838 0.01705298013245033 0.0007460212201591511 0.022725299567120317
0 0.0011947431302270011 0.0 1.0 0.0 0.009899859931079733 0.00373293601346811 0.008290409614912923 0.0008350525591904902 0.05170659457096215
0 0.0014204545454545455 0.0 1.0 0.0 0.0012241643071488615 0.0025964753707476674 0.013546056592414209 0.0008439836026042923 0.00022841766317960996
0 0.002331002331002331 0.0 1.0 0.0 0.017560901508092794 0.003702637202532631 0.018237391747325523 0.001938379922464803 0.10178798100736106
0 0.0021008403361344537 0.0 1.0 0.0 0.015536246033379488 0.002625191184792633 0.012488174077578048 0.0007578628268283441 0.09492724600628821
0 0.0012987012987012987 0.0 1.0 0.0 0.004610478586841532 0.0026056374601276665 0.006622516556291391 0.0002411381721726549 0.0001242857832716753
0 0.0013227513227513227 0.0 1.0 0.0 0.0031999799235893646 0.002841713335874684 0.013812677388836328 0.000568397120121258 0.0002338966239445748
0 0.0009319664492078286 0.0 1.0 0.0 0.008678228394431324 0.002601690623217594 0.015026261703585293 0.0009603951339979877 0.045430374892120366
0 0.0012531328320802004 0.0 1.0 0.0 0.0023236431086663344 0.0038764783314447038 0.004162724692526017 0.00025262094227611467 0.0005266218056170709
0 0.0014245014245014244 0.0 1.0 0.0 0.002683240352124198 0.002348617986144827 0.009050772626931568 0.0005894488653109342 0.00016559379078615684
0 0.0014705882352941176 0.0 1.0 0.0 0.0007995836648861413 0.0004449822495440943 0.007401636151149201 0.00015603058199407084 0.0005048894147976534
1 0.03333333333333333 0.0 1.0 0.0 0.008031247248209904 0.0035613708766924026 0.012087912087912088 0.0024963289280469916 0.03333333333333333
0 0.013513513513513514 0.0 1.0 0.0 0.008125593976544925 0.0045933386813196584 0.013721413721413717 0.0024407667579473768 0.010550688504130542
0 0.01075268817204301 0.0 1.0 0.0 0.009298125646454849 0.002490127013226666 0.021978021978021976 0.0029131732272275135 0.0009829291503233126
0 0.016666666666666666 0.0 1.0 0.0 0.005306735392031104 0.005930277084467017 0.016263736263736266 0.002790014684287813 0.0005193254521286435
0 0.01 0.0 1.0 0.0 0.006884583597251756 0.00452714812805584 0.014945054945054942 0.0009911894273127754 0.036322028330987056
0 0.013888888888888888 0.0 1.0 0.0 0.0007065853084538224 0.004041230213363993 0.006593406593406593 0.0 0.012004695900176271
0 0.01020408163265306 0.0 1.0 0.0 0.00830302091499719 0.004703959578057193 0.012872841444270016 0.0009439899307740718 0.0003049294907081492
0 0.00390625 0.0 1.0 0.0 0.0009834421073779706 0.003563610449293093 0.012499999999999997 0.0007571585903083701 0.0010936673090486966
0 0.01111111111111111 0.0 1.0 0.0 0.00602820274595265 0.004494974513209898 0.011428571428571429 0.0004405286343612335 0.023021405225960308
0 0.0033333333333333335 0.0 1.0 0.0 0.004157311659583982 0.004180975532371715 0.012087912087912088 0.00014684287812041118 0.00012880541491577392
0 0.006993006993006993 0.0 1.0 0.0 0.007350364108459355 0.004610230269958869 0.01098901098901099 0.0 0.0005536653090163195
0 0.0030864197530864196 0.0 1.0 0.0 0.007596797127621189 0.005012620037627102 0.018477818477818476 0.00138684940447055 0.0007188469407535632
0 0.005494505494505495 0.0 1.0 0.0 0.0024234491350701615 0.004643197631575093 0.010518053375196233 0.0006293266205160479 0.0011014857111737773
1 0.001152073732718894 0.0 1.0 0.0 0.008508680427747422 0.0038619501578427847 0.014888337468982629 0.0008881625692766805 0.005836885457377149
0 0.00202020202020202 0.0 1.0 0.0 0.009996239789628714 0.0049304838336354 0.015717615717615714 0.0015351755439861167 0.004181745278449512
0 0.005681818181818182 0.0 1.0 0.0 0.010834274234401952 0.0027242269777029682 0.00899100899100899 0.0 0.0019480892939363421
0 0.002262443438914027 0.0 1.0 0.0 0.007395686151694326 0.005578154901499866 0.01724429416737109 0.0020332090816672314 0.00016911909113335422
0 0.001984126984126984 0.0 1.0 0.0 0.003544195091765149 0.0036769426216107836 0.009183673469387756 0.0 0.006757393942859763
0 0.005263157894736842 0.0 1.0 0.0 0.002335232323094863 0.005028095246392812 0.006593406593406593 0.0 0.012326932344499938
0 0.047619047619047616 0.0 1.0 0.0 0.03130477456499376 0.01468647481816118 0.015800865800865798 0.005653402913676886 0.04761904761904763
0 0.029411764705882353 0.0 1.0 0.0 0.00816250938791762 0.016060075903141534 0.012032085561497327 0.0056406124093473006 0.010454325354347602
0 0.008771929824561403 0.0 1.0 0.0 0.030471702821832963 0.013794399221523394 0.017464114832535883 0.005407354001441961 0.018962969579316064
0 0.006578947368421052 0.0 1.0 0.0 0.022624553113934673 0.007764333343178536 0.011124401913875598 0.0009613073780341264 0.016689150718631807
0 0.018181818181818184 0.0 1.0 0.0 0.028676737321065696 0.002823742118440976 0.012396694214876032 0.0 0.07749095714762942
0 0.007575757575757575 0.0 1.0 0.0 0.026930895048310186 0.007267019924990165 0.013016528925619832 0.0012453300124533001 0.027474534102718388
0 0.008403361344537815 0.0 1.0 0.0 0.023607488260355768 0.007404312113144231 0.01844919786096257 0.0008058017727639 0.05440358191658768
0 0.003676470588235294 0.0 1.0 0.0 0.023779637711135716 0.007066418522977749 0.0143048128342246 0.00147730325006715 0.019711324753583403
0 0.00505050505050505 0.0 1.0 0.0 0.009872670260973233 0.008086310293211375 0.01425619834710744 0.0008302200083022001 0.014589450536973275
0 0.021739130434782608 0.0 1.0 0.0 0.010164970304823474 0.006763471605010713 0.01483845233346629 0.0026374680306905348 0.021739130434782608
0 0.020833333333333332 0.0 1.0 0.0 0.01846836468116708 0.012786919198524198 0.02553516819571865 0.003982843137254902 0.037211332168236924
0 0.007751937984496124 0.0 1.0 0.0 0.013647653237437714 0.003556585330915921 0.019330061873266483 0.002393980848153214 0.015502160333307674
1 0.005681818181818182 0.0 1.0 0.0 0.012701050205155072 0.0076041802531266545 0.02172643869891577 0.0017129010695187165 0.02043108047954898
0 0.008333333333333333 0.0 1.0 0.0 0.012585980142366495 0.0038929047560794495 0.011085626911314985 0.0008425245098039216 0.03758961381586751
0 0.006666666666666666 0.0 1.0 0.0 0.01681928982726452 0.008984138117056114 0.018642201834862385 0.002058823529411765 0.037946369194316536
0 0.017857142857142856 0.0 1.0 0.0 0.00296467292203242 0.0 0.022935779816513763 0.0009191176470588235 0.015290604667969372
0 0.00390625 0.0 1.0 0.0 0.009481845410233076 0.006220154450543245 0.018577981651376155 0.0018956801470588237 0.028944252043597355
0 0.0065359477124183 0.0 1.0 0.0 0.017237458497349735 0.006403446406723085 0.01154883971937399 0.0008650519031141869 0.05618856401561789
0 0.003448275862068966 0.0 1.0 0.0 0.009577721385044246 0.004940370251921589 0.016956659285036382 0.0015846855983772821 0.00011311311719100699
0 0.0036363636363636364 0.0 1.0 0.0 0.011967936402252863 0.0028993272546775323 0.017027522935779818 0.000588235294117647 0.035791790109347084
0 0.001937984496124031 0.0 1.0 0.0 0.014400576117943108 0.008195754111156773 0.018561979944527417 0.0028642270861833105 0.015953680308153365
0 0.0026525198938992045 0.0 1.0 0.0 0.022122613538018487 0.00882795830651607 0.023663397658968684 0.0026622718052738336 0.023848115566086018
0 0.007142857142857143 0.0 1.0 0.0 0.025025721380764622 0.002044096117069967 0.008623853211009174 0.0 0.09053883102749545
0 0.0022988505747126436 0.0 1.0 0.0 0.004907227167311016 0.003497127309896189 0.012464409996836444 0.0007606490872210954 0.0009301359064690984
0 0.0025 0.0 1.0 0.0 0.011534086522177833 0.002695052321301726 0.014972477064220184 0.0011029411764705884 0.036122832991413154
0 0.004201680672268907 0.0 1.0 0.0 0.02731519277254212 0.011468385998780717 0.024901703800786372 0.0027573529411764708 0.06966931602288375
0 0.0012077294685990338 0.0 1.0 0.0 0.007500478403234943 0.0024404510870250358 0.01631431990426805 0.0009990409207161126 0.019184121936953128
0 0.001644736842105263 0.0 1.0 0.0 0.009016821300904745 0.006108772925854123 0.01897935779816514 0.0017233455882352943 0.028419409867548383
0 0.03333333333333333 0.0 1.0 0.0 0.011196522524049896 0.012162644113506886 0.012682926829268297 0.005065359477124182 0.03333333333333333
0 0.015625 0.0 1.0 0.0 0.008473651719990195 0.008540282518754643 0.014939024390243905 0.004595588235294118 5.384916855431531e-05
0 0.0303030303030303 0.0 1.0 0.0 0.01780822962883944 0.010837436406150213 0.017738359201773836 0.00089126559714795 0.08290648600313048
0 0.009615384615384616 0.0 1.0 0.0 0.009751411282426002 0.010324299527444396 0.01200750469043152 0.0007541478129713424 0.03369365005830617
0 0.009090909090909092 0.0 1.0 0.0 0.016846735921320074 0.013452374110858199 0.013968957871396898 0.001336898395721925 0.0384411780339641
0 0.00980392156862745 0.0 1.0 0.0 0.005879528783902715 0.01065258580422087 0.014921090387374462 0.0005767012687427913 0.00021316481193700226
0 0.005291005291005291 0.0 1.0 0.0 0.010774348035999047 0.006741093586815778 0.011924119241192417 0.0007262164124909223 0.033237629284828145
0 0.010416666666666666 0.0 1.0 0.0 0.00423419908363674 0.0027787560307697347 0.01504065040650407 0.0 0.0003913446028412108
0 0.003968253968253968 0.0 1.0 0.0 0.00994134173423642 0.0040382430544302714 0.01742160278745645 0.0 0.030230889500696707
0 0.02702702702702703 0.0 1.0 0.0 0.011435116999126178 0.0035580445093789906 0.014218009478672985 0.002223742730071843 0.02702702702702703
0 0.02631578947368421 0.0 1.0 0.0 0.007972633240248545 0.005030091289527843 0.013303400681799284 0.002248500999333778 0.02620384757197113
0 0.015873015873015872 0.0 1.0 0.0 0.007633216527482955 0.005746940634767039 0.01128413450688332 0.0018083182640144674 0.003996133522679503
0 0.011904761904761904 0.0 1.0 0.0 0.009369073211881943 0.004600034194780243 0.012412547957571653 0.0018836648583484034 0.022533432088809088
0 0.011764705882352941 0.0 1.0 0.0 0.008868381729347737 0.004255365167384986 0.007155468822600131 0.00176842889054356 0.029956002917320552
0 0.011904761904761904 0.0 1.0 0.0 0.01510840451766961 0.0 0.014556533513879488 0.0019213381555153713 0.05040465924465298
0 0.005291005291005291 0.0 1.0 0.0 0.0048002124472846745 0.0039138232310115826 0.01222865835820022 0.0014650726676043136 0.01882832086488365
0 0.004310344827586207 0.0 1.0 0.0 0.004022442019275144 0.003046586737748487 0.011439777741461021 0.0007638585770405937 0.0010819324104408214
0 0.004273504273504273 0.0 1.0 0.0 0.009720252290648972 0.005085651196574562 0.008384979948960992 0.001034566699123661 0.017575175577006774
0 0.004347826086956522 0.0 1.0 0.0 0.003392179560448479 0.004067345967906428 0.013462463081255581 0.0008943313153549807 0.003921741596354779
0 0.004545454545454545 0.0 1.0 0.0 0.0053693624108339085 0.0013951420544092684 0.00679304897314376 0.00015822784810126583 0.0031247091853940415
0 0.003623188405797101 0.0 1.0 0.0 0.011540043533237015 0.00237973254759731 0.011127137852874513 0.0011695101816180519 0.03442092151600239
0 0.004524886877828055 0.0 1.0 0.0 0.010395493227953833 0.003848573324534622 0.014032153145618436 0.0011169024571854058 0.03502373880300697
0 0.0021645021645021645 0.0 1.0 0.0 0.011745299003217918 0.002894432625617684 0.010723347216238209 0.0007192174913693901 0.020285409749182574
0 0.0015151515151515152 0.0 1.0 0.0 0.005185776089757023 0.00306100687721758 0.01080712336636507 0.0007551783659378597 0.009899297609502358
0 0.001893939393939394 0.0 1.0 0.0 0.004828812878002283 0.004171769654967167 0.012446742304562207 0.0011986958189489836 0.00038618684945341836
0 0.0021786492374727667 0.0 1.0 0.0 0.006212192720691997 0.0033131376132109125 0.008601018079691068 0.0002344116268166901 0.0021230044009490296
0 0.001984126984126984 0.0 1.0 0.0 0.00495778826162058 0.002423379893264692 0.011340555179417738 0.000734629294755877 0.002285627841874158
0 0.0018148820326678765 0.0 1.0 0.0 0.008843805772990142 0.005922050421983765 0.013782208421855421 0.0010366652116979484 0.014986322264161614
0 0.0017857142857142859 0.0 1.0 0.0 0.010820815561464988 0.0014833268822108405 0.006939742721733241 0.0002260397830018083 0.021097720965147605
0 0.0013227513227513227 0.0 1.0 0.0 0.010703861760576335 0.003235389567857607 0.012331051430577493 0.0005274261603375528 0.013906421426114748
0 0.001976284584980237 0.0 1.0 0.0 0.013680592591205415 0.001650433628813225 0.01277560271996703 0.0012383048981838196 0.029066717012564903
0 0.001402524544179523 0.0 1.0 0.0 0.005245189367399129 0.0029705307197718965 0.010446924527340364 0.0005104124132298898 0.0011823001643150987
0 0.0015432098765432098 0.0 1.0 0.0 0.004256331466794199 0.006104787529975605 0.015154174711836634 0.000879043600562588 0.0015777821838814363
0 0.045454545454545456 0.0 1.0 0.0 0.01862221660462671 0.008197652733712806 0.01597659765976598 0.005427408412483041 0.04545454545454546
0 0.020833333333333332 0.0 1.0 0.0 0.01716723016630039 0.010169893615489775 0.01547029702970297 0.005389718076285241 0.0381090448738326
0 0.01515151515151515 0.0 1.0 0.0 0.013237649301555578 0.006881152166025654 0.009675967596759677 0.0022614201718679327 0.04120125113599436
0 0.020833333333333332 0.0 1.0 0.0 0.02327085968522152 0.013148359483406669 0.013613861386138614 0.0012437810945273632 0.07583190978518717
0 0.0044444444444444444 0.0 1.0 0.0 0.011944443354720627 0.00984645457384575 0.013421342134213426 0.0015478164731896075 0.02020509080766605
0 0.006944444444444444 0.0 1.0 0.0 0.013073498833976287 0.006058143050132568 0.011551155115511552 0.0012437810945273632 0.038168430966618476
0 0.007518796992481203 0.0 1.0 0.0 0.01838813326909644 0.005162094032315524 0.007556018759770714 0.0010473946059177796 0.047229067747048915
0 0.003676470588235294 0.0 1.0 0.0 0.0105081316133061 0.011669409615893267 0.012813046010483402 0.001609599063505999 0.02661857613541197
0 0.029411764705882353 0.0 1.0 0.058823529411764705 0.0200251817517887 0.021227037140745503 0.024276377217553685 0.009013282732447815 0.029411764705882353
0 0.017241379310344827 0.0 1.0 0.0 0.03015346800224756 0.031161621812585416 0.02681992337164751 0.0011123470522803114 0.019772715915306414
0 0.05555555555555555 0.0 1.0 0.0 0.019687053519429093 0.006606339673234599 0.011580181764878334 0.002939447383891828 0.05555555555555555
0 0.011904761904761904 0.0 1.0 0.0 0.011487101541143659 0.006406308650619694 0.012501570549063954 0.0032123960695389264 0.018170840987229292
0 0.010416666666666666 0.0 1.0 0.0 0.006268095437345409 0.004269722998045197 0.012450527704485485 0.0025628306878306877 0.01316889542390311
0 0.006756756756756757 0.0 1.0 0.0 0.00812964380182775 0.006133013458932693 0.012550809384582473 0.0007865007865007865 0.02144177515172029
0 0.0071428571428571435 0.0 1.0 0.0 0.012208890188072249 0.007277358935554008 0.016584998115341122 0.0013227513227513227 0.03227010481816771
0 0.010416666666666666 0.0 1.0 0.0 0.016880473683090667 0.008276163515182464 0.018139841688654356 0.0008267195767195767 0.0515329900976494
0 0.015873015873015872 0.0 1.0 0.0 0.006602225620058173 0.005352721843808557 0.005863383172090296 0.0005878894767783657 0.0006337226041606129
0 0.004807692307692308 0.0 1.0 0.0 0.010255741774934614 0.004685403685933692 0.009843718286990055 0.000407000407000407 0.03176474635086162
0 0.006172839506172839 0.0 1.0 0.0 0.006930918452042941 0.002897418740360521 0.010700674289064788 0.0005878894767783657 0.0002052761892076074
0 0.0035714285714285718 0.0 1.0 0.0 0.012418328375649776 0.003594272473328239 0.01771579344138711 0.00037792894935752074 0.033627736660688884
0 0.0027548209366391185 0.0 1.0 0.0 0.015216935987829826 0.004834587971816488 0.015591268889421922 0.0005611672278338944 0.019049279311638585
0 0.002976190476190476 0.0 1.0 0.0 0.012007681962484579 0.00642997579776444 0.013758009800226161 0.001511715797430083 0.028605639392359966
0 0.004048582995951417 0.0 1.0 0.0 0.016667162445170244 0.006131056029631587 0.009582002499652824 0.000278473962684489 0.04105429423451881
0 0.002857142857142857 0.0 1.0 0.0 0.010823643414924776 0.005370093557712539 0.0158311345646438 0.000529100529100529 0.014545745730540814
0 0.003333333333333333 0.0 1.0 0.0 0.0032115436834559406 0.003903725416176096 0.012532981530343008 0.0 0.00016592568057328968
0 0.045454545454545456 0.0 1.0 0.0 0.019870478620614387 0.0048201146501647895 0.018058690744921 0.0020030816640986136 0.045454545454545456
0 0.022727272727272728 0.0 1.0 0.0 0.008792258974396248 0.003366155160937602 0.009798891853067924 0.0012326656394453007 0.03104878111140179
0 0.018518518518518517 0.0 1.0 0.0 0.0015625477177998023 0.0034006464550322014 0.0072736393278154 0.0010671688637790336 0.000665279807685716
0 0.008620689655172414 0.0 1.0 0.0 0.016497301150042297 0.004165002237634942 0.014672686230248307 0.001948178453146309 0.033241889831090936
0 0.005714285714285714 0.0 1.0 0.0 0.005034923500965163 0.0028012649537856437 0.015478877781360856 0.0020661824051654565 0.00925791743138163
0 0.004166666666666667 0.0 1.0 0.0 0.01433095649702044 0.002621642116364134 0.012641083521444699 0.002231638418079097 0.016604357142343863
0 0.005952380952380952 0.0 1.0 0.0 0.011548747307505753 0.001389461588808441 0.009969902182091797 0.0013653483992467047 0.024045050235743798
0 0.0029069767441860465 0.0 1.0 0.0 0.02139533357458549 0.0014557546626945462 0.016300068245052233 0.001103665746945211 0.0135845119186838
0 0.0038314176245210726 0.0 1.0 0.0 0.01695920006801272 0.002649744972172511 0.011909395189538412 0.0009351256575102279 0.026084109221830427
0 0.003125 0.0 1.0 0.0 0.00208232670387724 0.0027245375412714556 0.012027370203160274 0.00038841807909604516 8.380923262815302e-05
0 0.002457002457002457 0.0 1.0 0.0 0.018340444440621776 0.003529251732344911 0.01015801354401806 0.0014658726523133305 0.01998238330115191
0 0.0037878787878787876 0.0 1.0 0.0 0.0051309761313191316 0.002500446375740719 0.010260619741432383 0.0003595274781715459 0.00014527645440560896
0 0.002079002079002079 0.0 1.0 0.0 0.003316032498028153 0.003037658486494759 0.012567872613019343 0.0005191632310276379 0.00013582718498475024
0 0.007936507936507936 0.0 1.0 0.0 0.019757057846792745 0.0013162330289680437 0.006270378730875345 0.0008788449466415567 0.07639739079778828
0 0.0022988505747126436 0.0 1.0 0.0 0.01070937173808366 0.005086280180003385 0.013544018058690748 0.0010520163646990067 0.019421250166415306
0 0.003676470588235294 0.0 1.0 0.0 0.02428594551261673 0.00037911482051553345 0.007834284955517195 0.0007311399135925556 0.05785005218005812
0 0.0028011204481792717 0.0 1.0 0.0 0.008363168470816614 0.0026880120647192894 0.01784370633129098 0.00129136400322841 0.03263643636614204
0 0.0024154589371980675 0.0 1.0 0.0 0.019841904959328405 0.0008663520298567011 0.013004220237511044 0.0005895357406042742 0.03888286221076132
0 0.0020242914979757085 0.0 1.0 0.0 0.014726309722670932 0.0010221946805381707 0.007249522486542804 0.000217296827466319 0.03511674355008186
1 0.008333333333333333 0.0 1.0 0.0 0.0526504194610033 0.006013659562135916 0.021256583897667422 0.0007532956685499058 0.15640459418257638
0 0.0031746031746031746 0.0 1.0 0.0 0.0175966398952598 0.0028894638649434702 0.007599699021820917 0.0007532956685499058 0.04312120688415005
0 0.0018181818181818182 0.0 1.0 0.0 0.0008863722649702865 0.0019159238514339532 0.011151241534988716 0.0008135593220338984 0.00048682184579279823
0 0.004347826086956522 0.0 1.0 0.0 0.01180785723783101 0.0005867747854113232 0.017155756207674944 0.0014689265536723165 0.03373937798096315
0 0.0013888888888888887 0.0 1.0 0.0 0.01982917405707663 0.0012237940294912214 0.008841234010534237 0.0003389830508474576 0.024655670895481967
0 0.002 0.0 1.0 0.0 0.03370574772341818 0.0021744670599059043 0.010327313769751692 0.0010734463276836157 0.04005257258661156
0 0.0008183306055646482 0.0 1.0 0.0 0.012932147735684197 0.0043899421370576595 0.014480572498919363 0.0012020675561966582 0.019945246595021542
0 0.0023148148148148147 0.0 1.0 0.0 0.02753145060844133 0.0035932901808661153 0.010510722347629797 0.0015536723163841809 0.056396107328801334
0 0.0009398496240601503 0.0 1.0 0.0 0.012481551485395986 0.001768379880916176 0.011553997861470836 0.00035682426404995546 0.012290098451843062
0 0.0024630541871921183 0.0 1.0 0.0 0.023207776256660633 0.0031932188842790656 0.01322154143824573 0.0009685230024213075 0.06693953053282028
0 0.0010416666666666667 0.0 1.0 0.0 0.007539837976028405 0.002526398693448659 0.009558408577878106 0.00031779661016949156 0.018721392339961965
0 0.0017921146953405018 0.0 1.0 0.0 0.011449232726979704 0.0012375415636794091 0.009719087032856786 0.00012554927809165097 0.03507702166020126
0 0.001201923076923077 0.0 1.0 0.0 0.013053217171025394 0.0026605776887991452 0.013978121201597499 0.0012603215993046504 0.025179396875575792
0 0.00202020202020202 0.0 1.0 0.0 0.004645579558238762 0.003320080331399949 0.00511662904439428 0.00045197740112994355 0.01116860865394133
0 0.0010504201680672268 0.0 1.0 0.0 0.01417665992519621 0.0008002149144310694 0.014108352144469526 0.0013317191283292976 0.0245935449843329
0 0.0009216589861751152 0.0 1.0 0.0 0.010251086739801267 0.002784168555052397 0.018022282094225597 0.0009841443411700383 0.024491351693654816
0 0.030303030303030304 0.0 1.0 0.0 0.010200738148065415 0.004784922605529443 0.009097055750199768 0.0024636610002463652 0.0303030303030303
0 0.029411764705882353 0.0 1.0 0.0 0.018287655238436954 0.003856715702288053 0.010857892852881516 0.002152080344332855 0.053526149285023764
0 0.016666666666666666 0.0 1.0 0.0 0.008801803454862724 0.00485682080593648 0.008417849898580122 0.002032520325203252 0.03292958160023513
0 0.041666666666666664 0.0 1.0 0.0 0.00670888930112828 0.0051021117446443985 0.024340770791075047 0.002710027100271003 0.02110567527654132
0 0.005555555555555556 0.0 1.0 0.0 0.00892945031205594 0.004016770935346084 0.009691232814965065 0.0018066847335140009 0.017893852117808782
0 0.0030864197530864196 0.0 1.0 0.0 0.007493620422214768 0.004654965234955953 0.01198257080610022 0.001279735019572418 0.010028331857975569
0 0.010989010989010988 0.0 1.0 0.0 0.0061385284151924974 0.007586478407090764 0.014354813543454517 0.002032520325203252 0.0005744736659083629
0 0.004032258064516129 0.0 1.0 0.0 0.010404646278113166 0.004355372998999178 0.018909899888765295 0.0015079989509572517 0.029373073206273432
0 0.007407407407407407 0.0 1.0 0.0 0.008031886646240455 0.002842963150366675 0.010277214334009466 0.0006775067750677507 0.041072484202744355
0 0.009090909090909092 0.0 1.0 0.0 0.013373538232458597 0.0012569096015011662 0.01696477964226443 0.0 0.06297105708094962
0 0.004545454545454545 0.0 1.0 0.0 0.0046193300638991625 0.004950769202229384 0.012576064908722106 0.0011178861788617887 0.0003223545123779869
0 0.004901960784313725 0.0 1.0 0.0 0.004143747205193618 0.003989545352855168 0.007994272759813863 0.0007173601147776184 0.0036370406696978885
0 0.0027472527472527475 0.0 1.0 0.0 0.010028999591604084 0.005653202946815763 0.016589394378441032 0.001451800232288037 0.01739840833948709
0 0.0018315018315018315 0.0 1.0 0.0 0.00850147078133582 0.003977104046055317 0.011806314037551361 0.0007817385866166355 0.02341226252914971
0 0.008333333333333333 0.0 1.0 0.0 0.009689167201771369 0.007279765167530516 0.015973630831643 0.002540650406504065 0.002446571270771899
0 0.0026041666666666665 0.0 1.0 0.0 0.006722272941860546 0.006320522258905379 0.013691683569979718 0.0010162601626016261 0.00015086869778638986
0 0.004901960784313725 0.0 1.0 0.0 0.00494935367328834 0.00390493457662631 0.018762677484787018 0.0015243902439024393 0.0059084707565383405
0 0.001736111111111111 0.0 1.0 0.0 0.005784609177564162 0.004615261914227444 0.01140973630831643 0.0013338414634146342 0.0009764146291638101
0 0.0021929824561403508 0.0 1.0 0.0 0.010300428319799758 0.004890097687368879 0.015043948613928326 0.001693766937669377 0.025722042970089055
0 0.001851851851851852 0.0 1.0 0.0 0.005499894501033781 0.00468250392373762 0.017354068064007213 0.0010538994278831678 0.022333490847583175
0 0.0018315018315018315 0.0 1.0 0.0 0.008980692006940485 0.0036073244679428362 0.009907941956623496 0.0013289555972482803 0.023964204558479536
0 0.022727272727272728 0.0 1.0 0.0 0.012648417445066092 0.006140955247048713 0.011563778687066357 0.0025846702317290538 0.02272727272727273
0 0.022727272727272728 0.0 1.0 0.0 0.006294272439090424 0.006014136552101393 0.02010318448674613 0.002762923351158645 0.008655883054228576
0 0.006944444444444444 0.0 1.0 0.0 0.014586711465730361 0.004829975852004723 0.01859099804305284 0.002736928104575162 0.015093010702429516
1 0.006097560975609756 0.0 1.0 0.0 0.011126236081752632 0.006403303151047093 0.016610185671328336 0.001673840267814443 0.022297095669801734
0 0.011111111111111112 0.0 1.0 0.0 0.01590648845247176 0.006062492173491748 0.013916068710589258 0.0010893246187363833 0.04254402648797711
0 0.006944444444444444 0.0 1.0 0.0 0.015518671320650818 0.005827060167953669 0.018672537508153945 0.0012254901960784314 0.033558873521260295
0 0.00303951367781155 0.0 1.0 0.0 0.008991291536818305 0.0047410889264183085 0.012949161010950578 0.0012515644555694619 0.016746326403400444
0 0.005434782608695652 0.0 1.0 0.0 0.014972409071495177 0.006572784802112428 0.021696588105164637 0.0017902813299232737 0.04009847526768886
0 0.0027777777777777775 0.0 1.0 0.0 0.010257421820454325 0.007124903838107257 0.01629158512720157 0.0019607843137254906 0.022363615770408313
0 0.004347826086956522 0.0 1.0 0.0 0.0026487436797057134 0.005631696041070093 0.02042031821662554 0.0011082693947144075 0.007188061876244588
0 0.004329004329004329 0.0 1.0 0.0 0.011582703032781342 0.004124297866273387 0.016307893020221786 0.0007469654528478057 0.03714699714766327
0 0.003968253968253968 0.0 1.0 0.0 0.007888620184449264 0.005655390073191327 0.01034386357282639 0.0008403361344537815 0.02164422595772895
0 0.0024813895781637717 0.0 1.0 0.0 0.007737184837206187 0.005511821586017664 0.015403067988132062 0.0018975332068311196 0.015359435622026026
0 0.0016611295681063121 0.0 1.0 0.0 0.012579828479718655 0.0037392130993070052 0.015837618895917716 0.0009575923392612859 0.013565598392099943
0 0.0017094017094017094 0.0 1.0 0.0 0.010410146142347759 0.002506526390906317 0.010437051532941943 0.00065359477124183 0.014180132477197488
0 0.002403846153846154 0.0 1.0 0.0 0.013762634268609342 0.0053171908266678265 0.01783832605750414 0.001583710407239819 0.035074637778168584
0 0.025 0.0 1.0 0.0 0.019054352742841733 0.016420220319634974 0.020119521912350592 0.005700000000000002 0.025
0 0.019230769230769232 0.0 1.0 0.0 0.008955547324469236 0.009687058351678803 0.013637756665645111 0.004153846153846155 0.0020451235330458833
0 0.01515151515151515 0.0 1.0 0.0 0.0221410744285146 0.02174259443019057 0.024628757696486772 0.005818181818181819 0.05737776222884516
0 0.015625 0.0 1.0 0.0 0.020832445930466664 0.011187142644359329 0.020418326693227087 0.0015 0.07978128401534575
0 0.006666666666666667 0.0 1.0 0.0 0.013367492191494943 0.0076075176053835465 0.018592297476759622 0.0021333333333333334 0.04226268060265167
0 0.011904761904761904 0.0 1.0 0.0 0.01788907789216439 0.007159228625047183 0.012236767216846897 0.0005714285714285715 0.09264755405592659
0 0.007142857142857143 0.0 1.0 0.0 0.0077546345573939555 0.005405143992389856 0.02071713147410358 0.0018000000000000002 0.005303121778099646
0 0.008333333333333333 0.0 1.0 0.0 0.02329159022679888 0.013738117342246456 0.017529880478087647 0.0016 0.08727045300904751
0 0.004115226337448559 0.0 1.0 0.0 0.003427724894045956 0.0037656029013435834 0.012394864984506416 0.0 0.0005660920307004021
0 0.0038461538461538464 0.0 1.0 0.0 0.016174897240247406 0.008996725140384899 0.015016855654305852 0.0012307692307692308 0.0465477952531452
0 0.006060606060606061 0.0 1.0 0.0 0.024243116725487124 0.006886209251247294 0.01726427622841965 0.0024000000000000002 0.08201409743466988
0 0.02857142857142857 0.0 1.0 0.0 0.015952660391543784 0.003022958115090816 0.013879100027107617 0.002444323737099404 0.02857142857142857
0 0.013513513513513514 0.0 1.0 0.0 0.013453538819553496 0.0040282893499334485 0.01564182778604031 0.00277463775562635 0.024891598224386493
0 0.009259259259259259 0.0 1.0 0.0 0.014694249300006032 0.005849185164394563 0.01512755639890365 0.002482044782425011 0.01723484045515476
0 0.006097560975609756 0.0 1.0 0.0 0.0096008568232663 0.006460805869699947 0.013884389318276484 0.0019011406844106462 0.020259516957086873
0 0.005555555555555556 0.0 1.0 0.0 0.014777154855086048 0.003908124158741491 0.013862534261016234 0.0010033798056611745 0.017646133443068788
0 0.005555555555555555 0.0 1.0 0.0 0.01795460239150061 0.00750314407536975 0.016192283364958884 0.0011406844106463879 0.023110818486635386
0 0.0049261083743842365 0.0 1.0 0.0 0.015423858435416042 0.004808692342185174 0.014918536936465353 0.0009177920545430708 0.030281894758841577
0 0.002976190476190476 0.0 1.0 0.0 0.004119209733947867 0.005388547893902308 0.016806722689075633 0.0010863661053775123 0.003914342239164195
0 0.00505050505050505 0.0 1.0 0.0 0.0022075052670681005 0.004182763213650257 0.007503881317923064 0.0005184929139301763 0.0004840363316037165
0 0.003703703703703704 0.0 1.0 0.0 0.014080127667575191 0.005901610176778566 0.01714807786914049 0.001478664976763836 0.031149407106870378
0 0.0026737967914438505 0.0 1.0 0.0 0.015677000593580057 0.00613772927540026 0.015570934256055364 0.001453813464549318 0.017540781339888126
0 0.003472222222222222 0.0 1.0 0.0 0.010008494914298576 0.005021545848596526 0.014864010120177107 0.0010297845373891002 0.01782909723581942
0 0.0026525198938992045 0.0 1.0 0.0 0.01020397067030292 0.0045367181177683865 0.014460511679644052 0.0007866789038940606 0.029389763172727394
0 0.002304147465437788 0.0 1.0 0.0 0.015616626631728128 0.0040298091827321416 0.011385199240986719 0.0009199067827793451 0.028359459337145503
0 0.002898550724637681 0.0 1.0 0.0 0.016035206146513322 0.0037000644268942837 0.012457718010065177 0.001074557778145148 0.03404253489585972
0 0.0021551724137931034 0.0 1.0 0.0 0.012457524164566698 0.004467138499337846 0.014002486422822742 0.0006555657532450504 0.028946161126137925
0 0.00267379679144385 0.0 1.0 0.0 0.014812855672057156 0.0063352031622167645 0.014662756598240468 0.0012098167991704113 0.03725770625641044