0 0.034482758620689655 0.0 1.0 0.06896551724137931 0.01727360650643345 0.013782308401024209 0.0148435715916876 0.007126436781609191 0.034482758620689655
0 0.027777777777777776 0.0 1.0 0.0 0.01672389788649805 0.024376084833069675 0.018763796909492276 0.004814814814814815 0.012637578151948891
0 0.02564102564102564 0.0 1.0 0.0 0.013115050059027402 0.010465222712806633 0.016811003565970453 0.0010256410256410256 0.00040131917403502936
0 0.013888888888888888 0.0 1.0 0.0 0.01407049263138107 0.022927187423651844 0.02722590139808683 0.0025925925925925925 0.04328519407594553
0 0.014285714285714287 0.0 1.0 0.0 0.011149365528871424 0.01871380817930992 0.026490066225165566 0.0014285714285714286 0.03159568209312336
0 0.006944444444444444 0.0 1.0 0.0 0.01447848230411482 0.010116644284798174 0.01490066225165563 0.0011111111111111111 0.021695136176774224
0 0.012987012987012986 0.0 1.0 0.0 0.029377702895176706 0.013827351453712002 0.0325105358217941 0.0024242424242424242 0.02666955492860047
0 0.005208333333333333 0.0 1.0 0.0 0.013926918821426085 0.0037791082018468394 0.011589403973509936 0.0 0.013005160684461359
0 0.03125 0.0 1.0 0.0 0.010546304693790342 0.012756060093864858 0.012436224489795922 0.00544871794871795 0.031249999999999997
0 0.013513513513513514 0.0 1.0 0.0 0.0075907591535609685 0.007542502856076852 0.015030336458907891 0.003603603603603603 0.027375376855904895
0 0.008547008547008546 0.0 1.0 0.05128205128205128 0.015164670700770433 0.015833291724610465 0.008634222919937207 0.00039447731755424067 0.01889124185241076
0 0.005681818181818182 0.0 1.0 0.0 0.008112995562769386 0.014270758244736316 0.010320037105751394 0.0 5.29424326247385e-05
0 0.004545454545454546 0.0 1.0 0.0 0.007864951200168883 0.0037273952963224415 0.015538033395176249 0.0008158508158508157 0.02126812992529347
0 0.030303030303030304 0.0 1.0 0.06060606060606061 0.009400614082144283 0.009511294487284739 0.016092603049124795 0.0037760785424336826 0.030303030303030304
0 0.015151515151515152 0.0 1.0 0.0 0.007377109197253381 0.007278556098835802 0.008940335027291552 0.003115264797507788 0.014280753906600357
0 0.011494252873563218 0.0 1.0 0.0 0.0074729586184045516 0.01071261079970579 0.017455557935318056 0.0029004189494038026 0.014252608207473988
1 0.006578947368421052 0.0 1.0 0.0 0.005950540400161515 0.012859796972937376 0.012994442628309908 0.0014756517461878996 0.016784013336184934
0 0.004651162790697674 0.0 1.0 0.0 0.005746161638289124 0.010991442351567701 0.015383504261158459 0.0013040643338404696 0.010802814143518375
0 0.01515151515151515 0.0 1.0 0.0 0.005268168243069808 0.008268449339277143 0.027950310559006212 0.002265647125460209 0.019140674346696984
0 0.009523809523809523 0.0 1.0 0.0 0.005132596331486647 0.007102825926209696 0.009523809523809523 0.0008307372793354102 0.0008816798227835893
0 0.003676470588235294 0.0 1.0 0.0 0.004191874777622775 0.009654725649701617 0.018176835951772014 0.002199010445299615 0.01262164341721432
0 0.0027100271002710027 0.0 1.0 0.0975609756097561 0.008387662353954257 0.0 0.0043932737464020604 0.0 0.008593203986571561
0 0.007692307692307693 0.0 1.0 0.0 0.006133888489138339 0.00369801656760879 0.014094601051122792 0.0009585430146177809 0.02226986820803334
0 0.011363636363636364 0.0 1.0 0.0 0.007688483153292299 0.006009276922364284 0.014751552795031056 0.001557632398753894 0.04070720551279335
0 0.003472222222222222 0.0 1.0 0.0 0.004460298980016784 0.00552743406718668 0.014751552795031058 0.0009086188992731048 0.010300395471089996
0 0.03333333333333333 0.0 1.0 0.06666666666666667 0.011346698538092755 0.01165536226173395 0.015235690235690233 0.003291139240506329 0.03333333333333334
0 0.011904761904761904 0.0 1.0 0.0 0.008616766406055885 0.008936119680238793 0.014309764309764312 0.0031344183242917427 0.01276970602759769
0 0.008547008547008546 0.0 1.0 0.0 0.004336929569736264 0.004857276364593797 0.01023051023051023 0.0018825056799740346 0.00889723538292471
0 0.008620689655172414 0.0 1.0 0.06896551724137931 0.0063965882092286985 0.01013417704750255 0.009143155694879833 0.0005237887385421214 0.008597703234211378
0 0.011111111111111112 0.0 1.0 0.0 0.007647550857205709 0.0051200779871195595 0.018378226711560045 0.0011251758087201125 0.019700955693532207
0 0.01282051282051282 0.0 1.0 0.0 0.007349595485320072 0.012917108454229545 0.011655011655011656 0.0007789678675754625 0.000760292830230317
0 0.004464285714285714 0.0 1.0 0.0 0.007951487346740956 0.009138578634037827 0.013415404040404042 0.0014240506329113924 0.004613578115104951
0 0.004464285714285714 0.0 1.0 0.0 0.0061005023157573645 0.006288266522363193 0.010642135642135642 0.0003616636528028933 0.00024964188936851475
0 0.009259259259259259 0.0 1.0 0.0 0.005182319414304211 0.010603433549205657 0.010521885521885523 0.0006329113924050633 0.0010334676739012511
0 0.003703703703703704 0.0 1.0 0.0 0.005370317425381021 0.004842622539555059 0.011129816685372242 0.0005625879043600563 0.0001999926180698724
0 0.0034965034965034965 0.0 1.0 0.07692307692307693 0.008878292096008085 0.0018335218665281787 0.01214063714063714 0.001655306718597858 0.010604502069632794
0 0.0030864197530864196 0.0 1.0 0.07407407407407407 0.008309986511126551 0.002289810163544689 0.009072203516647961 0.0006563525550867324 0.02435035073746247
0 0.0034965034965034965 0.0 1.0 0.0 0.006020711798304697 0.0008761018388424211 0.014692378328741963 0.002531645569620253 0.03706977740821238
0 0.0047619047619047615 0.0 1.0 0.0 0.01010041800879213 0.010531160540037643 0.012626262626262626 0.0018565400843881855 0.04467946516005205
0 0.004166666666666667 0.0 1.0 0.0 0.009500332113079962 0.007095597250163037 0.008049242424242424 0.00031645569620253165 0.022955696263797568
0 0.003125 0.0 1.0 0.0 0.012042209308407301 0.0038470577975732974 0.00808080808080808 0.0008860759493670887 0.043916485106929505
0 0.030303030303030304 0.0 1.0 0.06060606060606061 0.011091516738775627 0.01020452421665841 0.010160427807486633 0.0034861893268972916 0.0303030303030303
0 0.014705882352941176 0.0 1.0 0.0 0.01037055429535297 0.008023467909382975 0.01557093425605536 0.0032101336109665105 0.015459631165402365
0 0.01111111111111111 0.0 1.0 0.0 0.008950636670698583 0.007848883977566681 0.01745098039215686 0.0032448377581120944 0.010646993678757493
0 0.03125 0.0 1.0 0.125 0.009246474141834833 0.0045053448250474675 0.004044117647058823 0.0 0.0283256378782243
0 0.006060606060606061 0.0 1.0 0.09090909090909091 0.007319065161506661 0.0017727558903253215 0.006506238859180036 0.00017877893984088674 0.008200730795540288
0 0.005747126436781609 0.0 1.0 0.0 0.0045943804355843025 0.002485707489681361 0.006592292089249493 0.0 0.0004105289998765055
0 0.007518796992481203 0.0 1.0 0.0 0.01399603066655416 0.013475358848434324 0.017182662538699694 0.0027945971122496508 0.03306361146790085
0 0.015625 0.0 1.0 0.0 0.010874780362231556 0.008535300407428916 0.01838235294117647 0.0022123893805309734 0.062245082781993165
0 0.004273504273504273 0.0 1.0 0.0 0.011152369872409456 0.016402687762264945 0.013800904977375565 0.0020422055820285907 0.016559113427297104
0 0.005263157894736842 0.0 1.0 0.0 0.007080309584536202 0.007285144568034502 0.016408668730650156 0.0003105107902499612 0.02425415960231424
0 0.006060606060606061 0.0 1.0 0.0 0.011560124638271186 0.0026754748331659036 0.021176470588235293 0.0015732546705998034 0.020002759181650072
0 0.0030864197530864196 0.0 1.0 0.0 0.007179639438790882 0.010643375246183553 0.014596949891067537 0.0016388069485414618 0.013916204902315321
0 0.004807692307692308 0.0 1.0 0.0 0.007917698403936418 0.009986879022987918 0.009191176470588234 0.0007374631268436578 0.00031941909617087344
0 0.0026455026455026454 0.0 1.0 0.0 0.008403046507568302 0.009775858010574436 0.016775599128540302 0.0014202993554026002 0.018995289280370527
0 0.004166666666666667 0.0 1.0 0.0 0.00928099265864513 0.0075247729682791035 0.021139705882352946 0.0011061946902654867 0.02483868468287208
0 0.09090909090909091 0.0 1.0 0.0 0.007903586545424453 0.005153329366154781 0.018031555221637866 0.007575757575757575 0.09090909090909091
1 0.012195121951219513 0.0 1.0 0.04878048780487805 0.014686344915687146 0.019727756157829922 0.01491634751058254 0.006707317073170731 0.010311523439312449
0 0.016666666666666666 0.0 1.0 0.0 0.016707132441934346 0.028343311513851294 0.008264462809917356 0.0 8.762251592926542e-05
0 0.013888888888888888 0.0 1.0 0.0 0.023737493843075375 0.022044797844106564 0.008264462809917356 0.0 7.421131915659801e-05
0 0.0064516129032258064 0.0 1.0 0.0 0.016378143141980852 0.018286007428291156 0.009064249533457745 0.0 2.2844929997517784e-05
0 0.038461538461538464 0.0 1.0 0.0 0.021833150941760193 0.01651474132232668 0.026987718164188764 0.007140538786108408 0.038461538461538464
0 0.016129032258064516 0.0 1.0 0.0 0.02029095340218206 0.01605051161712539 0.02873407427487124 0.006669388866203896 0.020186414208231744
0 0.016666666666666666 0.0 1.0 0.0 0.009420228008063483 0.003665915924722123 0.0184873949579832 0.0016877637130801686 0.014228421584400765
0 0.016666666666666666 0.0 1.0 0.0 0.014774113260749048 0.020230211492769247 0.02324929971988796 0.0050632911392405056 0.03393419318990358
0 0.009523809523809525 0.0 1.0 0.0 0.009910227344945403 0.01415147543538175 0.01400560224089636 0.0008036970062286517 0.016391483240634285
0 0.007936507936507936 0.0 1.0 0.0 0.0029324049812099323 0.008363532006462162 0.01400560224089636 0.0018083182640144667 0.0028021986503747524
0 0.01020408163265306 0.0 1.0 0.0 0.0033108465656408355 0.007287171864528986 0.041116446578631456 0.005123568414707655 0.009183400402110704
0 0.003472222222222222 0.0 1.0 0.0 0.008341839420794878 0.017800755645160822 0.013888888888888888 0.002578527894983591 0.010619798652431171
0 0.005555555555555555 0.0 1.0 0.0 0.009812813561548594 0.015047426947385733 0.01596638655462185 0.003375527426160338 0.024662320407596923
0 0.0029411764705882353 0.0 1.0 0.0 0.01587430591617613 0.018755750122628364 0.021873455264458726 0.004343509555721023 0.02739002086899002
0 0.034482758620689655 0.0 1.0 0.06896551724137931 0.017407154798964236 0.017341693446000166 0.011027481183266234 0.004926108374384239 0.034482758620689655
0 0.02 0.0 1.0 0.0 0.009722055156050232 0.010398657592611174 0.016243654822335026 0.005306122448979593 0.013262952631537272
0 0.0196078431372549 0.0 1.0 0.0 0.009205043392469085 0.018171851259506714 0.017915795759928337 0.0006002400960384153 0.014875919611404971
0 0.013157894736842105 0.0 1.0 0.0 0.005041057807613979 0.01279188132400314 0.012823938017632916 0.0021482277121374865 0.014600241492502357
0 0.0125 0.0 1.0 0.0 0.004618971223754678 0.010845654916014524 0.010469543147208122 0.0 0.0191563031481073
0 0.016666666666666666 0.0 1.0 0.0 0.006866918012950504 0.010058182198680094 0.005076142131979695 0.0 0.026517882513659507
0 0.01020408163265306 0.0 1.0 0.0 0.009766356265142813 0.014116227054761671 0.018129079042784626 0.0014577259475218659 0.017567867565367126
0 0.00390625 0.0 1.0 0.0 0.009848859282641616 0.005422827458007262 0.011579949238578678 0.0012755102040816326 0.008306810127909504
0 0.0031746031746031746 0.0 1.0 0.05714285714285714 0.009826413503001908 0.000991602735178471 0.013488034807831761 0.0008746355685131195 0.015354588482795856
0 0.027777777777777776 0.0 1.0 0.05555555555555555 0.009593474523704897 0.008690560684972384 0.008733911216180723 0.002632964718272774 0.027777777777777776
0 0.016129032258064516 0.0 1.0 0.0 0.007023187884988147 0.007017902170797711 0.02554716693357737 0.0037456046476073983 0.0143809137071812
0 0.007936507936507936 0.0 1.0 0.047619047619047616 0.010255264468939745 0.011754028601302464 0.02155803219633008 0.003272399006996163 0.013046526542440965
0 0.007352941176470588 0.0 1.0 0.0 0.007259332391316677 0.012415645656021353 0.013975803087192328 0.0009060496236409256 0.012519110395487951
0 0.008 0.0 1.0 0.0 0.0071239048699564215 0.00909778861750312 0.024491725768321516 0.0015165876777251187 0.013573954787307118
0 0.005952380952380952 0.0 1.0 0.0 0.008184901717979828 0.003695248259771556 0.021276595744680857 0.002031144211238998 0.030980170922698697
0 0.017857142857142856 0.0 1.0 0.0 0.009469166839441736 0.005646118288947892 0.018912529550827423 0.001184834123222749 0.029562997964373474
0 0.003205128205128205 0.0 1.0 0.05128205128205128 0.00434008986614737 0.0072203754320025884 0.01933684912408317 0.0013974966581601653 0.003639009797530446
0 0.005291005291005291 0.0 1.0 0.0 0.006695529996603159 0.005539794403684568 0.012833502195204323 0.001466937485894832 0.020733318232850424
0 0.0030303030303030303 0.0 1.0 0.0 0.009257945321998657 0.009293914111451081 0.02027365857153092 0.002010627603044664 0.013064206193744534
0 0.006060606060606061 0.0 1.0 0.0 0.0017503399405838684 0.0 0.018282111899133178 0.0 0.0004904934687294262
0 0.006944444444444444 0.0 1.0 0.0 0.008109858216234936 0.0072373494555333226 0.015957446808510637 0.001184834123222749 0.05404161751952092
0 0.002079002079002079 0.0 1.0 0.0 0.004904940865316083 0.002171552023886495 0.02114880838285094 0.0010887664916100937 0.011609094793542002
0 0.0017421602787456446 0.0 1.0 0.0975609756097561 0.00791512458021643 0.00044002571838750663 0.006976878279421093 0.00011559357299734135 0.016192541254340328
0 0.005128205128205128 0.0 1.0 0.0 0.0077740384296304844 0.010016559326886755 0.01854882705946536 0.002369668246445498 0.01100421171419886
0 0.0078125 0.0 1.0 0.0 0.004712640903877982 0.004571037658954823 0.014775413711583925 0.001184834123222749 0.027246084386182517
0 0.03125 0.0 1.0 0.0625 0.014069715049408448 0.00867022766636553 0.01087269585253456 0.0031755196304849875 0.03125000000000001
0 0.018518518518518517 0.0 1.0 0.0 0.002799194713274054 0.005061317303315525 0.013568868407578084 0.0025660764690787785 0.0009405946098238574
0 0.02564102564102564 0.0 1.0 0.0 0.007311143240702617 0.006614114343842557 0.015242821694434595 0.0023094688221709002 0.029213540067283775
0 0.010869565217391304 0.0 1.0 0.0 0.006381834125576636 0.0012309368993035214 0.013424163494289721 0.002510292198011849 0.021437146948407804
0 0.006060606060606061 0.0 1.0 0.0 0.003242780188119901 0.006987971124118345 0.011869850579527998 0.00139967807404297 0.012139371313963978
0 0.007575757575757575 0.0 1.0 0.0 0.007110815617214819 0.010377645500696149 0.009949727691663175 0.0019945412555112322 0.00020857203781013636
0 0.004201680672268907 0.0 1.0 0.0 0.007664917403758409 0.005082620730645797 0.01111412306858227 0.000611329982339356 0.02053405681360321
0 0.006944444444444444 0.0 1.0 0.0 0.006884253836682882 0.009476393575161082 0.015232974910394263 0.002566076469078778 0.018142581567827127
0 0.004273504273504273 0.0 1.0 0.0 0.00918153739048133 0.009222395345945416 0.011875221552640909 0.0016876887546633504 0.023894751988113937
0 0.002777777777777778 0.0 1.0 0.05555555555555555 0.0072165273685263626 0.0061145969666288455 0.010496671786994368 0.0007698229407236336 0.0069835150078952956
0 0.005050505050505051 0.0 1.0 0.0 0.010299754944181162 0.008271141100177586 0.009344598054275472 0.0010264305876315114 0.026447137299771065
0 0.0027777777777777775 0.0 1.0 0.0 0.006226918578680605 0.007777983130748279 0.010061443932411675 0.0015396458814472672 0.019327236260989592
0 0.0034965034965034965 0.0 1.0 0.0 0.007450367597385213 0.009587066185892869 0.010682865521575198 0.001259710266638673 0.034175762185613426
0 0.004464285714285714 0.0 1.0 0.0 0.009073511563682034 0.005891219483248537 0.0066244239631336405 0.0 0.02557627693851683
0 0.002150537634408602 0.0 1.0 0.0 0.0038759178548056824 0.0069543294580788175 0.01873048907388138 0.001862474856589436 0.002077840167677605
0 0.0078125 0.0 1.0 0.125 0.008521221432886937 0.003927479655499025 0.0031682027649769587 0.0 0.0221949892317959
0 0.0024509803921568627 0.0 1.0 0.0 0.0037094642049649313 0.0034289678838581804 0.0074884792626728125 0.00038491147036181676 0.030095156204431848
0 0.004273504273504273 0.0 1.0 0.0 0.005378428388193763 0.005010998817619788 0.013647642679900745 0.0012435601350151006 0.031544191271161155
0 0.006578947368421052 0.0 1.0 0.0 0.00757105296740915 0.003341185725309934 0.011808755760368663 0.0008660508083140878 0.06084304344038719
0 0.03571428571428571 0.0 1.0 0.0 0.017385490598670575 0.011548146278718164 0.017660910518053373 0.004201680672268908 0.03571428571428571
1 0.01020408163265306 0.0 1.0 0.0 0.012368184218302858 0.01320955278507806 0.021080959856470058 0.004051620648259302 0.01058889116503709
0 0.005952380952380952 0.0 1.0 0.03571428571428571 0.010097752427606785 0.010159716349371378 0.01327838827838827 0.001706932773109244 0.007795545686263619
0 0.013157894736842105 0.0 1.0 0.0 0.009488841871043287 0.0017821866044845556 0.016965490649701175 0.0011609907120743034 0.02845598940697603
0 0.005405405405405406 0.0 1.0 0.0 0.00498418124410462 0.009398711229732609 0.012870012870012873 0.0013910969793322736 0.007667428884345262
0 0.005376344086021505 0.0 1.0 0.0 0.009194040422246781 0.012755548034616657 0.014888337468982627 0.0026091081593927895 0.01325297685642714
0 0.0038610038610038607 0.0 1.0 0.0 0.008470728848068492 0.005782075721694032 0.014652014652014654 0.0005961844197138314 0.02036828052051796
0 0.0078125 0.0 1.0 0.0 0.008452188827792641 0.015541524932540827 0.009157509157509158 0.0013786764705882352 0.00037414724553906154
0 0.029411764705882353 0.0 1.0 0.0 0.016504045975492744 0.014246121775592578 0.021860095389507152 0.006388075592227843 0.02941176470588236
0 0.020833333333333332 0.0 1.0 0.0 0.013527077076756627 0.0076193328134053296 0.02102102102102102 0.005467571644042231 0.027735030746560464
0 0.012345679012345678 0.0 1.0 0.07407407407407407 0.008565177012439446 0.011752066369132454 0.015348682015348685 0.0018434724317077263 0.006585488661171605
0 0.016666666666666666 0.0 1.0 0.0 0.020431864560036102 0.0214009939880499 0.02072072072072072 0.0024132730015082957 0.045375601896981095
0 0.004878048780487805 0.0 1.0 0.0 0.01081179667248149 0.014523965723783975 0.019336409580312016 0.002207261891623441 0.011387449670577325
0 0.006172839506172839 0.0 1.0 0.0 0.009968934895646476 0.00863110023404908 0.017017017017017015 0.0026814144461203286 0.024670944805113407
0 0.004464285714285714 0.0 1.0 0.0 0.011863682997547594 0.005367666271021716 0.017736486486486486 0.0009898190045248868 0.022260707169058844
0 0.005681818181818182 0.0 1.0 0.0 0.015025213274619177 0.016570851636727144 0.0085995085995086 0.0008227067050596463 0.026935659657810054
0 0.041666666666666664 0.0 1.0 0.08333333333333333 0.013592822371090474 0.012310834396621664 0.015303497942386834 0.0045149638802889575 0.041666666666666664
0 0.022727272727272728 0.0 1.0 0.0 0.015527553231208458 0.020302420802363188 0.02777777777777778 0.005769772023641992 0.011489569863348113
0 0.01075268817204301 0.0 1.0 0.0 0.010351616573456903 0.012648576185581161 0.018319394663480686 0.003994806751223407 0.018882688971593783
0 0.014705882352941176 0.0 1.0 0.0 0.0035927847388061485 0.00594166444281582 0.010167029774872912 0.001092697140775815 0.00043293220502711857
0 0.014285714285714287 0.0 1.0 0.0 0.003182478848581405 0.005863872594590292 0.015873015873015872 0.0 0.00040222576755457755
0 0.008333333333333333 0.0 1.0 0.0 0.0 0.0061034170617377675 0.009876543209876543 0.00046439628482972134 0.0006879150746207479
0 0.003484320557491289 0.0 1.0 0.0975609756097561 0.009352000066607226 0.0005748942822276402 0.00617283950617284 0.00015102318205844598 0.005652441165245068
0 0.009615384615384616 0.0 1.0 0.0 0.008746846934117971 0.008995779494814933 0.017568850902184234 0.002143367468444868 0.00021422976422567588
0 0.013888888888888888 0.0 1.0 0.0 0.00681390116035157 0.0029860338886670825 0.015046296296296295 0.0007739938080495357 0.0009720246935104513
0 0.004166666666666667 0.0 1.0 0.0 0.0051696560380344045 0.0011363517777414707 0.017618312757201646 0.0009029927760577915 0.02284078522546755
1 0.0025252525252525255 0.0 1.0 0.0 0.01257142307355559 0.017014906991720233 0.021862139917695467 0.003611971104231166 0.013919218938206258
0 0.002525252525252525 0.0 1.0 0.0 0.007235636886248064 0.012215689401297934 0.018986157875046768 0.001876348625574632 0.008826513785724835
0 0.0034965034965034965 0.0 1.0 0.0 0.01079524191477772 0.005263843568177458 0.01739618406285073 0.0012665353222628766 0.022964322576235027
0 0.0037593984962406013 0.0 1.0 0.0 0.008711137725759713 0.0073563680538568585 0.017218973359324236 0.0004888381945576014 0.00016188996867751377
0 0.029411764705882353 0.0 1.0 0.058823529411764705 0.013418639467178422 0.012357177035113062 0.018977591036414564 0.004422293977256771 0.02941176470588236
0 0.02 0.0 1.0 0.0 0.01107418469252853 0.007496341590711546 0.018285714285714284 0.0031503579952267295 0.025805617013686825
0 0.01075268817204301 0.0 1.0 0.0 0.01243022370345824 0.013957632604128826 0.022350230414746545 0.004311340364924165 0.01810983816473011
0 0.008620689655172414 0.0 1.0 0.0 0.00638917314971301 0.0082141632291998 0.015845648604269295 0.0027158258579540783 0.01592256093924526
0 0.011111111111111112 0.0 1.0 0.0 0.006636335016739118 0.009173329798787246 0.022354497354497356 0.0017236807212940863 0.012397286491611993
0 0.008333333333333333 0.0 1.0 0.0 0.006731768422541934 0.0066399704720747285 0.019047619047619046 0.0019093078758949881 0.020219011141164804
0 0.004608294930875576 0.0 1.0 0.0 0.00890906904453357 0.010647301643934577 0.025576036866359446 0.003464469936099777 0.015349764291078686
0 0.007352941176470588 0.0 1.0 0.0 0.00464097497081526 0.0044830173066042 0.009103641456582632 0.00028078056998455706 0.02035924891058523
0 0.0037037037037037034 0.0 1.0 0.0 0.005993490528972267 0.006844991378197198 0.019444444444444438 0.002068416865552904 0.01626330134967408
0 0.00196078431372549 0.0 1.0 0.0 0.006095604649951462 0.009474957460236721 0.020634920634920634 0.001871870466563714 0.011991329129916534
0 0.002457002457002457 0.0 1.0 0.0 0.0036804260326968536 0.004387792532622274 0.01196911196911197 0.0001935109333677353 0.014257101296202728
0 0.002032520325203252 0.0 1.0 0.0975609756097561 0.0065430831017387866 0.0005833442335521574 0.006039488966318235 0.00011642121194481635 0.01019479670694754
0 0.0026525198938992045 0.0 1.0 0.0 0.004461670073653676 0.0 0.005500821018062398 0.0 0.013347910699448495
0 0.0037593984962406013 0.0 1.0 0.0 0.009178270773799322 0.010000545671197594 0.01704260651629072 0.002386634844868735 0.025005113521295738
0 0.008333333333333333 0.0 1.0 0.0 0.008073823013806774 0.009899563210723477 0.015476190476190478 0.002684964200477327 0.07913215030902078
0 0.02127659574468085 0.0 1.0 0.0 0.011157174493218729 0.011277928436110305 0.016087182148417235 0.006526563111865292 0.021276595744680847
0 0.0125 0.0 1.0 0.0 0.006282104348508633 0.00905471638229772 0.0038109756097560966 0.0007668711656441719 0.00011869256526708316
0 0.008771929824561403 0.0 1.0 0.0 0.012276232390380348 0.021283850667577254 0.007862644415917844 0.0009686793671294802 0.032819459953158374
0 0.00641025641025641 0.0 1.0 0.0 0.015269632388189312 0.014317728874473442 0.009224515322076299 0.0015730690577316344 0.02503007517584121
0 0.018518518518518517 0.0 1.0 0.037037037037037035 0.013294241360817163 0.016266812667775497 0.0175867691590962 0.005743084857008906 0.01851851851851852
0 0.00847457627118644 0.0 1.0 0.0 0.014897021823638857 0.015984558783531402 0.018015136979000108 0.0007509118214975327 0.013375727979127559
1 0.007246376811594202 0.0 1.0 0.0 0.012581301056723523 0.0076782405706816706 0.022969647251845776 0.000550357732526142 0.02130124649146943
0 0.03571428571428571 0.0 1.0 0.14285714285714285 0.017732105223577037 0.018129433699188957 0.013764880952380949 0.004977600796416127 0.03571428571428571
0 0.022727272727272728 0.0 1.0 0.0 0.008560967737042117 0.010773510870009995 0.009311868686868686 0.0033259423503325942 0.0067955946403541415
0 0.016666666666666666 0.0 1.0 0.0 0.002896889663904269 0.011374307499110245 0.010069444444444443 0.004006968641114982 0.0032488676468407094
0 0.008620689655172414 0.0 1.0 0.06896551724137931 0.006327668057437063 0.019970458202521378 0.011374521072796937 0.0037246185269734465 0.014088005111961175
0 0.0064516129032258064 0.0 1.0 0.0 0.007601192002608364 0.009915748105192806 0.008736559139784945 0.0006743846240305722 0.01759986947911478
0 0.013888888888888888 0.0 1.0 0.0 0.006827446673418606 0.00859974583680288 0.01996527777777778 0.0020325203252032522 0.0190058211711442
0 0.015873015873015872 0.0 1.0 0.0 0.019907004794772705 0.01580114927601466 0.013117283950617285 0.0 0.08899804511014282
0 0.0125 0.0 1.0 0.0 0.004126297541317892 0.0028082272063306825 0.0125 0.0017421602787456448 0.0007544927483050919
0 0.006944444444444444 0.0 1.0 0.0 0.009044368649986288 0.010643288471714923 0.009765625 0.00043554006968641115 0.00019757271518276468
0 0.002777777777777778 0.0 1.0 0.0 0.007513325248544845 0.009078857381946323 0.011766975308641974 0.0009678668215253582 0.015350538384921243
0 0.005347593582887701 0.0 1.0 0.0 0.004233478290221621 0.004182657161297999 0.011233660130718956 0.0006148800983808158 0.0015429824344841607
0 0.0026041666666666665 0.0 1.0 0.0 0.005188249757807039 0.0 0.011067708333333334 0.0003266550522648084 0.01738071361800146
0 0.002958579881656805 0.0 1.0 0.0 0.0011191385416652248 0.003057508697215868 0.00908119658119658 0.0005360493165371214 0.0002836848567094638
0 0.03333333333333333 0.0 1.0 0.06666666666666667 0.011018541814188048 0.007332011348107631 0.006651549508692364 0.0025757575757575763 0.03333333333333333
0 0.017857142857142856 0.0 1.0 0.0 0.010581621035425511 0.008663984479232213 0.012066731454486555 0.002678571428571429 0.020883270417753886
0 0.02222222222222222 0.0 1.0 0.0 0.008249335078627927 0.008281615138297106 0.012396069538926684 0.003484848484848485 0.0256411709084423
0 0.009615384615384616 0.0 1.0 0.07692307692307693 0.010168619193541308 0.0038078954983619133 0.011512297226582941 0.0032342657342657346 0.011979147032922136
0 0.005263157894736842 0.0 1.0 0.05263157894736842 0.007781646452558738 0.0018860575576624549 0.012531328320802006 0.0011961722488038277 0.022386538509454313
0 0.00505050505050505 0.0 1.0 0.0 0.008751530287712965 0.005375790648234939 0.01539201539201539 0.002341597796143251 0.024272003351264268
0 0.008928571428571428 0.0 1.0 0.0 0.01660667318592931 0.0032184802660756556 0.011904761904761906 0.0008522727272727272 0.05214323148929425
0 0.006944444444444444 0.0 1.0 0.0 0.00517942876179128 0.0042347470025875114 0.014487276392038296 0.0007575757575757576 0.0003516940766405927
0 0.0044444444444444444 0.0 1.0 0.08 0.009495765958603105 0.005186006561902703 0.011972789115646261 0.0007272727272727272 0.02142040953304698
0 0.004761904761904762 0.0 1.0 0.0 0.007456918836266604 0.004417139456704098 0.00928625418421337 0.00021645021645021645 0.0020408990085331777
0 0.010101010101010102 0.0 1.0 0.0 0.007574389767306265 0.007377824058339599 0.004787100025195263 0.000505050505050505 0.0005011693111705313
0 0.003968253968253968 0.0 1.0 0.0 0.007063784068983054 0.006922905967387287 0.011337868480725623 0.0008658008658008658 0.0015188721143508084
0 0.003663003663003663 0.0 1.0 0.0 0.006446887416911619 0.00811914485833655 0.016088975272648742 0.000974025974025974 0.014109499959234238
0 0.0021645021645021645 0.0 1.0 0.0 0.006571600869639215 0.009121508376364237 0.013742870885728032 0.0016528925619834713 0.003610661578137342
0 0.0024691358024691358 0.0 1.0 0.0 0.004081787434761581 0.005545364178949266 0.009154278995548838 0.0005892255892255892 0.00019531866393046355
0 0.00625 0.0 1.0 0.0 0.003033175032062607 0.008931590267397916 0.009297052154195011 0.0006818181818181818 0.02478513866811081
0 0.001838235294117647 0.0 1.0 0.0 0.0064642543794609375 0.006509678046925642 0.014172335600907032 0.0013494318181818184 0.005128178592427139
0 0.0014619883040935672 0.0 1.0 0.05263157894736842 0.004839441399574995 0.006049094491810841 0.008473564864542309 0.0005382775119617225 0.010463607831804006
0 0.03571428571428571 0.0 1.0 0.0 0.007361223761495708 0.007431071314466393 0.015368494586098501 0.003063725490196079 0.03571428571428572
0 0.03125 0.0 1.0 0.0 0.007275345424291031 0.009378301603847856 0.016809290953545237 0.002450980392156862 0.026781723937806822
0 0.01515151515151515 0.0 1.0 0.0 0.0026894565029511918 0.006820582984616622 0.01011335852411647 0.002339572192513368 0.0021685467597379175
0 0.013888888888888888 0.0 1.0 0.0 0.0032374684808779046 0.005557512061539469 0.007606628633523498 0.002314814814814814 0.001661053760752706
0 0.006896551724137932 0.0 1.0 0.0 0.005995198094415261 0.006324065449338018 0.014838546496922693 0.0028735632183908046 0.007112428018643762
0 0.010416666666666666 0.0 1.0 0.0 0.0036290817212006306 0.0010420335115386506 0.008863080684596578 0.0009191176470588235 0.03448827974847914
0 0.01020408163265306 0.0 1.0 0.0 0.009414150722397586 0.009527163534067662 0.013098148794970312 0.0007002801120448179 0.014677209488487724
0 0.004166666666666667 0.0 1.0 0.0 0.004564771566866396 0.005001760855385523 0.012387938060309698 0.0001633986928104575 0.012385992131134014
0 0.003472222222222222 0.0 1.0 0.0 0.006574409737637246 0.008857284848078531 0.011384474327628364 0.0 0.006379491649371257
0 0.0035714285714285718 0.0 1.0 0.0 0.003105040358071054 0.0035726863252753733 0.015106531610199094 0.0 0.00019119704119657568
0 0.003134796238244514 0.0 1.0 0.0 0.002723640922238942 0.002874575204244553 0.010454430486468255 0.0 0.0029299117032951065
0 0.003472222222222222 0.0 1.0 0.0 0.004298866944555597 0.006946890076924338 0.01202118989405053 0.0008169934640522876 0.004964257371565937
0 0.007692307692307693 0.0 1.0 0.0 0.001001062240152103 0.006669014473847363 0.0012224938875305623 0.0 0.015928259609841233
0 0.002857142857142857 0.0 1.0 0.0 0.002834279237092714 0.007335915921232101 0.010855745721271393 0.0 0.007202210848846017
0 0.002898550724637681 0.0 1.0 0.0 0.0038491759746952024 0.0 0.007441267141490379 0.000319693094629156 0.0009707249946419183
0 0.003125 0.0 1.0 0.0 0.0072412474218087166 0.0037344853664055835 0.016381418092909533 0.0011029411764705882 0.0011428339360443096
0 0.0032679738562091504 0.0 1.0 0.0 0.008212174288696469 0.0018525040205131565 0.0033958163542515624 0.00027233115468409583 0.002321177836519889
0 0.0020576131687242796 0.0 1.0 0.0 0.004153828480508595 0.0 0.010323281716924749 0.0 0.0006293745031836621
0 0.03225806451612903 0.0 1.0 0.06451612903225806 0.010127954002468671 0.007781609180789131 0.013115916341722796 0.0029131732272275135 0.03225806451612903
0 0.01282051282051282 0.0 1.0 0.0 0.00958729706978901 0.0065450636954208 0.012341504649196958 0.002767423472269289 0.011978883259109457
0 0.037037037037037035 0.0 1.0 0.1111111111111111 0.006299038697588925 0.009021208681873814 0.01221001221001221 0.0029368575624082235 0.0014395908697644514
0 0.007352941176470588 0.0 1.0 0.08823529411764706 0.005004596627718139 0.0016729259323773876 0.0059469941822883 0.0017491578129048989 0.019158115535461834
0 0.00625 0.0 1.0 0.0 0.0044927515855896875 0.004245766439021152 0.013461538461538459 0.0013078193832599119 0.00011926814289599165
0 0.020833333333333332 0.0 1.0 0.0 0.0055069192206480735 0.0042488499825527205 0.017582417582417582 0.0011013215859030838 0.0009248640216869369
0 0.003968253968253968 0.0 1.0 0.0 0.007884078433647218 0.012183757465496534 0.011782661782661784 0.0018355359765051399 0.02294268011665226
0 0.00390625 0.0 1.0 0.0 0.00939897713850387 0.01212861253658171 0.01875 0.0021338105726872248 0.018042544035761898
0 0.003968253968253968 0.0 1.0 0.0 0.0072753104342825215 0.009122761310585368 0.02229199372056515 0.0021239773442416616 0.03125201798026541
0 0.004166666666666667 0.0 1.0 0.0 0.006612727134336415 0.006030494379306753 0.01236263736263736 0.0011930983847283406 0.01965741544040897
0 0.002457002457002457 0.0 1.0 0.0 0.005847405011293896 0.006314187849205215 0.015622215622215621 0.0008929634480295273 0.01555915001923734
0 0.0043859649122807015 0.0 1.0 0.0 0.00494051949191838 0.0049920641235129196 0.014459224985540774 0.0009274287039183864 0.014789110652312079
0 0.002403846153846154 0.0 1.0 0.0 0.004657798200693336 0.0052765866325021745 0.013392857142857146 0.0008948237885462555 0.015353570381781794
0 0.002747252747252747 0.0 1.0 0.0 0.007968432193530205 0.004845115793699954 0.013186813186813187 0.0014401897661809558 0.025085000655097108
0 0.004166666666666667 0.0 1.0 0.0 0.0081365247472171 0.009011086465935233 0.013598901098901097 0.002064977973568282 0.01388223949444623
0 0.0021551724137931034 0.0 1.0 0.0 0.005717128988368411 0.00391652175264425 0.009776430466085636 0.00037976606410451165 0.008760131453661254
0 0.002557544757033248 0.0 1.0 0.0 0.001456533866565162 0.0026057823264984915 0.004491161012900143 0.0 0.0022704160807470513
0 0.02702702702702703 0.0 1.0 0.0 0.009921832863234224 0.011679343142274258 0.01920341394025605 0.003565570847892747 0.02702702702702703
0 0.011627906976744186 0.0 1.0 0.0 0.009536497452652353 0.0101546805159202 0.014504283965728275 0.003374854267656623 0.011937176147921297
0 0.0101010101010101 0.0 1.0 0.0 0.006538889004477405 0.009982868337442542 0.016347687400318982 0.002078835851922924 0.013792779753402174
0 0.011363636363636364 0.0 1.0 0.0 0.008012715753905332 0.009413708961869037 0.016507177033492824 0.0010793955384984409 0.019348749385496036
0 0.007692307692307693 0.0 1.0 0.0 0.010668699754050702 0.007798036869798434 0.015587044534412951 0.0008118530545971179 0.01614414985636631
0 0.005952380952380952 0.0 1.0 0.0 0.009924023361986199 0.0069616140042414116 0.019548872180451125 0.0016019600452318128 0.00737806518962064
0 0.004464285714285714 0.0 1.0 0.0 0.004483648495573497 0.0021473989377151087 0.01389802631578947 0.00041226912928759896 0.0032684995142353754
0 0.004166666666666667 0.0 1.0 0.0 0.006306616215280384 0.00443172197028899 0.01929824561403509 0.0011433597185576078 0.01953611953445898
0 0.004629629629629629 0.0 1.0 0.0 0.007801125985084854 0.008303860168989216 0.018092105263157892 0.0005496921723834653 0.012530511585408537
0 0.0058823529411764705 0.0 1.0 0.0 0.010317941577605905 0.00999221513402294 0.01888544891640867 0.0027937296290547883 0.003555522139819549
0 0.00909090909090909 0.0 1.0 0.0 0.009478324454363822 0.007031214210993347 0.02631578947368421 0.0013192612137203166 0.0005174120586743757
0 0.003472222222222222 0.0 1.0 0.0 0.007526516665528363 0.008383185878650787 0.010526315789473684 0.0006596306068601584 0.017625457813035487
0 0.002958579881656805 0.0 1.0 0.0 0.007081839407864 0.006145211605503197 0.015789473684210527 0.001116297950071037 0.000537522421757307
0 0.002551020408163265 0.0 1.0 0.0 0.009623895728599965 0.009306678548733054 0.018421052631578946 0.0016961929890689784 0.010952340753100781
0 0.034482758620689655 0.0 1.0 0.06896551724137931 0.01873600885544013 0.012831052442890616 0.015102913659449343 0.004696095532000536 0.034482758620689655
0 0.013888888888888888 0.0 1.0 0.05555555555555555 0.015036883430133204 0.014092246928055961 0.011412575366063741 0.003891050583657586 0.02156329376809533
0 0.020833333333333332 0.0 1.0 0.0 0.015766942630872315 0.015474099824555124 0.011385658914728682 0.0017023346303501946 0.025004854251514323
0 0.008333333333333333 0.0 1.0 0.0 0.004884945954355158 0.002646846211410238 0.015245478036175712 0.0 0.007372756490767102
0 0.008695652173913044 0.0 1.0 0.0 0.01172772316975212 0.014087413003558006 0.01651499831479609 0.0013534088986635088 0.019943508811229794
0 0.018518518518518517 0.0 1.0 0.0 0.005124393783604932 0.011763760939601057 0.01119724375538329 0.0 0.036696454208871056
1 0.005291005291005291 0.0 1.0 0.0 0.01537035794647467 0.009712514389401648 0.011771461383864487 0.0017293558149589277 0.02259318325228706
0 0.004807692307692308 0.0 1.0 0.07692307692307693 0.011387448440828323 0.0 0.01282051282051282 0.001197246333433104 0.012075670090286615
0 0.0029239766081871343 0.0 1.0 0.05263157894736842 0.007766583527998228 0.0007795745422425393 0.012545899632802938 0.0008191685439279131 0.017000391407461585
0 0.004166666666666667 0.0 1.0 0.0 0.00899993171678526 0.012456703406986862 0.012435400516795867 0.00032425421530479895 0.022429681183349592
0 0.03125 0.0 1.0 0.0625 0.01758224075775899 0.010039249751303495 0.01921791443850267 0.0062163978494623635 0.031249999999999993
0 0.022727272727272728 0.0 1.0 0.0 0.018196490980185664 0.0202157054009422 0.017744287797763734 0.007331378299120233 0.033058281839624365
0 0.009009009009009009 0.0 1.0 0.0 0.010866015889274975 0.009355875154289628 0.015753721636074577 0.0013077593722755014 0.013362202231920459
0 0.007352941176470588 0.0 1.0 0.058823529411764705 0.01267339482961084 0.007846832315148282 0.012425290972003775 0.00031625553447185326 0.009360209700574702
0 0.01 0.0 1.0 0.0 0.009211349215086217 0.015690139827590998 0.024331550802139036 0.0024193548387096775 0.0010789072969350894
0 0.010416666666666666 0.0 1.0 0.0 0.015029057525728246 0.017792748574070594 0.021390374331550797 0.0023521505376344087 0.03236116107770356
0 0.005494505494505494 0.0 1.0 0.0 0.003832991675945063 0.012659543604201573 0.009461127108185932 0.0 0.0048867072328885475
1 0.030303030303030304 0.0 1.0 0.0 0.009101854233983426 0.007979920553124333 0.013897596656217346 0.003669917164726852 0.030303030303030304
0 0.022727272727272728 0.0 1.0 0.0 0.013640502484482104 0.011767199997139342 0.012068965517241381 0.004561182761874802 0.04528720524914434
0 0.011494252873563218 0.0 1.0 0.0 0.008849153870414383 0.007334906984914998 0.01688466111771701 0.0036988426202123835 0.004392568643631482
0 0.008928571428571428 0.0 1.0 0.0 0.005219891619568456 0.008790742587193619 0.006650246305418721 0.0004943153732081068 0.029749102062110434
0 0.007407407407407408 0.0 1.0 0.0 0.011572144967770467 0.013311354980598865 0.009323116219667946 0.0015378700499807769 0.013203788811182811
0 0.005376344086021505 0.0 1.0 0.0 0.009407966239572888 0.008496152775320263 0.015016685205784202 0.00044647840160732226 0.010016129628150834
0 0.008403361344537815 0.0 1.0 0.0 0.016334478024380445 0.01588545048268586 0.011561866125760649 0.0008141664970486464 0.01575897462771918
0 0.0033783783783783786 0.0 1.0 0.0 0.0076435618951628224 0.006073417895010644 0.009692451071761416 0.0009351912466099318 0.003988336090644831
1 0.008547008547008546 0.0 1.0 0.0 0.0057081780880194576 0.01134854011949393 0.011140583554376658 0.002129358530742614 0.008189484095284496
0 0.0032258064516129032 0.0 1.0 0.0 0.007973113327028483 0.00428248886222811 0.005672969966629588 0.00044647840160732226 0.000583607195316052
0 0.004132231404958678 0.0 1.0 0.0 0.007164886334054047 0.0027215202033386773 0.01426332288401254 0.0009436929852154765 0.03836134473455077
0 0.02 0.0 1.0 0.0 0.006831937427965557 0.011784707351222574 0.014666666666666663 0.006341463414634149 0.02
0 0.019230769230769232 0.0 1.0 0.07692307692307693 0.008932648215604968 0.014357775063301782 0.006993006993006992 0.0 0.00017566109379351044
0 0.0101010101010101 0.0 1.0 0.0 0.010660359843853339 0.027910894010831404 0.0108356290174472 0.0014781966001478197 0.020751340666925445
0 0.006944444444444444 0.0 1.0 0.0 0.007510749169839132 0.011604252103952651 0.013636363636363637 0.001016260162601626 0.0034967265891641436
0 0.01 0.0 1.0 0.0 0.006040729313286202 0.0 0.017878787878787876 0.0 0.00020917149156139081