0 0.03333333333333333 0.0 1.0 0.06666666666666667 0.010570297142221402 0.004754611416392737 0.009639953542392566 0.004079254079254082 0.033333333333333326
0 0.025 0.0 1.0 0.0 0.014201008848155602 0.010321110281919779 0.012543554006968641 0.004020979020979022 0.004710272381716672
0 0.011904761904761904 0.0 1.0 0.0 0.005973516669148651 0.005814057573566724 0.011075161772025884 0.0029970029970029987 0.0089089268556894
0 0.009259259259259259 0.0 1.0 0.0 0.008215527643036102 0.007235010012702239 0.009291521486643438 0.000518000518000518 7.618077580177291e-05
0 0.025 0.0 1.0 0.0 0.003750743637543535 0.003933400061477505 0.025696864111498255 0.0008741258741258741 0.03944801199721566
0 0.003875968992248062 0.0 1.0 0.0 0.005303282306465757 0.005133772413828867 0.013856251519325827 0.0011383964872336966 0.009286769343408604
0 0.0049261083743842365 0.0 1.0 0.0 0.0025274116925842202 0.004061378228962683 0.012495494413072213 0.0007234145165179648 0.00735240513083484
0 0.005952380952380952 0.0 1.0 0.0 0.01092917350968369 0.014702546098851984 0.012444001991040317 0.0021645021645021645 0.00016699342893284927
0 0.005291005291005291 0.0 1.0 0.0 0.008328671605693271 0.009101316078126243 0.01095072175211548 0.000666000666000666 0.000210086212370574
0 0.007692307692307693 0.0 1.0 0.0 0.009427975376739051 0.008184092221131103 0.005628517823639776 0.0 0.005068218283281976
0 0.007575757575757576 0.0 1.0 0.0 0.005684788849408234 0.004783857879781078 0.016550522648083623 0.0008741258741258741 0.02422475496171562
0 0.005208333333333333 0.0 1.0 0.0 0.016948350660142764 0.015085103571661219 0.010017421602787456 0.002403846153846154 0.000204554036788019
0 0.004048582995951417 0.0 1.0 0.0 0.002658921942381075 0.00722022503236022 0.013753896937465615 0.0009201324990798675 0.0004963821585494089
0 0.03333333333333333 0.0 1.0 0.13333333333333333 0.008506137683277258 0.008998338335262803 0.01288604898828541 0.004166666666666668 0.03333333333333334
0 0.017857142857142856 0.0 1.0 0.0 0.0069035282804545805 0.008962355134008445 0.015632131446827933 0.0034340659340659353 0.008294948892891885
0 0.008547008547008546 0.0 1.0 0.0 0.007208666019897725 0.007905324556478953 0.01359875481281232 0.0020545693622616703 0.007885701545186663
0 0.010869565217391304 0.0 1.0 0.0 0.0031413754736384514 0.003530192555146165 0.012779552715654953 0.0008361204013377927 0.0004084531300346104
0 0.014285714285714287 0.0 1.0 0.0 0.005616532218509211 0.009034042913494059 0.0207667731629393 0.0016025641025641025 0.017226202123421224
0 0.004065040650406504 0.0 1.0 0.0 0.004196589163819472 0.005960917804345592 0.013714641938751656 0.0010944340212632893 0.009244965365454423
0 0.012987012987012986 0.0 1.0 0.0 0.0024632745119954583 0.006728297775191674 0.020621550972988675 0.0005827505827505828 0.027024264620595664
0 0.008333333333333333 0.0 1.0 0.0 0.007644168949888915 0.012555834033717456 0.02726304579339723 0.0008547008547008547 0.012209954925757998
0 0.0026455026455026454 0.0 1.0 0.0 0.004830371783149175 0.004522732659241795 0.018408641411836298 0.0011446886446886445 0.008352544036149592
0 0.0033333333333333335 0.0 1.0 0.0 0.005245716688306212 0.005708812436016822 0.01288604898828541 0.0012820512820512818 0.0020336110896281828
1 0.004545454545454545 0.0 1.0 0.0 0.006319098575709843 0.00700829192521554 0.015175718849840258 0.0011217948717948717 0.010938306786260893
0 0.006944444444444444 0.0 1.0 0.0 0.002521045544938269 0.010829831521050106 0.015175718849840253 0.0010683760683760683 0.000999409723053806
0 0.009615384615384616 0.0 1.0 0.0 0.004325958787703211 0.0 0.014776357827476038 0.0 0.0015057066757077006
0 0.043478260869565216 0.0 1.0 0.08695652173913043 0.024596674684252282 0.031002834765377553 0.014066496163682865 0.012978585334198567 0.04347826086956521
0 0.016666666666666666 0.0 1.0 0.0 0.01861531789197521 0.026126402961223594 0.00980392156862745 0.0 0.012581295151780436
0 0.03333333333333333 0.0 1.0 0.0 0.02314530961176597 0.010152828004961657 0.013235294117647059 0.0 0.052846969832863966
0 0.05 0.0 1.0 0.0 0.05152003685904931 0.03580701974392394 0.0 0.0 0.0006647276787179634
0 0.022727272727272728 0.0 1.0 0.0 0.008644895473807802 0.0076393122315950015 0.011363636363636364 0.006113769271664008 0.02272727272727273
0 0.03125 0.0 1.0 0.0 0.010248298491989811 0.010911217373268231 0.013444767441860466 0.0007309941520467836 0.06599058815858114
0 0.01515151515151515 0.0 1.0 0.0 0.010293393958331306 0.009594861698205946 0.01427061310782241 0.0010632642211589579 0.035966018342921006
0 0.006944444444444444 0.0 1.0 0.0 0.006021599312924184 0.008874972951309214 0.007267441860465117 0.000649772579597141 0.00046497596203441796
0 0.016666666666666666 0.0 1.0 0.0 0.009871795128645045 0.011851465543567778 0.009205426356589148 0.0009746588693957114 0.0006537958324249021
0 0.003968253968253968 0.0 1.0 0.047619047619047616 0.008076027439221504 0.01811017847536681 0.014258028792912518 0.0034809245335561123 0.021484732602092486
0 0.03125 0.0 1.0 0.0 0.019416809904145616 0.009520424467893775 0.013567073170731714 0.006127450980392157 0.03125
0 0.014285714285714285 0.0 1.0 0.0 0.01440738245338564 0.015544986691415286 0.015331010452961676 0.0042016806722689065 0.02605805485301822
0 0.009523809523809523 0.0 1.0 0.0 0.011290152445593893 0.009181920596303518 0.012264808362369341 0.0018207282913165264 0.021580705863816784
0 0.008928571428571428 0.0 1.0 0.0 0.009949494916957539 0.008818835281627557 0.01271777003484321 0.0019257703081232492 0.001243949642362877
0 0.0071428571428571435 0.0 1.0 0.0 0.007846134931241316 0.010999823316238251 0.011498257839721257 0.00035014005602240897 0.02127108500205515
0 0.005952380952380952 0.0 1.0 0.0 0.016629635815889453 0.011480995517872924 0.012717770034843206 0.0012254901960784316 0.028803415960596015
0 0.007518796992481203 0.0 1.0 0.0 0.01951473687297429 0.009935960651948354 0.014634146341463419 0.0012899896800825593 0.0493454847378367
0 0.03225806451612903 0.0 1.0 0.06451612903225806 0.03481037131793002 0.05214217850568469 0.023933402705515087 0.01110523532522475 0.03225806451612904
0 0.016129032258064516 0.0 1.0 0.0 0.02166009121092865 0.023428121279004576 0.02341311134235171 0.005288207297726072 0.01936656991453271
0 0.045454545454545456 0.0 1.0 0.0 0.0121260448025655 0.010908659622808401 0.012062937062937066 0.004563004563004565 0.045454545454545456
0 0.017241379310344827 0.0 1.0 0.0 0.007367963198084166 0.00554288046932938 0.015384615384615389 0.004526694181866598 0.02403231131195197
0 0.006666666666666666 0.0 1.0 0.0 0.006592841147539623 0.003668218892506809 0.01023076923076923 0.0018532818532818534 0.005820888581213743
1 0.0125 0.0 1.0 0.0 0.0076554454788174825 0.013067124323200174 0.012884615384615383 0.0007722007722007722 0.0029673478512890284
0 0.005263157894736842 0.0 1.0 0.0 0.009390872496719693 0.010208489118101249 0.014878542510121457 0.000812842918106076 0.013310909814751581
0 0.008771929824561403 0.0 1.0 0.0 0.010681463990912512 0.005603703200213803 0.011336032388663965 0.000812842918106076 0.017139839111995393
0 0.007142857142857143 0.0 1.0 0.0 0.014473637568977852 0.007323669760637171 0.011730769230769232 0.0003861003861003861 0.009827069865667833
0 0.005434782608695652 0.0 1.0 0.0 0.01636585325234362 0.0017305611315501584 0.016555183946488295 0.0011750881316098707 0.0015446705104563752
0 0.0028490028490028487 0.0 1.0 0.0 0.008156951626196915 0.006481982225751661 0.008086785009861933 0.000297000297000297 0.005786733578382115
0 0.02564102564102564 0.0 1.0 0.0 0.011178501955755898 0.007719326169591913 0.013758599124452786 0.0042137349829657516 0.02564102564102564
0 0.01020408163265306 0.0 1.0 0.0 0.0045095218998714316 0.00849706478847584 0.02119035767617153 0.0036392179249322113 0.002346716394641057
0 0.013333333333333332 0.0 1.0 0.0 0.0037649352870948814 0.007232127231674618 0.016864111498257842 0.000979020979020979 0.0023545964709109075
0 0.0078125 0.0 1.0 0.0 0.003956052828523453 0.008585579802653287 0.015026132404181186 0.0005463286713286714 0.004250119877199151
1 0.006666666666666667 0.0 1.0 0.0 0.006548377392997717 0.009286158140043096 0.00789779326364692 0.0002331002331002331 0.037528023083543104
0 0.007936507936507936 0.0 1.0 0.0 0.0066809636280776115 0.005085953698605032 0.0051435208229633315 0.0 0.0011595939229855669
0 0.008928571428571428 0.0 1.0 0.0 0.007370423778236034 0.007640032285883144 0.019817073170731704 0.0013111888111888112 0.00032265078703580085
0 0.006944444444444444 0.0 1.0 0.0 0.0036638271935903067 0.004552338724792635 0.023228803716608598 0.0011655011655011655 0.00030080629724689895
0 0.009259259259259259 0.0 1.0 0.0 0.007505294390449787 0.0047000344320969915 0.008130081300813009 0.0 0.0023129364498907846
0 0.004166666666666667 0.0 1.0 0.0 0.00500961351969352 0.006005220525648898 0.018292682926829274 0.0011655011655011655 0.05378379189074383
0 0.004329004329004329 0.0 1.0 0.0 0.0075367661591177765 0.00869496062758213 0.015098722415795589 0.000999000999000999 0.016715736139931752
0 0.02702702702702703 0.0 1.0 0.0 0.009924159239092926 0.010885418788949896 0.014871330660804344 0.0055873180873180885 0.027027027027027032
0 0.022727272727272728 0.0 1.0 0.0 0.009622423679945171 0.005297643718686615 0.022183558068725528 0.005244755244755243 0.04055667154155339
0 0.027777777777777776 0.0 1.0 0.0 0.007623989879116076 0.019150274399064155 0.017942583732057413 0.0008012820512820514 0.0006847118247557139
0 0.013157894736842105 0.0 1.0 0.0 0.007060089631423228 0.009287979076314658 0.020146058927222363 0.0015182186234817814 0.010378814392674381
0 0.008333333333333333 0.0 1.0 0.0 0.0063794505161756275 0.01336839856132449 0.00737639553429027 0.0004006410256410257 0.006779450165771005
0 0.008771929824561403 0.0 1.0 0.0 0.01368002673229416 0.01060142103536453 0.008310249307479223 0.0010121457489878543 0.05131077379114503
0 0.011904761904761904 0.0 1.0 0.0 0.0035550055715536937 0.0073428456523610165 0.019138755980861243 0.0008012820512820514 0.01250922239012886
0 0.004032258064516129 0.0 1.0 0.0 0.00406413588128691 0.008751951107625049 0.010804136440808763 0.00031017369727047146 0.007451919346624982
0 0.003367003367003367 0.0 1.0 0.0 0.006861362706865362 0.00465217544798102 0.008119472234304771 0.0008741258741258741 0.00028504151453600954
0 0.02631578947368421 0.0 1.0 0.0 0.008485512211644598 0.011901066561489124 0.015974145891043397 0.0047257227575982184 0.02631578947368421
0 0.019230769230769232 0.0 1.0 0.0 0.002783270247449616 0.009431763231063801 0.01592442645074224 0.004062838569880823 0.016106608324788642
0 0.010416666666666666 0.0 1.0 0.0 0.004798286094952037 0.008195045030804858 0.011184210526315788 0.002860915492957747 0.011287847803330404
0 0.007142857142857143 0.0 1.0 0.0 0.005126280668704775 0.007677929062172887 0.01112781954887218 0.0016096579476861167 0.006289919102217433
0 0.005 0.0 1.0 0.0 0.006205352050916687 0.0059847192242613095 0.012982456140350878 0.001232394366197183 0.0079659479578292
0 0.005555555555555555 0.0 1.0 0.0 0.0044751438492660585 0.004842799962743461 0.01239766081871345 0.0 0.00597780929081746
0 0.008403361344537815 0.0 1.0 0.0 0.004417326029405075 0.0036802251367766513 0.008255933952528379 0.0 0.00689726002412374
0 0.003472222222222222 0.0 1.0 0.0 0.0037798168352974784 0.006909508953080987 0.013157894736842105 0.0009780907668231612 0.0115836919374021
0 0.0035842293906810036 0.0 1.0 0.0 0.005559405717650974 0.00706298440913221 0.01686474250141482 0.0014766015447523853 0.011837708018186644
0 0.04 0.0 1.0 0.08 0.011157171765104367 0.008194754381844216 0.012615384615384615 0.003861003861003863 0.04000000000000001
0 0.05 0.0 1.0 0.0 0.0074237754891911725 0.004985190095014933 0.01346153846153846 0.0034749034749034747 0.029576459336777022
0 0.037037037037037035 0.0 1.0 0.1111111111111111 0.006140329323287147 0.009036449517958817 0.010256410256410256 0.003861003861003861 0.003958569965424836
0 0.013888888888888888 0.0 1.0 0.05555555555555555 0.008900129223775177 0.0041416928359727205 0.011752136752136754 0.003861003861003861 0.01578214643080688
0 0.005714285714285714 0.0 1.0 0.0 0.009694711545578171 0.008446351448726833 0.01791208791208791 0.0019856591285162713 0.0017857261132128816
0 0.005555555555555555 0.0 1.0 0.0 0.005394372083580793 0.004702407009128677 0.014871794871794871 0.0006435006435006435 0.00013261304281226487
0 0.0033222591362126242 0.0 1.0 0.0 0.003500430119649845 0.006885079156651993 0.013416815742397137 0.00017958157493041214 0.006411179241200084
0 0.006578947368421052 0.0 1.0 0.0 0.0065728539796369514 0.003923709002500472 0.007489878542510121 0.0 0.007673074695443331
0 0.00505050505050505 0.0 1.0 0.0 0.010347941653172592 0.004497813375813417 0.01241258741258741 0.000702000702000702 0.0209162330233389
0 0.0071428571428571435 0.0 1.0 0.0 0.010432418014093262 0.009508781474613898 0.01868131868131868 0.0019305019305019305 0.008825800677315278
0 0.0025974025974025974 0.0 1.0 0.0 0.00528334873685383 0.008904261376273795 0.01153846153846154 0.0006618863761720905 0.013505674121683818
0 0.07692307692307693 0.0 1.0 0.15384615384615385 0.01692165636616657 0.018587251741818855 0.01217948717948718 0.008403361344537815 0.07692307692307693
0 0.03333333333333333 0.0 1.0 0.0 0.009137437601452218 0.012761211347033013 0.01611111111111111 0.007843137254901959 0.033131316463559504
0 0.01111111111111111 0.0 1.0 0.0 0.008666431316758878 0.008636952377107453 0.011944444444444445 0.0019607843137254897 9.128040626669197e-05
0 0.009259259259259259 0.0 1.0 0.0 0.02437651109547921 0.0130247252871075 0.0095679012345679 0.0006224712107065047 0.011214053086020314
0 0.009090909090909092 0.0 1.0 0.0 0.020437798420718203 0.01354746411353262 0.014393939393939393 0.0 7.52967335006092e-05
0 0.01282051282051282 0.0 1.0 0.0 0.017983920140505903 0.019669330884399126 0.009615384615384616 0.0 0.00015969414537869519
0 0.025 0.0 1.0 0.05 0.012746548799072105 0.015577588331136094 0.01580882352941176 0.005788177339901474 0.025000000000000005
0 0.021739130434782608 0.0 1.0 0.0 0.007200897762614357 0.007683171162419482 0.011722080136402389 0.004069393874491324 0.057303744633223845
0 0.016666666666666666 0.0 1.0 0.0 0.008311282759067474 0.012089828003308024 0.013235294117647059 0.0009852216748768472 0.06649338993716677
0 0.008928571428571428 0.0 1.0 0.0 0.006299720157349817 0.007070762538858704 0.010329131652661064 0.0019352568613652359 0.013803889628011934
0 0.010526315789473684 0.0 1.0 0.0 0.006649397607808311 0.004931524482461251 0.014705882352941175 0.0 0.0010296158754390088
1 0.008333333333333333 0.0 1.0 0.0 0.008376508616101544 0.007539600107132857 0.01176470588235294 0.0 0.0004246784641371161
0 0.005494505494505494 0.0 1.0 0.0 0.010762722431445128 0.0038664615934014654 0.02130467571644042 0.002084122773777946 0.048132982436220446
0 0.004464285714285714 0.0 1.0 0.0 0.007331042975235381 0.011376420169968543 0.014880952380952382 0.0005277973258268825 0.04452624808829254
0 0.03333333333333333 0.0 1.0 0.06666666666666667 0.0104995964069858 0.00843823149367945 0.008020050125313283 0.004276729559748427 0.03333333333333334
0 0.05555555555555555 0.0 1.0 0.0 0.0 0.002270901636144411 0.014202172096908938 0.005450733752620545 0.003611384898938882
0 0.009009009009009009 0.0 1.0 0.0 0.008606138782571243 0.009034447417247975 0.014021540337329812 0.004283528811830698 0.01572791169590776
0 0.010416666666666666 0.0 1.0 0.0 0.007032584297380995 0.004829581281543589 0.010025062656641603 0.0006289308176100629 0.03041341445941516
0 0.02 0.0 1.0 0.0 0.0028358393262107534 0.006654564365182321 0.013533834586466165 0.0033962264150943396 0.0017351931079627
0 0.006666666666666666 0.0 1.0 0.0 0.006023170240082449 0.0036041320065089873 0.010225563909774436 0.0006037735849056604 0.007607910531352033
0 0.007142857142857143 0.0 1.0 0.0 0.009439644147235998 0.006612792286262434 0.010714285714285714 0.0009433962264150943 0.0389948283077025
0 0.006944444444444444 0.0 1.0 0.1111111111111111 0.0074838856921190244 0.0052436801836396275 0.006892230576441102 0.0006289308176100629 0.01688361112631969
0 0.0035842293906810036 0.0 1.0 0.0 0.008081597631644203 0.010635758425746841 0.012490904681057478 0.001825928180158247 0.024992769618720996
0 0.0038461538461538464 0.0 1.0 0.0 0.011490915389696406 0.01320170400782916 0.012290341237709659 0.0018867924528301885 0.02518368726674181
0 0.0025252525252525255 0.0 1.0 0.0 0.005067541557355557 0.008289700874142089 0.012113617376775267 0.0005241090146750524 0.019237822352889393
0 0.03571428571428571 0.0 1.0 0.0 0.00924088109074715 0.007202270961417958 0.009702241552358649 0.0031019450033534556 0.03571428571428572
0 0.020833333333333332 0.0 1.0 0.0 0.009465613892419377 0.012057275098359384 0.011416861826697896 0.00381455399061033 0.00936418345313964
0 0.023809523809523808 0.0 1.0 0.0 0.009315269328674717 0.004022586054397895 0.010873201739712277 0.002515090543259557 0.00032705959819699545
0 0.017857142857142856 0.0 1.0 0.0 0.003518882206344755 0.0036462594023422648 0.01672800267648043 0.003856472166331321 0.018883972918641873
0 0.018181818181818184 0.0 1.0 0.0 0.0018856166669880257 0.005905378287508898 0.008728975942090695 0.0027742210840802388 0.003303155125523828
1 0.007575757575757575 0.0 1.0 0.0 0.003380473700955225 0.0018059309748350897 0.014370875026612733 0.0012804097311139564 0.01251713041414445
0 0.011904761904761904 0.0 1.0 0.0 0.006317610351409639 0.00305549541220479 0.007806401249024201 0.0003912363067292645 0.0011158106312375861
0 0.005952380952380952 0.0 1.0 0.0 0.0017114657365705273 0.003831038805553268 0.008029441284710606 0.000447127207690588 0.0014147385508559327
0 0.006944444444444444 0.0 1.0 0.0 0.0030489172361429576 0.005860826285710902 0.011563231850117097 0.0022007042253521123 0.0015862969170302823
0 0.0058823529411764705 0.0 1.0 0.0 0.005609105390444862 0.004884638449478614 0.013500482160077147 0.0005523336095001381 0.0005554252496727802
1 0.001594896331738437 0.0 1.0 0.0 0.006856241051504386 0.003386770805905426 0.011093307038087023 0.000782472613458529 0.009220147770389275
0 0.004166666666666667 0.0 1.0 0.2 0.006251773839261988 0.0018094778994359386 0.004098360655737705 0.0 0.0006888107391189423
0 0.00591715976331361 0.0 1.0 0.0 0.005589669339759221 0.00779578662991317 0.016393442622950824 0.0032502708559046588 0.03437001915480636
0 0.0026455026455026454 0.0 1.0 0.0 0.007519573024327874 0.008322585158838849 0.014138260039899386 0.0019127108328986261 0.014082802205234864
0 0.0031746031746031746 0.0 1.0 0.0 0.004547083891336044 0.003774267695577847 0.015835842533734813 0.001564945226917058 0.00026599221273194176
0 0.0020833333333333333 0.0 1.0 0.0 0.0024066531057882153 0.007533714018071489 0.009758001561280252 0.0014866979655712052 0.016048165104433437
0 0.0029411764705882353 0.0 1.0 0.0 0.007656186404797398 0.007937514915646692 0.009367681498829042 0.0009389671361502347 0.017250608487199733
0 0.0016835016835016834 0.0 1.0 0.0 0.005674646761253162 0.007336554880702419 0.012277340146192606 0.0023474178403755865 0.014665137919067412
0 0.001949317738791423 0.0 1.0 0.0 0.0051081687102738915 0.004421029615949677 0.012750455373406196 0.002521300643366371 0.013964141636755863
0 0.03225806451612903 0.0 1.0 0.0 0.00513274814333826 0.007315417951452533 0.014980377141763184 0.0024445190049369697 0.03225806451612903
0 0.05555555555555555 0.0 1.0 0.2222222222222222 0.01343915398550651 0.0047864007094404705 0.017309594460929775 0.0031368664355291404 0.03224159463491166
0 0.017543859649122806 0.0 1.0 0.0 0.006346998642772064 0.009255715164679958 0.012962673746681244 0.0032063814811918354 0.008214598716785199
0 0.007352941176470588 0.0 1.0 0.0 0.006573243951939428 0.006227857548245463 0.014967708151509862 0.002665850887160213 0.0037085135549379915
0 0.010526315789473684 0.0 1.0 0.0 0.005715309194801667 0.0014922901877446482 0.013587380915196 0.0018769062328927817 0.0015341496652569986
0 0.003401360544217687 0.0 1.0 0.0 0.004695080431679444 0.0019485506293656816 0.015048749470114453 0.0012129666130939751 0.005816661223223286
0 0.007142857142857143 0.0 1.0 0.0 0.004452910742677929 0.0029021865605674633 0.013501483679525222 0.0003714710252600297 0.02203752771482353
0 0.004807692307692308 0.0 1.0 0.0 0.005006914431274297 0.0036672380526425793 0.013581374115498741 0.0013144359355354894 0.005983019045951151
0 0.005555555555555555 0.0 1.0 0.0 0.004516065940937745 0.007513074887986491 0.006899109792284866 0.0014858841010401186 0.025223348518707833
0 0.005555555555555556 0.0 1.0 0.0 0.006896237871035282 0.0054506341394354825 0.006099571381470491 0.00041274558362225524 0.003921005827158058
0 0.0027548209366391185 0.0 1.0 0.0 0.006302996773006618 0.005511097596255939 0.012543835985972484 0.0015309108919807286 0.006570375192126258
0 0.004166666666666667 0.0 1.0 0.0 0.009412849391349513 0.009109689805371045 0.025964391691394657 0.0030460624071322433 0.0057994210317253506
0 0.0038461538461538464 0.0 1.0 0.0 0.007833120740081335 0.005414330173284847 0.016913946587537095 0.0020059435364041607 0.0025822916928724014
0 0.003105590062111801 0.0 1.0 0.0 0.004083033700004572 0.004806728778085761 0.014901303057669976 0.002325731636410621 0.00023933872644510846
0 0.00196078431372549 0.0 1.0 0.0 0.0019040420585630122 0.0033043290271148 0.010560307208936987 0.0006555371034000525 0.0005040325027157363
0 0.004464285714285714 0.0 1.0 0.0 0.0033465648019412883 0.0023991094106674965 0.004874947011445528 0.0 0.006732370868300472
0 0.0021008403361344537 0.0 1.0 0.0 0.0036431183190250823 0.0026637516717309085 0.016638406104281474 0.0004776056039057525 0.014316248425832541
0 0.0018518518518518517 0.0 1.0 0.0 0.0024907109566618597 0.0020297327428524586 0.01691394658753709 0.0008420009905894006 0.0005698677808127756
0 0.0037593984962406013 0.0 1.0 0.0 0.0009580798362845258 0.002965776717085273 0.008372191606612973 0.00021226915729144553 0.01884352191244335
0 0.002173913043478261 0.0 1.0 0.0 0.007920167713642467 0.0030196585442157937 0.012579022061669465 0.0009044511919374637 0.00041580225586195256
0 0.0026455026455026454 0.0 1.0 0.0 0.0011333689999813877 0.004782785411513735 0.01121002307945928 0.0014033349843156678 0.0033250801187197174
0 0.0030303030303030303 0.0 1.0 0.0 0.006118138558494189 0.004109341182158345 0.0152324431256182 0.00019811788013868252 0.0007893091464816293
0 0.0016722408026755853 0.0 1.0 0.0 0.005261448125724622 0.003578580611345386 0.018545994065281898 0.0013144359355354899 0.015709620334008793
0 0.0013020833333333333 0.0 1.0 0.0 0.002618341250286466 0.004944391455902224 0.009551186943620178 0.0007429420505200593 0.01632553708640723
0 0.002 0.0 1.0 0.0 0.007468258674603342 0.004247176016174482 0.018694362017804153 0.001114413075780089 0.0026883766731092226
0 0.0019230769230769232 0.0 1.0 0.0 0.005309877416729469 0.0014826560333041816 0.009792284866468841 0.0008915304606240713 0.0074731387338647735
0 0.0011223344556677889 0.0 1.0 0.0 0.004398860925297155 0.00484027344383041 0.014207355453646252 0.0017110180557431674 0.009731595761572034
0 0.0013736263736263735 0.0 1.0 0.0 0.004543192217768452 0.0030020067108569104 0.011412919424788857 0.001657332266544748 0.012970396556270015
0 0.05555555555555555 0.0 1.0 0.0 0.016236309103845124 0.03659503661517343 0.009987515605493134 0.011363636363636362 0.05555555555555555
0 0.015151515151515152 0.0 1.0 0.0 0.004878348268826093 0.013297914601449603 0.012597889002383383 0.003443526170798898 0.0011624800858440535
0 0.014492753623188404 0.0 1.0 0.0 0.015850093491710092 0.01275853986767656 0.01612115290669272 0.0009881422924901185 0.02055397315249808
0 0.016666666666666666 0.0 1.0 0.0 0.012702020033064677 0.016513585607153183 0.014232209737827715 0.0 0.0005113154810703169
0 0.045454545454545456 0.0 1.0 0.0 0.008149881846362983 0.004838751928360587 0.008039579468150896 0.0035681042506981067 0.04545454545454545
0 0.016129032258064516 0.0 1.0 0.0 0.0037362380460928017 0.011877618193276285 0.020627605881062102 0.0040735439832654385 0.015596949106216692
0 0.00980392156862745 0.0 1.0 0.0 0.006279582823063699 0.006604801567382758 0.021808723489395762 0.0031118249347520588 0.016963496097391867
0 0.007142857142857143 0.0 1.0 0.0 0.006048135806985319 0.0040170532371232035 0.04178814382896015 0.0044856167723061925 0.0016098893180702795
0 0.0071428571428571435 0.0 1.0 0.0 0.007998697623843304 0.007538346155588745 0.01797862001943635 0.002072159921989273 0.00013422003031986313
0 0.004065040650406504 0.0 1.0 0.04878048780487805 0.004875829677278133 0.007162542047734677 0.02430728388916543 0.002330808291018064 0.011596411567417319
0 0.0035714285714285713 0.0 1.0 0.0 0.006722450363786425 0.005825962835350528 0.0201530612244898 0.0006825938566552901 0.005529083481335283
0 0.00625 0.0 1.0 0.0 0.004726044059337186 0.00745197974253006 0.017176870748299322 0.0 0.0002519921355231844
0 0.0044444444444444444 0.0 1.0 0.08 0.0055726414415353176 0.004887453579103388 0.017551020408163268 0.0012286689419795222 0.0011233071041459762
0 0.005555555555555556 0.0 1.0 0.0 0.009430268591978826 0.008480544479593101 0.02569916855631142 0.0017064846416382253 0.01887831747537795
1 0.030303030303030304 0.0 1.0 0.0 0.01028567917715341 0.015770029045306895 0.015381083562901738 0.009021512838306737 0.030303030303030304
0 0.014705882352941176 0.0 1.0 0.0 0.011678396874165609 0.012352812773539189 0.01492869875222816 0.001796138302649304 0.0001584493379308088
0 0.01515151515151515 0.0 1.0 0.0 0.009418896390463697 0.013617540826520476 0.010330578512396695 0.0006939625260235947 0.009120231187692195
0 0.027777777777777776 0.0 1.0 0.0 0.025640639819428893 0.010363439495783486 0.007575757575757575 0.0016963528413910093 0.0907335418726941
0 0.008 0.0 1.0 0.0 0.007412941884564574 0.018546246999990197 0.013636363636363637 0.00183206106870229 0.0003192351635851069
0 0.018518518518518517 0.0 1.0 0.0 0.021852921241709813 0.009431622457048872 0.018518518518518517 0.0016963528413910093 0.09112459390190183
0 0.06666666666666667 0.0 1.0 0.0 0.012122052075311088 0.028356153731386138 0.03204134366925065 0.0078125 0.06666666666666667
0 0.011904761904761904 0.0 1.0 0.0 0.008881917151569847 0.010127197761209334 0.02085640457733481 0.004836309523809524 0.013209230241213963
0 0.01111111111111111 0.0 1.0 0.0 0.007066048599950537 0.011982234318017045 0.014728682170542637 0.0015625 8.746304323535278e-05
0 0.011363636363636364 0.0 1.0 0.0 0.006357590584043585 0.011521078799257 0.017618040873854827 0.0 0.021366052077589237
0 0.016666666666666666 0.0 1.0 0.0 0.0076233020740906375 0.023235940495144925 0.018733850129198967 0.0 0.0028181561535370017
0 0.020833333333333332 0.0 1.0 0.0 0.013420935982378767 0.0 0.018410852713178293 0.0 0.000553970494812881
1 0.03333333333333333 0.0 1.0 0.06666666666666667 0.01418084769609635 0.009322284564878162 0.012244897959183671 0.004371584699453553 0.03333333333333333
0 0.0125 0.0 1.0 0.0 0.004106247070454235 0.004482127288151874 0.01663265306122449 0.0023565573770491805 0.0049748525266246
0 0.020833333333333332 0.0 1.0 0.0 0.01677394414938576 0.011027770274539534 0.011224489795918368 0.0020491803278688526 0.04330263162003367
0 0.0125 0.0 1.0 0.0 0.004122597882995193 0.010065746053288206 0.012040816326530614 0.0012295081967213114 0.00024155573445331263
0 0.005 0.0 1.0 0.0 0.008023419812171272 0.006296475934624157 0.015510204081632653 0.0017418032786885248 0.011023312708655609
0 0.005747126436781609 0.0 1.0 0.0 0.004350637565433233 0.008321644607643962 0.013230119634060516 0.0024024872809496893 0.005589236932867779
0 0.006802721088435374 0.0 1.0 0.19047619047619047 0.014444921742870112 0.008104550832908536 0.007968901846452867 0.00117096018735363 0.0022936910362533446
0 0.005681818181818182 0.0 1.0 0.0 0.014670928234760404 0.004925385773398131 0.013172541743970317 0.0007451564828614009 0.02567630511248709
0 0.0101010101010101 0.0 1.0 0.0 0.007971705246138343 0.014416581610933598 0.027458256029684602 0.003725782414307005 0.0007723623277063811
1 0.00625 0.0 1.0 0.0 0.006301420000963627 0.005526329264889343 0.009948979591836734 0.0005122950819672131 0.03394693969474918
0 0.045454545454545456 0.0 1.0 0.0 0.00783196997973044 0.001299418029350752 0.021043771043771045 0.0035857414047669265 0.04545454545454546
0 0.013513513513513514 0.0 1.0 0.0 0.007840610263393772 0.005048588468120133 0.012074574574574577 0.0031980936853326643 0.02145094231023349
0 0.016666666666666666 0.0 1.0 0.0 0.0018867252743466304 0.0043024213472868285 0.009953703703703704 0.003248259860788863 0.001227654258666082
0 0.006944444444444444 0.0 1.0 0.0 0.002725923067505109 0.005451249406180736 0.018454218106995893 0.0019979376127868004 0.00033685655492350587
1 0.002898550724637681 0.0 1.0 0.0 0.0039040765544837964 0.003780975497687354 0.022175254965110032 0.002454689128753488 0.01232470341375063
0 0.004901960784313725 0.0 1.0 0.0 0.004607844758424106 0.005789606150322844 0.020220588235294115 0.0018425003412037668 0.018723603607616292
0 0.005714285714285714 0.0 1.0 0.0 0.009650762120542338 0.010049251095670288 0.012685185185185186 0.0024129930394431553 0.021309755131329086
0 0.017857142857142856 0.0 1.0 0.0 0.0022494691677659756 0.0015654468749235913 0.0016534391534391533 0.0 0.02392528602101348
0 0.01111111111111111 0.0 1.0 0.0 0.007716906205142237 0.006622159616062535 0.020601851851851854 0.0030162412993039443 0.00077873345464658
0 0.004347826086956522 0.0 1.0 0.0 0.007888868305703461 0.00343516552114817 0.009158615136876007 0.0007061434479975789 0.032693624747637165
0 0.003134796238244514 0.0 1.0 0.06896551724137931 0.004085168848055218 0.0046062481326766234 0.011733716475095784 0.0008800704056324505 0.010919023592257177
0 0.0018518518518518517 0.0 1.0 0.0 0.0055080506134625885 0.003335973381482522 0.012448559670781893 0.0006187161639597834 0.012619012108991521
0 0.0032051282051282055 0.0 1.0 0.0 0.006912142873156261 0.002284035200584023 0.007908950617283951 0.0 0.0004647833844761164
0 0.002551020408163265 0.0 1.0 0.0 0.010735381461919314 0.010815905907012731 0.020750661375661377 0.002071594298972489 0.016989160219013578
0 0.002898550724637681 0.0 1.0 0.0 0.004792078160374127 0.009460983715802184 0.01469404186795491 0.0008070210834258045 0.002124779405016036
0 0.027777777777777776 0.0 1.0 0.05555555555555555 0.013921502722744164 0.016678731291504875 0.012876157407407407 0.00625363583478767 0.027777777777777776
0 0.015625 0.0 1.0 0.0 0.010679279147123171 0.010066635081919083 0.013346354166666668 0.0037630890052356017 0.0348478713318209
0 0.01111111111111111 0.0 1.0 0.0 0.0041839792279083415 0.0051657730087129716 0.01336805555555556 0.002792321116928447 0.007925314320228184
0 0.013888888888888888 0.0 1.0 0.0 0.006672664950360312 0.01117115269671146 0.01099537037037037 0.0005817335660267598 0.013871555733634485
0 0.013333333333333334 0.0 1.0 0.0 0.003772807561180314 0.006013658101090747 0.01423611111111111 0.0 0.0009210337967317267
0 0.0045045045045045045 0.0 1.0 0.0 0.010073406380811329 0.009859330403801348 0.013513513513513514 0.0005660110372152257 0.02760259376629587
0 0.007518796992481203 0.0 1.0 0.0 0.0026902462125032414 0.009761070607717923 0.01425438596491228 0.002204464039680353 0.0007689383489834574
0 0.025 0.0 1.0 0.0 0.017615288258860887 0.014245852907485469 0.010416666666666668 0.0 0.0023416412876367575
0 0.05 0.0 1.0 0.0 0.01806917945968744 0.008855445516181388 0.018795620437956205 0.003663003663003663 0.05
0 0.01 0.0 1.0 0.0 0.011653534646921372 0.010857013630473776 0.017080291970802918 0.005054945054945053 0.013852218690605007
0 0.013888888888888888 0.0 1.0 0.0 0.009615483830574843 0.007385768393295273 0.02204987834549878 0.002136752136752137 0.03046978748299366
0 0.007142857142857143 0.0 1.0 0.0 0.005749240932446028 0.006434905119388096 0.011678832116788322 0.0007326007326007326 0.0014192221599825694
0 0.02 0.0 1.0 0.0 0.0024826258260307703 0.00895127850954486 0.00583941605839416 0.0 0.0048994513691989
0 0.013888888888888888 0.0 1.0 0.0 0.005240003181151152 0.005806132456914848 0.02037712895377129 0.0018315018315018313 0.021562452171894262
0 0.007142857142857143 0.0 1.0 0.0 0.013997609958038466 0.010405825953961098 0.025547445255474456 0.0016483516483516484 0.033430509263498144
0 0.005208333333333333 0.0 1.0 0.0 0.00991694634134144 0.006458859276056494 0.022658150851581505 0.0006105006105006105 0.013004853939790721
0 0.00505050505050505 0.0 1.0 0.0 0.008979141893829963 0.007819586772765648 0.017750497677504976 0.000999000999000999 0.03566060692943732
0 0.0032258064516129032 0.0 1.0 0.0 0.006268709204428738 0.004778615935666225 0.020485048269366608 0.001654259718775848 5.1693711488873075e-05
0 0.0034965034965034965 0.0 1.0 0.0 0.0030839137768651015 0.009027301434375752 0.017686692869174618 0.0008453085376162299 0.0021105285801167497
0 0.02702702702702703 0.0 1.0 0.05405405405405406 0.021879323680425986 0.026427256637546827 0.0138996138996139 0.008225616921269097 0.02702702702702702
0 0.015151515151515152 0.0 1.0 0.0 0.02092347457110382 0.02944361808530144 0.008225108225108226 0.000878348704435661 0.012008592504388625