1 0.02564102564102564 0.0 1.0 0.0 0.012053201850045433 0.009357287551944433 0.012640575798470539 0.002929115407147043 0.025641025641025637
0 0.013157894736842105 0.0 1.0 0.0 0.007976297782143274 0.006689825278944036 0.013434903047091414 0.0025899546757931747 0.019482018053345772
0 0.006172839506172839 0.0 1.0 0.0 0.006175702682069306 0.0043902950214892 0.011533463287849254 0.0022456551454793994 0.013309328021515313
0 0.011904761904761904 0.0 1.0 0.0 0.0046545783451388085 0.008240959701084632 0.018629908103592312 0.0013390241861243619 0.010996617591309307
0 0.01 0.0 1.0 0.0 0.015427745935477355 0.014478004164735344 0.019473684210526317 0.0022847100175746927 0.04617016852687563
0 0.004273504273504273 0.0 1.0 0.0 0.007620265722049643 0.005259886968733797 0.010481331533963115 0.0011716461628588166 0.01159510888467733
0 0.005291005291005291 0.0 1.0 0.0 0.013417966292723424 0.004989840777212507 0.014294996751137105 0.0006509145349215648 0.02254555666943198
0 0.0024509803921568627 0.0 1.0 0.0 0.00725288276976405 0.0043689110708071055 0.011695906432748539 0.0012405665253799238 0.014960879204609027
0 0.003367003367003367 0.0 1.0 0.0 0.008779606891289933 0.00795601637682498 0.01828814460393408 0.001704212600521915 0.026362389258725714
0 0.004347826086956522 0.0 1.0 0.0 0.007719545696460886 0.005813924149274957 0.010144927536231885 0.0012225873003744172 0.032701746718158946
0 0.004132231404958678 0.0 1.0 0.0 0.016266525272571872 0.008256507073342368 0.016267942583732056 0.0018373542099376894 0.029117272482577138
0 0.004629629629629629 0.0 1.0 0.0 0.008845520329209162 0.007403793494774961 0.014912280701754385 0.0011716461628588166 0.024303227276572095
0 0.002197802197802198 0.0 1.0 0.0 0.004666095067429774 0.006467658526624769 0.011779448621553888 0.001154908360532262 0.009233600313503098
0 0.0018796992481203006 0.0 1.0 0.0 0.011670671644800318 0.007109570106669569 0.01708217913204063 0.001017482194061604 0.022658669780475888
0 0.00392156862745098 0.0 1.0 0.0 0.007678942474591897 0.0019244727406952215 0.006191950464396285 0.0 0.04127883055210627
0 0.001893939393939394 0.0 1.0 0.0 0.0065899344143384355 0.007444249297337215 0.014832535885167463 0.001650955956755605 0.015608494717320523
0 0.0015082956259426848 0.0 1.0 0.0 0.017041420882656994 0.00902210766548353 0.01659919028340081 0.0018025325582443337 0.015497019981174897
0 0.0024154589371980675 0.0 1.0 0.0 0.007700825095675752 0.009780124500765335 0.017467581998474452 0.0020631160693818295 0.017935692141611816
0 0.04 0.0 1.0 0.0 0.013333981166881882 0.005568892167291079 0.019615384615384614 0.004830917874396132 0.04
0 0.021739130434782608 0.0 1.0 0.0 0.02236822069750045 0.005893999425337917 0.0229933110367893 0.006511237135055658 0.02934011306589331
0 0.01515151515151515 0.0 1.0 0.09090909090909091 0.028455596677637064 0.009770592855601805 0.023819930069930065 0.001976284584980237 0.02935153758944442
0 0.014705882352941176 0.0 1.0 0.0 0.015553451348859293 0.006353381298487532 0.01414027149321267 0.0017050298380221652 0.051933476493632835
1 0.015384615384615385 0.0 1.0 0.0 0.027214240535087586 0.008415173118479898 0.018491124260355027 0.0014864362690449645 0.0647643597045031
0 0.016666666666666666 0.0 1.0 0.0 0.010135388368253314 0.01580428745618654 0.018269230769230767 0.0033816425120772944 0.0007752885783000457
0 0.004081632653061224 0.0 1.0 0.0 0.007144774822089631 0.010114890757256103 0.014148351648351652 0.0017943409247757074 0.00030013460289829105
0 0.0033783783783783786 0.0 1.0 0.0 0.010862955673032162 0.008414268578813992 0.012084199584199585 0.0007833920877399137 0.02000074792562435
0 0.004273504273504273 0.0 1.0 0.0 0.009717383311907966 0.005483493895631974 0.01960059171597633 0.0014864362690449645 0.032699981405097465
0 0.038461538461538464 0.0 1.0 0.0 0.026265737991732444 0.03139661785870845 0.02101967799642218 0.012217194570135752 0.038461538461538464
0 0.05555555555555555 0.0 1.0 0.0 0.021267414732209524 0.017784038596926302 0.006459948320413436 0.0 0.025664174123098567
0 0.013333333333333332 0.0 1.0 0.08 0.030447487888413297 0.029210967096779002 0.015348837209302323 0.0037647058823529413 0.03337894515471358
0 0.03571428571428571 0.0 1.0 0.0 0.02019157034358948 0.0 0.013289036544850499 0.0 0.03238678873635237
0 0.010526315789473684 0.0 1.0 0.0 0.026899892503024648 0.02391430238573314 0.009179926560587514 0.001238390092879257 0.00014307575076749217
0 0.02857142857142857 0.0 1.0 0.0 0.01956550001752967 0.02390983251361705 0.019047619047619046 0.008637873754152823 0.02857142857142857
0 0.027777777777777776 0.0 1.0 0.1111111111111111 0.02377305247346179 0.03135210211572631 0.01851851851851852 0.0012919896640826874 0.04041490236016687
0 0.00980392156862745 0.0 1.0 0.0 0.03133292116114715 0.018519725971771622 0.02366463826910074 0.0027359781121751026 0.014364981163204796
0 0.03125 0.0 1.0 0.0 0.022489151610568303 0.02259935836829863 0.01957831325301205 0.009146341463414637 0.03125
0 0.029411764705882353 0.0 1.0 0.0 0.006609895842967698 0.02573685832689092 0.026931254429482642 0.0014347202295552368 0.017529743769404388
0 0.00980392156862745 0.0 1.0 0.0 0.018999811518272288 0.026860605128552796 0.01913536498936924 0.0014347202295552368 0.021234012617036002
0 0.058823529411764705 0.0 1.0 0.0 0.04682071053029792 0.023259145876034393 0.025288620120945574 0.011098779134295227 0.058823529411764705
0 0.0125 0.0 1.0 0.0 0.034860147258270344 0.016945946422247865 0.02149532710280374 0.0042452830188679245 0.01881273648882214
0 0.0196078431372549 0.0 1.0 0.0 0.010896303184211687 0.015099655412484595 0.014843320505772402 0.0 0.00024151651690311842
0 0.010869565217391304 0.0 1.0 0.0 0.03781446829966948 0.013017866940358572 0.030881755383990246 0.002050861361771944 0.03913659715476476
0 0.02 0.0 1.0 0.0 0.0 0.01507204480295247 0.011214953271028037 0.0 0.0007200898409931416
0 0.037037037037037035 0.0 1.0 0.0 0.0158299522232527 0.020381500879382935 0.018623737373737376 0.004853856705708558 0.037037037037037035
0 0.014705882352941176 0.0 1.0 0.0 0.013386779877301762 0.006252748811224749 0.015541443850267385 0.004105915870621752 0.018912496588783807
0 0.00980392156862745 0.0 1.0 0.0 0.014325310222642435 0.005119160319068078 0.013953877005347596 0.002178649237472767 0.01499930418011364
0 0.008620689655172414 0.0 1.0 0.0 0.014735336723856329 0.011222364831694163 0.020963949843260193 0.00245603693879556 0.026599442648093937
0 0.016666666666666666 0.0 1.0 0.0 0.006311961382575029 0.0025717475793943117 0.017992424242424244 0.0016619183285849952 0.0005787653864120103
0 0.008771929824561403 0.0 1.0 0.0 0.01143512732013581 0.00306000664117153 0.015400717703349281 0.0022492127755285654 0.04207816739632267
1 0.0029154518950437317 0.0 1.0 0.0 0.012713108201022052 0.01150130929054017 0.018552875695732846 0.0025582882725739874 0.013338670350332631
0 0.0078125 0.0 1.0 0.0 0.011136711188858719 0.002872243264059273 0.010475852272727272 0.0007122507122507123 0.019530901561505297
0 0.0065359477124183 0.0 1.0 0.0 0.00553280379951254 0.00887687702770857 0.01036096256684492 0.0003351768057650411 0.008268657800482273
0 0.01 0.0 1.0 0.0 0.00746039466963494 0.003365535628894749 0.013636363636363636 0.0 0.006342721292117997
0 0.002932551319648094 0.0 1.0 0.0 0.008013175877577723 0.011891202021325264 0.012921554252199414 0.001746163036485617 0.026754000185159058
0 0.004629629629629629 0.0 1.0 0.0 0.0027915498513436565 0.001076669003375168 0.01499368686868687 0.000949667616334283 0.000833468547980854
0 0.004807692307692308 0.0 1.0 0.0 0.013145048916810086 0.01330640350217745 0.006569602272727272 0.0010683760683760685 0.053186121159817606
0 0.0032467532467532465 0.0 1.0 0.0 0.0070320578451309596 0.007735833187843728 0.007489669421487603 0.0009065009065009066 0.013158434324055413
0 0.003703703703703704 0.0 1.0 0.0 0.013156149927695301 0.015546968208419523 0.009469696969696968 0.0026907249129471352 0.0473946739283181
0 0.041666666666666664 0.0 1.0 0.0 0.02095535320782466 0.022527231281978994 0.01706560283687943 0.008021390374331546 0.04166666666666666
0 0.012195121951219513 0.0 1.0 0.0 0.017868684259730015 0.013762758538780208 0.01582771146860405 0.005347593582887699 0.01713287368847909
0 0.0101010101010101 0.0 1.0 0.0 0.0104808625650473 0.011554257245509243 0.01918117343649258 0.0025927726462485826 0.024499340551210943
0 0.010416666666666666 0.0 1.0 0.0 0.005742262639623646 0.01043031987962926 0.014184397163120569 0.00089126559714795 0.011713500480554155
0 0.010526315789473684 0.0 1.0 0.0 0.02014735117083098 0.035134418325718994 0.021276595744680847 0.00647340275823248 0.04416659834614452
0 0.007936507936507936 0.0 1.0 0.0 0.0034302645693165532 0.009024469104217392 0.017983789260385002 0.0005092946269416857 0.00031698714062397044
0 0.005494505494505494 0.0 1.0 0.0 0.02317233595806601 0.015573615097043246 0.01411620294599018 0.0014397367338543807 0.023428232242568917
0 0.027777777777777776 0.0 1.0 0.0 0.01385142015168532 0.012498138355474038 0.012767812655705037 0.003807740324594258 0.027777777777777776
0 0.017241379310344827 0.0 1.0 0.0 0.011026852923431758 0.004756308244873727 0.011442709138704191 0.002479659046881053 0.02657550666419595
0 0.013888888888888888 0.0 1.0 0.0 0.00947587471226513 0.005072312549500278 0.012051569506726457 0.0024344569288389504 0.03251883617247631
0 0.007142857142857143 0.0 1.0 0.0 0.017328147655242404 0.008731899434983743 0.013452914798206279 0.0020545746388443012 0.019247335896858897
0 0.007407407407407408 0.0 1.0 0.0 0.011720453212581248 0.009831901837220613 0.009632951336987213 0.0009987515605493133 0.03590141596677062
0 0.005747126436781609 0.0 1.0 0.0 0.01736442294503766 0.013707723659250973 0.012525127570743777 0.0026346377373111193 0.035407957975670534
0 0.004329004329004329 0.0 1.0 0.0 0.011518959421537986 0.006861927825972159 0.011686370430765052 0.0008852570650323459 0.025063559423193
0 0.003472222222222222 0.0 1.0 0.0 0.01450864331762158 0.004449071401318662 0.014262580966616846 0.0008114856429463172 0.016554920794050475
0 0.0031746031746031746 0.0 1.0 0.0 0.013751672454698691 0.014007162827371316 0.01345291479820628 0.002311396468699839 0.027198036535286137
0 0.00625 0.0 1.0 0.0 0.008604189011613236 0.006089929765670174 0.012191704035874442 0.0014044943820224719 0.03274347138730901
0 0.003134796238244514 0.0 1.0 0.0 0.01969477522058633 0.012280098064696304 0.013143652389052112 0.0017047655947307245 0.02551881022728375
0 0.004629629629629629 0.0 1.0 0.0 0.012550669896288754 0.004195177639150575 0.014324862979571501 0.0009987515605493135 0.04640683899189129
0 0.002403846153846154 0.0 1.0 0.0 0.009920911711953716 0.005289738343659737 0.01212163677130045 0.0006320224719101124 0.02552487692639858
0 0.0037593984962406013 0.0 1.0 0.0 0.0156747966077565 0.0070941930738585785 0.012862874675477934 0.0013010053222945004 0.05326624320586284
1 0.002777777777777778 0.0 1.0 0.0 0.024670054851369083 0.018359435477308197 0.01588191330343797 0.003089887640449438 0.03268252391246963
0 0.0026041666666666665 0.0 1.0 0.0 0.0017214349732279782 0.0032618790018591076 0.010650224215246638 0.00046816479400749064 0.0006330365102295682
0 0.05555555555555555 0.0 1.0 0.0 0.02306826144931739 0.007989699660719567 0.017383512544802866 0.003236245954692558 0.05555555555555555
0 0.010416666666666666 0.0 1.0 0.041666666666666664 0.01119524178157301 0.007324578841693661 0.017607526881720428 0.004045307443365694 0.020176711315684936
0 0.0065359477124183 0.0 1.0 0.0 0.0175761640067398 0.007375504876975883 0.0174573055028463 0.0017133066818960595 0.012810602991149583
0 0.015625 0.0 1.0 0.0 0.0169942854614833 0.007760979758227775 0.01975806451612903 0.0022249190938511327 0.07472819155274907
0 0.0058823529411764705 0.0 1.0 0.0 0.017367206321746327 0.004451809509070188 0.01631878557874763 0.0011422044545973727 0.02330057690569689
0 0.0043859649122807015 0.0 1.0 0.0 0.011460635539935217 0.0069332784722534865 0.015280135823429545 0.0014477942428887754 0.028680780958838106
0 0.011904761904761904 0.0 1.0 0.0 0.017259478511454644 0.004837230769477426 0.023118279569892472 0.002157497303128371 0.0001835258961676824
0 0.006578947368421052 0.0 1.0 0.0 0.011729897206282846 0.008324465940658578 0.013921901528013583 0.002043944813490036 0.010749722667899404
0 0.007936507936507936 0.0 1.0 0.0 0.013011702212257645 0.009248241496550836 0.01129032258064516 0.0009246417013407305 0.0034759171234144703
0 0.009090909090909092 0.0 1.0 0.0 0.013396687059838456 0.013377976509545269 0.014956011730205278 0.00353045013239188 0.023934711861118244
0 0.004784688995215311 0.0 1.0 0.0 0.012569736768189815 0.007502541042045892 0.012733446519524615 0.0013626298756600236 0.00013018904008775778
0 0.0027777777777777775 0.0 1.0 0.0 0.00764573659957114 0.010424650478498165 0.009462365591397851 0.0008629989212513484 0.041182388987311094
0 0.02702702702702703 0.0 1.0 0.05405405405405406 0.0321985913199865 0.024073748109540473 0.02018327340215752 0.007572227399813605 0.027027027027027032
0 0.016129032258064516 0.0 1.0 0.0 0.010418890132747745 0.0057713453504596515 0.012460196594212932 0.0033370411568409337 0.013486716364834646
0 0.011904761904761904 0.0 1.0 0.07142857142857142 0.021856959802600447 0.012457557877572818 0.016860821581851624 0.0032327586206896556 0.048010798049387335
0 0.008620689655172414 0.0 1.0 0.0 0.023751191942113347 0.017892504409343143 0.015243451235755514 0.0028240190249702738 0.039862128418427026
0 0.013333333333333334 0.0 1.0 0.0 0.014569636025358433 0.005465772968061219 0.013447782546494995 0.0005747126436781609 0.03068331429016059
0 0.00641025641025641 0.0 1.0 0.0 0.019634686522433935 0.01453266308049071 0.022119511389897654 0.003481432360742706 0.04477895167502807
0 0.008928571428571428 0.0 1.0 0.0 0.027219941402154453 0.023883627965401145 0.019849785407725327 0.004040948275862068 0.09027189140541705
0 0.008333333333333333 0.0 1.0 0.0 0.010165316500801326 0.005003290809315788 0.012017167381974251 0.0 0.03032992126972418
0 0.0030864197530864196 0.0 1.0 0.0 0.005492202010501156 0.008258454876134119 0.012160228898426322 0.0021551724137931034 0.004887159193232016
0 0.037037037037037035 0.0 1.0 0.0 0.02380456421833801 0.018760034252914996 0.014663643235071808 0.005616272009714635 0.037037037037037035
1 0.015151515151515152 0.0 1.0 0.06060606060606061 0.020770561892696167 0.012933716105426697 0.014718614718614716 0.005091902632886241 0.023938057835779316
0 0.01515151515151515 0.0 1.0 0.0 0.02441232200930096 0.003392317383129045 0.014100185528756958 0.0011177347242921013 0.02602138334377272
0 0.025 0.0 1.0 0.0 0.0015746758302685186 0.005575733412560911 0.0012244897959183673 0.0 0.002128648027177995
0 0.014285714285714287 0.0 1.0 0.0 0.009213749769078383 0.012660023598682414 0.017492711370262388 0.00234192037470726 0.01014363153282094
0 0.007575757575757575 0.0 1.0 0.0 0.010463893388210152 0.009464463616421481 0.019666048237476804 0.002235469448584203 0.008521557119479405
0 0.0049261083743842365 0.0 1.0 0.0 0.006316263272059382 0.009135632900898466 0.009992962702322309 0.0011305822498586774 0.0017836444451470512
0 0.004464285714285714 0.0 1.0 0.0 0.01345754544697446 0.011788450015574011 0.00860058309037901 0.0019028103044496489 0.033317369385730836
1 0.003968253968253968 0.0 1.0 0.07142857142857142 0.016895534527732133 0.006856946007256162 0.013848396501457725 0.001024590163934426 0.02600146891517566
0 0.0125 0.0 1.0 0.0 0.008906249117055369 0.006969666765701139 0.003061224489795918 0.0 0.0019680420786603813
0 0.003787878787878788 0.0 1.0 0.0 0.015102756492185765 0.016194779237296827 0.01394557823129252 0.003244535519125683 0.042444541927449786
1 0.05263157894736842 0.0 1.0 0.0 0.014159293388112504 0.011287719198633502 0.012853916970644433 0.004356918787033811 0.05263157894736841
0 0.020833333333333332 0.0 1.0 0.0 0.012918999009479607 0.010717518640707467 0.012238723872387237 0.004001103752759384 0.03374474101812578
0 0.013888888888888888 0.0 1.0 0.0 0.012745997079194361 0.011624944443216531 0.01113861386138614 0.0044150110375275955 0.031958620897601965
0 0.010416666666666666 0.0 1.0 0.0 0.019340553008463972 0.009185757207559752 0.01952695269526953 0.0033112582781456967 0.030360135427016894
0 0.011111111111111112 0.0 1.0 0.0 0.006171510181407222 0.006129291139820016 0.006600660066006599 0.0 0.00019465752880780095
0 0.005747126436781609 0.0 1.0 0.0 0.007075805525366698 0.005460879640619005 0.009104358711733242 0.0006850879196163508 7.142925535950662e-05
0 0.006211180124223602 0.0 1.0 0.0 0.009641451173572107 0.006079785621792004 0.01133591620031568 0.00028793550244745177 0.01600200031053013
0 0.007352941176470588 0.0 1.0 0.0 0.015339874194533228 0.010235768912393903 0.0147544166181324 0.0015582391897156214 0.05199408655569343
0 0.004629629629629629 0.0 1.0 0.0 0.010501578200325372 0.010297734591964975 0.013476347634763478 0.0013796909492273732 0.01605937770173653
0 0.002564102564102564 0.0 1.0 0.0 0.011049971084725541 0.009790871952576467 0.011593467039011592 0.0010188487009679063 0.0191191961959881
0 0.0025252525252525255 0.0 1.0 0.0 0.011786557956475575 0.013602215257654263 0.01200953428676201 0.0022075055187637965 0.021974445693538132
0 0.003205128205128205 0.0 1.0 0.0 0.006663436452280174 0.0075115315241621825 0.011424219345011425 0.0005094243504839531 9.424060936344e-05
0 0.05263157894736842 0.0 1.0 0.0 0.029689343361632443 0.014880193241978826 0.026168773890032335 0.0053222945002956825 0.05263157894736842
0 0.023809523809523808 0.0 1.0 0.0 0.025992088509720426 0.012401393848450544 0.019952114924181957 0.006688068485821296 0.03958554152522359
0 0.02222222222222222 0.0 1.0 0.0 0.02144652729321534 0.022045216875631348 0.022718808193668522 0.004119850187265918 0.05682185872647317
0 0.027777777777777776 0.0 1.0 0.0 0.006902472300968728 0.0 0.0074487895716946 0.0012484394506866417 0.002906747360422887
0 0.014285714285714287 0.0 1.0 0.0 0.03649453483101217 0.023996436381293357 0.03511572226656025 0.004414125200642055 0.042786882034673936
0 0.011904761904761904 0.0 1.0 0.0 0.0409537632555035 0.01883222952040881 0.039904229848363934 0.00521669341894061 0.044525150779895016
0 0.005952380952380952 0.0 1.0 0.0 0.022654439966589234 0.010851219617394227 0.02653631284916201 0.0009363295880149813 0.03292484758652382
0 0.005208333333333333 0.0 1.0 0.0 0.020985573484923793 0.0084759359536418 0.020949720670391064 0.0014044943820224719 0.03164980711231087
0 0.009259259259259259 0.0 1.0 0.0 0.03599242343123016 0.006539996554417851 0.02281191806331471 0.0009363295880149813 0.07748478668144264
0 0.003703703703703704 0.0 1.0 0.0 0.0015454634048348611 0.009102280968032101 0.009310986964618248 0.00041614648356221387 0.0001922244288624798
0 0.041666666666666664 0.0 1.0 0.0 0.022454039745452032 0.018527274164125414 0.014376996805111819 0.004807692307692309 0.04166666666666666
0 0.03571428571428571 0.0 1.0 0.0 0.015775357396008747 0.008206171080670756 0.00844363304427202 0.0029761904761904765 0.06870533060706535
0 0.014492753623188404 0.0 1.0 0.0 0.006337018208234131 0.007336622260964876 0.007917766356438394 0.0033444816053511714 0.0026338070164424222
0 0.004464285714285714 0.0 1.0 0.0 0.008810696214736406 0.012627944060526109 0.015689183021451388 0.002861721611721612 0.020399369256130236
0 0.010526315789473684 0.0 1.0 0.0 0.019970003893184072 0.020222880912434793 0.01008912056499075 0.0023616734143049934 0.057063125288599185
0 0.006944444444444444 0.0 1.0 0.0 0.015307339867944166 0.017556768701630407 0.018370607028753993 0.0036057692307692305 0.04898098437087917
0 0.007518796992481203 0.0 1.0 0.0 0.01439182833556435 0.006582761320971291 0.01412476879098705 0.0006747638326585695 0.03207689953847268
0 0.006578947368421052 0.0 1.0 0.0 0.0029469609150970457 0.006231978334857957 0.005885320329577938 0.00033738191632928474 0.0004979604498774214
0 0.012345679012345678 0.0 1.0 0.0 0.007811729045156152 0.00687627208023676 0.01632942847000355 0.0007122507122507122 0.0009956525826888907
0 0.0030303030303030303 0.0 1.0 0.0 0.015239071531041 0.011795150926529819 0.014812663374963697 0.0020396270396270395 0.028405073154068573
0 0.0030303030303030303 0.0 1.0 0.0 0.007105692701663275 0.0048565058282561665 0.012353567625133122 0.00042735042735042735 0.018586426201772525
0 0.001937984496124031 0.0 1.0 0.0 0.010095071978551048 0.009335511512371712 0.009361765361468162 0.0008199165175909362 0.013432455154452246
0 0.029411764705882353 0.0 1.0 0.0 0.019039566471491534 0.026468996207868217 0.019607843137254905 0.009603841536614649 0.029411764705882353
0 0.027777777777777776 0.0 1.0 0.1111111111111111 0.018696171250287892 0.026993630013191702 0.01739618406285073 0.0011337868480725622 0.03465053319013559
0 0.0070921985815602835 0.0 1.0 0.0425531914893617 0.01651587518049289 0.021862977117368086 0.016978293574038256 0.00303951367781155 0.012015004503375474
0 0.02702702702702703 0.0 1.0 0.0 0.022137043079035083 0.01485969645473384 0.015688101894998446 0.004205935041669909 0.02702702702702703
0 0.023809523809523808 0.0 1.0 0.0 0.008273927345405847 0.0036388681038475776 0.0090311986863711 0.0027446136956223418 0.011194963982038625
0 0.047619047619047616 0.0 1.0 0.0 0.011432413995510067 0.007219849830956889 0.014778325123152707 0.00370522848909016 0.03312484672768098
0 0.008064516129032258 0.0 1.0 0.0 0.008218672079231774 0.00995508122660021 0.015665554319614385 0.0030677698243004557 0.0048871148187004205
0 0.005128205128205128 0.0 1.0 0.0 0.014948439634989642 0.011678186080297364 0.017536103743000294 0.002364590260843863 0.028476090323442015
0 0.005555555555555555 0.0 1.0 0.0 0.010434031458320456 0.0091187879383113 0.019731800766283517 0.0022094140249759846 0.048688669842314694
0 0.00510204081632653 0.0 1.0 0.0 0.01748553685497832 0.010805611147550288 0.013341543513957308 0.0015438452037875668 0.03854840187710868
0 0.004464285714285714 0.0 1.0 0.0 0.010898952492770068 0.01096623771694764 0.009031198686371101 0.0013379991766158913 0.052276707782533335
0 0.0031746031746031746 0.0 1.0 0.0 0.01066765319974193 0.00979043747601903 0.01617405582922824 0.0013997529847673937 0.04054646031079947
0 0.002173913043478261 0.0 1.0 0.0 0.009564321317165765 0.0039840327549429755 0.011994002998500753 0.0005011903270266884 0.03015626342989425
0 0.005050505050505051 0.0 1.0 0.0 0.008422488679969281 0.006744108533450148 0.012771392081736908 0.0009606147934678193 0.005798441550284074
0 0.002976190476190476 0.0 1.0 0.0 0.01041394381162658 0.010745958008635311 0.013957307060755337 0.0016467682173734045 0.05242277295035446
0 0.03225806451612903 0.0 1.0 0.0 0.01658859455096811 0.015071874758729745 0.012548452795479927 0.00368663594470046 0.03225806451612903
0 0.08333333333333333 0.0 1.0 0.0 0.002893206096966788 0.006567541497042456 0.002376103190767142 0.0017006802721088437 0.006199902828077604
0 0.014492753623188404 0.0 1.0 0.0 0.001408141214753781 0.0054743576618912085 0.005135924909235809 0.0022182786157941433 0.002534173846305533
0 0.005813953488372093 0.0 1.0 0.0 0.009156375939803108 0.008039565305737973 0.011841045801165162 0.0031324157570004727 0.027646363329216262
0 0.004 0.0 1.0 0.0 0.015830316117116907 0.013692681198429282 0.010346232179226072 0.002857142857142857 0.014787118781367483
0 0.005376344086021505 0.0 1.0 0.0 0.01307212217490072 0.009588104677875105 0.007752447276788647 0.001119157340355497 0.03082991207687629
0 0.007936507936507936 0.0 1.0 0.0 0.014117833887716567 0.013976191939974724 0.009957003847024214 0.001927437641723356 0.07092290253143693
0 0.005681818181818182 0.0 1.0 0.0 0.005964540381000369 0.004601850634248157 0.005739677837437512 0.0001855287569573284 0.013030603115583324
0 0.004830917874396135 0.0 1.0 0.0 0.010392640070886713 0.00801131772935033 0.007526786504914549 0.0007985803016858917 0.0545666670066405
0 0.002777777777777778 0.0 1.0 0.0 0.009117354057222273 0.004595768138861185 0.011767368182846799 0.0013038548752834465 0.03446462601166023
0 0.003134796238244514 0.0 1.0 0.0 0.002463895657250577 0.0029680440035144287 0.008357328464077532 0.0004926108374384237 0.0018340667185234494
0 0.00641025641025641 0.0 1.0 0.0 0.02072553708235719 0.01963269890025662 0.015039949866833777 0.003610675039246468 0.09876906441616745
0 0.004273504273504274 0.0 1.0 0.0 0.002957404891930774 0.003006398171512165 0.008712378366146186 0.0 0.0006939498518742905
0 0.0019305019305019303 0.0 1.0 0.0 0.012654655265287898 0.010548993902123355 0.011008972312434634 0.001765030336458908 0.025265927760819155
0 0.004166666666666667 0.0 1.0 0.0 0.0013534743732062737 0.002020769910523609 0.014511201629327902 0.0005102040816326531 0.0010404251553076571
0 0.001893939393939394 0.0 1.0 0.0 0.0016991282117172048 0.004646038774831031 0.009812997593038327 0.0006184291898577613 0.0013988183273560594
0 0.0021786492374727667 0.0 1.0 0.0 0.003216246793480341 0.0060345410197024715 0.011842800030172738 0.0009070294784580499 0.00016455653469356837
0 0.0037037037037037034 0.0 1.0 0.0 0.015398619408226325 0.015626963297254236 0.012491513917175833 0.0023129251700680273 0.08595764581014828
0 0.002631578947368421 0.0 1.0 0.0 0.01144101539859314 0.008178883595677259 0.009164969450101831 0.0016326530612244899 0.06344700164568647
0 0.030303030303030304 0.0 1.0 0.0 0.01701024714090604 0.01856774950486728 0.01844532279314888 0.005961251862891211 0.03030303030303031
0 0.02 0.0 1.0 0.08 0.02467866187243148 0.011326977654972566 0.01152173913043478 0.0030601092896174863 0.025126411771473407
0 0.011494252873563218 0.0 1.0 0.0 0.02228150457664446 0.009572125781791504 0.011431784107946022 0.0015074429998115696 0.02108474259861785
0 0.017857142857142856 0.0 1.0 0.0 0.03423512416477423 0.015986264119152677 0.010869565217391306 0.00156128024980484 0.03996342250827951
0 0.009523809523809525 0.0 1.0 0.0 0.0077438790268809605 0.008925229219118744 0.011387163561076604 0.0 0.014069636803143654
0 0.007936507936507936 0.0 1.0 0.0 0.01797704334597567 0.004472627755686893 0.010869565217391302 0.0010408534998698933 0.036752033891679435
0 0.009523809523809523 0.0 1.0 0.0 0.04871311129623823 0.01336090644950955 0.017753623188405794 0.0036429872495446266 0.02961432898502476
0 0.004807692307692308 0.0 1.0 0.0 0.01632152026314132 0.011395685500829587 0.017349498327759196 0.0012610340479192938 0.009647335780343661
0 0.047619047619047616 0.0 1.0 0.0 0.023762874025630504 0.00944300906487201 0.012846865364850977 0.0041258380608561115 0.047619047619047616
0 0.017857142857142856 0.0 1.0 0.0 0.013629442578247664 0.0054327133083971356 0.013232271325796505 0.0037390407426508504 0.017592043550294142
0 0.037037037037037035 0.0 1.0 0.0 0.005322584913747738 0.007907756562139184 0.0059952038369304565 0.003208985158443642 0.0008710390447522285
1 0.016666666666666666 0.0 1.0 0.0 0.007046341634867216 0.0038821945056454576 0.010071942446043166 0.0012033694344163659 0.0005784273537084823
0 0.008695652173913044 0.0 1.0 0.08695652173913043 0.027505346239558654 0.006083052856001185 0.014388489208633096 0.0012556898446083819 0.029910463489290544
0 0.008333333333333333 0.0 1.0 0.0 0.01575999690275832 0.005242267241343962 0.01366906474820144 0.0003610108303249098 0.03660141023177231
0 0.007518796992481203 0.0 1.0 0.0 0.02145235683954297 0.006334605613410437 0.019689511548655815 0.0028500855025650764 0.030152657926563665
0 0.004629629629629629 0.0 1.0 0.0 0.0182139408236813 0.008583175373292616 0.012922994937383426 0.0008022462896109106 0.022306291281866866
0 0.009259259259259259 0.0 1.0 0.0 0.020675517349551153 0.008981074227816452 0.016786570743405275 0.0015042117930204573 0.07046173828630874
0 0.003125 0.0 1.0 0.0 0.012737637401891783 0.0067297988438633745 0.009892086330935253 0.0005640794223826715 0.028176639645051415
0 0.0023923444976076554 0.0 1.0 0.0 0.010269662575152362 0.008876913344773533 0.012116622491480501 0.0009500285008550256 0.021254111648642868
0 0.0043859649122807015 0.0 1.0 0.0 0.018846401164621166 0.017200050138971627 0.013820522529344946 0.002470074102223067 0.053023878921203124
0 0.005128205128205128 0.0 1.0 0.0 0.005395138639976448 0.008399695059082371 0.01079136690647482 0.0019253910950661854 0.012202950786501946
0 0.034482758620689655 0.0 1.0 0.0 0.02053707060413981 0.020603781393623483 0.017307438234905537 0.005835543766578247 0.034482758620689655
0 0.015151515151515152 0.0 1.0 0.0 0.017557338800144703 0.015360314449474482 0.018808777429467082 0.005128205128205127 0.023078133696671308
0 0.012345679012345678 0.0 1.0 0.0 0.013189385859781166 0.013102939534507143 0.024549453668227614 0.0027065527065527066 0.01736588594847858
0 0.009615384615384616 0.0 1.0 0.0 0.02408974682203114 0.02131105470329364 0.02460949012673151 0.005029585798816568 0.025607060775661192
0 0.014285714285714287 0.0 1.0 0.0 0.0027057048965933002 0.008971940368749326 0.01943076081007115 0.002472527472527473 0.011485979516252699
0 0.005555555555555555 0.0 1.0 0.0 0.019538937384413646 0.013180860592239116 0.016858237547892722 0.0028205128205128207 0.023338858675471
0 0.007518796992481203 0.0 1.0 0.0 0.023650436158740545 0.02658494433051541 0.01935874168179068 0.00465587044534413 0.045197977215134535
0 0.005208333333333333 0.0 1.0 0.0 0.014905759581763307 0.01953264720343865 0.01037675606641124 0.0033653846153846156 0.03575282083132163
0 0.005291005291005291 0.0 1.0 0.0 0.0068882542496647055 0.006089009031521859 0.01952198503922642 0.001098901098901099 0.00455204863649865
0 0.004761904761904762 0.0 1.0 0.0 0.03290153749555792 0.023791668248554207 0.01933953658091589 0.004212454212454213 0.03262949281464774
0 0.012987012987012988 0.0 1.0 0.0 0.025633029607191264 0.0 0.010399562123700053 0.0 0.05291464854782867
0 0.008333333333333333 0.0 1.0 0.0 0.024624499854871862 0.00651594168737431 0.01954022988505747 0.0015384615384615385 0.08137969717226597
0 0.06666666666666667 0.0 1.0 0.0 0.011083998238585828 0.01003116077507877 0.01605241605241605 0.0027880278802788028 0.06666666666666667
0 0.022727272727272728 0.0 1.0 0.0 0.00943016874553905 0.005115781082074811 0.007594371230734868 0.0017331991501733203 0.035663505720238416
1 0.004975124378109453 0.0 1.0 0.0 0.005445257565624261 0.00405203206312222 0.013751879423521214 0.0018725560389932245 0.012514728516625882
0 0.041666666666666664 0.0 1.0 0.0 0.0030446402673669896 0.004274095915057123 0.019451269451269453 0.002050020500205002 0.0027873067031096506
0 0.005 0.0 1.0 0.0 0.007762677534500405 0.003721208754738665 0.009797297297297298 0.0015990159901599012 0.018214656468396376
0 0.01111111111111111 0.0 1.0 0.0 0.004555415585780659 0.0030038294845912304 0.007452907452907453 0.0016400164001640015 0.0017045033140562936
0 0.00510204081632653 0.0 1.0 0.0 0.005862408951954489 0.004812280665300166 0.00982800982800983 0.0010103672465296084 0.03056264240365895
0 0.006578947368421052 0.0 1.0 0.0 0.0034276892893956397 0.0037390126410294846 0.011832406569248673 0.0004531624263611057 0.00020004455639787552
0 0.005555555555555555 0.0 1.0 0.0 0.009129810065201027 0.010401263516145183 0.008353808353808351 0.0016605166051660517 0.04866489557864235
0 0.002631578947368421 0.0 1.0 0.0 0.0076581490378208415 0.0027921057794967905 0.010991853097116259 0.0008092186185019746 0.02272952630727966
0 0.0027548209366391185 0.0 1.0 0.0 0.00666780295722573 0.004647474781604512 0.0152631970813789 0.0014909240001490926 0.007154501254334217
0 0.0024509803921568627 0.0 1.0 0.0 0.0029563997574351872 0.005145869276782241 0.018030062147709205 0.0017003111207582666 6.853315216292086e-05
0 0.01098901098901099 0.0 1.0 0.0 0.002193256931183722 0.0025798021737616942 0.015795015795015795 0.0015814443858724301 0.003925984205721657
0 0.0032467532467532465 0.0 1.0 0.0 0.005329526211830796 0.002932833861165191 0.011670761670761672 0.0011181930001118194 8.69351915360431e-05
0 0.00392156862745098 0.0 1.0 0.0 0.001977817214268189 0.0037194547408043047 0.012863130510189334 0.0007235366471311772 0.0006642996894619055
0 0.001953125 0.0 1.0 0.0 0.006125239748456262 0.005909890540562012 0.013167997542997549 0.0013837638376383765 0.03021362737650741
0 0.0013679890560875513 0.0 1.0 0.0 0.006122486596545478 0.0044200202950291055 0.011913604936860755 0.0009725678652135359 0.019019706938363707
0 0.007936507936507936 0.0 1.0 0.0 0.004039268028367846 0.0011952898898830277 0.003159003159003159 0.0 0.007913741752579775
0 0.001594896331738437 0.0 1.0 0.0 0.008015864729576497 0.005050511939513412 0.00971632789814608 0.001080919900108092 0.022838922945331113
0 0.002 0.0 1.0 0.0 0.004512347824952298 0.004238705722242933 0.013464373464373465 0.001082410824108241 7.404064757889306e-05
0 0.002976190476190476 0.0 1.0 0.0 0.0067488687406123725 0.002318938571636663 0.00691031941031941 0.000538130381303813 0.001142684087130786
0 0.0021645021645021645 0.0 1.0 0.0 0.014010896456404135 0.009259508622302817 0.01608751608751609 0.0021671645287881453 0.039693134334669984
0 0.0024154589371980675 0.0 1.0 0.0 0.006079748824030733 0.005391571750005852 0.011397761397761396 0.0008200082000820008 0.00025745276162029225
0 0.001488095238095238 0.0 1.0 0.0 0.004232667225731824 0.0025549309838102624 0.011188136188136192 0.0011421542786856438 5.904248997875872e-05
0 0.0011764705882352942 0.0 1.0 0.0 0.0052959495528312715 0.0019571471204945625 0.008382714265067207 0.00039794515592214745 0.00010289948110621862
0 0.0014245014245014246 0.0 1.0 0.0 0.005606945535184923 0.0038560994134860553 0.011739011739011741 0.0009111202223133343 0.03227334635333276
0 0.004115226337448559 0.0 1.0 0.0 0.004496812246534993 0.0008349388523663203 0.003958503958503958 0.0 0.009044470713051585
0 0.0008116883116883116 0.0 1.0 0.0 0.0097077346567845 0.007562532631859348 0.011196113468840743 0.0015934250251593426 0.015289817401061511
0 0.0024630541871921183 0.0 1.0 0.0 0.014471935292843996 0.012698027535695534 0.015531765531765532 0.0023721665788086453 0.06419895298269744
0 0.0011904761904761904 0.0 1.0 0.0 0.011099062055218647 0.008584512084604803 0.008467883467883469 0.0014057283429977157 0.02479422043755891
0 0.0020161290322580645 0.0 1.0 0.0 0.010481059632733176 0.012676297052318064 0.016584766584766587 0.0023062730627306273 0.06152374358592803
0 0.001358695652173913 0.0 1.0 0.0 0.00906134464813819 0.006778009945238015 0.008919987180856747 0.0011230547088079577 0.04155808281539029
0 0.002331002331002331 0.0 1.0 0.0 0.016040422723002927 0.012965598208667077 0.013324513324513326 0.0021761756079099253 0.07032377421645256
0 0.045454545454545456 0.0 1.0 0.0 0.02080866165844318 0.020474669140672253 0.018280632411067196 0.0076999503229011465 0.04545454545454546
0 0.027777777777777776 0.0 1.0 0.0 0.019501180223341477 0.022292470740645408 0.024154589371980676 0.008500303582270798 0.04317918938255635
0 0.014492753623188404 0.0 1.0 0.0 0.011406697437233907 0.010997104000019882 0.023156899810964086 0.004514136374435734 0.01855089425047062
0 0.007142857142857143 0.0 1.0 0.0 0.009346717129437446 0.013625797752196377 0.023602484472049694 0.0021857923497267764 0.021339995709271604
0 0.00625 0.0 1.0 0.0 0.010708649394687493 0.01661845136204313 0.021569293478260875 0.0023907103825136613 0.02277270749760804
0 0.008333333333333333 0.0 1.0 0.0 0.006442515848374941 0.01040932284471024 0.019293478260869565 0.0013661202185792352 0.009483225271106996
0 0.007936507936507936 0.0 1.0 0.0 0.006613141808191075 0.0098406066861524 0.01781400966183575 0.0009107468123861566 0.00026407611007774523
0 0.0078125 0.0 1.0 0.0 0.01492607707895675 0.02248180432237257 0.014605978260869564 0.0020491803278688526 0.04616797939476541
0 0.041666666666666664 0.0 1.0 0.0 0.0122510284935577 0.010650652549124418 0.018726591760299626 0.0038475975975975976 0.041666666666666664
0 0.03125 0.0 1.0 0.0 0.0034886318368040677 0.003559970068365633 0.01348314606741573 0.002393018018018018 0.0005828429586482907
0 0.009523809523809523 0.0 1.0 0.0 0.009571819462094101 0.0035291728144690956 0.013483146067415734 0.0030244530244530263 0.02068740709492175
0 0.019230769230769232 0.0 1.0 0.0 0.002746682735045687 0.004163465908341874 0.006222990492653412 0.002252252252252253 0.008236838964064215
0 0.011111111111111112 0.0 1.0 0.0 0.01914497372966928 0.012672451920441336 0.013108614232209737 0.0033783783783783777 0.03860861729690887
0 0.008771929824561403 0.0 1.0 0.0 0.008637411678567972 0.0063557535077141914 0.010762862211709048 0.0022522522522522527 0.04209937613107607
0 0.023809523809523808 0.0 1.0 0.0 0.007196454762081532 0.004174130209031765 0.00299625468164794 0.0 0.0410116298833376
0 0.003676470588235294 0.0 1.0 0.0 0.007930156163369579 0.006363485640229449 0.009054857898215467 0.0009273979862215157 0.016290433811044596
0 0.002364066193853428 0.0 1.0 0.0 0.005829683833980912 0.005908499381247499 0.016208462825723167 0.001437607820586544 0.0040255848136849836
0 0.005555555555555556 0.0 1.0 0.0 0.009220791065053276 0.0057409377159072204 0.00898876404494382 0.00037537537537537537 0.043431860155759346
0 0.0023923444976076554 0.0 1.0 0.0 0.0058444836022154886 0.00866665071545134 0.014902424600827913 0.0016002844950213375 0.015981347252880786
0 0.004901960784313725 0.0 1.0 0.0 0.008730746174078879 0.003901381243396094 0.013615333773959024 0.0009273979862215155 0.035201421249536465
0 0.0024813895781637717 0.0 1.0 0.0 0.007170138290792857 0.005688501354963422 0.005364262413918085 0.0008718395815170009 0.014871664767108418
0 0.0032467532467532465 0.0 1.0 0.0 0.0005946015250691898 0.0029690150002585278 0.0059244126659857 0.0 0.0035579696192507
0 0.00392156862745098 0.0 1.0 0.0 0.015252687083427934 0.01277342116643468 0.012029081295439522 0.0017223105458399576 0.05012168413750638
0 0.002976190476190476 0.0 1.0 0.0 0.007818546338122479 0.004086906733037715 0.005029427501337614 0.0 0.037703812129515984
1 0.0017825311942959 0.0 1.0 0.0 0.007110864709663031 0.0045935836036725495 0.011440245148110317 0.0008872508872508873 0.017503408662818985
0 0.0018518518518518517 0.0 1.0 0.0 0.0060889796521224615 0.004928258370804273 0.0063670411985018716 0.00045045045045045046 0.0007147759503266217
0 0.008771929824561403 0.0 1.0 0.0 0.00245395823124206 0.0 0.008988764044943821 0.0007507507507507507 0.016459067658250077
0 0.045454545454545456 0.0 1.0 0.0 0.02904299369358323 0.013303392608439575 0.022136953955135777 0.007724301841948902 0.045454545454545456
0 0.017241379310344827 0.0 1.0 0.0 0.02723167570975374 0.013247119273078896 0.018808777429467082 0.004958305161144918 0.025443798511077677
0 0.013888888888888888 0.0 1.0 0.0 0.019205774177628466 0.0029499457528346516 0.00892857142857143 0.0005446623093681918 0.03252412361490361
0 0.008928571428571428 0.0 1.0 0.0 0.016437330360293885 0.013649304669781962 0.012291280148423008 0.0014005602240896359 0.019728317436419583
0 0.008 0.0 1.0 0.0 0.016753074221627817 0.02557392942031016 0.018441558441558446 0.002875816993464052 0.025033493283684923
0 0.00641025641025641 0.0 1.0 0.0 0.017846159368587217 0.01730188780286834 0.015234765234765238 0.0022624434389140274 0.023133424226704717