0 0.03333333333333333 0.0 1.0 0.0 0.014747372959604581 0.009282643266678684 0.014038727524204701 0.003187803187803188 0.03333333333333333
0 0.025 0.0 1.0 0.0 0.002358371465380487 0.004289049447253045 0.006742738589211618 0.002286902286902287 0.000807169946551056
0 0.013888888888888888 0.0 1.0 0.0 0.013180467433918097 0.007509451069751125 0.00803941908713693 0.0026853776853776857 0.04254686214457557
0 0.009259259259259259 0.0 1.0 0.0 0.016282111645936254 0.007824135053272853 0.010066082680190566 0.002618002618002618 0.037029135594932025
0 0.007407407407407408 0.0 1.0 0.0 0.014496076978933792 0.00727273454250841 0.013370216689718765 0.0026950026950026953 0.03813589580525302
0 0.009259259259259259 0.0 1.0 0.0 0.0010887397929102063 0.00549974166588937 0.00760719225449516 0.0008085008085008086 0.0016714923726764339
0 0.00510204081632653 0.0 1.0 0.0 0.011401275041699131 0.008073824563692125 0.012522228808535863 0.0024502524502524503 0.03886384399052112
0 0.004807692307692308 0.0 1.0 0.0 0.011280814447817079 0.005818778574972655 0.010293648260453241 0.001439309131616824 0.025968954032342687
0 0.0065359477124183 0.0 1.0 0.0 0.0191939407741201 0.010372306956654352 0.011837930192824017 0.0014675308792955852 0.05923095603179564
0 0.0035714285714285718 0.0 1.0 0.0 0.012843884736140284 0.008480715590197321 0.013633669235328981 0.0016335016335016336 0.035347451946781024
1 0.003134796238244514 0.0 1.0 0.0 0.021133451263579885 0.011581790515290668 0.01759908427528974 0.0022223815327263603 0.02654651783580502
0 0.0043859649122807015 0.0 1.0 0.0 0.015491656396785881 0.006834683508385397 0.012448132780082988 0.0010942116205274102 0.05550017605397175
0 0.002564102564102564 0.0 1.0 0.0 0.011524312004827715 0.008891336065514252 0.009681881051175656 0.001593901593901594 0.017835097014279076
0 0.004464285714285714 0.0 1.0 0.0 0.005418617831920409 0.004419435267232531 0.013226141078838174 0.0 0.0005309553092640934
0 0.00392156862745098 0.0 1.0 0.0 0.016851592574411267 0.0052858400621985735 0.014644862094215278 0.0004891769597651951 0.06127679213837524
0 0.004166666666666667 0.0 1.0 0.0 0.011202411334202408 0.0056568771420576385 0.004287690179806363 0.0 0.044320065144230286
0 0.0028011204481792717 0.0 1.0 0.0 0.012204260412330544 0.006734377550068617 0.008397549891325825 0.0 0.029006324762111714
0 0.0022222222222222222 0.0 1.0 0.0 0.013921580822086181 0.005091189427851874 0.007800829875518674 0.0 0.04261326413728115
0 0.0018148820326678765 0.0 1.0 0.0 0.0140641138301218 0.0015469946065351026 0.012018886822149095 0.0005735178148971253 0.03558608389030827
0 0.001388888888888889 0.0 1.0 0.0 0.010215035718824437 0.0004894254338025842 0.009854771784232367 0.0005775005775005775 0.028028931591874116
0 0.14285714285714285 0.0 1.0 0.0 0.009813233447987504 0.010921001572980274 0.007851169141491723 0.0027341079972658918 0.14285714285714285
0 0.018518518518518517 0.0 1.0 0.0 0.009298312154714175 0.004884188357074986 0.014469666799415902 0.0015948963317384368 0.00017327151867325004
0 0.009259259259259259 0.0 1.0 0.0 0.006045082076666657 0.003390035276860088 0.0108854374087349 0.001395534290271132 1.6308347755190032e-05
0 0.010416666666666666 0.0 1.0 0.0 0.0074535615145777355 0.00491338268202022 0.010752688172043013 0.0015450558213716105 8.881650387098702e-05
0 0.0071428571428571435 0.0 1.0 0.0 0.005245188987166182 0.0024467836950960165 0.018347840928486094 0.0019224196855775796 8.06087625636571e-05
0 0.011904761904761904 0.0 1.0 0.0 0.011741276195376195 0.004298095666304848 0.011520737327188942 0.0020505809979494186 0.032870492108602926
0 0.007936507936507936 0.0 1.0 0.0 0.005175146802162785 0.004778290422602939 0.008761449621664676 0.0017942583732057414 6.466528787673411e-05
0 0.003787878787878788 0.0 1.0 0.0 0.0070190505965615525 0.004996505375256911 0.010825096846602225 0.0017398869073510215 0.013263804697106044
0 0.0030864197530864196 0.0 1.0 0.0 0.006847170521061006 0.004750683501928766 0.01410460639851321 0.0014619883040935667 0.011738978719200968
0 0.0058823529411764705 0.0 1.0 0.0 0.0010186321318649116 0.0009572748048584732 0.009276829011174364 0.0005629045876723895 0.0013979476953660463
0 0.005347593582887701 0.0 1.0 0.0 0.006386185373457723 0.0030996071522300214 0.00955794504181601 0.0006332676611314383 0.00013702686716149273
0 0.004166666666666667 0.0 1.0 0.0 0.00824030047913404 0.0030699449892462897 0.010095579450418161 0.0005382775119617225 0.00010429509167309806
0 0.005494505494505495 0.0 1.0 0.0 0.003453340817739368 0.0022063640372673747 0.016299709848096946 0.0005980861244019139 0.0003605364761537893
0 0.0018315018315018315 0.0 1.0 0.0 0.004758277055853031 0.004692518724447914 0.012498851208528628 0.001380198748619801 0.015471701294383302
0 0.0026666666666666666 0.0 1.0 0.0 0.007766208312230163 0.0028241305403149558 0.009510155316606933 0.0003349282296650718 0.013197968152946842
0 0.0023148148148148147 0.0 1.0 0.0 0.0033181445700377777 0.003302571831087386 0.012035930793397941 0.0005759347864611022 0.027490943726232155
0 0.0032679738562091504 0.0 1.0 0.0 0.004719462204419416 0.0038358576568173616 0.006902960307978229 0.00019936204146730463 0.0002543209647775441
0 0.001736111111111111 0.0 1.0 0.0 0.00942417579231553 0.0032773324519496604 0.006160394265232977 0.0003364234449760766 0.0078868930668975
0 0.003095975232198142 0.0 1.0 0.0 0.0 0.0004786374024292366 0.011877152294609603 0.00014072614691809738 0.0013099665135406168
0 0.00625 0.0 1.0 0.0 0.0006328323485458144 0.0020342089603242555 0.014934289127837515 0.0 0.00307401059573762
0 0.003663003663003663 0.0 1.0 0.0 0.0 0.0006259104493305401 0.0047789725209080045 0.000736105999263894 0.0017568625826338018
0 0.0012285012285012285 0.0 1.0 0.0 0.007690034305482287 0.0052678868009336886 0.011043301365882012 0.0007435665330402172 0.011484810091370683
0 0.002070393374741201 0.0 1.0 0.0 0.002876375098422886 0.0027122786137656735 0.013312852022529445 0.0 0.017568013429377288
0 0.0011261261261261261 0.0 1.0 0.0 0.0036903203904088073 0.002965716229936584 0.012496367335077013 0.0005819216345532136 1.8150028304312552e-05
0 0.002 0.0 1.0 0.0 0.0006814554927904661 0.0020342089603242555 0.010752688172043012 0.0 0.0007388029422511561
0 0.002403846153846154 0.0 1.0 0.0 0.001694069235408969 0.003051313440486383 0.005749701314217443 0.00014952153110047846 0.0002383091797814782
0 0.0008417508417508417 0.0 1.0 0.0 0.0026146284081319175 0.003695389260142998 0.01004670359509069 0.0005437146585471945 0.00013377615028248082
0 0.000992063492063492 0.0 1.0 0.0 0.004937038334525164 0.004255421302091146 0.014071419089340235 0.0010632642211589579 6.074599797157456e-05
0 0.0024630541871921183 0.0 1.0 0.0 0.009961369287467301 0.005100162128320278 0.01834784092848609 0.0013670539986329459 4.748690926961744e-05
0 0.0023809523809523807 0.0 1.0 0.0 0.015259701791670034 0.005385123581013689 0.006912442396313364 0.0004272043745727956 0.0001162091906757102
0 0.002150537634408602 0.0 1.0 0.0 0.008360436874930245 0.005671146931357002 0.013460772600557547 0.0011164274322169058 4.529161895917941e-05
0 0.001644736842105263 0.0 1.0 0.0 0.0072467411094898175 0.004093608113557719 0.010626925737282276 0.000503651473180559 3.499454846149887e-05
0 0.0033670033670033673 0.0 1.0 0.0 0.013561749172008418 0.0029657731694323203 0.00783220496482145 0.0013290802764486975 0.0002510151845572852
0 0.004201680672268907 0.0 1.0 0.0 0.004960480199875549 0.0 0.014507595152756445 0.0 0.0009497987981681591
0 0.0011428571428571427 0.0 1.0 0.0 0.006946809177638197 0.002104553046914978 0.01094384707287933 0.0006698564593301434 8.624385623467077e-05
0 0.0012626262626262625 0.0 1.0 0.0 0.00687309517429712 0.0013485077392802257 0.006190941674812644 0.0005437146585471945 9.846575374846403e-05
0 0.0008718395815170009 0.0 1.0 0.0 0.004927141944343864 0.0008802349563313758 0.01583998150075153 0.0005402068220404383 6.968919986826314e-05
0 0.027777777777777776 0.0 1.0 0.05555555555555555 0.017235402416583886 0.013334559406430756 0.0128968253968254 0.004181600955794507 0.027777777777777776
0 0.01282051282051282 0.0 1.0 0.0 0.00946173830429701 0.010078976849656494 0.010531135531135532 0.004319455932359161 0.024586431777036972
0 0.01075268817204301 0.0 1.0 0.06451612903225806 0.012665142070171994 0.007404218673125528 0.009907834101382488 0.0009249624234015493 0.033373867686291324
0 0.014705882352941176 0.0 1.0 0.0 0.011776894472509592 0.010039376627297106 0.0071428571428571435 0.0 0.02588368386179371
0 0.011111111111111112 0.0 1.0 0.0 0.0172793903703886 0.0049805564468261695 0.0126984126984127 0.0007964954201513341 0.056925667413741464
0 0.01111111111111111 0.0 1.0 0.0 0.009239482006502979 0.012530681480272794 0.01238095238095238 0.0023894862604540022 0.014762329149889414
0 0.006493506493506493 0.0 1.0 0.0 0.015671981591552992 0.012060006660320926 0.012012987012987014 0.0016291951775822744 0.05104183315597261
0 0.004166666666666667 0.0 1.0 0.0 0.012310477418532783 0.010015049192022455 0.009404761904761905 0.00047789725209080046 0.03472083198798199
0 0.0101010101010101 0.0 1.0 0.0 0.009278705689296517 0.008865942995535107 0.013961038961038959 0.0 0.0006203488484551888
0 0.007692307692307693 0.0 1.0 0.0 0.016704735524065237 0.005626463824089587 0.008791208791208791 0.0005514199062586159 0.08578809635814016
0 0.002932551319648094 0.0 1.0 0.0 0.014826145058392469 0.00394842866916354 0.012788018433179723 0.00046248121170077463 0.03530598092319001
0 0.004901960784313725 0.0 1.0 0.0 0.013828174513151539 0.0 0.01092436974789916 0.000421674045962471 0.0656732446097049
0 0.030303030303030304 0.0 1.0 0.0 0.018934899156954465 0.01258530430838919 0.014235377026074698 0.005097706032285472 0.030303030303030304
0 0.013888888888888888 0.0 1.0 0.05555555555555555 0.02054383959487696 0.012907237212046226 0.014082687338501293 0.0038940809968847348 0.021024110031250414
0 0.011494252873563218 0.0 1.0 0.0 0.019639105802914586 0.012057096744532293 0.011066559743384123 0.0 0.03025132722943929
0 0.009259259259259259 0.0 1.0 0.0 0.01668463685731234 0.008196367126812026 0.01808785529715762 0.0010384215991692625 0.027363539185680102
0 0.010526315789473684 0.0 1.0 0.0 0.0070202000987656405 0.005018982855379471 0.01003671970624235 0.0004918839153959665 0.019885711267040897
0 0.005376344086021505 0.0 1.0 0.0 0.016063592022848294 0.009929404396685408 0.0159039759939985 0.002110340669279469 0.025308782515299753
0 0.005952380952380952 0.0 1.0 0.0 0.005088104571990955 0.006867054348805743 0.012790697674418603 0.000778816199376947 0.00032068396673931674
0 0.0078125 0.0 1.0 0.0 0.019500298661933032 0.019424233711988335 0.012209302325581397 0.0017523364485981306 0.05814974234366186
0 0.02702702702702703 0.0 1.0 0.0 0.02180978025403112 0.016133832450488595 0.013789299503585222 0.005959805959805961 0.02702702702702703
0 0.013513513513513514 0.0 1.0 0.0 0.014964918152853756 0.011618289915069708 0.009790402647545505 0.002079002079002079 0.008646922348989108
0 0.014492753623188404 0.0 1.0 0.0 0.004764022795776338 0.010616892607195135 0.01486246672582076 0.0017837235228539577 0.0002316519184675281
0 0.005555555555555556 0.0 1.0 0.0 0.014806982657350778 0.012883825186793743 0.01575963718820862 0.002279202279202279 0.01795293839125018
0 0.011764705882352941 0.0 1.0 0.0 0.008980086176375662 0.012730215065178208 0.011104441776710683 0.0012066365007541479 0.02929729178189777
0 0.007936507936507936 0.0 1.0 0.0 0.014491853530370453 0.008677961885400574 0.013362487852283769 0.0014652014652014652 0.019673204029040443
0 0.008928571428571428 0.0 1.0 0.0 0.011261086655091554 0.006987277276530373 0.010841836734693877 0.002564102564102564 0.02675846841814885
0 0.03333333333333333 0.0 1.0 0.0 0.010835211202468407 0.005360066874717111 0.011476793248945148 0.002791878172588831 0.03333333333333333
0 0.015625 0.0 1.0 0.0 0.005119859159233213 0.00766337413131823 0.006012658227848102 0.0026173857868020296 0.0009503459422737217
0 0.007936507936507936 0.0 1.0 0.0 0.00640631333914228 0.00647131851211513 0.008740204942736588 0.0024776408025138975 0.009580243107981893
0 0.013888888888888888 0.0 1.0 0.0 0.011628122620730454 0.01184950405647823 0.009142053445850914 0.0005640157924421883 0.02299160502761098
0 0.005714285714285714 0.0 1.0 0.0 0.006882188772597349 0.00739926914067184 0.009909584086799279 0.000145032632342277 5.624277082174724e-05
0 0.005747126436781609 0.0 1.0 0.0 0.012071871254472281 0.010844656405566077 0.01344391095591445 0.0009627166112375284 0.026246981601407652
0 0.007518796992481203 0.0 1.0 0.0 0.01088615672999467 0.004726709993528321 0.010393071285809463 0.0004007480630510286 0.027606524263379686
0 0.007352941176470588 0.0 1.0 0.0 0.009997014089105083 0.00961873865759907 0.0114668652271035 0.000746491489997014 0.038339844981469307
0 0.009259259259259259 0.0 1.0 0.0 0.012070859758402682 0.011664899935808853 0.009915611814345991 0.0014805414551607443 0.05661934080321088
0 0.007692307692307693 0.0 1.0 0.0 0.019954247516492198 0.007264496284481956 0.013047711781888996 0.0007809449433814915 0.06691231232136705
0 0.006493506493506494 0.0 1.0 0.0 0.0083001762702975 0.012262002329093915 0.009945750452079566 0.0010877447425670776 0.0005836495974336384
0 0.007575757575757575 0.0 1.0 0.0 0.0170956643254587 0.009803152890712298 0.010817031070195627 0.0004614674665436086 0.05819664356090521
0 0.003663003663003663 0.0 1.0 0.0 0.010661608039549788 0.0018657687926513088 0.011091018685955394 0.000241721053903795 0.030839280540068976
0 0.002976190476190476 0.0 1.0 0.0 0.01667222519031934 0.0020723618944328047 0.008966244725738396 0.00042301184433164127 0.031536411901184974
0 0.004166666666666667 0.0 1.0 0.0 0.009004251580893892 0.0 0.010126582278481013 0.00031725888324873094 0.01565203261561796
0 0.002717391304347826 0.0 1.0 0.0 0.011830735260510131 0.0032873873035933693 0.0096862960924601 0.0007724564113882144 0.03769029235477216
0 0.006535947712418301 0.0 1.0 0.0 0.0027009365755916665 0.002826077436038497 0.0090014064697609 0.0005640157924421883 0.0028843855029151034
0 0.003472222222222222 0.0 1.0 0.0 0.0061763726866633445 0.0012967277852563093 0.009651898734177216 0.0007931472081218274 0.015196066156872738
0 0.0037593984962406013 0.0 1.0 0.0 0.01733455898378192 0.0049641693503464914 0.011754068716094034 0.00145032632342277 0.06573211019763833
0 0.041666666666666664 0.0 1.0 0.0 0.016670981952497513 0.014922541463443961 0.012195121951219511 0.0038496376811594196 0.041666666666666664
0 0.014705882352941176 0.0 1.0 0.058823529411764705 0.013731946614956195 0.011340168086552582 0.006854774430097241 0.0028772378516624024 0.0036534601138652105
0 0.010416666666666666 0.0 1.0 0.0625 0.017236196347873878 0.008930367094651713 0.01676829268292682 0.003906249999999999 0.016924011273054918
0 0.006578947368421052 0.0 1.0 0.0 0.014248062134090382 0.00780718885732693 0.017044644130651827 0.001787757437070938 0.01794138794203607
0 0.006896551724137932 0.0 1.0 0.0 0.01917823397233611 0.007517244039905348 0.01411083076348005 0.0013118440779610195 0.023559763964122085
0 0.005747126436781609 0.0 1.0 0.0 0.010746018225291932 0.006374058061585747 0.009625268666479767 0.0005622188905547226 0.013297446443440485
0 0.01020408163265306 0.0 1.0 0.0 0.013343528676101526 0.009748198294046651 0.014711575687185443 0.0013586956521739132 0.04081765426184865
0 0.004310344827586207 0.0 1.0 0.0 0.005576502987345319 0.0050523337270219695 0.010279413138958977 0.0005622188905547226 0.017149921641136243
0 0.005847953216374269 0.0 1.0 0.0 0.00961416250566038 0.008918409746157133 0.008985879332477534 0.0011441647597254005 0.0010251148566993162
0 0.005 0.0 1.0 0.0 0.010672891837289871 0.008318145770369401 0.008130081300813007 0.0 0.03381272551867174
0 0.0025974025974025974 0.0 1.0 0.0 0.01090890482559886 0.0021725838741977485 0.016027874564459924 0.0013975155279503104 0.020367576105410064
0 0.005555555555555555 0.0 1.0 0.0 0.021425259219906394 0.011300940192105922 0.014272809394760614 0.002173913043478261 0.04151146966424035
0 0.0027472527472527475 0.0 1.0 0.0 0.016538361393077797 0.010771609580996143 0.013066202090592333 0.0023291925465838514 0.020211990641532472
0 0.003105590062111801 0.0 1.0 0.0 0.012720905666042434 0.0026577899967334035 0.008247908566042182 0.0005907372400756144 0.02075138556628547
0 0.04 0.0 1.0 0.0 0.01735495798507116 0.013908956989062743 0.012669039145907475 0.004714285714285715 0.039999999999999994
0 0.013888888888888888 0.0 1.0 0.0 0.021261517633736206 0.011107750822572737 0.012455516014234874 0.004265873015873016 0.019209798181312004
0 0.009259259259259259 0.0 1.0 0.0 0.014762003166956451 0.016284727036214315 0.009786476868327404 0.0020833333333333337 0.02292340383095078
0 0.020833333333333332 0.0 1.0 0.0 0.007852993127556768 0.004049044501978756 0.010379596678529064 0.0005952380952380952 0.0006727615026450444
0 0.007692307692307693 0.0 1.0 0.0 0.016399569125229038 0.015227090554083961 0.012044894607172186 0.0009615384615384616 0.028953342624218132
0 0.008771929824561403 0.0 1.0 0.0 0.02158668750074077 0.005257119295653915 0.017980895298745084 0.0007518796992481202 0.03707755865136922
0 0.006493506493506493 0.0 1.0 0.0 0.014182867376974046 0.011681258335449883 0.011484956324813977 0.0014610389610389613 0.014315332246035546
0 0.008928571428571428 0.0 1.0 0.0 0.018206427948069648 0.012633687852067864 0.013218098627351297 0.001530612244897959 0.009386032421591696
0 0.006944444444444444 0.0 1.0 0.0 0.017696833689876 0.004673792549428336 0.012455516014234877 0.0008928571428571428 0.00014959955269993298
0 0.006666666666666667 0.0 1.0 0.0 0.017841546702356374 0.00467845204482748 0.017319098457888493 0.0016666666666666666 0.00020727837889907138
1 0.003952569169960474 0.0 1.0 0.0 0.02132039510101402 0.008405159404672999 0.013615967816803342 0.002639751552795031 0.0047282246251511666
0 0.0022522522522522522 0.0 1.0 0.0 0.017248923646408974 0.003362266127875275 0.01317687794556122 0.0011583011583011582 0.007219791180942537
0 0.043478260869565216 0.0 1.0 0.0 0.033197330210929986 0.023606906793272067 0.019526165061181974 0.006024096385542169 0.04347826086956521
0 0.021739130434782608 0.0 1.0 0.0 0.019926857414596943 0.014618743103303602 0.012757094506638898 0.005762179151388162 0.02702832218358271
0 0.011494252873563218 0.0 1.0 0.06896551724137931 0.02535805451384485 0.012914513674513718 0.017757588271732395 0.001246364769422518 0.027924242647770006
0 0.011363636363636364 0.0 1.0 0.0 0.020068570529579804 0.0138269006282989 0.018236254763200867 0.002190580503833516 0.041034560706215764
0 0.009090909090909092 0.0 1.0 0.0 0.023138606752622016 0.0077263061572382195 0.017691888949373978 0.001095290251916758 0.0367639903551807
0 0.00641025641025641 0.0 1.0 0.0 0.01007327232503925 0.010578105847369493 0.011054813450023031 0.0009267840593141798 0.028536998695643488
0 0.006493506493506493 0.0 1.0 0.0 0.007444818540297415 0.009313245842448399 0.018508437670114314 0.0 0.0001489778348827539
0 0.03333333333333333 0.0 1.0 0.0 0.021026652506477023 0.014429877054713686 0.016869918699186994 0.007157464212678936 0.03333333333333333
0 0.014705882352941176 0.0 1.0 0.0 0.012312075855107013 0.01370952710208487 0.01470588235294118 0.004150126308191991 0.025381529253623494
0 0.013888888888888888 0.0 1.0 0.08333333333333333 0.029742327432993935 0.01443878622565768 0.01676829268292683 0.0023006134969325155 0.03201819992271213
1 0.007575757575757576 0.0 1.0 0.0 0.019829071499491254 0.011551416559752786 0.017368810051736884 0.0007436326454731362 0.02348633476544393
0 0.011111111111111112 0.0 1.0 0.0 0.013223706443341025 0.011592356447382943 0.015582655826558267 0.0006816632583503749 0.024876918871884486
0 0.006666666666666666 0.0 1.0 0.0 0.006978617976799963 0.013354394627385151 0.011219512195121953 0.000736196319018405 0.006565035340696706
0 0.06666666666666667 0.0 1.0 0.0 0.012130033547084125 0.009976764095645081 0.007332773579624965 0.0024089635854341743 0.06666666666666668
0 0.015625 0.0 1.0 0.0 0.004096036049756427 0.0035506046490896316 0.015244542401343408 0.0015756302521008406 0.0006261011257457728
0 0.010416666666666666 0.0 1.0 0.0 0.0051201794160327255 0.002471917317185986 0.012148404701931148 0.0011029411764705882 0.001502296540465675
0 0.006944444444444444 0.0 1.0 0.0 0.008023449050369063 0.0057902327797500035 0.011988058587554808 0.0017740429505135379 0.021869841047012964
0 0.005 0.0 1.0 0.0 0.007603510686988965 0.003390787919105994 0.013832913518052057 0.0012605042016806715 0.018205083087897516
0 0.003333333333333333 0.0 1.0 0.0 0.0030646342225119777 0.00458041208734954 0.01435768261964735 0.00176470588235294 0.001388694112544575
0 0.005714285714285714 0.0 1.0 0.0 0.006587356185781412 0.00266384241754481 0.015617128463476071 0.001915966386554622 0.03575506695139486
0 0.00625 0.0 1.0 0.0 0.006477041178560185 0.0012543315434143647 0.009235936188077245 0.0011344537815126054 0.0013602328573753297
0 0.005291005291005291 0.0 1.0 0.0 0.0034619274278612044 0.0031405166786533214 0.014993402902722804 0.001240496198479392 0.0002207926633277932
0 0.004545454545454546 0.0 1.0 0.0 0.005096158162018325 0.0042739275865770554 0.010419051980764827 0.000878533231474408 0.0028007754371700247
0 0.003134796238244514 0.0 1.0 0.0 0.000938563380248135 0.001971137282910551 0.00408234170068618 5.795421616922631e-05 0.0003345273978539425
0 0.0028735632183908046 0.0 1.0 0.0 0.004324670843752412 0.00371047927100033 0.008685833405715278 0.0007534048101999422 6.724423525596549e-05
0 0.004807692307692308 0.0 1.0 0.0 0.007464335023057956 0.005730780875724737 0.014011335012594458 0.0011029411764705882 0.004884763008856601
0 0.002747252747252747 0.0 1.0 0.0 0.00519901889818186 0.004515094368073707 0.013304915068139252 0.0009049773755656109 0.0020296460660145185
0 0.003703703703703704 0.0 1.0 0.0 0.0030851920084073547 0.0026860280765807288 0.01413378113630003 0.00065359477124183 0.00032853364983566547
0 0.0023148148148148147 0.0 1.0 0.0 0.0076358424894716745 0.005640677121703194 0.012563361010044464 0.0016184251478369124 0.029087054579123688
0 0.002028397565922921 0.0 1.0 0.0 0.0051501918302673455 0.002930249026654013 0.01227597788007759 0.0005795421616922633 0.032049180991425924
0 0.0026455026455026454 0.0 1.0 0.0 0.004669250520652408 0.002139166048538374 0.012314581584102995 0.0004801920768307323 0.0001125029649005631
0 0.001594896331738437 0.0 1.0 0.0 0.006535804753050992 0.004764136185186809 0.01002468004986897 0.0008658008658008659 0.02623637626887189
0 0.001851851851851852 0.0 1.0 0.0 0.00639825082951403 0.002855087452113577 0.007432285350001555 0.0003112356053532525 0.03367171369251616
0 0.001984126984126984 0.0 1.0 0.0 0.009693324956379847 0.005465351416066921 0.007591659669745312 0.0007002801120448179 0.031796006359528346
0 0.002066115702479339 0.0 1.0 0.0 0.0116212730651724 0.007508393184220002 0.010190061827341425 0.0014514896867838046 0.034705660339981424
0 0.001402524544179523 0.0 1.0 0.0 0.0031030129052348476 0.004135990307673105 0.011077706454321387 0.001436703713743562 0.004099692173165938
0 0.004166666666666667 0.0 1.0 0.0 0.0011344157856262914 0.0023122408372837104 0.007220822837951302 0.0008403361344537815 0.002197271120806732
0 0.0010256410256410256 0.0 1.0 0.0 0.003480639930841526 0.004511183531692397 0.01248681349437017 0.0013574660633484162 9.336284140221799e-05
1 0.0008944543828264759 0.0 1.0 0.0 0.007751898956987479 0.0031661564215868616 0.010973776189639349 0.0005471956224350206 3.397820204044494e-05
0 0.001763668430335097 0.0 1.0 0.0 0.006402249667326211 0.004370527401276662 0.011075126944144574 0.0009603841536614648 0.003614344057248691
0 0.002551020408163265 0.0 1.0 0.0 0.0030926836186833807 0.004300121670435915 0.011335012594458438 0.0012004801920768306 0.006192549534975089
0 0.0009319664492078285 0.0 1.0 0.0 0.004708207664146375 0.0032351651744129558 0.012254067669684794 0.000794912559618442 0.02447562742581106
0 0.0047619047619047615 0.0 1.0 0.0 0.0011506878967767087 0.0008166140172057996 0.009715725080964374 0.00036014405762304925 0.0029698207135029422
0 0.001152073732718894 0.0 1.0 0.0 0.0031946745049694658 0.0032693181900435844 0.013853904282115869 0.0008103241296518608 0.00018574443218050745
0 0.00625 0.0 1.0 0.2 0.0 0.0 0.0005037783375314861 0.0 0.007531774571640605
0 0.001122334455667789 0.0 1.0 0.0 0.009211875220945657 0.007178304397184692 0.008427403053767454 0.0010893246187363838 0.03053403572163757
0 0.0009487666034155598 0.0 1.0 0.0 0.006017807962468517 0.00514849055054644 0.009913057609490532 0.0009216589861751153 0.029525525889515677
0 0.002857142857142857 0.0 1.0 0.0 0.0025322560409320313 0.0024569849860307533 0.014189756507136862 0.0005042016806722689 0.0010312429258376233
0 0.0018518518518518517 0.0 1.0 0.0 0.010586445911026561 0.0041919519549897715 0.013993842709207947 0.0007282913165266106 0.05798716208300216
0 0.0012285012285012285 0.0 1.0 0.0 0.009808281571993942 0.003934640933666369 0.010686207159758794 0.0012605042016806723 0.034612270821786036
0 0.0023923444976076554 0.0 1.0 0.0 0.005688867988024953 0.003101882929612698 0.0109151973131822 0.000611153552330023 0.0004493535353476085
0 0.0010256410256410256 0.0 1.0 0.0 0.006035493826277615 0.0036969012864908313 0.0145088161209068 0.0015798319327731095 0.03659420818576232
0 0.003125 0.0 1.0 0.0 0.004555922370455315 0.0014290745301101494 0.018786733837111668 0.0004201680672268908 0.000755667894646227
0 0.0014347202295552368 0.0 1.0 0.0 0.010171445938164785 0.0017155274837954274 0.014471279695757396 0.0008403361344537816 0.04586752573339333
0 0.0008818342151675485 0.0 1.0 0.0 0.006438476174652456 0.0020323948378084397 0.01107068445439562 0.0005291005291005291 0.03274952342504369
0 0.0010111223458038423 0.0 1.0 0.0 0.00552052274887205 0.002199655994530186 0.006278976380827219 0.000401899890390939 0.04056417916325632
0 0.0011961722488038277 0.0 1.0 0.0 0.007337276892059395 0.00263884793696684 0.011091961642140616 0.0005749668288367978 0.04698468564901812
0 0.0007662835249042146 0.0 1.0 0.0 0.013652691264851868 0.004087332244205832 0.014418483453487356 0.0013329469718922054 0.019637161511967195
0 0.0014492753623188406 0.0 1.0 0.0 0.0025907933934823215 0.0031648632843726877 0.016680660509375878 0.0015126050420168067 0.012842113524094406
0 0.000818330605564648 0.0 1.0 0.0 0.014062504605445097 0.002828384419276059 0.0065555770845443385 0.0005494505494505495 0.020231734994551883
0 0.0016025641025641025 0.0 1.0 0.0 0.011951982070791222 0.004019692819278719 0.020667829232060966 0.0013574660633484165 0.06041275289750629
0 0.0011337868480725622 0.0 1.0 0.0 0.007821171968784374 0.0035876951282663517 0.009609105326989458 0.0008870214752567695 0.003815829248533479
0 0.0007692307692307692 0.0 1.0 0.0 0.004689458106272688 0.0002976839163534643 0.00846089259187496 0.00042016806722689073 8.879615697123628e-05
0 0.03571428571428571 0.0 1.0 0.07142857142857142 0.015349703035827297 0.00766843176233978 0.013770712046574114 0.0035938903863432163 0.03571428571428571
1 0.019230769230769232 0.0 1.0 0.0 0.02341428643967109 0.008575681639217576 0.012780323125150709 0.0036284470246734394 0.026331864613795556
0 0.01111111111111111 0.0 1.0 0.0 0.015614234710187504 0.009605248575344432 0.014211076280041797 0.0018867924528301887 0.027317571322753396
0 0.016666666666666666 0.0 1.0 0.0 0.023436004741814388 0.00884709914907039 0.015047021943573666 0.0008385744234800839 0.05571916207259003
0 0.0064516129032258064 0.0 1.0 0.0 0.00824724821024823 0.007553428614625635 0.010617858226312065 0.0006086427267194158 0.02489102389711072
0 0.008771929824561403 0.0 1.0 0.0 0.017232390708740008 0.010569134927917645 0.01171423857449266 0.0008275405494869249 0.03589286269098858
0 0.004608294930875576 0.0 1.0 0.0 0.0147156345912578 0.011036102412764712 0.014865001516836888 0.0025360113613308987 0.02120360999974766
0 0.008928571428571428 0.0 1.0 0.0 0.022059391254399683 0.016065794701957077 0.020152261531571878 0.004941599281221923 0.06734616474400265
0 0.01111111111111111 0.0 1.0 0.0 0.015312216204309023 0.01577443229399244 0.012852664576802508 0.005031446540880504 0.04069649194059557
0 0.005 0.0 1.0 0.0 0.008771683410884534 0.009335382872149706 0.012539184952978056 0.003459119496855346 0.013851475162331425
0 0.004545454545454545 0.0 1.0 0.0 0.011202174064746141 0.005374961147772886 0.014263322884012542 0.0015723270440251573 0.04246098872247305
0 0.004629629629629629 0.0 1.0 0.0 0.015434205482405313 0.01412561710422108 0.015673981191222573 0.0047169811320754715 0.04893511123626445
0 0.002958579881656805 0.0 1.0 0.0 0.012895620261807628 0.009657815001915461 0.009524957800819871 0.0013304305757135945 0.03235336031691102
0 0.008928571428571428 0.0 1.0 0.0 0.00805869487466676 0.005347794625254962 0.011363636363636364 0.0 0.001898747568690296
0 0.002898550724637681 0.0 1.0 0.0 0.0065597637581021875 0.009056099518895121 0.011039934578165463 0.001367240907847963 0.03379291211841942
0 0.03125 0.0 1.0 0.0 0.012452291824338008 0.02048571971827006 0.02142396907216495 0.007610103626943005 0.03125000000000001
0 0.013513513513513514 0.0 1.0 0.0 0.012137327202850334 0.01918656418049204 0.02047924212872666 0.003220837417728609 0.01766147447898659
0 0.011494252873563218 0.0 1.0 0.0 0.012165171734766443 0.01917560372822553 0.029150373266974755 0.0030373414329104877 0.016067307956867272
0 0.011904761904761904 0.0 1.0 0.0 0.00989675983312377 0.018320004503247927 0.02356406480117821 0.00542807796693807 0.02932706410223293
0 0.008 0.0 1.0 0.0 0.013347342602832586 0.017359664682193153 0.02515463917525773 0.004766839378238342 0.019025294652873705
0 0.006172839506172839 0.0 1.0 0.0 0.00870358194665071 0.008538911534596723 0.024818633066055747 0.0026866244482824796 0.011785036595758611
0 0.006211180124223602 0.0 1.0 0.0 0.008736954998709308 0.003064832062772837 0.01927386822052891 0.0004505519261094841 0.003224529388744744
0 0.037037037037037035 0.0 1.0 0.07407407407407407 0.019535424877478568 0.024288467285313368 0.015230183454482519 0.005902777777777777 0.037037037037037035
0 0.02 0.0 1.0 0.0 0.013214768580591498 0.012690636978262336 0.007850467289719627 0.003625000000000001 0.020902968573388487
0 0.012345679012345678 0.0 1.0 0.0 0.01959255133936102 0.011151729569850376 0.013961001499942309 0.0028935185185185184 0.019904541318483734
0 0.022727272727272728 0.0 1.0 0.0 0.01644731920841465 0.009098919258172187 0.011328235627301049 0.0019886363636363634 0.08081899406846837
0 0.009090909090909092 0.0 1.0 0.0 0.02265531683007543 0.024384844743684922 0.01146983857264231 0.002982954545454545 0.045645580888647036
0 0.020833333333333332 0.0 1.0 0.0 0.012250683301718556 0.013285927272117795 0.004672897196261682 0.0 0.0010673969668040621
0 0.011904761904761904 0.0 1.0 0.0 0.0029341133005333793 0.003542913939231412 0.004153686396677051 0.0005208333333333333 0.0015556603735960193
0 0.004464285714285714 0.0 1.0 0.0 0.014052128152441641 0.0184502388243187 0.017022696929238985 0.004241071428571428 0.01953506867018474
0 0.0037037037037037034 0.0 1.0 0.0 0.009673479345305823 0.016797029166660413 0.012357217030114226 0.0026041666666666665 0.02137946488753709
0 0.0038461538461538464 0.0 1.0 0.0 0.014090160180809998 0.02208785572794036 0.017014138509465614 0.004206730769230769 0.022908493101148286
0 0.005347593582887701 0.0 1.0 0.0 0.010483376470796585 0.010003521710771046 0.0056807769836906725 0.0 0.0010310108237418679
0 0.007575757575757575 0.0 1.0 0.0 0.015237749458010071 0.0034711633992979348 0.013877088643443782 0.0011363636363636365 0.06771642725754898
0 0.002564102564102564 0.0 1.0 0.0 0.012851159380133807 0.00609311561035241 0.011007268951194185 0.0015625 0.023324211713366728
0 0.005952380952380952 0.0 1.0 0.0 0.009931074532197402 0.007577734966400768 0.011422637590861888 0.0026041666666666665 0.032003133899413484
0 0.0047619047619047615 0.0 1.0 0.0 0.02656460459580134 0.027152812063307996 0.009568313306631063 0.0046875 0.047751489830559116
0 0.002976190476190476 0.0 1.0 0.0 0.010015820146278215 0.008547551702055858 0.015427978044800474 0.0026785714285714286 0.01754563906277695
0 0.037037037037037035 0.0 1.0 0.0 0.013682641457478136 0.01394364430836219 0.01784037558685446 0.004708097928436912 0.037037037037037035
0 0.018518518518518517 0.0 1.0 0.0 0.012964781109889108 0.00824796990398694 0.014293166405842462 0.003557229545930112 0.02843328374504585
0 0.01282051282051282 0.0 1.0 0.0 0.012117851113550956 0.010091261254552501 0.025568797399783308 0.0045632333767927 0.02620975186647986
0 0.011363636363636364 0.0 1.0 0.0 0.014949723939930127 0.013397237240960546 0.022151088348271442 0.003980482794042116 0.0391061892595318
0 0.008333333333333333 0.0 1.0 0.08333333333333333 0.007615024375330167 0.005784021121394064 0.018192488262910794 0.001059322033898305 0.007942624496491413
0 0.006944444444444444 0.0 1.0 0.0 0.01414092204401871 0.011398240440168864 0.015610328638497652 0.002589453860640301 0.035795803616157626
0 0.003663003663003663 0.0 1.0 0.0 0.0156995373742247 0.013057949675529189 0.022390754785120977 0.0031145878603505723 0.014711994540744504
0 0.0033783783783783786 0.0 1.0 0.05405405405405406 0.013129361379756175 0.00974671455222966 0.023524933384088308 0.0018323408153916628 0.01405926751439156
0 0.0027100271002710027 0.0 1.0 0.0 0.012249237158927012 0.007777463438655866 0.0177945723119203 0.0011023839051949843 0.01287515487767837
0 0.003448275862068966 0.0 1.0 0.0 0.016265169011922532 0.009604621813497576 0.019621175327829043 0.002727449834404831 0.02086579168627157
0 0.0026737967914438505 0.0 1.0 0.0 0.011297321492632255 0.005584563838624054 0.019055509527754762 0.0012462612163509472 0.021616266547760707
0 0.003333333333333333 0.0 1.0 0.0 0.008960570871359607 0.0038431608832340735 0.015887323943661973 0.0004519774011299435 0.03310416705348138
0 0.045454545454545456 0.0 1.0 0.0 0.01776892219282676 0.019134645978694503 0.022466039707419012 0.007356805044666314 0.04545454545454546
0 0.019230769230769232 0.0 1.0 0.0 0.00967308800971352 0.011455932936571435 0.014588859416445622 0.0031124944419742098 0.00371158367571968
0 0.008547008547008546 0.0 1.0 0.10256410256410256 0.014341146703646291 0.010607874244120848 0.01709401709401709 0.0014821402104639098 0.010872328042437207
0 0.01 0.0 1.0 0.0 0.01768760656651528 0.020984652635967674 0.02988505747126437 0.006011560693641618 0.020282383806709933
0 0.010526315789473684 0.0 1.0 0.0 0.020281570613201072 0.03295149809225824 0.02238354506957048 0.006693033160937024 0.0360088241999768
0 0.008771929824561403 0.0 1.0 0.0 0.011969172149164056 0.006208452780642815 0.013309134906231096 0.0 0.03845043655481567
0 0.005952380952380952 0.0 1.0 0.0 0.01133783463772394 0.01886546398210882 0.016044061302681992 0.0033718689788053945 0.02882742380559966
0 0.038461538461538464 0.0 1.0 0.0 0.012537718229169686 0.018485102618150367 0.016826923076923076 0.005793369810106213 0.03846153846153847
0 0.015151515151515152 0.0 1.0 0.0 0.017782559854699904 0.013597644813564727 0.016035353535353538 0.005705591479650057 0.019424096392737174
0 0.009259259259259259 0.0 1.0 0.0 0.01267018191714039 0.007898583113912777 0.01875 0.002324500232450023 0.020001983846642108
0 0.0078125 0.0 1.0 0.0 0.021726124635653397 0.02363942679852514 0.013802083333333335 0.0031380753138075313 0.02002081200201621
0 0.010526315789473684 0.0 1.0 0.10526315789473684 0.013634029392646744 0.012711293992465903 0.0206140350877193 0.0022021581149526534 0.030908123304077457
0 0.006172839506172839 0.0 1.0 0.14814814814814814 0.014742843840771439 0.01888286750182933 0.014351851851851853 0.002324500232450023 0.018116791369467557
0 0.003968253968253968 0.0 1.0 0.0 0.0166961811155696 0.011356899827170048 0.016203703703703706 0.0009298000929800093 0.011479543104347545
0 0.004032258064516129 0.0 1.0 0.0 0.015001288161927792 0.0059545413001942295 0.017069892473118277 0.0009447968686732353 0.014733988128947299
0 0.037037037037037035 0.0 1.0 0.0 0.01231308489695574 0.00539514167390156 0.016516516516516516 0.003412626718859782 0.037037037037037035
0 0.019230769230769232 0.0 1.0 0.07692307692307693 0.005633052728219928 0.006585818208184495 0.020478170478170483 0.0038565770273087355 0.025870842006695347
0 0.0196078431372549 0.0 1.0 0.11764705882352941 0.01153028194010479 0.0043375703894942205 0.017170111287758347 0.0031882671767894154 0.0043386298525945055
0 0.016666666666666666 0.0 1.0 0.0 0.017292066034157772 0.0104346552786123 0.012432432432432434 0.0032520325203252037 0.04415809326084172
0 0.02 0.0 1.0 0.0 0.004265117028637673 0.009217337077675218 0.0032432432432432435 0.0 0.004678314635523999
0 0.006666666666666666 0.0 1.0 0.0 0.023561019053550233 0.007073318039133153 0.021621621621621626 0.00043360433604336043 0.024430229637646583
0 0.005952380952380952 0.0 1.0 0.0 0.020362952198239224 0.012447326024729859 0.019932432432432434 0.0019196025293586273 0.019550796126181543
0 0.005 0.0 1.0 0.0 0.014680525527460074 0.00824099131831528 0.019027027027027025 0.000975609756097561 0.03182960071425167
0 0.0024154589371980675 0.0 1.0 0.0 0.005023342384497501 0.0039860554094294336 0.022209165687426553 0.0009426181218333922 0.013397520306338995
0 0.005263157894736842 0.0 1.0 0.0 0.017272723349294326 0.009191332006102839 0.009672830725462305 0.0005705320211096848 0.02790735993770329
0 0.003787878787878788 0.0 1.0 0.0 0.015072756357442013 0.00837323824789126 0.01970720720720721 0.0012420957542908764 0.03538174132638184
0 0.003968253968253968 0.0 1.0 0.0 0.013713479863554864 0.007963967697025596 0.014028314028314028 0.0014195380049038587 0.04293294850561544
0 0.004524886877828055 0.0 1.0 0.0 0.018019763011887603 0.013733411456813184 0.012400635930047695 0.0025506137414315322 0.0510899482495099
0 0.0021645021645021645 0.0 1.0 0.0 0.010243985077288078 0.010597134176449455 0.015642915642915645 0.001806684733514002 0.026401443412206963
0 0.006666666666666666 0.0 1.0 0.0 0.016734332957439868 0.011365100635879583 0.01891891891891892 0.0024390243902439024 0.056851230965491176
0 0.0020161290322580645 0.0 1.0 0.0 0.016586897109362765 0.010775700674041615 0.01743679163034002 0.0027974473293120032 0.022492915048189798
0 0.043478260869565216 0.0 1.0 0.0 0.022904148986700793 0.012102368989726222 0.01181933305192064 0.005090137857900319 0.04347826086956521
0 0.011627906976744186 0.0 1.0 0.0 0.010609604372151636 0.012519863450627658 0.014337322194626323 0.003403289846851958 0.0004099787037743982
0 0.013333333333333332 0.0 1.0 0.0 0.021612445724813415 0.013901038723533918 0.010679611650485435 0.0003902439024390244 0.03894467023721255
0 0.007142857142857143 0.0 1.0 0.0 0.019383400984253316 0.010047335062815469 0.016920943134535363 0.0013937282229965157 0.02467985737770431
1 0.005128205128205128 0.0 1.0 0.0 0.02344042648480338 0.012036657693771003 0.018546178740353494 0.0012507817385866166 0.018602538382837493
0 0.009259259259259259 0.0 1.0 0.0 0.012729950929331072 0.011401513793710195 0.005124056094929881 0.0005420054200542005 0.0666138347062094
0 0.006211180124223602 0.0 1.0 0.0 0.01772062152466783 0.003392995741400901 0.01266357112705783 0.0012725344644750794 0.04520218264408164
0 0.03125 0.0 1.0 0.0 0.010330850999597496 0.01249517513204581 0.01174301242236025 0.003894080996884735 0.03125
0 0.016129032258064516 0.0 1.0 0.0 0.00530272487360356 0.010253835941097845 0.010719294730514925 0.003014772384684956 0.0018335512454240135
0 0.041666666666666664 0.0 1.0 0.0 0.005645560321935928 0.00794672285435083 0.013975155279503106 0.003115264797507788 0.0009347396348828973
0 0.0125 0.0 1.0 0.0 0.007999843254386942 0.005610370410334754 0.01847826086956522 0.0012461059190031153 0.008666693296952441
1 0.005555555555555556 0.0 1.0 0.0 0.016693803058195174 0.0131678019583614 0.01155969634230504 0.0009518864659051574 0.01783521792098936
0 0.005747126436781609 0.0 1.0 0.0 0.012140112301109932 0.011741901546539023 0.011030199186121225 0.0012890750886239122 0.026550034225236323
0 0.012987012987012986 0.0 1.0 0.0 0.01569596901710382 0.01155886960632848 0.01129305477131564 0.0 0.04536941601944105
0 0.0125 0.0 1.0 0.0 0.010053595626661832 0.0021191260944935547 0.017391304347826087 0.0006230529595015577 0.008351595254113962
0 0.00505050505050505 0.0 1.0 0.0 0.010466028399326636 0.009370893373450347 0.006352343308865047 0.0007080147267063154 0.027252635444397554
0 0.0029411764705882353 0.0 1.0 0.0 0.010604456707319092 0.002112270047928365 0.01214833759590793 0.0011911306578706248 0.015136570704205836
0 0.011363636363636364 0.0 1.0 0.0 0.003153499164092927 0.0 0.015527950310559004 0.0 0.02140175474800932
0 0.0043859649122807015 0.0 1.0 0.0 0.01531185479800628 0.009942774267834983 0.009970578620464202 0.002295458271847844 0.04541385990586261
0 0.0032051282051282055 0.0 1.0 0.0 0.004803609251591045 0.0 0.009575569358178054 0.000778816199376947 0.02271155127158793
0 0.003968253968253968 0.0 1.0 0.0 0.017296922192601188 0.006950855554500895 0.013112491373360938 0.001557632398753894 0.047531829098969886
1 0.003333333333333333 0.0 1.0 0.0 0.01072440108573024 0.006255769999050806 0.011645962732919252 0.0017133956386292833 0.0027362343293711624
0 0.030303030303030304 0.0 1.0 0.06060606060606061 0.01790160392379943 0.013977536992643775 0.017523056653491433 0.005160778086542279 0.030303030303030304
0 0.015625 0.0 1.0 0.0 0.013027307610615532 0.011851825992654887 0.010869565217391302 0.003275109170305676 0.029618529299791987
0 0.011494252873563218 0.0 1.0 0.0 0.01918266196613967 0.009606909336581457 0.016791604197901048 0.0016563770516488479 0.015996369717948593
0 0.014705882352941176 0.0 1.0 0.0 0.027735073263607107 0.014805557136260642 0.02148337595907928 0.0005137426149499101 0.05746972180219266
0 0.010526315789473684 0.0 1.0 0.0 0.014180938870239296 0.011608366581861545 0.02425629290617849 0.0022983222247759134 0.03201381843632659
0 0.006666666666666666 0.0 1.0 0.0 0.0210281277437194 0.0035531187151662796 0.017043478260869563 0.0006986899563318777 0.031145373078263466
0 0.004608294930875576 0.0 1.0 0.06451612903225806 0.016093932653531384 0.005950923884035761 0.025105189340813464 0.0018312438371601632 0.014672513748009715
0 0.004629629629629629 0.0 1.0 0.0 0.013467826684956007 0.005500885301087103 0.01964573268921095 0.00032346757237586933 0.03639314598184195
0 0.0065359477124183 0.0 1.0 0.0 0.01796724792057398 0.01272846940554677 0.022762148337595906 0.0025687130747495505 0.05936422564481383
0 0.0625 0.0 1.0 0.0 0.010216138073804235 0.005563253806006094 0.0078125 0.0013569604086845462 0.0625
0 0.045454545454545456 0.0 1.0 0.0 0.000767578982611715 0.001579564556675795 0.007653061224489798 0.0012771392081736908 0.0024149359740395712
0 0.008130081300813007 0.0 1.0 0.04878048780487805 0.005695828711437573 0.0046678538397605124 0.011075161772025884 0.0014951873656667595 0.006369680016163543
0 0.007352941176470588 0.0 1.0 0.0 0.008249575306124121 0.006593626091277121 0.009416266506602641 0.0016527683870483055 0.020943192803619764
0 0.006896551724137932 0.0 1.0 0.0 0.003382281101609098 0.004640532888994109 0.010643912737508796 0.001409257057295107 0.0001450897944791548
0 0.006944444444444444 0.0 1.0 0.0 0.006118780167455246 0.004957113939168821 0.005208333333333333 0.001436781609195402 0.03380046705248684
0 0.007518796992481203 0.0 1.0 0.0 0.005515532060883534 0.005656682516918732 0.010069817400644467 0.0015460106204207831 0.019337496670481645
0 0.005681818181818182 0.0 1.0 0.0 0.002776524588161726 0.003159129113351589 0.012523191094619664 0.0012771392081736904 0.00030764327321917485
0 0.0020576131687242796 0.0 1.0 0.0 0.004220372389960998 0.004064003874648006 0.010652872260015114 0.0006149188780095549 0.01654774681972126
0 0.003125 0.0 1.0 0.0 0.004172744146106233 0.003257851898143826 0.008649553571428572 7.982120051085569e-05 0.011511293914445234
0 0.003134796238244514 0.0 1.0 0.0 0.008104084961957289 0.004847797416056913 0.008620689655172415 0.0004844321134451931 0.029581373119635962
0 0.003623188405797101 0.0 1.0 0.0 0.007841478406698027 0.005907836723744862 0.008984028393966283 0.0004997501249375312 0.03332009958112299
0 0.0038461538461538464 0.0 1.0 0.0 0.0038505276951139996 0.006510694765233594 0.00860969387755102 0.0003831417624521073 0.00019315187331673324
0 0.0021008403361344537 0.0 1.0 0.058823529411764705 0.004719158306074596 0.003961592604088667 0.007540516206482593 0.000450755014649538 0.00011350150879448756
0 0.0015873015873015873 0.0 1.0 0.0 0.005622316560926504 0.005036894735025911 0.0105988824101069 0.00024326461108070305 0.014221540868525732
0 0.003472222222222222 0.0 1.0 0.0 0.006119840757888412 0.0049451144942276384 0.0052437641723356 0.00014190435646374344 0.0001859239620134817
0 0.003095975232198142 0.0 1.0 0.0 0.0032700518719141983 0.003532327592675291 0.014097744360902255 0.00020165355918531962 0.0001849401489987794
0 0.0017921146953405018 0.0 1.0 0.0 0.0032524541968096893 0.003391867220415706 0.012549374588545097 0.0008239607794668975 0.0006291345804198619
0 0.002506265664160401 0.0 1.0 0.0 0.00870250017124838 0.00425556845664707 0.009961127308066083 0.0004257130693912303 0.044021807796907585
0 0.0029411764705882353 0.0 1.0 0.0 0.005994667497178211 0.0 0.008328331332533013 0.0 0.0003727474229983112
0 0.0010822510822510823 0.0 1.0 0.0 0.005847865342074834 0.00034064986114839304 0.006261595547309834 0.00031928480204342275 0.016463898158610688
0 0.001466275659824047 0.0 1.0 0.0 0.007219387822474926 0.0013290914325346582 0.012713956550362083 0.00024718823384006923 0.02703178460036896
0 0.002717391304347826 0.0 1.0 0.0 0.0034404897742289766 0.0011849783876008925 0.010522959183673469 0.00031928480204342275 0.0002703905104410807
0 0.0016025641025641025 0.0 1.0 0.0 0.0021631870344027766 0.00036024172781168697 0.009811616954474096 0.0005403281265350231 0.017379502681183368
0 0.0022222222222222222 0.0 1.0 0.0 0.005160228212824876 0.0010533141223119044 0.008007369614512472 0.0002838087129274869 0.017757508698617273
0 0.0008741258741258741 0.0 1.0 0.0 0.005768653369044608 0.0002376839987357541 0.010667903525046383 0.0002612330198537095 0.012674707835702414
0 0.001610305958132045 0.0 1.0 0.0 0.007328068756782597 0.0 0.00942768411712511 0.00011105558331945139 0.031961656910964906
0 0.0018796992481203006 0.0 1.0 0.0 0.009196614731743463 0.0022636068299461166 0.012083780880773363 0.0007393963836795053 0.038476698539004095
0 0.001277139208173691 0.0 1.0 0.0 0.004172141711699627 0.0007635778854284189 0.008975812547241118 0.0002838087129274869 0.013161457042369403
0 0.05263157894736842 0.0 1.0 0.0 0.021447554638601398 0.024988278213422123 0.02009569377990431 0.010140028971511348 0.05263157894736842
0 0.018518518518518517 0.0 1.0 0.0 0.025816101212928544 0.02726274449591581 0.013468013468013471 0.006455997281685355 0.016743931460141494
0 0.011494252873563218 0.0 1.0 0.0 0.016870010474324522 0.020642631733946006 0.011598746081504702 0.0 0.0177635868120226
0 0.017857142857142856 0.0 1.0 0.0 0.02677495173388669 0.017666613871159392 0.016883116883116882 0.001310615989515072 0.05281048428326979
1 0.009523809523809525 0.0 1.0 0.0 0.02752973202264806 0.013995931441932816 0.017748917748917754 0.00218435998252512 0.030673498322739377
0 0.043478260869565216 0.0 1.0 0.0 0.021890950150789346 0.011454356122638428 0.015238361526632185 0.003927068723702664 0.04347826086956523
0 0.016129032258064516 0.0 1.0 0.0 0.012019200534530922 0.008223743100065682 0.013691525775334508 0.003850156087408948 0.014207152141096633
0 0.009009009009009009 0.0 1.0 0.0 0.014365447600942337 0.009320498236348382 0.01529503780307639 0.0023539668700959023 0.023286521959760033
0 0.008620689655172414 0.0 1.0 0.06896551724137931 0.015342409016747055 0.008180927370910472 0.017629448941124292 0.0018909899888765295 0.028134877743514527
1 0.014285714285714287 0.0 1.0 0.0 0.030918155222374216 0.013634731925243098 0.0112540192926045 0.0016129032258064516 0.05911529334924247
0 0.008771929824561403 0.0 1.0 0.0 0.01809083834098963 0.011672278445011735 0.014554070062616348 0.0008488964346349745 0.038074690942050717
0 0.009523809523809523 0.0 1.0 0.0 0.006912967871863722 0.009345780701056022 0.0090032154340836 0.00043010752688172043 0.0014550752638201917
1 0.0026595744680851063 0.0 1.0 0.0 0.010335963640590844 0.012748339687714725 0.019839912430731337 0.002951269732326699 0.01021326561414019
0 0.002525252525252525 0.0 1.0 0.0 0.008683925715534037 0.013781591505169749 0.01805027769657995 0.002712609970674487 0.009216185487893203
0 0.003125 0.0 1.0 0.0 0.016592950561560547 0.008701590432229303 0.013565112540192928 0.0020161290322580645 0.02749045176975787
0 0.004545454545454545 0.0 1.0 0.0 0.010333901534083968 0.0011418113742745132 0.01446945337620579 0.0004838709677419355 0.009601435893821572
0 0.041666666666666664 0.0 1.0 0.0 0.017333475188174817 0.016548644604331326 0.011064030131826741 0.005918560606060603 0.04166666666666666
0 0.01 0.0 1.0 0.04 0.01304305081559217 0.012712935154176685 0.015367231638418077 0.0034090909090909076 0.01658145169958731
0 0.01515151515151515 0.0 1.0 0.0 0.01344558166323784 0.010182870407754644 0.008217770929635338 0.0005165289256198347 0.04294108705851153
0 0.008064516129032258 0.0 1.0 0.0 0.015096848140510077 0.01346041936133569 0.014215418261345 0.00036656891495601173 0.03384172349648044
0 0.005714285714285714 0.0 1.0 0.0 0.01357723155034957 0.015490846393492557 0.011945117029862796 0.002272727272727273 0.02581205419496171
0 0.01111111111111111 0.0 1.0 0.0 0.011710668815817974 0.010306658732309563 0.014689265536723164 0.0 0.032301073904768406