0 0.05555555555555555 0.0 1.0 0.0 0.03974369956506369 0.02277941795922481 0.024176954732510286 0.010384215991692626 0.05555555555555555
0 0.014705882352941176 0.0 1.0 0.0 0.030770177239273132 0.035907585174349034 0.013616557734204792 0.004672897196261682 0.02540974726500243
1 0.02222222222222222 0.0 1.0 0.0 0.021738506363618387 0.022233314557646596 0.011728395061728396 0.001246105919003115 0.08544948346706087
0 0.020833333333333332 0.0 1.0 0.0 0.04032278153686759 0.03178689141740332 0.008487654320987654 0.0 0.044164772848997315
0 0.006896551724137932 0.0 1.0 0.0 0.01216918804152101 0.0 0.005108556832694763 0.0 0.002893561526536185
0 0.05555555555555555 0.0 1.0 0.0 0.04332552758699123 0.038878505071388354 0.022875816993464054 0.01575456053067993 0.05555555555555555
0 0.03571428571428571 0.0 1.0 0.0 0.038673264280827686 0.047419543184906696 0.02415966386554622 0.0031982942430703624 0.056075791941436484
0 0.018518518518518517 0.0 1.0 0.0 0.057436267614250025 0.01692138000826943 0.027777777777777776 0.0 0.025464053811927366
0 0.013888888888888888 0.0 1.0 0.0 0.02364481564684404 0.01652135832564564 0.014705882352941176 0.001658374792703151 0.04662657495882305
0 0.04 0.0 1.0 0.0 0.01741249479345776 0.00985310433472728 0.014172185430463573 0.0038538205980066433 0.04000000000000001
0 0.025 0.0 1.0 0.0 0.016732112388145187 0.006434373262170437 0.01490066225165563 0.003654485049833887 0.0460886088201735
0 0.041666666666666664 0.0 1.0 0.0 0.020499315589147103 0.025529348878936528 0.01283112582781457 0.0049833887043189366 0.03772834046604673
0 0.008333333333333333 0.0 1.0 0.0 0.01048395027789718 0.006049820502537114 0.009492273730684326 0.0031007751937984483 0.03502500920335108
0 0.015384615384615385 0.0 1.0 0.0 0.012125759792198203 0.0035908705927107185 0.011971472236372897 0.0010222335803731152 0.043920251570918806
0 0.006944444444444444 0.0 1.0 0.0 0.009607170257220066 0.009181437204374138 0.009795805739514349 0.0009689922480620155 0.02843255687518471
0 0.005494505494505494 0.0 1.0 0.0 0.007686216869404945 0.005215227265518255 0.012353540499235864 0.0005111167901865576 0.021020819992440657
0 0.005434782608695652 0.0 1.0 0.0 0.004958659899726647 0.003930316200100714 0.012813129858911606 0.0002888920988010978 0.00040860092485822035
0 0.006172839506172839 0.0 1.0 0.0 0.021266401576918385 0.013893065614469517 0.011405445180279618 0.00036913990402362494 0.045789231840646254
0 0.008333333333333333 0.0 1.0 0.0 0.006579845257640737 0.011299659075289554 0.0027593818984547464 0.0 0.001506557347070825
0 0.002932551319648094 0.0 1.0 0.0 0.011077109301924036 0.00963954819663569 0.009506515701773124 0.0012860357946629516 0.031302318490002035
0 0.005208333333333333 0.0 1.0 0.0 0.014171503053912207 0.007376965555692094 0.017591059602649006 0.0016611295681063121 0.04708298294980155
0 0.004048582995951417 0.0 1.0 0.0 0.016366395411241692 0.009559761730574374 0.011502265597769257 0.0019234131841230986 0.0416758354645134
1 0.003105590062111801 0.0 1.0 0.0 0.00830219608446221 0.009084796897056196 0.01122948459545062 0.0008666762964032933 0.03895092581993306
1 0.0047619047619047615 0.0 1.0 0.0 0.010277335439434954 0.0068538384199569235 0.010879848628192999 0.00047460844803037496 0.05841488803196626
0 0.04 0.0 1.0 0.0 0.009400957142181192 0.003747875902658022 0.009230769230769232 0.0027548209366391185 0.04
0 0.03125 0.0 1.0 0.0 0.012955995049784471 0.008198478537064423 0.01150412087912088 0.0027548209366391185 0.048531545126469705
0 0.01111111111111111 0.0 1.0 0.0 0.005730495801463939 0.003747875902658022 0.011080586080586078 0.0027548209366391185 0.027946256178014717
0 0.010869565217391304 0.0 1.0 0.0 0.005486121489310938 0.005537246254898825 0.009077878643096034 0.002874595759971254 0.008535867016016767
0 0.009090909090909092 0.0 1.0 0.0 0.005737775677151641 0.010585939346995416 0.01073926073926074 0.001252191334835963 0.005979431476341938
0 0.008771929824561403 0.0 1.0 0.0 0.010955215058341098 0.005152421911079505 0.013302486986697512 0.0008699434536755111 0.040938130818483985
0 0.007936507936507936 0.0 1.0 0.0 0.010770905050791937 0.009369689756645054 0.010073260073260072 0.0 0.044086662640822394
0 0.009615384615384616 0.0 1.0 0.0 0.01029677142572016 0.008648944390749282 0.013313609467455622 0.0 0.004741587943392649
0 0.004115226337448559 0.0 1.0 0.0 0.004590457920060951 0.006246459837763369 0.009768009768009766 0.00040812162024283236 0.030756040132508943
0 0.005555555555555556 0.0 1.0 0.0 0.0019524265777208713 0.0031232299188816855 0.010836385836385836 0.00030609121518212427 0.007197477586548696
0 0.006493506493506494 0.0 1.0 0.0 0.004994718159654283 0.010708216864737205 0.008241758241758242 0.0007870916961826053 0.0013382901856456182
0 0.003333333333333333 0.0 1.0 0.0 0.005382488587280082 0.0022487255415948133 0.004615384615384615 0.00022038567493112948 0.03459229620491709
0 0.005128205128205128 0.0 1.0 0.0 0.003919826438635197 0.004997167870210696 0.007326007326007326 0.0 0.004273131227191125
0 0.01020408163265306 0.0 1.0 0.0 0.0038040684934146293 0.0 0.008241758241758242 0.0 0.0023555340306728356
0 0.0031746031746031746 0.0 1.0 0.0 0.013735539952102634 0.013385271080921508 0.004971219256933542 0.0002623638987275351 0.027605667660714955
0 0.004166666666666667 0.0 1.0 0.0 0.004044984445768129 0.009994335740421393 0.006959706959706961 0.0007346189164370982 0.0006883869219983114
0 0.00980392156862745 0.0 1.0 0.0 0.0 0.009369689756645056 0.009615384615384614 0.0009182736455463728 0.00636328090605045
0 0.0019157088122605363 0.0 1.0 0.0 0.008251357817896954 0.0 0.007010231148162183 0.0 0.02595704914111793
0 0.002506265664160401 0.0 1.0 0.0 0.004310714528510766 0.0 0.013212977498691785 0.0 0.0007154889961644955
1 0.02857142857142857 0.0 1.0 0.0 0.006343767135100842 0.004081521087043356 0.010684606252473288 0.0019021200713295022 0.02857142857142857
0 0.022727272727272728 0.0 1.0 0.0 0.001157039227170853 0.0025730909456528725 0.014605892722236212 0.0014500063043752362 0.004880499869471464
0 0.013888888888888888 0.0 1.0 0.0 0.003129221695613492 0.004990073056724441 0.005828716528162511 0.001618122977346278 0.0026160463166625247
0 0.017857142857142856 0.0 1.0 0.0 0.007244043426482767 0.004194437159108348 0.010585674713098538 0.0013869625520110953 0.059941897630405465
0 0.006060606060606061 0.0 1.0 0.0 0.0029393789701750643 0.0021365796313259524 0.009569377990430623 0.0014710208884966163 0.0002581234428200249
0 0.008333333333333333 0.0 1.0 0.0 0.003372794597594299 0.004093226649971053 0.011980609418282547 0.0017337031900138693 0.0016264578274498853
1 0.023809523809523808 0.0 1.0 0.0 0.00520410770914886 0.0047173334003636 0.0030009233610341648 0.001155802126675913 0.01109184065387635
0 0.0078125 0.0 1.0 0.0 0.002941730417480823 0.005405471649196487 0.00432825484764543 0.0014736477115117887 0.006626988430854942
0 0.0021367521367521365 0.0 1.0 0.0 0.00552787203612941 0.004167097003981706 0.00926912422757298 0.0008801877733916566 0.01586925545573325
0 0.0018181818181818182 0.0 1.0 0.0 0.007367004207895936 0.005833279145211885 0.010022664316293124 0.0008826125330979697 0.011945913459231816
0 0.0033670033670033673 0.0 1.0 0.0 0.00812856539422386 0.00435627755541801 0.010003077870113881 0.000719165767709457 0.02109374662284285
0 0.005952380952380952 0.0 1.0 0.0 0.0066592569492009285 0.002336249484981532 0.01691729323308271 0.0007925500297206262 0.05796399855008892
0 0.002849002849002849 0.0 1.0 0.0 0.004369662714544756 0.002446024726114459 0.008002462296091105 0.0 0.030194209488397506
0 0.0017421602787456446 0.0 1.0 0.0 0.005638341957591869 0.0039055024685720283 0.012532936963718664 0.0008118805182503973 0.021898337146004455
0 0.0022988505747126436 0.0 1.0 0.0 0.0020044136919214147 0.0026280818995676743 0.008931130002865604 0.0003826103591754747 0.00029772280060636315
0 0.0016025641025641025 0.0 1.0 0.0 0.0037240431720729147 0.0044086697906729035 0.010867249094395907 0.0004267577083111064 0.020567097110767124
0 0.000980392156862745 0.0 1.0 0.0 0.0023685177776787843 0.0026731555935393726 0.011011080332409967 0.00023116042533518263 0.0027701500822727696
0 0.009259259259259259 0.0 1.0 0.0 0.003967645426383572 0.003144888933575733 0.012696214219759928 0.0 0.005128288048059279
0 0.004784688995215311 0.0 1.0 0.0 0.009268226562043645 0.003533036095008646 0.01133215814656258 0.0006304375236414072 0.07984266713756927
0 0.002380952380952381 0.0 1.0 0.0 0.0018991846001970543 0.004043428628883085 0.006727344677483182 0.0002641833432402087 0.0024592147192352776
0 0.0020703933747412005 0.0 1.0 0.0 0.006956023330610119 0.004261439987529865 0.013308442731542814 0.0004824217572212507 0.03373353854322439
0 0.004545454545454545 0.0 1.0 0.0 0.0015654022761294427 0.0047173334003636 0.004570637119113574 0.0 0.008659828319371048
0 0.001976284584980237 0.0 1.0 0.0 0.0007969802577683015 0.002144242454710727 0.006232686980609418 0.0 0.0024162340356283143
0 0.0010964912280701754 0.0 1.0 0.0 0.0036288575594053815 0.001737964936976063 0.010934538562472666 0.0005109862033725089 0.02147021285374696
0 0.0014814814814814814 0.0 1.0 0.0 0.0071338307654844986 0.0018117424942449428 0.0073355904380835125 0.0004109518672625469 0.03128083407664734
0 0.002403846153846154 0.0 1.0 0.0 0.0012245186630912943 0.0008188199066651309 0.007531163434903048 0.00017337031900138697 0.0043077548867344
0 0.005291005291005291 0.0 1.0 0.0 0.0023035808984674983 0.0 0.012861100118717847 0.0003962750148603131 0.005223174726186152
0 0.0013227513227513227 0.0 1.0 0.0 0.0014808142759602818 0.0 0.007848568790397047 0.0 0.014051390312896258
1 0.02564102564102564 0.0 1.0 0.0 0.008806709035014694 0.0038386626815994284 0.011006289308176105 0.0015741833923652111 0.02564102564102564
0 0.015625 0.0 1.0 0.0 0.008129239961420207 0.006025839658140082 0.008475825471698116 0.0014757969303423853 0.02925012456701949
0 0.008547008547008546 0.0 1.0 0.0 0.0016464851177316543 0.001941456341692625 0.012880986937590714 0.0018163654527290896 0.003364294239615029
0 0.008333333333333333 0.0 1.0 0.0 0.004934693893816766 0.0036441921962721154 0.011713836477987424 0.0013380558835104294 0.010692249290515784
0 0.009523809523809525 0.0 1.0 0.0 0.007862514596279898 0.004589235799173088 0.0052223719676549865 0.0011806375442739079 0.03819589936244182
0 0.006172839506172839 0.0 1.0 0.0 0.0038027514889613988 0.002792647887965518 0.008167365478686236 0.0012680921771830865 0.0032156928908101284
0 0.008928571428571428 0.0 1.0 0.0 0.004193623531266897 0.0030116859932073398 0.008402122641509434 0.0013282172373081463 0.004706660752511943
0 0.009615384615384616 0.0 1.0 0.0 0.00989760869273481 0.0024711269687855094 0.012336719883889695 0.0011806375442739076 0.06208200849312717
0 0.008547008547008546 0.0 1.0 0.0 0.002414515357652784 0.0012355634843927547 0.007982583454281567 0.0003632730905458178 0.0027391796652617225
0 0.005 0.0 1.0 0.0 0.007724956098466415 0.0018780843706780008 0.012382075471698114 0.00047225501770956313 0.03970667323975207
0 0.006993006993006993 0.0 1.0 0.0 0.00381013135549117 0.0044269279465843055 0.008798984034833092 0.0005449096358187268 0.020283512192395443
0 0.005555555555555555 0.0 1.0 0.0 0.008443981947570327 0.002821295181453748 0.010062893081761006 0.0003935458480913026 0.05410900894573993
0 0.004273504273504274 0.0 1.0 0.0 0.001189586197032082 0.002677054216184302 0.004389412997903564 0.0 0.0027988864313128435
0 0.005952380952380952 0.0 1.0 0.0 0.011110205010660438 0.003116961950686304 0.0069772012578616345 0.00029515938606847696 0.06697761071439338
0 0.00196078431372549 0.0 1.0 0.0 0.0023187192996095866 0.0031099129175562756 0.008948390677025532 0.0006250434057920689 0.006791671192073432
0 0.00390625 0.0 1.0 0.0 0.008554101069598868 0.005782929167682348 0.010318396226415097 0.0007378984651711924 0.05027742624039259
0 0.0053475935828877 0.0 1.0 0.0 0.013861671178083223 0.005110739867260941 0.006217838765008576 0.00021466137168616505 0.08011465011130746
0 0.0027777777777777775 0.0 1.0 0.0 0.002968174701028283 0.0020077906621382264 0.012264150943396229 0.0 0.012203538795081832
0 0.001697792869269949 0.0 1.0 0.0 0.006521562517617955 0.003649362583366053 0.01152617163724894 0.0004951060669535743 0.02638462895825951
0 0.002173913043478261 0.0 1.0 0.0 0.004588998618886454 0.003136003071076621 0.013074241181296143 0.00046198860428109444 0.015958664373181657
0 0.004329004329004329 0.0 1.0 0.0 0.010362732287056182 0.003305044326688135 0.013614922813036019 0.0004293227433723301 0.07352386466515576
0 0.0021645021645021645 0.0 1.0 0.0 0.0023881594423557657 0.001912181582988787 0.010893980233602876 0.00044976668353291727 0.016106039775962037
0 0.002898550724637681 0.0 1.0 0.0 0.006891819766745247 0.001750473494980027 0.010141509433962267 0.0006296733569460842 0.05427413730444319
0 0.005952380952380952 0.0 1.0 0.0 0.0007419978926088174 0.0034419268493798166 0.00960242587601078 0.00033732501264968796 0.01372348342793705
0 0.0026666666666666666 0.0 1.0 0.0 0.0019607551501167734 0.0014227478740753224 0.011477987421383647 0.0002361275088547816 0.00965743479924777
0 0.0020242914979757085 0.0 1.0 0.0 0.010335533057646343 0.005687774387982828 0.012537239324726912 0.000683526999316473 0.04506463150569038
0 0.005291005291005291 0.0 1.0 0.0 0.011679712034006548 0.0034419268493798166 0.007075471698113208 0.0 0.026521749768052227
0 0.00510204081632653 0.0 1.0 0.0 0.01044768051002959 0.010516055514671682 0.013645552560646899 0.0013493000505987519 0.05136390390140331
0 0.0022988505747126436 0.0 1.0 0.0 0.009402238970750099 0.005354108432368603 0.006603773584905661 0.0002361275088547816 0.05290814454694529
0 0.0022222222222222222 0.0 1.0 0.0 0.011073708996174481 0.006206701962821876 0.008411949685534591 0.0005509641873278238 0.05257615800851958
0 0.002150537634408602 0.0 1.0 0.0 0.00872246799483999 0.0054179360763053465 0.006132075471698113 0.0003148366784730421 0.05363771037584712
0 0.003472222222222222 0.0 1.0 0.0 0.004954703517099965 0.0026770542161843017 0.013626834381551363 0.0005247277974550702 0.003279055495045887
0 0.0017825311942959003 0.0 1.0 0.0 0.0075969909953090406 0.0014172639968034538 0.011376248612652608 0.00041669560386137927 0.047141334529916944
0 0.001176470588235294 0.0 1.0 0.0 0.006930052528900063 0.003429946532195098 0.006933962264150944 0.0004250295159386069 0.03134364612970739
0 0.0013605442176870747 0.0 1.0 0.0 0.004264008961412222 0.004284738109725491 0.010444743935309975 0.0010681958733906784 0.0009486016538371
0 0.001633986928104575 0.0 1.0 0.0 0.009659158821604542 0.0018896853290712719 0.011792452830188678 0.00034724633655114936 0.046930580212513825
0 0.0045045045045045045 0.0 1.0 0.0 0.0017254694738329612 0.0013385271080921508 0.00845125786163522 0.0 0.015336343220218991
0 0.0009398496240601503 0.0 1.0 0.0 0.006225341986079394 0.001049013598560098 0.009054919137466307 0.0003794906392308989 0.028378962983143734
0 0.0015082956259426846 0.0 1.0 0.0 0.00255430236165168 0.000730583630249319 0.008254716981132075 0.00020834780193068963 0.0019919669014805213
0 0.002777777777777778 0.0 1.0 0.0 0.0007096567612951284 0.0 0.003930817610062893 0.0 0.010802216418139927
0 0.003048780487804878 0.0 1.0 0.0 0.0027440189889069684 0.0 0.006780660377358491 0.0 0.006681173225014558
0 0.0023809523809523807 0.0 1.0 0.0 0.0011850756444763215 0.0 0.00919811320754717 0.0 0.004994443573307102
0 0.0021141649048625794 0.0 1.0 0.0 0.011699418450153693 0.001129083792203493 0.005360205831903945 0.0003219920575292476 0.07304936645827693
0 0.0014204545454545455 0.0 1.0 0.0 0.003079833305930236 0.0007762451071399015 0.011129127358490568 0.0009592680047225501 0.0013423295459790217
0 0.0024691358024691358 0.0 1.0 0.0 0.012022837001470341 0.0 0.00759958071278826 0.0006559097468188378 0.090653690269117
0 0.0018115942028985507 0.0 1.0 0.0 0.0018096421815787418 0.0 0.011301100628930819 0.00029515938606847696 0.0029160917596400926
0 0.0011198208286674132 0.0 1.0 0.0 0.011266883537088223 0.0 0.007261668321747766 0.00043497172683775554 0.04754974097466099
0 0.0013888888888888887 0.0 1.0 0.0 0.008682556551053933 0.0 0.011556603773584908 0.0 0.05453999872706787
0 0.0022675736961451243 0.0 1.0 0.0 0.01378628131704562 0.002965290419429247 0.006420335429769392 0.0005247277974550702 0.08984927580708338
0 0.022727272727272728 0.0 1.0 0.0 0.01635930943343802 0.016253434966355586 0.018219908583037077 0.004838298955946015 0.022727272727272728
0 0.019230769230769232 0.0 1.0 0.0 0.017335835294672915 0.012439678545969918 0.011280618822518265 0.003663003663003662 0.04259060111930895
0 0.015873015873015872 0.0 1.0 0.0 0.005890079393244259 0.00662546486124965 0.014232508645916467 0.002400960384153661 0.024717452821440382
0 0.007352941176470588 0.0 1.0 0.0 0.010916828104941451 0.011504065635563642 0.015198816956950375 0.002636348657109902 0.028078806402136294
0 0.015384615384615385 0.0 1.0 0.0 0.005387062126973838 0.011725739734237121 0.008165019338203695 0.0008618832148243913 0.01810327922257412
0 0.007575757575757575 0.0 1.0 0.0 0.011816726400374112 0.00929578631026569 0.016886744540375823 0.0025464731347084285 0.04484618205102774
0 0.012987012987012986 0.0 1.0 0.0 0.009980453118096137 0.005196634654945997 0.007364144235652615 0.0 0.07466832291160162
0 0.004629629629629629 0.0 1.0 0.0 0.015878296612132303 0.013111585349667502 0.016656321125594866 0.00248988484282602 0.02655049959183536
0 0.0065359477124183 0.0 1.0 0.0 0.015362135891278612 0.01716071070777546 0.014952349654945777 0.0028011204481792717 0.02479313157262123
0 0.006666666666666667 0.0 1.0 0.0 0.00631854297465882 0.005422336631798338 0.01452513966480447 0.0014939309056956117 0.011488413329774811
0 0.005050505050505051 0.0 1.0 0.0 0.011938607183722104 0.012987203667892092 0.012880198634388579 0.0026455026455026454 0.03508301260468116
0 0.009259259259259259 0.0 1.0 0.0 0.0 0.002117147452015036 0.006207324643078833 0.0 0.008958622186957976
0 0.004807692307692308 0.0 1.0 0.0 0.020638280067390696 0.007554197986739494 0.016585195530726255 0.0024509803921568627 0.06859631197560492
0 0.0021645021645021645 0.0 1.0 0.0 0.012641963376470772 0.007795521275685566 0.014389707127137292 0.0012732365673542142 0.024674779211207365
0 0.001282051282051282 0.0 1.0 0.0 0.010137946890484754 0.005650560088030173 0.013644177051998283 0.001562163326869209 0.02123928936685173
0 0.023255813953488372 0.0 1.0 0.0 0.01135808548260605 0.01244851757434437 0.012572931218670392 0.004535708395183905 0.023255813953488372
0 0.011627906976744186 0.0 1.0 0.0 0.0061219436506479395 0.0104475105441742 0.015038211849782237 0.003958436417615042 0.009936661897180208
0 0.011494252873563218 0.0 1.0 0.0 0.007709585740659827 0.0049907518439650115 0.015109053247227977 0.0004891171435558817 0.039559764550652146
0 0.006756756756756757 0.0 1.0 0.0 0.01064461946018843 0.026627561916997198 0.013943271893801928 0.004792026068621812 0.009001913529462464
0 0.007407407407407408 0.0 1.0 0.0 0.009996490642823787 0.015717167982348016 0.01635911529904463 0.0013133701076963487 0.03842998612311397
0 0.005952380952380952 0.0 1.0 0.0 0.004205837631220664 0.005168992981249476 0.01918223119636547 0.0006332320162107395 0.009516487377533512
0 0.0047619047619047615 0.0 1.0 0.0 0.013871693401762357 0.016885377072081615 0.004946996466431096 0.0 0.03430246269553552
0 0.004166666666666667 0.0 1.0 0.0 0.007793465950689303 0.0 0.011307420494699648 0.0 0.03477265446351331
0 0.006944444444444444 0.0 1.0 0.0 0.0050577401351158 0.003015245905728861 0.018330388692579504 0.0011081560283687942 0.0010339230755609405
0 0.03225806451612903 0.0 1.0 0.0 0.014606411761875517 0.01192775871224655 0.012607599339187899 0.003661726242371404 0.03225806451612903
0 0.022727272727272728 0.0 1.0 0.0 0.010314277762591825 0.010041182578492552 0.011026709139916688 0.003562653562653563 0.014617943292538266
1 0.014492753623188404 0.0 1.0 0.0 0.019763600182038685 0.0070311702125498135 0.008203445447087777 0.002702702702702703 0.03980131823953061
0 0.011363636363636364 0.0 1.0 0.0 0.022976118065176833 0.00835675032349424 0.012741975006125951 0.0007371007371007372 0.029031860580610438
0 0.009090909090909092 0.0 1.0 0.0 0.024261976463245603 0.005975235207715254 0.017030139671649104 0.0012285012285012285 0.029084144620556508
0 0.008333333333333333 0.0 1.0 0.0 0.01393457801687092 0.01087204916622804 0.015633423180592996 0.002027027027027027 0.04523140467637828
0 0.011904761904761904 0.0 1.0 0.0 0.003973946445262359 0.0015320708926406107 0.015723270440251572 0.0013513513513513514 0.001454545322306074
0 0.0078125 0.0 1.0 0.0 0.014146558513044045 0.008043372186363206 0.011287061994609165 0.0011824324324324325 0.05720905580129588
0 0.007936507936507936 0.0 1.0 0.0 0.0031868263318021645 0.006566018111316903 0.008663842895648826 0.0003861003861003861 0.0009414045048559483
0 0.004166666666666667 0.0 1.0 0.0 0.008244003117664088 0.00995846080216397 0.010220125786163523 0.0013513513513513514 0.003933278298288114
0 0.003952569169960474 0.0 1.0 0.0 0.013690290403723685 0.006137997185576595 0.016289698816360016 0.0008225616921269096 0.039366716200165845
0 0.0027777777777777775 0.0 1.0 0.0 0.014726381958881084 0.008382767984612856 0.013117699910152741 0.0007207207207207207 0.03032616864024064
0 0.00591715976331361 0.0 1.0 0.0 0.02025474998213008 0.007620683055423326 0.0215633423180593 0.0016632016632016633 0.07056938266066921
0 0.003105590062111801 0.0 1.0 0.0 0.00478305446673107 0.007504707937706633 0.009844134536505332 0.0009400705052878967 0.011505785524641876
0 0.0044444444444444444 0.0 1.0 0.0 0.02234722192823769 0.01512761105265532 0.015633423180592992 0.0030630630630630634 0.05918210184769805
0 0.002976190476190476 0.0 1.0 0.0 0.004020170799442768 0.006936220022864802 0.012321909896033887 0.0016731016731016731 0.00106310032156046
0 0.003095975232198142 0.0 1.0 0.0 0.014208863391016083 0.0016244647893756698 0.01177471981841396 0.0011379800853485065 0.04770133405967417
0 0.0026455026455026454 0.0 1.0 0.0 0.0118782911684475 0.009835986462775104 0.010653317930945963 0.002702702702702703 0.014178430354932077
0 0.05263157894736842 0.0 1.0 0.0 0.018253332390977463 0.023075498509382574 0.014012303485987698 0.006879944960440318 0.05263157894736842
1 0.05 0.0 1.0 0.0 0.011103930790486912 0.004446009649231576 0.011688311688311689 0.00588235294117647 0.0005107418714661035
0 0.016666666666666666 0.0 1.0 0.0 0.017538602706787813 0.006669014473847365 0.013311688311688313 0.004248366013071896 0.04613496027342142
0 0.0125 0.0 1.0 0.0 0.014462526648693732 0.004446009649231576 0.018831168831168834 0.0 0.03753769966271334
0 0.010526315789473684 0.0 1.0 0.0 0.012154138066211252 0.0046800101570858696 0.014354066985645935 0.0 0.00022700922776677362
0 0.00641025641025641 0.0 1.0 0.0 0.015285084804795126 0.02401071059127661 0.014985014985014988 0.0020110608345902466 0.03973222119176611
0 0.006493506493506493 0.0 1.0 0.0 0.009786090796185375 0.016325182542501634 0.011511216056670603 0.0011883541295306002 0.011945512788320319
0 0.006944444444444444 0.0 1.0 0.0 0.01593736143634375 0.022230048246157878 0.014790764790764792 0.0 0.04442825564464157
0 0.03571428571428571 0.0 1.0 0.0 0.010578513237917605 0.005757168442693408 0.009105491602189094 0.001464474678760393 0.03571428571428571
0 0.03125 0.0 1.0 0.0 0.008386716216058554 0.006203460931537951 0.004458388375165125 0.0014054232804232803 0.0006432053054464199
0 0.007575757575757575 0.0 1.0 0.045454545454545456 0.008641132745448669 0.005145744088142788 0.011348624954965775 0.0018939393939393938 0.008174399617632609
0 0.008064516129032258 0.0 1.0 0.0 0.006748188771940562 0.004517627032400603 0.011889035667106999 0.0017494452978323945 0.017635672526896438
0 0.0044444444444444444 0.0 1.0 0.0 0.00456780272433325 0.004320478620213703 0.010685454278585058 0.0017048794826572604 0.01448478297569958
0 0.009259259259259259 0.0 1.0 0.0 0.006349531202449241 0.003816341201619345 0.011889035667107003 0.0016166960611405056 0.01706605991614974
0 0.003401360544217687 0.0 1.0 0.0 0.004586385834930791 0.003408807685020955 0.009026860413914576 0.0004094230284706475 0.003781776803615975
0 0.003676470588235294 0.0 1.0 0.0 0.003051552901755407 0.0029703790266363676 0.00870308493278421 0.00015561780267662619 0.00013239530032005333
0 0.004830917874396135 0.0 1.0 0.0 0.001484007924966648 0.00391601971109929 0.008557808282120499 0.00046008741660915573 0.0005312036303148612
0 0.002272727272727273 0.0 1.0 0.0 0.006306906252604614 0.004160750548896807 0.012849765822024739 0.0006914381914381914 0.01628534138444613
0 0.002840909090909091 0.0 1.0 0.0 0.006406450276360628 0.004296308945807057 0.012755944517833556 0.0007027116402116402 0.02663774136760649
0 0.0027777777777777775 0.0 1.0 0.0 0.006856799930734001 0.005903686790161118 0.012241303390576837 0.0011904761904761904 0.014675064578267887
0 0.0032051282051282055 0.0 1.0 0.0 0.006232599044390876 0.004530026857262815 0.01640246587406429 0.0011574074074074073 0.010056846128561643
0 0.00510204081632653 0.0 1.0 0.0 0.0016795891626568051 0.0032135273825228223 0.013870541611624836 0.00047241118669690094 0.0011231856733434995
0 0.0015151515151515152 0.0 1.0 0.0 0.006687743505640392 0.004282367874989288 0.01366038189023658 0.0012626262626262625 0.009258375872258197
0 0.001388888888888889 0.0 1.0 0.0 0.0070253402881396785 0.0066092990373660945 0.010479964773227653 0.0010288065843621398 0.0085317184372741
0 0.0011098779134295228 0.0 1.0 0.0 0.00470890803059917 0.004477990704236704 0.008773460282645001 0.00047419387042028547 0.010405147573377906
0 0.0016835016835016834 0.0 1.0 0.0 0.005046680828609846 0.0010383569296624122 0.008606540971138067 0.00036075036075036075 0.01798176501034021
0 0.0017543859649122805 0.0 1.0 0.0 0.007634893362954293 0.0015441944910729618 0.012637604579480407 0.00030864197530864197 0.0027147101939278767
0 0.0025 0.0 1.0 0.0 0.00248441208028338 0.0006091494955010703 0.008784676354029063 0.000529100529100529 0.0011531672940944262
0 0.0026455026455026454 0.0 1.0 0.1111111111111111 0.002034971344438488 0.0006768327727789669 0.006678408924115661 0.0004409171075837742 0.0012692022418970656
0 0.0030303030303030303 0.0 1.0 0.0 0.010603042337750317 0.0007936172258078068 0.014795244385733156 0.0008818342151675485 0.03810555676585609
0 0.0036231884057971015 0.0 1.0 0.0 0.009362824967924198 0.006021812074284628 0.010898282694848084 0.0012125220458553791 0.027091024598636826
0 0.003472222222222222 0.0 1.0 0.0 0.002044690802028989 0.0 0.003412593571114047 0.0004409171075837742 0.003555054326753688
0 0.0023529411764705885 0.0 1.0 0.0 0.0037516166662843204 0.0010749696979430652 0.005050897505633693 0.0002334267040149393 0.0011055918138568105
0 0.002403846153846154 0.0 1.0 0.0 0.0014592849727853908 0.0 0.006770145310435931 0.00016534391534391533 0.002721208251308852
0 0.0021786492374727667 0.0 1.0 0.0 0.0003670023484065953 0.0 0.00831455435542777 0.0006224712107065047 0.0012404107893328566
0 0.03333333333333333 0.0 1.0 0.0 0.020874193265393012 0.017790040837382413 0.014628297362110314 0.008212560386473432 0.03333333333333334
0 0.013513513513513514 0.0 1.0 0.0 0.024567847254790748 0.021025155018356882 0.017499513902391604 0.003329416372894633 0.014810396408916501
0 0.015873015873015872 0.0 1.0 0.0 0.01859722405975554 0.016430905225421042 0.016786570743405275 0.0 0.030773343463937574
0 0.011904761904761904 0.0 1.0 0.0 0.028038579308021477 0.024477060765513044 0.016101404590613225 0.0027605244996549345 0.02947953427211551
0 0.008695652173913044 0.0 1.0 0.0 0.015831050862451877 0.018159430980297004 0.010947763528307787 0.001260239445494644 0.029333020854862668
0 0.023809523809523808 0.0 1.0 0.0 0.0031255854549134105 0.0 0.020554984583761562 0.003105590062111801 0.0025908390982746486
0 0.058823529411764705 0.0 1.0 0.0 0.020943402110159704 0.010502442931849085 0.01805166511048864 0.006570713391739672 0.05882352941176472
0 0.02 0.0 1.0 0.0 0.00814885324993768 0.009758686355013271 0.01968253968253968 0.006170212765957447 0.013806900180163792
0 0.0303030303030303 0.0 1.0 0.0 0.02185736002199393 0.013373242822014346 0.02068302068302068 0.005802707930367504 0.07640596062741543
0 0.013157894736842105 0.0 1.0 0.0 0.0037285894051825533 0.01333056084638023 0.010303536619326092 0.0008398656215005599 0.00030840335283599963
0 0.004651162790697674 0.0 1.0 0.0 0.007621694028791841 0.009987170194313638 0.013535129814199577 0.0006185056902523503 0.010202212149003253
0 0.007575757575757575 0.0 1.0 0.0 0.02180533492057752 0.013216313557240346 0.015873015873015872 0.00120889748549323 0.02897242825429786
0 0.00510204081632653 0.0 1.0 0.0 0.012214722942391535 0.014214730698436063 0.00982615268329554 0.00037993920972644377 0.025955897347257364
0 0.005208333333333333 0.0 1.0 0.0 0.01794632857796558 0.015327995502760415 0.01146384479717813 0.0004432624113475177 0.02577158312990126
0 0.02702702702702703 0.0 1.0 0.0 0.00814269869396676 0.004896014946692945 0.011943761943761946 0.0014692315577271337 0.02702702702702703
0 0.010638297872340425 0.0 1.0 0.0 0.00352067203353013 0.0038410166003481445 0.010880077369439071 0.001802189525782068 0.016549422960037235
0 0.00980392156862745 0.0 1.0 0.0 0.001791612861184359 0.006118353959211246 0.007130124777183603 0.0017104186807466357 0.0014924369822601324
0 0.019230769230769232 0.0 1.0 0.0 0.0008905903630007701 0.0033280846881199267 0.012626262626262626 0.0018477098123115825 0.004158299658344957
0 0.010526315789473684 0.0 1.0 0.0 0.006556372658544361 0.005806454666746133 0.010566188197767144 0.0014638365826069605 0.02626165176388148
0 0.00641025641025641 0.0 1.0 0.0 0.006393706045605114 0.003016263886323793 0.011072261072261076 0.0015559661577360696 0.028482921869676388
0 0.004201680672268907 0.0 1.0 0.0 0.0037286860429961524 0.002632671433030062 0.010955139631610218 0.0010783074291663575 0.017820602950126534
0 0.004464285714285714 0.0 1.0 0.0 0.01063325047092123 0.0038531336720593703 0.013663419913419914 0.0006772620552645837 0.02036778516036505
0 0.007936507936507936 0.0 1.0 0.0 0.0008116539809398025 0.0017176169341568577 0.007936507936507938 0.00036120642947444465 0.0064082741803110094
0 0.002564102564102564 0.0 1.0 0.0 0.00442882474759212 0.004474621588227843 0.011881636881636879 0.0007779830788680347 0.009846901905583655
0 0.003952569169960474 0.0 1.0 0.0 0.004779625027655451 0.004775981701459543 0.010649978041282388 0.0004946957621063047 0.028325835120282677
0 0.0037878787878787876 0.0 1.0 0.0 0.0024001734251881176 0.004716413300914846 0.010273186409550045 0.00034478795540742444 0.000558441023215824
0 0.004524886877828055 0.0 1.0 0.0 0.003410408515269057 0.005690507636094272 0.011809269162210338 0.00022309808879303932 0.001261565170788097
0 0.0047619047619047615 0.0 1.0 0.0 0.009650847641228914 0.006872931728887004 0.008754208754208754 0.0008428150021070374 0.04387917419089263
0 0.0047619047619047615 0.0 1.0 0.0 0.0040555513101045906 0.003948432639078883 0.00946969696969697 0.00018060321473722233 0.016857182642484408
0 0.004464285714285714 0.0 1.0 0.0 0.005192392349481558 0.003968911081088143 0.010732323232323234 0.0008127144663175004 0.03292754552472791
0 0.001680672268907563 0.0 1.0 0.0 0.0052722967027769175 0.005458109777376216 0.011688311688311687 0.0007946541448437782 0.021879013834262384
1 0.0012919896640826872 0.0 1.0 0.0 0.005610570802571305 0.0031927835435395973 0.016737138830162084 0.0007350130832328816 0.02042534976520911
0 0.0017543859649122805 0.0 1.0 0.0 0.009315956811888581 0.005274873320510116 0.01207912457912458 0.0008428150021070375 0.02985261061030484
0 0.0014705882352941176 0.0 1.0 0.0 0.0019810187255803534 0.0025293354515223882 0.008986928104575164 0.0004090131627872388 0.0005384671310734656
0 0.0047619047619047615 0.0 1.0 0.0 0.00048063920325382825 0.0 0.011237373737373737 0.0011378002528445006 0.01511307476214839
0 0.002066115702479339 0.0 1.0 0.0 0.0025144098943149814 0.003719323618648861 0.007174012855831038 0.00034478795540742444 0.007073199132221499
0 0.001278772378516624 0.0 1.0 0.0 0.0044987861749942945 0.004217481784817826 0.009878193701723116 0.0006692942663791181 0.013068525935713046
0 0.0016025641025641025 0.0 1.0 0.0 0.005793688650986297 0.0021775530665063786 0.012723387723387722 0.0006807351940095302 0.02598839597226215
0 0.0022222222222222222 0.0 1.0 0.0 0.0021091258955777373 0.0 0.007716049382716048 0.0005618766680713583 0.004350325851231435
0 0.0013736263736263737 0.0 1.0 0.0 0.0052853308477664035 0.0 0.006538600288600289 0.0 0.026937284946595814
0 0.0030864197530864196 0.0 1.0 0.0 0.009130223677123264 0.0012018083595988626 0.006734006734006735 0.00021070375052675939 0.054976362583108423
0 0.005952380952380952 0.0 1.0 0.0 0.004227164749177008 0.0 0.0012626262626262627 0.0 0.013025247357273333
0 0.0017241379310344827 0.0 1.0 0.0 0.010486647115279106 0.0006139677135611881 0.011994949494949492 0.00031605562579013904 0.045517909311114026
0 0.0022222222222222222 0.0 1.0 0.0 0.005123212772437207 0.002293264142713632 0.012626262626262628 0.000337126000842815 0.030062167532064064
0 0.0013440860215053762 0.0 1.0 0.0 0.00913631348522152 0.0019993892759927597 0.011521464646464646 0.0006847871892119679 0.03554101606997972
0 0.0014204545454545455 0.0 1.0 0.0 0.004653020384107118 0.0009830425392746407 0.009699265381083563 0.0006321112515802782 0.015307134985307265
0 0.0017825311942959003 0.0 1.0 0.0 0.001047627445435003 0.0 0.008095662507427213 0.0005205622071837585 0.004836232908811517
0 0.058823529411764705 0.0 1.0 0.0 0.022591991589871675 0.014022902171131413 0.010749477455957002 0.005402160864345739 0.058823529411764705
0 0.017241379310344827 0.0 1.0 0.0 0.015297050768613436 0.008943638136547919 0.012777875021879923 0.005102040816326534 0.017271163072602878
0 0.009009009009009009 0.0 1.0 0.0 0.018327200179276124 0.013132036222633807 0.013170530937028396 0.000827357970215113 0.018476946100122654
0 0.011904761904761904 0.0 1.0 0.0 0.015587425938993645 0.009916027351784708 0.015470147449842878 0.0009718172983479105 0.02842806386729642
0 0.0071428571428571435 0.0 1.0 0.0 0.006085215018332126 0.009916027351784708 0.012690355329949237 0.0007288629737609329 0.006726648181494957
0 0.010416666666666666 0.0 1.0 0.0 0.01686358287859307 0.009702951172884387 0.0092005076142132 0.0006377551020408163 0.02878129678562504
0 0.009523809523809523 0.0 1.0 0.0 0.011325444862844786 0.018509917723331454 0.005076142131979696 0.0 0.00012197414525881113
0 0.015625 0.0 1.0 0.0 0.022945777822566626 0.00433826196640581 0.011421319796954316 0.0 0.07204394714370423
0 0.004273504273504273 0.0 1.0 0.0 0.02666076039512262 0.015623851934046881 0.01679031628270207 0.003924646781789639 0.016856054881402165
0 0.058823529411764705 0.0 1.0 0.11764705882352941 0.038285818081527395 0.01194450353524901 0.01488095238095238 0.0031606672519754173 0.058823529411764705
0 0.022727272727272728 0.0 1.0 0.0 0.02797364854442856 0.012027388460587747 0.007575757575757577 0.002985074626865673 0.033940092777758286
0 0.018518518518518517 0.0 1.0 0.0 0.027403764423684997 0.013003293753735247 0.012731481481481479 0.0031509121061359872 0.05129627900604658
0 0.017857142857142856 0.0 1.0 0.0 0.019339978950437996 0.014504040007088085 0.006164965986394558 0.002985074626865672 0.036005801042822846
0 0.008 0.0 1.0 0.0 0.003024453846560532 0.008181539534625751 0.011666666666666665 0.0013134328358208956 0.00010115154752259567
0 0.023809523809523808 0.0 1.0 0.0 0.02313739715416432 0.005801616002835234 0.02593537414965986 0.0021321961620469087 0.07441892193572161
0 0.008928571428571428 0.0 1.0 0.0 0.03425819537746024 0.01396013850682228 0.010416666666666666 0.00037313432835820896 0.035027192814046294
0 0.004310344827586207 0.0 1.0 0.0 0.01899712969972727 0.011262344864445963 0.013854679802955665 0.0010293360782295418 0.02933530077017233
0 0.007936507936507936 0.0 1.0 0.0 0.014230497660457414 0.011603232005670467 0.008078231292517007 0.0 4.437351243250453e-05
1 0.005263157894736842 0.0 1.0 0.0 0.03952393003398284 0.018168218535194545 0.016447368421052627 0.002356637863315004 0.026210657529710867
0 0.011363636363636364 0.0 1.0 0.0 0.0 0.0 0.013392857142857144 0.001865671641791045 0.002296684623449705
0 0.0027777777777777775 0.0 1.0 0.0 0.025984941535102692 0.0020668484978667505 0.014583333333333332 0.0003980099502487562 0.026216681788300347
0 0.004048582995951417 0.0 1.0 0.0 0.023918091846890217 0.0021374374747287705 0.015977443609022556 0.0006284367635506677 0.045523413148678894
0 0.00510204081632653 0.0 1.0 0.0 0.014943513904922292 0.004351212002126425 0.014880952380952382 0.0006396588486140725 3.5905993374007756e-05
0 0.004166666666666667 0.0 1.0 0.0 0.007301456361769298 0.001361724017270871 0.01283482142857143 0.0009328358208955225 0.00012019531244663078
0 0.002976190476190476 0.0 1.0 0.0 0.0009640582147568467 0.0 0.01473922902494331 0.0009950248756218905 0.0001426848018388643
0 0.003676470588235294 0.0 1.0 0.0 0.023502623061682035 0.0 0.009114583333333332 0.00037313432835820896 0.02287708949991453
0 0.005555555555555555 0.0 1.0 0.0 0.031161110924865888 0.002178758427633394 0.013988095238095239 0.001492537313432836 0.0575335936766436
0 0.004784688995215311 0.0 1.0 0.0 0.0465984465022039 0.023124085779741618 0.015422077922077922 0.003527815468113976 0.05711445446609567
0 0.005 0.0 1.0 0.0 0.023554711461340395 0.008122262403969327 0.011309523809523808 0.0011940298507462687 0.0716195679092966
0 0.03125 0.0 1.0 0.0 0.011627669546987874 0.010933404330726417 0.013297872340425539 0.003110189573459714 0.03125000000000001
0 0.017857142857142856 0.0 1.0 0.0 0.0065001134354161225 0.005037602200497163 0.011482607227288081 0.0024542992552471212 0.027097045260324203
0 0.011904761904761904 0.0 1.0 0.0 0.0052660646284222274 0.0074058142873432405 0.010131712259371832 0.0027928232904536206 0.013388368109268137
0 0.019230769230769232 0.0 1.0 0.0 0.007786245608097526 0.011159597679533142 0.005091834879068922 0.002551950419248998 0.012553943418647026
0 0.008333333333333333 0.0 1.0 0.0 0.006399850457757685 0.0069407468190824315 0.012608353033884953 0.001184834123222749 0.026682428645952827
0 0.0026455026455026454 0.0 1.0 0.0 0.009513019672723546 0.012165062159674347 0.017824308604450452 0.0007898894154818325 0.010328457212686958
0 0.004608294930875576 0.0 1.0 0.0 0.00711414461142848 0.0036370744317970566 0.01357431556470678 0.000687968200580951 0.015944724179958767
0 0.00390625 0.0 1.0 0.0 0.0018337750848511601 0.0032034567774353686 0.01226359338061466 0.0008886255924170617 0.0037519919490707427
0 0.001949317738791423 0.0 1.0 0.0 0.009624091422798681 0.008581150504226028 0.0167143627389988 0.0012056206867880601 0.010814813726736565
0 0.005555555555555556 0.0 1.0 0.0 0.01499160576661953 0.005525454979249844 0.01103230890464933 0.001184834123222749 0.048896448050199194
0 0.001893939393939394 0.0 1.0 0.0 0.004211403040478762 0.0024837836269052025 0.008865248226950357 0.0012342022116903634 0.01504442371119477
0 0.0017006802721088435 0.0 1.0 0.0 0.002922004179482433 0.0 0.010807159743329959 9.672115291614277e-05 0.012349228624557819
1 0.029411764705882353 0.0 1.0 0.0 0.016788940677983175 0.006263070428234793 0.013034759358288765 0.0024118987002545882 0.029411764705882353
0 0.041666666666666664 0.0 1.0 0.0 0.0155250454486565 0.008229381004012803 0.013636363636363636 0.0024677296886864084 0.07713077668761702
0 0.01111111111111111 0.0 1.0 0.0 0.010263290807685689 0.007737442616596471 0.016212121212121212 0.00334092634776006 0.033872199466191556
0 0.03571428571428571 0.0 1.0 0.0 0.02430898366020113 0.007806932388034183 0.019155844155844155 0.0026033192320208264 0.12798441081954223
0 0.018181818181818184 0.0 1.0 0.0 0.02334674245594703 0.008451929712144516 0.012603305785123968 0.002070822116380203 0.061716147239356346
0 0.0045045045045045045 0.0 1.0 0.0 0.01042081161108832 0.00548992551502067 0.018120393120393118 0.002216339346179893 0.015379257631589132
0 0.0047619047619047615 0.0 1.0 0.0 0.008794088187331675 0.007878153487625196 0.008257575757575759 0.0005315110098709187 0.04083058826958133
0 0.005681818181818182 0.0 1.0 0.0 0.010650617474016806 0.0073232823136879155 0.01570247933884297 0.0011389521640091113 0.0561797687278573
0 0.0038314176245210726 0.0 1.0 0.0 0.005320820494531088 0.005919201129724017 0.017554858934169276 0.00188516220249784 0.0013898015755433144
0 0.006666666666666667 0.0 1.0 0.0 0.013632723684999397 0.0020660272629686592 0.009242424242424243 0.0 0.06322657309274413
0 0.003787878787878788 0.0 1.0 0.0 0.014965002036385795 0.009644097860187571 0.013920454545454541 0.001233864844343204 0.04864808824967407
0 0.005555555555555555 0.0 1.0 0.0 0.012158398514359809 0.011065251919596652 0.010454545454545456 0.0006074411541381928 0.04723326516576132
0 0.003076923076923077 0.0 1.0 0.0 0.0038325327435982438 0.004758262736151095 0.012636363636363633 0.0004555808656036446 0.0001836927444929056
0 0.001519756838905775 0.0 1.0 0.0425531914893617 0.005791915573744412 0.006363049629148736 0.014168278529980654 0.0016478456840982893 0.0023544110621933237
0 0.009523809523809523 0.0 1.0 0.0 0.013746307636405997 0.010352993569568933 0.008116883116883118 0.0013016596160104132 0.0015217759532783314
0 0.002976190476190476 0.0 1.0 0.0 0.011123758095240866 0.0060463080536475545 0.014177489177489174 0.0015186028853454822 0.043728296958142523
0 0.0029411764705882353 0.0 1.0 0.0 0.008921971202625752 0.0 0.012727272727272726 0.0012528473804100228 0.012747623007418949
0 0.0024154589371980675 0.0 1.0 0.0 0.003546386753821979 0.0028719227055651235 0.01442687747035573 0.0009903931860948795 0.0033167005978671565
0 0.001697792869269949 0.0 1.0 0.0 0.007594715861940505 0.0 0.014442815249266864 0.001469615695495628 0.039758379814914965
0 0.043478260869565216 0.0 1.0 0.0 0.01149180302212055 0.008038627084943158 0.006148440931049626 0.0028618602091359385 0.043478260869565216
0 0.029411764705882353 0.0 1.0 0.0 0.009631065184514466 0.014968578224377327 0.010992275698158051 0.004169769173492182 0.03839307366517674
0 0.027777777777777776 0.0 1.0 0.0 0.002579199576958779 0.004305313141344501 0.008838383838383838 0.002531645569620253 0.0006095446424210643
0 0.0078125 0.0 1.0 0.0 0.005256115917283552 0.011198718150201637 0.007260101010101011 0.002848101265822785 0.00500633129166884
0 0.009523809523809525 0.0 1.0 0.0 0.008954352155055014 0.0070454993222306365 0.008537758537758539 0.0024110910186859553 0.030246833539065703
0 0.018518518518518517 0.0 1.0 0.0 0.004438473084314816 0.007653890029056891 0.0101010101010101 0.0 0.010461753360031124
0 0.007518796992481203 0.0 1.0 0.0 0.0083138017957205 0.0045319085698363164 0.008904837852206271 0.00039973351099267156 0.0334325935994584
0 0.005952380952380952 0.0 1.0 0.0 0.006606026410149008 0.008979376589719706 0.00853775853775854 0.0014466546112115732 0.014916727849959103
0 0.0031746031746031746 0.0 1.0 0.0 0.003566006218533514 0.005069479052334777 0.013636363636363636 0.0007956600361663654 0.018716728286381195
0 0.002564102564102564 0.0 1.0 0.0 0.0026261078232554446 0.007818735234435752 0.013727013727013727 0.0009737098344693282 0.00041049634070839796
0 0.003952569169960474 0.0 1.0 0.0 0.005961836079847937 0.01265674424530568 0.010540184453227932 0.002531645569620253 0.030493628311044133
0 0.003472222222222222 0.0 1.0 0.0 0.004324475699288282 0.01210903393604231 0.011363636363636366 0.0013713080168776372 0.0036016183367421806
0 0.003663003663003663 0.0 1.0 0.0 0.005930843953041424 0.010131004553169816 0.008417508417508417 0.0007233273056057867 0.00019791763104011674
0 0.0026455026455026454 0.0 1.0 0.0 0.004359773170264275 0.0019134725072642229 0.009259259259259259 0.0004688232536333802 0.014724434688375265
0 0.006666666666666666 0.0 1.0 0.0 0.001090274776145533 0.0 0.003787878787878788 0.0 0.001151250131050289
0 0.004166666666666667 0.0 1.0 0.0 0.004722636898747451 0.006631637115067502 0.006565656565656566 0.0015189873417721519 0.04837745389941783
0 0.00267379679144385 0.0 1.0 0.0 0.004484853510558183 0.00289708134427903 0.006772268135904499 0.000805523590333717 0.0065973451332738044
0 0.0021367521367521365 0.0 1.0 0.0 0.005831124251208634 0.0008252084529430913 0.011266511266511266 0.0004868549172346641 0.02524647707991793
0 0.034482758620689655 0.0 1.0 0.0 0.010961262584603665 0.0038720501058270014 0.009434442070999898 0.0011197353352843875 0.03448275862068965
1 0.011111111111111112 0.0 1.0 0.0 0.007459432396558243 0.004214132306206575 0.012684365781710913 0.001426814268142681 0.020795205934544956
0 0.01075268817204301 0.0 1.0 0.0 0.003954302573676933 0.002174928806573531 0.009206394518983729 0.0010236876562314012 0.009625348035872708
0 0.008620689655172414 0.0 1.0 0.0 0.00481262583427076 0.002456562102727852 0.007934086054317975 0.0009924926835475254 0.009244684017916244
0 0.008333333333333333 0.0 1.0 0.0 0.0074882701013183235 0.0021279399531770465 0.010170845624385446 0.000830258302583026 0.03686863275144414
0 0.006944444444444444 0.0 1.0 0.0 0.013699272615571892 0.004257701715768118 0.009587020648967551 0.0012915129151291516 0.0279293640344022
0 0.009523809523809523 0.0 1.0 0.0 0.0008267703912869948 0.0 0.011209439528023597 0.0006888068880688808 0.001483647912044986
0 0.008928571428571428 0.0 1.0 0.0 0.0005371317221204195 0.0007171739339298167 0.006689844079224611 0.0007380073800738009 0.004841832951118683
0 0.004830917874396135 0.0 1.0 0.0 0.008760945450283206 0.001964432949459933 0.012568936770552777 0.0008342692122573402 0.03884490215983526
0 0.005263157894736842 0.0 1.0 0.0 0.009886862445456376 0.001088386454438282 0.009004812917248873 0.0008156923674499905 0.04727024638204971
0 0.006493506493506494 0.0 1.0 0.0 0.0012636387403664043 0.002496101790080474 0.011219974715549934 0.001265155508697944 0.001658528320113674
0 0.003623188405797101 0.0 1.0 0.0 0.007771844972047674 0.005071092987644655 0.007086058740541233 0.001155141986202471 0.03876473468247481
0 0.003344481605351171 0.0 1.0 0.0 0.0014736178202747988 0.0020290497332197104 0.006925740669488262 0.0011230547088079581 0.0071740340566080595
0 0.0026455026455026454 0.0 1.0 0.0 0.012134837777909167 0.005400633680658137 0.010215229979241779 0.0013120131201312013 0.03537961299385869
0 0.002777777777777778 0.0 1.0 0.0 0.0023144324314703078 0.002719284499483889 0.008296460176991148 0.00018450184501845018 0.006895465529110829
0 0.002232142857142857 0.0 1.0 0.0 0.007554255109174163 0.002755256187355187 0.012536873156342184 0.000632577754348972 0.030841293818132293
0 0.004524886877828054 0.0 1.0 0.0 0.014322004783447832 0.005804521287606035 0.014181983208531883 0.0006812375816065853 0.06138602968532887
0 0.002525252525252525 0.0 1.0 0.0 0.010291386853259256 0.004324413485977234 0.007408152319656743 0.0004025494800402549 0.041065483522136986
0 0.001594896331738437 0.0 1.0 0.0 0.006499828456896981 0.0032257750938303052 0.008536694377402341 0.00035782176003578217 0.02612334226842789
0 0.00625 0.0 1.0 0.0 0.019461778423876048 0.002213164504467624 0.012905604719764013 0.00018450184501845018 0.10985354514390454
0 0.001221001221001221 0.0 1.0 0.0 0.008222320117654159 0.003066813307748394 0.012858331442402239 0.0007380073800738007 0.024077862185111362
0 0.0012285012285012285 0.0 1.0 0.0 0.006379700551578271 0.0030341943469959698 0.011759547157777248 0.0005584920714072006 0.024079897970507715
0 0.0033444816053511705 0.0 1.0 0.0 0.013162201682988019 0.0025784580622159503 0.009076469253460404 0.00011353959693443088 0.06966575080577374
0 0.0016666666666666666 0.0 1.0 0.0 0.0066615253796143935 0.003349914212842705 0.01112094395280236 0.0006494464944649446 0.03413187153323953
0 0.0023529411764705885 0.0 1.0 0.0 0.002897578632783518 0.0014163524834166124 0.005986465382613222 0.0001736487953114825 0.001776764986419342
0 0.0010121457489878543 0.0 1.0 0.0 0.00843672581018244 0.003316462209870578 0.01265331470268592 0.0008739561079821326 0.023340249609487152
0 0.0026455026455026454 0.0 1.0 0.0 0.011139729553449147 0.0035991077532521775 0.014591234723978086 0.0005271481286241434 0.06116582576678892
0 0.0013736263736263735 0.0 1.0 0.0 0.00626288234087709 0.00370692542021975 0.008452461992285 0.0005960828839057622 0.03370963014296248
0 0.0010141987829614604 0.0 1.0 0.0 0.007866025297321664 0.0030833901092596643 0.007136040256810687 0.00019535489472541782 0.027470688619008622
0 0.00196078431372549 0.0 1.0 0.0 0.00540152751619128 0.0018763756973560993 0.004554919312857887 8.682439765574126e-05 0.015013264064340821
0 0.0032258064516129032 0.0 1.0 0.0 0.017557428826450717 0.005564651902446262 0.008259587020648967 0.0006642066420664207 0.08809292047369428
0 0.0006510416666666666 0.0 1.0 0.0 0.0037254239692306925 0.0025885570205702512 0.01104658308751229 0.0007841328413284134 0.003988336315678939
0 0.0017825311942959003 0.0 1.0 0.0 0.004952663378502624 0.004061161948487554 0.0045549193128578865 0.00043412198827870625 0.013868518434523733
0 0.001547987616099071 0.0 1.0 0.0 0.011326527752479523 0.003154657641991424 0.009315323707498838 0.0007380073800738008 0.04524557716928973
0 0.002857142857142857 0.0 1.0 0.0 0.01672479395627001 0.003309533182363867 0.008185840707964603 0.00014760147601476013 0.08885622777623907
0 0.0012626262626262625 0.0 1.0 0.0 0.006776074506925234 0.003754910365772564 0.01240278895146152 0.0008721905400872191 0.037525352444550276
0 0.000819000819000819 0.0 1.0 0.0 0.006164651489269509 0.004161301670992021 0.006592473406632699 0.00044727720004472774 0.0247111795151076
0 0.0013850415512465374 0.0 1.0 0.0 0.009355904780353764 0.005244930626705317 0.008927185219686384 0.0008156923674499903 0.04599437048156872
0 0.001221001221001221 0.0 1.0 0.0 0.0063442694988327785 0.001195289889883028 0.00649669897457508 0.0 0.03964724346688919
0 0.003125 0.0 1.0 0.0 0.015222539599038874 0.003190651724926289 0.014841445427728615 0.0006457564575645757 0.10435474102193751
0 0.001876172607879925 0.0 1.0 0.0 0.0017207895570668054 0.0020062231599763114 0.008112094395280238 0.0005676979846721543 0.0038211151890600106
0 0.0047619047619047615 0.0 1.0 0.2 0.0 0.0 0.0 0.0 0.032699829648187774
0 0.0010570824524312897 0.0 1.0 0.0 0.008977148001429404 0.004054034662707361 0.00935237329042639 0.00046964106004696406 0.040390450920616834
0 0.0011961722488038277 0.0 1.0 0.0 0.0026408410711468754 0.0016990142232220229 0.01016922838068623 0.0007380073800738008 0.0004832087888083316
0 0.0008547008547008547 0.0 1.0 0.0 0.00631829436093263 0.000769836048979346 0.007658270932607214 0.00034061879080329264 0.03171472754467968
0 0.0008695652173913043 0.0 1.0 0.0 0.008257671249384181 0.0009358420413736777 0.006312684365781711 0.00023616236162361622 0.037053761529753294
0 0.00031756113051762465 0.0 1.0 0.0 0.004792918242682823 0.0007674150684599477 0.0076938317263241345 0.00031943603018119737 0.012862120160133628
0 0.0005630630630630631 0.0 1.0 0.0 0.01298479827897997 0.0022042793069845575 0.013254404847325202 0.0005385459259998006 0.018353643583553705
0 0.0008503401360544217 0.0 1.0 0.0 0.006505709886051053 0.0009374168706057453 0.007220993117010817 0.0002460024600246002 0.035473106424203975
0 0.0010526315789473684 0.0 1.0 0.0 0.008896047191119055 0.0012851543250786677 0.008383791336748953 0.0005437949116333268 0.04660544095371871
0 0.000980392156862745 0.0 1.0 0.0 0.0026184530935890456 0.0010055498541630074 0.010213864306784661 0.00018450184501845018 0.008218644798542996
0 0.0013736263736263737 0.0 1.0 0.0 0.0012021989134651334 0.0 0.004003371260008428 0.00010542962572482868 0.002974002115604668
0 0.0023584905660377358 0.0 1.0 0.0 0.01502208383200429 0.0011522151569305493 0.009402654867256638 0.00046125461254612545 0.10465800848109816
0 0.0008417508417508417 0.0 1.0 0.0 0.005495257937588051 0.0013719174449992042 0.010994904800214537 0.0005702784300570278 0.01368600308979475
0 0.001652892561983471 0.0 1.0 0.0 0.0041071194645856575 0.0011037712523762058 0.010525610083132207 0.0008050989600805099 0.014891818654681234
0 0.00041528239202657803 0.0 1.0 0.0 0.006397989270558331 0.0020312399206214833 0.007237428826233106 0.0005663777568008238 0.019539154854374855
0 0.0012531328320802004 0.0 1.0 0.0 0.012001515028093409 0.0010830347935132754 0.0036873156342182895 0.00021085925144965736 0.060816801590577514
0 0.0009074410163339383 0.0 1.0 0.0 0.008328800249228127 0.000291930264175637 0.006908865083061638 7.768498737618955e-05 0.043381462715298635
0 0.001303780964797914 0.0 1.0 0.0 0.010468124593971888 0.00042666730917977714 0.00941683685046517 0.00011353959693443088 0.0637502762157652
0 0.024390243902439025 0.0 1.0 0.0 0.010317499738740502 0.010903078604812893 0.010372862349313146 0.003584733253672592 0.02439024390243903
0 0.017857142857142856 0.0 1.0 0.0 0.0076744717556897395 0.007521140893563156 0.009441707717569787 0.003190613421160972 0.02601654502232659
0 0.027777777777777776 0.0 1.0 0.0 0.012566578357548715 0.01057474649491212 0.012691570881226055 0.002881844380403458 0.06354752462375836
0 0.020833333333333332 0.0 1.0 0.0 0.019658216462723557 0.021205141939956748 0.013170498084291186 0.0052833813640730054 0.06738334984947522
0 0.022222222222222223 0.0 1.0 0.0 0.006548524073551827 0.012008442772042324 0.010855683269476371 0.002561639449247518 0.029436001684657796
0 0.013888888888888888 0.0 1.0 0.0 0.01632741473620083 0.013647239124698932 0.011015325670498085 0.001921229586935639 0.06842055895401226
0 0.0038610038610038607 0.0 1.0 0.0 0.00707954360086659 0.009336602196053879 0.01032929481205343 0.0009346522314822028 0.018984937595154083
0 0.003676470588235294 0.0 1.0 0.0 0.005129296033963549 0.0060807956061941625 0.007352941176470587 0.0004238006441769791 0.021442206404943133
0 0.009259259259259259 0.0 1.0 0.0 0.013836693977198089 0.011014847710990004 0.011733716475095787 0.0016810758885686839 0.06251485024695103
0 0.005 0.0 1.0 0.0 0.0030258170978111824 0.004900860780493019 0.009482758620689655 0.0 0.0027797587702893664
0 0.002932551319648094 0.0 1.0 0.0 0.009212838965838103 0.010966969930652508 0.011772339636633296 0.0006507390536394905 0.02323339893736322
0 0.0023809523809523807 0.0 1.0 0.0 0.013307388366597723 0.009773419504767362 0.015353037766830866 0.001399752984767394 0.02151838218595213
0 0.00591715976331361 0.0 1.0 0.0 0.003093501243019878 0.0 0.006631299734748009 0.0 0.008506061537617323
0 0.003401360544217687 0.0 1.0 0.0 0.00817527325525024 0.0035557961358632364 0.013136288998357962 0.0009606147934678194 0.010543457039534052
0 0.002150537634408602 0.0 1.0 0.0 0.009030526439937517 0.0007379718172851342 0.010567296996662959 0.0001859254438969973 0.02417884136807899
0 0.02702702702702703 0.0 1.0 0.0 0.009595348416713907 0.009406948640380112 0.016700662927078024 0.0055078775457922365 0.02702702702702703
0 0.021739130434782608 0.0 1.0 0.0 0.012170747169147664 0.01232954018314422 0.015996718621821164 0.005769627034823819 0.03166245088177092
0 0.011904761904761904 0.0 1.0 0.0 0.010033547529181147 0.01151387062174054 0.009097035040431268 0.0 0.02170935364383153
0 0.006756756756756757 0.0 1.0 0.0 0.0047048155480997975 0.005484945920029902 0.013386027536970931 0.001537082105802485 0.01139376756863549
0 0.010526315789473684 0.0 1.0 0.0 0.010774731396014467 0.011877466536111296 0.007696127110228401 0.0004988775255674732 0.0405286956769749
0 0.00641025641025641 0.0 1.0 0.0 0.003530641292211402 0.006199776488629522 0.00925253991291727 0.001275975209624499 0.01756707571459876
0 0.006211180124223602 0.0 1.0 0.0 0.00386027940188864 0.011213508779434266 0.008613617719442164 0.000618174325159695 0.00031545515466122054
0 0.006578947368421052 0.0 1.0 0.0 0.007308257843932251 0.01018068560238111 0.011916583912611719 0.0007483162883512097 0.022670239855388245
0 0.043478260869565216 0.0 1.0 0.08695652173913043 0.008394266714889532 0.004242134162552406 0.0053048947224500955 0.001259445843828716 0.04347826086956523
0 0.02631578947368421 0.0 1.0 0.0 0.014512645952958826 0.006191241291196379 0.008010592519033433 0.001590878960625746 0.0349650198113916
0 0.012345679012345678 0.0 1.0 0.0 0.006280436061148 0.003572040338066599 0.008385744234800837 0.0014926765556488478 0.002168288708566623
0 0.009259259259259259 0.0 1.0 0.0 0.005840544677061343 0.005015385061825751 0.011740041928721174 0.0016792611251049531 8.181537376316632e-05
0 0.02 0.0 1.0 0.0 0.013834350721659894 0.005720344932737273 0.008176100628930818 0.0012594458438287151 0.00020746778158525298
0 0.023809523809523808 0.0 1.0 0.0 0.007528812975320137 0.008567247812751021 0.004672057502246182 0.0016192875134940627 0.0006791130830715697
0 0.023809523809523808 0.0 1.0 0.0 0.0008187795856971577 0.0 0.006079664570230608 0.0012594458438287151 0.0038958719224763357
0 0.007352941176470588 0.0 1.0 0.0 0.0035472372488441033 0.0032672282936853925 0.008657047724750276 0.001407615943102682 0.00020235383523756515
0 0.0030864197530864196 0.0 1.0 0.0 0.004709035548253752 0.0035211876255508245 0.00681341719077568 0.0013643996641477748 6.185734040397893e-05
0 0.005263157894736842 0.0 1.0 0.0 0.005736356910435465 0.004556009360632939 0.006752730883813307 0.00185602545406337 0.04482728707647389
0 0.0036363636363636364 0.0 1.0 0.0 0.006026869961138367 0.007666418812969429 0.004528301886792452 0.0011586901763224185 0.0052089331777714675
0 0.0043859649122807015 0.0 1.0 0.0 0.0023170546831269103 0.004509077796184748 0.005296259516716319 0.0 0.0003328535904241355
0 0.002331002331002331 0.0 1.0 0.0 0.0070058744757880926 0.0065961032866336065 0.007280350676577091 0.0004579803068468056 0.0020338849347292668
0 0.00510204081632653 0.0 1.0 0.0 0.0025837745738436324 0.00498323288944668 0.0052111410601976636 0.0006297229219143577 0.00047109763990171123
0 0.0019047619047619048 0.0 1.0 0.0 0.0054187001483507365 0.004941317003835988 0.006612758310871518 0.0003238575026988126 0.023053585577932287
0 0.0025 0.0 1.0 0.0 0.0018093694269865385 0.0042402684234209296 0.007547169811320754 0.0005037783375314861 0.00024370544228359659
0 0.0017301038062283738 0.0 1.0 0.0 0.006537692488723551 0.0030029433977722354 0.009581945985941545 0.0002592976737294414 0.01752892328902747
0 0.005555555555555555 0.0 1.0 0.0 0.0060603806960162045 0.0074486286307605745 0.0033962264150943396 0.0003778337531486146 0.025051509124024558
0 0.0021929824561403508 0.0 1.0 0.0 0.008054316225441371 0.007481906723523272 0.008071278825995806 0.0004722921914357683 0.03438786799242082
0 0.003125 0.0 1.0 0.0 0.006942040879210862 0.0042836239063755105 0.005817610062893081 0.0 0.053424793492346676
0 0.0011614401858304297 0.0 1.0 0.0 0.002963751942748459 0.0018380309181298428 0.004878048780487805 0.00018430914787737299 0.020625859204228124
0 0.006493506493506494 0.0 1.0 0.0 0.0 0.0024477850893574347 0.002875112309074573 0.0 0.0039080430458600995
0 0.004830917874396135 0.0 1.0 0.0 0.013850559369302769 0.006275423260709543 0.006289308176100629 0.000279876854184159 0.09346885018542758
0 0.0020833333333333333 0.0 1.0 0.0 0.004423273159647567 0.006545321603794197 0.007987421383647799 0.0009445843828715364 0.011337642781673032
0 0.0016 0.0 1.0 0.0 0.00597064500056479 0.0005457028113052312 0.005333333333333333 0.00020151133501259446 0.033762466597946926
0 0.0013262599469496023 0.0 1.0 0.0 0.00893010154049939 0.0020679563685950743 0.007937540663630447 0.00039086250325718756 0.02535327956138242
0 0.0021786492374727667 0.0 1.0 0.0 0.006280875475089495 0.0027684720243342465 0.007029226785053643 0.0005185953474588827 0.000206874394431097
0 0.0014285714285714286 0.0 1.0 0.0 0.00876753475697433 0.0014116125576581144 0.008955974842767295 0.0005037783375314861 0.03367855838659674
0 0.001379310344827586 0.0 1.0 0.0 0.006339780448262279 0.0010771608555399368 0.010867924528301886 0.000654911838790932 0.03399655580666863
0 0.00101010101010101 0.0 1.0 0.0 0.009435911375433818 0.0031232684747478363 0.009910425004764627 0.001144950767117014 0.02322799069634557
0 0.0012903225806451613 0.0 1.0 0.0 0.004491253417610625 0.0008267924273497099 0.009559748427672954 0.0006045340050377833 0.00338865896176156
0 0.0009191176470588235 0.0 1.0 0.0 0.007495034457801442 0.0015380937235594638 0.007362190159082501 0.00048155282264039114 0.019457190919398164
0 0.00101010101010101 0.0 1.0 0.0 0.005951880722901285 0.002291849290010169 0.006666666666666666 0.0006297229219143577 0.02608725457413167
0 0.0014005602240896359 0.0 1.0 0.0 0.009024806203245734 0.001465574567053944 0.011320754716981131 0.0007796569509415857 0.033723972347414054
0 0.001020408163265306 0.0 1.0 0.0 0.007604766489138369 0.0014748654161470022 0.008131176999101526 0.00040482187837351567 0.026923843564279876
0 0.038461538461538464 0.0 1.0 0.0 0.008652377462955784 0.0030461159497521175 0.012746405809989623 0.00207900207900208 0.03846153846153847
0 0.017857142857142856 0.0 1.0 0.0 0.010951492372466745 0.005096989834025854 0.008808147536471234 0.0022062879205736363 0.030566334678184193
0 0.020833333333333332 0.0 1.0 0.0 0.0010517170649034626 0.0030399717580404254 0.013969171483622351 0.002413127413127413 0.0008692164109904929
0 0.014705882352941176 0.0 1.0 0.0 0.003017918452919698 0.0030898908759138363 0.013600816048962936 0.0022711787417669773 0.0023737701807564184
0 0.008695652173913044 0.0 1.0 0.0 0.00723142226342077 0.003996706676453766 0.009550138225684847 0.00226624139667618 0.03736325073398685
0 0.018518518518518517 0.0 1.0 0.0 0.015091525158670634 0.0034852640940826385 0.021836865767501608 0.002574002574002574 0.09527711129464679
0 0.005494505494505494 0.0 1.0 0.0 0.009843080266303114 0.0025253915812757316 0.013042833852082408 0.0018562518562518571 0.03601003448559519
0 0.006578947368421052 0.0 1.0 0.0 0.007590773251804203 0.005983578573468079 0.012270560795051212 0.0003048160942897785 0.01554131152768074
0 0.012345679012345678 0.0 1.0 0.0 0.002554141835408207 0.002918230271696401 0.009633911368015412 0.0 0.0042484065401319675
0 0.003448275862068966 0.0 1.0 0.0 0.01028592759230216 0.00618441979341595 0.00976679290412597 0.0003328451604313673 0.031408492449304846
0 0.004545454545454545 0.0 1.0 0.0 0.010257999754428409 0.005399945773232459 0.013969171483622348 0.0005791505791505792 0.047225299434618576
0 0.003333333333333333 0.0 1.0 0.0 0.008603728368451507 0.005645982988674064 0.01048169556840077 0.0003861003861003861 0.03326290479936967
0 0.0013986013986013986 0.0 1.0 0.0 0.007209907244465629 0.004400590351248986 0.011700823261516904 0.0002808002808002808 0.010824352124354578
0 0.008928571428571428 0.0 1.0 0.0 0.005720038691047847 0.006566018111316903 0.0052986512524084775 0.0 0.006451681029208625
0 0.002150537634408602 0.0 1.0 0.0 0.010004671949949997 0.005677557910751861 0.009944682702467521 0.0004981940465811433 0.019463753993342502
0 0.002232142857142857 0.0 1.0 0.0 0.006930272499459824 0.0029403578353346784 0.01142306633636113 0.0002757859900717044 0.029570365026460824
0 0.0015898251192368838 0.0 1.0 0.0 0.0025276620599979406 0.005323798468635327 0.008436181846586472 0.00010435145570280705 0.0004911629504244332
0 0.004629629629629629 0.0 1.0 0.0 0.01503649877794882 0.0010943363518861504 0.015414258188824663 0.0 0.0799072946239828
0 0.003508771929824561 0.0 1.0 0.0 0.005338112702534024 0.005252814489053522 0.0061657032755298635 0.0 0.02608384955860946
0 0.0016129032258064516 0.0 1.0 0.0 0.002048423520475391 0.007295883807178754 0.01361178444900242 0.0011209366048075726 0.00020781246421888464
0 0.0021645021645021645 0.0 1.0 0.0 0.008560869649786423 0.00595778085213829 0.00858293921877737 0.000351000351000351 0.038422717247958475
0 0.003246753246753247 0.0 1.0 0.0 0.01073096130656469 0.0 0.006193228736581337 0.0 0.062126157879705934
0 0.006211180124223602 0.0 1.0 0.0 0.005333764071784138 0.0 0.0005505092210294523 0.0 0.006285952283695456
0 0.003472222222222222 0.0 1.0 0.0 0.0038397145451658505 0.0 0.008349389852280025 0.0004826254826254826 0.0011664211540563254
0 0.029411764705882353 0.0 1.0 0.0 0.009587982643536448 0.01575229803225402 0.011349104859335038 0.005946640951462557 0.02941176470588236
0 0.020833333333333332 0.0 1.0 0.0 0.007893099941162884 0.015488148368224751 0.012001811594202898 0.0036429872495446266 0.0002987276465428825
0 0.01111111111111111 0.0 1.0 0.0 0.007232326972427152 0.010203834889881355 0.014855072463768115 0.002185792349726776 0.02413521501042438
0 0.007575757575757576 0.0 1.0 0.0 0.008641191133669117 0.012027156460614306 0.012845849802371542 0.001987083954297069 0.022662587944181408
0 0.006896551724137932 0.0 1.0 0.0 0.009210475068452354 0.015381333551892166 0.00937031484257871 0.0 0.023982690281995133
0 0.01515151515151515 0.0 1.0 0.0 0.016563021431355754 0.006758464742498074 0.011857707509881422 0.0 0.07024039736020499
0 0.006211180124223602 0.0 1.0 0.0 0.0111325285656883 0.008708834758039009 0.011814744801512287 0.000950344499881207 0.031450936054827294