1 0.02702702702702703 0.0 1.0 0.0 0.009837821716684982 0.008425262708961595 0.009986257443884565 0.0038610038610038615 0.027027027027027025
0 0.029411764705882353 0.0 1.0 0.0 0.015668527123327808 0.00680511681004833 0.01036889332003988 0.0032012805122048804 0.051312596070169275
1 0.015873015873015872 0.0 1.0 0.0 0.01323665524609281 0.004597530350356573 0.0064568200161420515 0.0032393909944930343 0.04139440282536274
0 0.010416666666666666 0.0 1.0 0.0 0.012763961685417638 0.010049862818822104 0.01228813559322034 0.0015589569160997733 0.01865931959553668
0 0.025 0.0 1.0 0.0 0.003912219715514937 0.00289217464427054 0.005932203389830509 0.0 0.0021354760066410214
0 0.008333333333333333 0.0 1.0 0.0 0.011119896004405834 0.008471766653164353 0.010169491525423732 0.0006802721088435374 0.03387909104369191
0 0.010989010989010988 0.0 1.0 0.0 0.013823035225335963 0.008898998905447816 0.014080834419817471 0.0010465724751439038 0.05972103984424477
0 0.006944444444444444 0.0 1.0 0.0 0.006157631233753132 0.008320718897357155 0.008851224105461393 0.0011337868480725622 0.008976903699166124
0 0.003968253968253968 0.0 1.0 0.0 0.011437278471015264 0.013360491005546829 0.01295399515738499 0.0018221574344023325 0.024942684008476306
0 0.00625 0.0 1.0 0.0 0.013755310909110459 0.014650861044192123 0.012076271186440678 0.0017006802721088437 0.04142331892172705
0 0.006060606060606061 0.0 1.0 0.0 0.005798588258379904 0.011495525650622332 0.014237288135593221 0.0011337868480725624 0.0004469936294156727
0 0.003205128205128205 0.0 1.0 0.0 0.013913089291728027 0.009437012843635262 0.010299869621903521 0.0018315018315018315 0.031822695549984625
0 0.004273504273504274 0.0 1.0 0.0 0.0185905357266574 0.008204281607216599 0.007909604519774011 0.0017006802721088435 0.04676606323978964
0 0.0035714285714285713 0.0 1.0 0.0 0.01775438574858118 0.015623274234112883 0.011694915254237288 0.0011904761904761904 0.04185308298016094
0 0.0047619047619047615 0.0 1.0 0.0 0.002016144035694456 0.0 0.00847457627118644 0.0 0.0009857552895863003
0 0.02857142857142857 0.0 1.0 0.0 0.005760806640850494 0.001441014771178386 0.010569777043765482 0.0007712082262210793 0.02857142857142857
0 0.027777777777777776 0.0 1.0 0.0 0.0017464890429486684 0.0038926895612420415 0.00845643331192464 0.0007497857754927161 0.007113473451203306
0 0.018518518518518517 0.0 1.0 0.0 0.008717980049243634 0.004222187068130041 0.010026404053379005 0.0010711225364181665 0.05317170446463949
0 0.01 0.0 1.0 0.0 0.002694236615758167 0.0016061380511250267 0.009145793192035965 0.0007197943444730076 0.00474882239183714
0 0.009523809523809525 0.0 1.0 0.0 0.007780035284937 0.004196076573713886 0.010612594427623329 0.0010711225364181663 0.04573311376731265
0 0.00641025641025641 0.0 1.0 0.0 0.002102101385504237 0.0020125840049093763 0.014006224988883948 0.0009145738580185878 0.004358728603443751
0 0.023809523809523808 0.0 1.0 0.0 0.019999123060258743 0.0014572396665219174 0.007707129094412331 0.000535561268209083 0.16019008637938367
0 0.008333333333333333 0.0 1.0 0.0 0.0022869624307007394 0.0020401355331306848 0.01070434596446157 0.0008140531276778062 0.010750334081980175
0 0.012345679012345678 0.0 1.0 0.0 0.015545220015894071 0.0019429862220292232 0.007064868336544635 0.0005712653527563553 0.10843268413722411
0 0.0035714285714285718 0.0 1.0 0.0 0.0016985045288445222 0.0014474624273403843 0.009610973483805853 0.0007574366507528458 0.0015532155366552198
0 0.0027548209366391185 0.0 1.0 0.0 0.005205728865411963 0.0030354480437091427 0.00901111305735583 0.0010321726260029598 0.029326564686175623
0 0.0028735632183908046 0.0 1.0 0.034482758620689655 0.007996391458665549 0.002110485034273122 0.007906451398578165 0.0006205123659250065 0.030687772183768974
0 0.004273504273504274 0.0 1.0 0.05555555555555555 0.0025665587785370083 0.001697808655460319 0.010847070577321058 0.0012496429591545269 0.01007150072256175
0 0.005952380952380952 0.0 1.0 0.0 0.003986034875362403 0.0037989782614854754 0.006154998929565403 0.0006962296486718081 0.009576683159798021
0 0.002777777777777778 0.0 1.0 0.0 0.006350293907985149 0.003200405681177306 0.010864911153928495 0.0007497857754927163 0.03954072259071987
0 0.004807692307692308 0.0 1.0 0.0 0.0021861961334041983 0.0020177164613380395 0.008052961810187245 0.0005932370970931383 0.005526398701831029
0 0.0024509803921568627 0.0 1.0 0.0 0.005044929529371305 0.003089275358581561 0.009981802611860413 0.0005891173950299915 0.00018076676174963492
0 0.002525252525252525 0.0 1.0 0.0 0.003540955963445662 0.002476223705653072 0.009955041746949262 0.00032133676092544985 0.00338787727407389
0 0.002631578947368421 0.0 1.0 0.0 0.009859256365626758 0.002052219297875432 0.007964033397559408 0.00012853470437017994 0.044835530281512374
0 0.004545454545454546 0.0 1.0 0.0 0.011104364583144325 0.004267240425235973 0.014771997430956972 0.0017527459686842717 0.0868841891923558
0 0.002506265664160401 0.0 1.0 0.0 0.006812441744404282 0.003255507104527925 0.008957847412365208 0.0004397239886348261 0.050423777152225444
0 0.004545454545454545 0.0 1.0 0.0 0.00043916874545776266 0.0029189934939546245 0.008542068079640332 0.0002570694087403599 0.016665251165046045
0 0.004347826086956522 0.0 1.0 0.0 0.011856577830872243 0.0026230313997394517 0.007000642260757866 0.00012853470437017994 0.09613125071454942
0 0.0018115942028985505 0.0 1.0 0.0 0.006863635007795762 0.0025015205120861614 0.012175030018709333 0.0007265005029618866 0.04101127989836547
0 0.005714285714285714 0.0 1.0 0.0 0.0026209273086118825 0.0029953800454922573 0.008257638315441783 0.00045905251560778547 0.014068559548436856
0 0.0009615384615384616 0.0 1.0 0.0 0.0038250011391482873 0.0016837091302299375 0.012219010918432879 0.00022493573264781492 0.023719260154964696
0 0.001949317738791423 0.0 1.0 0.0 0.0016492743938251416 0.0025309952102749093 0.008856437819017677 6.764984440535787e-05 0.0014157321830230664
0 0.0007288629737609329 0.0 1.0 0.0 0.006070948051065603 0.002039182467503881 0.01065628563564154 0.0006033261633702323 0.014082975344720267
0 0.002028397565922921 0.0 1.0 0.0 0.0070102313522822845 0.0027786543564164083 0.01363859609354339 0.0009451081203689702 0.05624004127567625
0 0.001851851851851852 0.0 1.0 0.0 0.004414761882544984 0.0026550125084640877 0.012345679012345677 0.0005355612682090831 0.004559276195191304
0 0.0024813895781637717 0.0 1.0 0.0 0.011257765926016045 0.0034377527111690794 0.00909045995751198 0.0006426735218508997 0.07337293700819845
0 0.000946969696969697 0.0 1.0 0.0 0.008671244071062945 0.002860483291869109 0.010723808411669682 0.00025317441769883933 0.0205587649718743
0 0.0033670033670033673 0.0 1.0 0.0 0.014266529497515078 0.0033364974317487773 0.008135302932990795 0.00021422450728363323 0.10678026175090143
0 0.0014005602240896359 0.0 1.0 0.0 0.0027252808684753754 0.0029848255260498187 0.011958283634584212 0.0007344840249724567 0.0021627767189443775
0 0.0017857142857142857 0.0 1.0 0.0 0.0009108793571505376 0.0013661621873642977 0.013286769428387923 0.0006426735218508997 0.0019045867617826884
0 0.0013227513227513227 0.0 1.0 0.0 0.0010571737256276728 0.001507230479076984 0.00954215983117717 0.0004590525156077855 0.0037188893874509684
0 0.0008718395815170009 0.0 1.0 0.0 0.007646254416897371 0.0022651408591206714 0.011394948929910702 0.000228045443237416 0.027992267922649163
0 0.0020242914979757085 0.0 1.0 0.0 0.00500932642291574 0.0027710430046294166 0.009633911368015412 0.0004943642475776152 0.0020653902842335805
0 0.003205128205128205 0.0 1.0 0.0 0.016567096753284605 0.0031570531150828113 0.013888888888888888 0.00032133676092544985 0.11977014612696574
0 0.002272727272727273 0.0 1.0 0.0 0.01673533340201103 0.0035808223868468198 0.010101010101010098 0.0003505491937368544 0.08249285756143981
0 0.0040650406504065045 0.0 1.0 0.0 0.0019462371840325194 0.0023608273437256085 0.010811389424106185 0.0006426735218508997 0.021221716190299666
0 0.003401360544217687 0.0 1.0 0.0 0.0012470162664428748 0.002142542891119884 0.00908340214698596 0.0003672420124862284 0.022486277545071827
0 0.0015503875968992248 0.0 1.0 0.0 0.008958417392327316 0.004733462408470612 0.007878398629843717 0.0009425878320479862 0.0636815375285524
0 0.003787878787878788 0.0 1.0 0.0 0.0018717705525821676 0.0007286198332609587 0.01070434596446157 0.00042844901456726646 0.020704063766527947
0 0.003703703703703704 0.0 1.0 0.0 0.003558797540058535 0.002185859499782876 0.006315564119032326 0.0 0.016744603820771923
0 0.0018115942028985507 0.0 1.0 0.0 0.001684070093435788 0.00048198475474831454 0.004923999143652323 0.0002677806341045415 0.008618987578664944
0 0.0007092198581560283 0.0 1.0 0.06666666666666667 0.009260166527590112 0.002156161677136778 0.008820381074716332 0.00023564695801199656 0.022483287088762894
0 0.0010416666666666667 0.0 1.0 0.0 0.0032954171835225233 0.004312468502445988 0.009216441875401413 0.0008033419023136246 0.001999113509628396
0 0.0008873114463176574 0.0 1.0 0.0 0.001231227463235529 0.001384615868121232 0.009438440702577417 0.0006426735218508997 0.004028297784926377
0 0.0006666666666666666 0.0 1.0 0.0 0.0053997926463844916 0.0022314359835183617 0.008092485549132947 0.0004498714652956298 0.03135275067810026
0 0.0008169934640522876 0.0 1.0 0.0 0.0053481959292807 0.001092929749891438 0.012764932562620422 0.00016066838046272492 0.039772841191290736
0 0.0009157509157509158 0.0 1.0 0.0 0.0025375925744562633 0.0023071150593363225 0.013518059760834325 0.001040519035377647 0.0003416209830395193
0 0.0005390835579514824 0.0 1.0 0.0 0.00863289369314855 0.002643941020234208 0.01014771997430957 0.0007161219243481452 0.019680201432047604
0 0.0011574074074074073 0.0 1.0 0.0 0.0031892350388127767 0.0027863096272304428 0.013005780346820811 0.0013255141388174804 0.0009485888904561717
0 0.0015151515151515152 0.0 1.0 0.0 0.0025761568364648254 0.0021703559144806398 0.014397345322200814 0.0011782347900599827 0.006628500020273385
0 0.0016233766233766233 0.0 1.0 0.0 0.002522612681357883 0.0004235032639607811 0.006130670870555263 0.00023369946249123625 0.007855029192455483
0 0.0012531328320802004 0.0 1.0 0.0 0.00891797163858757 0.0 0.003670061473529682 9.18105031215571e-05 0.06848555782488161
0 0.001326259946949602 0.0 1.0 0.0 0.011137082366157989 0.004124030055573501 0.011017242231115063 0.001235910618944038 0.07365871943414412
0 0.0015408320493066256 0.0 1.0 0.0 0.0016700625616440717 0.0009920816492978433 0.010451334150756116 0.0003505491937368544 0.009602247524625985
0 0.000925925925925926 0.0 1.0 0.0 0.008308554428025094 0.001605914143428659 0.01070434596446157 0.000499857183661811 0.05271268621451369
0 0.0007127583749109052 0.0 1.0 0.0 0.006533040356234963 0.0016411991345975196 0.007902599759850325 0.0004191349055549345 0.04210461286401681
0 0.0007331378299120235 0.0 1.0 0.0 0.007078595563731238 0.0023919911398597293 0.012845215157353885 0.0006718859546623042 0.04306223616707965
0 0.0007215007215007215 0.0 1.0 0.0 0.007337200541255964 0.004041104528747596 0.014304898697962283 0.0015190465061930352 0.04363268125196887
0 0.0026041666666666665 0.0 1.0 0.0 0.004216916177417567 0.00520341984141014 0.01220295439948619 0.001178234790059983 0.012858571872683707
0 0.0010256410256410256 0.0 1.0 0.0 0.008458382000652225 0.00040470893073217437 0.010361806893598802 8.568980291345329e-05 0.06359828462462101
0 0.001893939393939394 0.0 1.0 0.0 0.0034716065412742324 0.0 0.009553628773281952 0.0 0.009773043935640996
0 0.0006218905472636816 0.0 1.0 0.0 0.009903141496221329 0.00097810648174569 0.011507171911796189 0.00040167095115681235 0.028199037892063527
0 0.0007739938080495355 0.0 1.0 0.0 0.012457552641805565 0.003071925910886226 0.014941013419869517 0.0006764984440535787 0.035593599405221464
0 0.0018115942028985507 0.0 1.0 0.0 0.01634386864956379 0.0041942994475128136 0.01123956326268465 0.001205012853470437 0.11982641670025324
0 0.002040816326530612 0.0 1.0 0.0 0.00341316796143092 0.0 0.008624644462794751 0.0002754315093646713 0.012737212786898445
0 0.001564945226917058 0.0 1.0 0.0 0.002373435449099344 0.0016880995889165067 0.011417969028759007 0.0005712653527563553 0.011133829929813158
0 0.0009259259259259259 0.0 1.0 0.0 0.009745772360697813 0.0035255041756295973 0.010318989509740953 0.0006855184233076265 0.06351866405165987
0 0.001141552511415525 0.0 1.0 0.0 0.0026773062876071217 0.0 0.009259259259259259 0.00010711225364181662 0.005767200673456583
0 0.0013513513513513514 0.0 1.0 0.0 0.014709864514575132 0.0035698777881210857 0.011881824020552344 0.0006426735218508997 0.09651441041263752
0 0.0006349206349206349 0.0 1.0 0.0 0.002101562765316974 0.0005503385748253145 0.007095452182157384 0.00015301750520259517 0.007611294545563774
0 0.002631578947368421 0.0 1.0 0.0 0.004430580271102554 0.001748687599826301 0.009890815671162493 0.0002570694087403599 0.031063337031964594
0 0.0016233766233766235 0.0 1.0 0.0 0.0009252848414393693 0.0 0.0027296082209377005 0.0 0.021678031648000994
0 0.00037707390648567115 0.0 1.0 0.0 0.005053497666175626 0.00039295578541251666 0.013223015603158406 0.0007560864962951762 0.02783593588012301
0 0.00039556962025316455 0.0 1.0 0.0 0.00564618640588806 0.0002719362750142804 0.012965639049454079 0.000261086118251928 0.02950390013909655
0 0.000390625 0.0 1.0 0.0 0.004826024692001135 0.000718589668204376 0.012363519588953114 0.00040167095115681235 0.029754091789170045
0 0.0007716049382716049 0.0 1.0 0.0 0.001125932294032306 0.0002732324374728595 0.004576107899807321 8.033419023136246e-05 0.009579043260443424
0 0.0003586800573888092 0.0 1.0 0.0 0.004846309409755441 0.0005478005468682728 0.010200612036722203 0.00020792378648117342 0.027713004071154
0 0.0012048192771084338 0.0 1.0 0.0 0.013596250266211859 0.003111717716174662 0.007578676942838791 0.0008354755784061696 0.09569510971953714
0 0.0007002801120448179 0.0 1.0 0.0 0.001655390644056639 0.0 0.006800408024481468 0.00030243459851807047 0.004461718512355733
0 0.001680672268907563 0.0 1.0 0.0 0.0016682033005993024 0.0008131418917409802 0.008257638315441783 0.00045905251560778547 0.01834031545104409
0 0.0007267441860465116 0.0 1.0 0.0 0.00038855517200727936 0.0 0.0073458574181117535 0.0006426735218508997 0.002786808662558071
0 0.047619047619047616 0.0 1.0 0.0 0.021842056553236847 0.009649207597378438 0.012860618700034757 0.003368176538908248 0.047619047619047616
0 0.03333333333333333 0.0 1.0 0.0 0.011758931745322247 0.005450122546464797 0.012165450121654499 0.0027642276422764228 0.00015333909354021732
0 0.02222222222222222 0.0 1.0 0.0 0.016931174910028605 0.006571142221531161 0.016707218167072182 0.0037398373983739833 0.08433870473359036
0 0.027777777777777776 0.0 1.0 0.0 0.003006084559368494 0.007373869662140175 0.009732360097323601 0.002168021680216802 0.0072749814580892564
0 0.0125 0.0 1.0 0.0 0.02153004528737562 0.01222089983966687 0.011253041362530414 0.0036585365853658543 0.0723162670011158
0 0.01282051282051282 0.0 1.0 0.0 0.021892350466441394 0.016133255511940343 0.013101253977166384 0.004127579737335836 0.09513205975429075
0 0.007518796992481203 0.0 1.0 0.0 0.026299985215423215 0.013058033805263715 0.011909335382251246 0.003594351732991014 0.048036401554827905
0 0.005434782608695652 0.0 1.0 0.0 0.021579673681566346 0.0087491318418372 0.012800169258436477 0.0015906680805938497 0.038802020067143325
0 0.004629629629629629 0.0 1.0 0.0 0.009380471505756964 0.00672998274656812 0.01064476885644769 0.0007113821138211383 0.051358105740518106
0 0.005 0.0 1.0 0.0 0.011956768614375909 0.00509554722517727 0.00924574209245742 0.0004878048780487805 0.05710597180652847
0 0.004132231404958678 0.0 1.0 0.0 0.01677229276311626 0.009650136696217376 0.014709135147091351 0.0013303769401330377 0.05122777267200585
0 0.005555555555555555 0.0 1.0 0.0 0.0091885256719684 0.007323317086557263 0.00957015409570154 0.0009756097560975609 0.00042513384714033456
0 0.003344481605351171 0.0 1.0 0.0 0.01261122093834803 0.009295928644924154 0.01438696710039141 0.0013785790031813363 7.005782059290156e-05
0 0.00510204081632653 0.0 1.0 0.0 0.004471927581447982 0.0 0.0038234271810914148 0.0 0.0006461239151129352
0 0.003333333333333333 0.0 1.0 0.0 0.010628116124205616 0.0036248797184130167 0.010340632603406327 0.0004878048780487805 0.06319688281569368
0 0.002403846153846154 0.0 1.0 0.0 0.01065295507962993 0.003946677851668913 0.009358038555118846 0.0009380863039399625 0.0441599777495681
0 0.002557544757033248 0.0 1.0 0.0 0.00830282619331762 0.006177979192796434 0.008991854437744631 0.0004241781548250265 0.00010045331651931432
0 0.0020576131687242796 0.0 1.0 0.0 0.013297526056831734 0.00871641770599685 0.010182932324051543 0.0005420054200542005 0.03771174801087701
0 0.0020242914979757085 0.0 1.0 0.0 0.014119464660483722 0.0057310014847695755 0.013756316676024703 0.00075046904315197 0.04323125017686514
0 0.0020833333333333333 0.0 1.0 0.0 0.00675609540239359 0.004615806785155891 0.007806163828061638 0.0004065040650406504 9.661217802128451e-05
0 0.002976190476190476 0.0 1.0 0.0 0.0 0.0 0.005626520681265207 0.0003048780487804878 0.0017309363213223658
0 0.0625 0.0 1.0 0.0 0.023654933274460572 0.00811936409644375 0.010346283783783784 0.001797800338409475 0.06250000000000001
0 0.016666666666666666 0.0 1.0 0.0 0.0035095252167451534 0.0021456164612355375 0.008727477477477477 0.001635645798082347 0.0022954149387813196
0 0.009259259259259259 0.0 1.0 0.0 0.005562028449710021 0.005143589564710934 0.011495870870870869 0.0018800526414739617 0.038172760318405115
0 0.007142857142857143 0.0 1.0 0.0 0.014017558042424575 0.006891651275220649 0.007915057915057915 0.002127145274353396 0.02678699571289914
0 0.010526315789473684 0.0 1.0 0.0 0.022461810456740255 0.008202796575151203 0.01653627311522048 0.003205984504408229 0.04945622031144702
0 0.004273504273504273 0.0 1.0 0.0 0.01577545028419929 0.00921290498016089 0.010438322938322938 0.0019523623584537292 0.023048859616427202
0 0.010989010989010988 0.0 1.0 0.0 0.004847739099635094 0.005489792389408855 0.013383575883575884 0.0010412599245086555 0.006131369208596612
0 0.0078125 0.0 1.0 0.0 0.01769008444895311 0.011658012508728072 0.009818412162162162 0.0019035532994923859 0.07973392371771913
0 0.003003003003003003 0.0 1.0 0.0 0.016513264781728147 0.009886438214583989 0.01050036523009496 0.0017835093977225957 0.020794754758144397
0 0.003703703703703704 0.0 1.0 0.0 0.014610752486463532 0.005873168846471473 0.01758008008008008 0.0009400263207369807 0.03674977548895267
0 0.0023923444976076554 0.0 1.0 0.0 0.011269852415776131 0.004933795499595072 0.012935633001422479 0.0008905512512245079 0.024747138293675506
0 0.00641025641025641 0.0 1.0 0.0 0.005210026788761584 0.009840737359873532 0.005587318087318088 0.0006507874528179097 0.00046827263545511224
0 0.004273504273504274 0.0 1.0 0.0 0.01403595836223766 0.0038186920185873563 0.007132132132132132 0.0008460236886632827 0.07173237634176625
0 0.0037593984962406013 0.0 1.0 0.0 0.010794183823949059 0.002423152467120602 0.005956614509246087 0.0 0.07213058445169448
0 0.0022988505747126436 0.0 1.0 0.0 0.004883662566267276 0.002428688884775202 0.010484622553588075 0.0003500787677227376 0.0001519546671172416
0 0.005681818181818182 0.0 1.0 0.0 0.0036204890622284214 0.004305433286054173 0.008906633906633907 0.001076757421935087 0.0005344808002791467
0 0.0034602076124567475 0.0 1.0 0.0 0.0003833421884099633 0.00067705730698958 0.009638314785373608 0.00019906439733253706 0.0011003591507994254
0 0.0021367521367521365 0.0 1.0 0.0 0.009995915553894045 0.004220693772222856 0.015397609147609147 0.0008460236886632824 0.05131154610053761
0 0.0020242914979757085 0.0 1.0 0.0 0.01152659164332141 0.007399552055148534 0.013903326403326402 0.001822204867890147 0.04852913602957861
0 0.002631578947368421 0.0 1.0 0.0 0.012499882953295348 0.0016113015576062096 0.015024893314367002 0.0008014961261020571 0.0705143603872898
0 0.0015873015873015873 0.0 1.0 0.0 0.010748905666771441 0.0037717551801148322 0.013063063063063063 0.0005076142131979696 0.043033175278000636
0 0.002840909090909091 0.0 1.0 0.0 0.0009660701335793811 0.0014387467773528575 0.004750844594594595 0.0 0.0009685672123314024
0 0.0015527950310559005 0.0 1.0 0.0 0.019548454975994996 0.006056815628844177 0.018520752895752893 0.0007855934251873338 0.028505672136156658
0 0.0023148148148148147 0.0 1.0 0.0 0.0017541653398912356 0.003706342754166758 0.013044294294294295 0.0008460236886632825 0.0003950445945941821
0 0.0025 0.0 1.0 0.0 0.0007798005514033151 0.0 0.008551520270270271 0.0005287648054145516 0.0010075630946406017
0 0.03333333333333333 0.0 1.0 0.0 0.015906271105884547 0.008271331263050774 0.011370716510903427 0.005007824726134587 0.03333333333333333
0 0.015151515151515152 0.0 1.0 0.0 0.019167319628108394 0.012899901016910924 0.012744265080713678 0.004837103428652723 0.019843880679327842
0 0.017543859649122806 0.0 1.0 0.0 0.020537237660977207 0.022143714839070676 0.013526807673389079 0.004447739065974795 0.04633672094402191
0 0.007575757575757576 0.0 1.0 0.0 0.013000031342886324 0.01242232788163676 0.012461059190031152 0.0014226774790155072 0.026849511095882034
0 0.006060606060606061 0.0 1.0 0.0 0.018761946580620845 0.017638567438520807 0.010053809119229679 0.0008536064874093043 0.019665685163142033
0 0.009259259259259259 0.0 1.0 0.0 0.03866729399285094 0.016470974350897186 0.018691588785046728 0.0020865936358894104 0.03700506583547588
0 0.007142857142857143 0.0 1.0 0.0 0.03215160062373709 0.011092047002272832 0.015654205607476636 0.0009389671361502347 0.03219633978490697
1 0.009615384615384616 0.0 1.0 0.0 0.010570675374522174 0.0 0.008626887131560028 0.0 0.01633912737680289
0 0.007407407407407407 0.0 1.0 0.0 0.03402647939608107 0.023876342676343986 0.017133956386292833 0.004381846635367763 0.040963239540061425
0 0.05263157894736842 0.0 1.0 0.0 0.010367281583728813 0.011200669903689828 0.008650097465886937 0.0029307607766516056 0.05263157894736841
0 0.014285714285714285 0.0 1.0 0.0 0.012081781865092761 0.007562468321557415 0.006547619047619047 0.0027179317202519057 0.02047216409219327
0 0.013333333333333332 0.0 1.0 0.0 0.015043801976684907 0.006062518515474252 0.011851851851851851 0.003433874709976798 0.026339997630255022
0 0.009259259259259259 0.0 1.0 0.0 0.016297186497656865 0.008669247174282168 0.012431412894375857 0.0036951104236487065 0.025457426614030082
0 0.02 0.0 1.0 0.0 0.00229575500129016 0.0031565636952781023 0.005092592592592592 0.0013921113689095127 0.0011800880771076002
0 0.020833333333333332 0.0 1.0 0.0 0.025533475536192698 0.007422203129735716 0.012731481481481483 0.0014501160092807424 0.11169192664880434
0 0.014285714285714285 0.0 1.0 0.0 0.014432729723341784 0.005293533619170489 0.012499999999999997 0.0013921113689095127 0.0003178548138370767
0 0.005208333333333333 0.0 1.0 0.0 0.015579899374134258 0.0066525590274484235 0.010320216049382715 0.0008700696055684454 0.029365075191667228
0 0.004629629629629629 0.0 1.0 0.0 0.014246750367232282 0.005918556928646442 0.01138117283950617 0.0 0.030645381853604187
0 0.0125 0.0 1.0 0.0 0.02587639501435371 0.001972852309548814 0.012731481481481479 0.000580046403712297 0.11161125251886471
0 0.0033670033670033673 0.0 1.0 0.0 0.012755036439363968 0.008639700397273064 0.011488340192043893 0.0018905216120993383 0.027281713050842586
0 0.004629629629629629 0.0 1.0 0.0 0.01583823863135487 0.0020943930402955993 0.00861625514403292 0.0002577984016499098 0.04147652193100814
0 0.004273504273504274 0.0 1.0 0.0 0.022362894981061428 0.014989996260004222 0.012860082304526744 0.0028357824181490074 0.0394337829718522
0 0.003968253968253968 0.0 1.0 0.0 0.002769315336054879 0.007891409238195255 0.0046296296296296285 0.0 0.0005048454344317298
0 0.004166666666666667 0.0 1.0 0.0 0.02075383615873873 0.013843326080362282 0.011429398148148147 0.0027552204176334106 0.04457907981326174
0 0.003289473684210526 0.0 1.0 0.0 0.009340974226078042 0.005101847954097477 0.009502923976608187 0.0008548052265233849 0.00016636276886476168
0 0.003676470588235294 0.0 1.0 0.0 0.012742292744817986 0.003945704619097628 0.013888888888888888 0.0007250580046403712 0.058194752433880836
0 0.004629629629629629 0.0 1.0 0.0 0.003242220755605263 0.003945704619097628 0.005401234567901233 0.0 0.0011118992874712653
0 0.002770083102493075 0.0 1.0 0.0 0.01754239116523235 0.008916646475819516 0.00999025341130604 0.0006105751618024178 0.03901933377282915
0 0.0025 0.0 1.0 0.0 0.013501357605249727 0.0036240585956359367 0.010648148148148146 0.0002320185614849188 0.03757753340194214
0 0.001443001443001443 0.0 1.0 0.0 0.009275746107156896 0.006208398712011593 0.008838383838383838 0.0009140125149405892 0.022569199183211337
0 0.0017482517482517483 0.0 1.0 0.0 0.0024566817097752647 0.0 0.006677350427350427 0.0008031411743708727 0.000344871887718412
0 0.043478260869565216 0.0 1.0 0.0 0.014626740882465843 0.007022876089469595 0.011814744801512289 0.002843265015993365 0.043478260869565216
0 0.012195121951219513 0.0 1.0 0.0 0.010074066317354318 0.005472325848858189 0.010206786850477201 0.002990629361334484 0.015822725678843734
0 0.008130081300813007 0.0 1.0 0.0 0.011040849518215672 0.009146575205988793 0.010935843054082715 0.0024589619193194647 0.016962478055528706
0 0.0125 0.0 1.0 0.0 0.01791934445970564 0.006584484091437008 0.011684782608695652 0.0008174386920980926 0.032225675399283296
0 0.01 0.0 1.0 0.0 0.006993075454518796 0.009267567797444564 0.008695652173913044 0.0009536784741144414 0.0030223251387370884
0 0.027777777777777776 0.0 1.0 0.0 0.026645597388860142 0.007971367656082034 0.01494565217391304 0.0013623978201634877 0.14704093877594923
0 0.01020408163265306 0.0 1.0 0.0 0.005975566375092598 0.006619691283888974 0.006211180124223602 0.0 0.021974124585367655
0 0.015625 0.0 1.0 0.0 0.0077527215125478 0.004633783898722282 0.01120923913043478 0.0 0.01745656757755749
0 0.004115226337448559 0.0 1.0 0.0 0.008108394392535707 0.00642707036355879 0.012077294685990336 0.0018165304268846498 0.03288326811892267
0 0.006666666666666667 0.0 1.0 0.0 0.011282196334367861 0.0024713514126518837 0.0161231884057971 0.0009082652134423251 0.055062027243019375
0 0.004545454545454545 0.0 1.0 0.0 0.008720585283146152 0.008340811017700107 0.008695652173913045 0.0 0.0408086394994623
0 0.0043859649122807015 0.0 1.0 0.0 0.0032781173532349123 0.003902133809450343 0.014588100686498856 0.0011472823748745159 0.0006478433053733918
0 0.0024813895781637717 0.0 1.0 0.06451612903225806 0.006434150923624221 0.0036686683219775847 0.011132538569424963 0.0013184495033840202 0.02589705974325682
0 0.006493506493506493 0.0 1.0 0.0 0.003437063406422959 0.011250814655916264 0.014822134387351776 0.0004954173891503591 0.0023507115690063088
0 0.002564102564102564 0.0 1.0 0.0 0.008616867734825546 0.007128898305726588 0.0082566889632107 0.0005239991616013414 0.030557967681828994
0 0.0020833333333333333 0.0 1.0 0.0 0.002053582367566173 0.003153980354632063 0.011503623188405797 0.00018165304268846503 0.0006083517274189686
0 0.003676470588235294 0.0 1.0 0.0 0.001254461756605333 0.0 0.008491847826086956 0.0008514986376021798 0.007640438425960377
0 0.04 0.0 1.0 0.0 0.009206100892717346 0.005701178944384736 0.010938775510204078 0.0019073569482288822 0.039999999999999994
0 0.017241379310344827 0.0 1.0 0.0 0.009300067895619176 0.006420169471669418 0.010462115880835092 0.0018791694071220518 0.031069682498046165
0 0.018518518518518517 0.0 1.0 0.0 0.013068881842603406 0.006333314168351068 0.01005291005291005 0.0017408416590977893 0.052510854230646636
0 0.020833333333333332 0.0 1.0 0.0 0.0035247471706719128 0.004660246061504101 0.020975056689342405 0.002611262488646684 0.013473124708024595
0 0.016666666666666666 0.0 1.0 0.0 0.011856206963443382 0.005164829343683662 0.008503401360544218 0.0019300635785649406 0.07786020238263333
0 0.020833333333333332 0.0 1.0 0.0 0.0007164449294931419 0.0011584459746805705 0.0039115646258503405 0.0011920980926430516 0.008810129480746297
0 0.004464285714285714 0.0 1.0 0.0 0.006655563780974103 0.0045778397456275885 0.010799319727891155 0.0018307220708446861 0.02851386078008298
0 0.004807692307692308 0.0 1.0 0.0 0.006896001968645482 0.005272706186000715 0.013396127681841964 0.0020435967302452314 0.03542258863443218
0 0.0037037037037037034 0.0 1.0 0.0 0.006562959803262514 0.002730166105056599 0.013151927437641724 0.002225249772933696 0.030692207540223317
0 0.0058823529411764705 0.0 1.0 0.0 0.008662006641615594 0.0032709062814510227 0.008403361344537815 0.0007212694342041995 0.054940921152740185
0 0.0036363636363636364 0.0 1.0 0.0 0.0012320589185726583 0.0011121081356933477 0.007945578231292516 0.00021798365122615803 0.0009986132635086441
0 0.0030864197530864196 0.0 1.0 0.0 0.007224437221292677 0.004524323695981111 0.012698412698412698 0.0011605611060651934 0.03515603345736165
0 0.0034965034965034965 0.0 1.0 0.0 0.007449036218336194 0.00467795964109765 0.006431663574520718 0.0003715630418627694 0.04217651920057399
0 0.008928571428571428 0.0 1.0 0.0 0.01720625614631853 0.0011584459746805705 0.007993197278911564 0.0 0.11725193279684822
0 0.0044444444444444444 0.0 1.0 0.0 0.010525638790345487 0.0018535135594889127 0.009795918367346938 0.0 0.06145703221310834
0 0.00390625 0.0 1.0 0.0 0.009019450065964213 0.0037964935742915624 0.010459183673469387 0.0005108991825613079 0.058167997359554635
0 0.0029411764705882353 0.0 1.0 0.0 0.00404774008679342 0.005012127641581841 0.0034013605442176865 0.00027247956403269756 0.0009947762592758932
0 0.0016835016835016834 0.0 1.0 0.0 0.01024710603804022 0.004178742729747284 0.012368583797155224 0.0010734043431591116 0.019703555079606624
0 0.003508771929824561 0.0 1.0 0.0 0.004304690182267345 0.006143207675423949 0.011972789115646258 0.0007266121707538601 0.008499729031393267
0 0.0019230769230769232 0.0 1.0 0.0 0.007575612480241218 0.0049870265311657384 0.014756671899529044 0.001100398239362817 0.03628533606101293
0 0.003401360544217687 0.0 1.0 0.0 0.011174964663000738 0.007027958221016761 0.016326530612244896 0.0013623978201634875 0.06799998012388285
0 0.001976284584980237 0.0 1.0 0.0 0.005892718910744476 0.00478827297388182 0.01603076013013901 0.0008292856296647315 0.04053648451539467
0 0.0033444816053511705 0.0 1.0 0.0 0.010549127187326226 0.003564449152863294 0.007639979068550498 0.00020959966464053657 0.07189453567129797
0 0.002976190476190476 0.0 1.0 0.0 0.0008314869469444493 0.0030971487554665575 0.013216715257531583 0.0008758271701050993 0.001872349041891295
0 0.0044444444444444444 0.0 1.0 0.0 0.018749385392153928 0.006394348827687071 0.007860922146636433 0.0009082652134423251 0.1018913285840117
0 0.0015384615384615385 0.0 1.0 0.0 0.0016245346204303089 0.003222531879717191 0.00985034013605442 0.0010899182561307902 0.0006952332734164125
0 0.0015432098765432098 0.0 1.0 0.0 0.0026349408009153272 0.0036969189679790207 0.008786848072562357 0.0006244323342415986 0.00041283566801540066
0 0.002551020408163265 0.0 1.0 0.0 0.0029053187191761423 0.004500001980735626 0.006219630709426628 0.0012650836901518098 0.002230845732982201
0 0.002028397565922921 0.0 1.0 0.0 0.0014339811678495838 0.002493424484957275 0.007603041216486595 0.0005609873377143773 0.0013470554163989377
0 0.001851851851851852 0.0 1.0 0.0 0.018898791158803496 0.005742062058045785 0.008994708994708993 0.000681198910081744 0.03849818015467853
0 0.0016129032258064516 0.0 1.0 0.0 0.002059607957959771 0.002316891949361141 0.007210884353741495 0.0 0.0012645584045300746
0 0.0011160714285714285 0.0 1.0 0.0 0.008447625665554884 0.0022214434039143013 0.01423712342079689 0.0006325418450759051 0.03313784060920808
0 0.0009775171065493646 0.0 1.0 0.0 0.005785686114552186 0.0029033264097398106 0.010313802940531048 0.00039553485101520607 0.029560807186708653
0 0.002262443438914027 0.0 1.0 0.0 0.01159794545739663 0.0032186628683699894 0.006593406593406593 0.00031439949696080485 0.07294619628268918
0 0.002197802197802198 0.0 1.0 0.0 0.013438302928399053 0.00364678283354965 0.010465724751439035 0.0009431984908824146 0.07308598097463044
0 0.0010288065843621398 0.0 1.0 0.0 0.0012418716633115293 0.0010804083594029618 0.010330057949105567 0.0009082652134423252 0.000540863917547224
0 0.0016891891891891893 0.0 1.0 0.0 0.000471063190235472 0.0 0.007142857142857142 0.0005960490463215259 0.002026954878582854
0 0.045454545454545456 0.0 1.0 0.0 0.014893894229340891 0.007014788172739709 0.014511310285958173 0.005145797598627787 0.045454545454545456
0 0.017241379310344827 0.0 1.0 0.0 0.024868298157284478 0.012391139145066005 0.014084507042253523 0.005204944697462589 0.021622308698123066
0 0.047619047619047616 0.0 1.0 0.0 0.0036325287741142995 0.012350230962461656 0.0026827632461435278 0.0 0.004710888653150843
0 0.011904761904761904 0.0 1.0 0.0 0.008624136606609647 0.014289803340510311 0.010507489380728818 0.0011230907457322552 0.00012773000995299535
0 0.013333333333333334 0.0 1.0 0.0 0.022882380242962245 0.017175655701663954 0.01533646322378717 0.0025157232704402514 0.056010971156637744
0 0.00980392156862745 0.0 1.0 0.0 0.028855522017482788 0.03438518844581463 0.016293841480254073 0.005549389567147614 0.03830449554352285
0 0.014285714285714285 0.0 1.0 0.0 0.026703596722621663 0.016108471490375215 0.015492957746478875 0.0037735849056603774 0.08905625280329388
0 0.005952380952380952 0.0 1.0 0.0 0.012167292096652235 0.017939466684313825 0.012519561815336464 0.002021563342318059 0.00010766116120894148
0 0.0029239766081871343 0.0 1.0 0.0 0.00946716483142371 0.007454770125773384 0.012478379046207067 0.0004965243296921549 0.023793106817177116
0 0.0058823529411764705 0.0 1.0 0.0 0.02923044299455432 0.01377466728675937 0.015189174261253798 0.0019422863485016647 0.0377461423783936
1 0.005681818181818182 0.0 1.0 0.0 0.016490023461809864 0.0020054229844706103 0.011443661971830986 0.0005896226415094339 0.057823235391176606
0 0.045454545454545456 0.0 1.0 0.0 0.00747878000737962 0.0033188885639256994 0.009526885192959793 0.0021837593011970243 0.045454545454545456
0 0.022727272727272728 0.0 1.0 0.0 0.0016259512754648086 0.0033801408940504927 0.008477313095430329 0.0019411193788417991 0.001149434336404149
0 0.011494252873563218 0.0 1.0 0.0 0.00938855005830931 0.004923999969288906 0.010718441844796964 0.0019634310958399808 0.03103641691559029
0 0.006756756756756757 0.0 1.0 0.0 0.012656291361185703 0.004020122796786542 0.01204934952714704 0.0024526305665095683 0.016000159289297326
0 0.022222222222222223 0.0 1.0 0.0 0.0065131448443963786 0.0 0.015591079534241168 0.0019770660340055358 0.0010679563392269622
0 0.004629629629629629 0.0 1.0 0.0 0.011386466409103922 0.0035166706652944146 0.01337083086639037 0.0017299327797548445 0.02026710428887484
0 0.005714285714285714 0.0 1.0 0.0 0.010079668190140107 0.0037581021668772947 0.008525754884547073 0.00035587188612099647 0.03304577356676263
0 0.006944444444444444 0.0 1.0 0.0 0.00761166983201372 0.004461286705052563 0.013420169725675942 0.0003954132068011071 0.00019135585321351588
0 0.0101010101010101 0.0 1.0 0.0 0.007692784722678081 0.0 0.009365412562570645 0.0 0.0007045660575730246
0 0.0125 0.0 1.0 0.0 0.004393397498142056 0.0037419184500704673 0.016429840142095916 0.0013345195729537367 0.0015396187126990816
1 0.0030303030303030303 0.0 1.0 0.0 0.006224117409166021 0.004494380685394877 0.016104203670811126 0.0007117437722419929 0.00014153940223112565
0 0.0024509803921568627 0.0 1.0 0.0 0.011018163145779768 0.005846540036501101 0.010604952460557935 0.0007326774126020516 0.019546069771160562
0 0.003076923076923077 0.0 1.0 0.0 0.008442415423419013 0.005062194394394166 0.01463587921847247 0.0012099644128113877 0.03731040114753803
0 0.002551020408163265 0.0 1.0 0.0 0.012980541765306108 0.00690011198072183 0.008817558995178889 0.0002541942043721403 0.02364766499564772
0 0.0035087719298245615 0.0 1.0 0.0 0.010682549495531811 0.007144291205163046 0.009722352061325606 0.0011238059561715676 0.04962361022193696
0 0.00390625 0.0 1.0 0.0 0.008807434494880478 0.004625623529722202 0.008103907637655419 0.0010008896797153025 0.05973742600977201
0 0.0024509803921568627 0.0 1.0 0.0 0.007066945796943228 0.0050432938636746074 0.010139135583185317 0.00014827995255041517 0.04002769994330003
0 0.0017921146953405018 0.0 1.0 0.0 0.005179449818547371 0.006023791523078773 0.006646421818598521 0.00011479738261967626 0.00022258671817251583
0 0.0037593984962406013 0.0 1.0 0.0 0.002037519284206702 0.002593693987032655 0.004567368688150215 0.0002541942043721403 0.0023819923365150813
0 0.0020833333333333333 0.0 1.0 0.0 0.00878863261522103 0.006742702147160849 0.009917110716400236 0.00029655990510083033 0.03823003410433123
0 0.003663003663003663 0.0 1.0 0.0 0.01659575589151446 0.008839786297015376 0.01707883590654461 0.002737476047084588 0.06901429726354313
0 0.0016835016835016836 0.0 1.0 0.0 0.0076910442966576864 0.003873638903916624 0.00940727583711598 0.0007249242124686964 0.034021047431250624
0 0.003952569169960474 0.0 1.0 0.0 0.013968748776885585 0.010410271330348749 0.017277571451638947 0.0009705596894208995 0.08626847824899508
0 0.004166666666666667 0.0 1.0 0.0 0.0017502302600142347 0.0036311715818457173 0.00674955595026643 0.0003558718861209964 0.00310735534223603
0 0.0033333333333333335 0.0 1.0 0.0 0.011437878023811084 0.005416134112442326 0.010065127294256957 0.0005931198102016607 0.08025400818323662
0 0.0032051282051282055 0.0 1.0 0.0 0.0013176176696672738 0.0010086587727349214 0.009177027827116638 0.0 0.0029738265556676145
0 0.0023148148148148147 0.0 1.0 0.0 0.0004099839488727909 0.0 0.008214920071047956 0.0006672597864768683 0.0013369414504899035
0 0.05263157894736842 0.0 1.0 0.0 0.012168016039095618 0.004304859042289407 0.00936842105263158 0.002109482122139015 0.05263157894736842
0 0.025 0.0 1.0 0.0 0.01601657918253644 0.006881859295309337 0.0083 0.0022044088176352704 0.02895056949366715
0 0.009259259259259259 0.0 1.0 0.0 0.008112697681900656 0.005900018553219919 0.011111111111111115 0.0026720106880427533 0.024964800798055714
0 0.009615384615384616 0.0 1.0 0.0 0.012964333766053755 0.008418922288341919 0.009538461538461539 0.0023123169415754587 0.028214798660862295
0 0.008695652173913044 0.0 1.0 0.0 0.013613126015726703 0.007352100846692389 0.01391304347826087 0.0027010542824779994 0.02521558269173476
0 0.008333333333333333 0.0 1.0 0.0 0.004676010603045761 0.006134424135262404 0.008200000000000002 0.0 0.0002647567810097553
0 0.017857142857142856 0.0 1.0 0.0 0.00163306646253003 0.0017040067042395567 0.01125 0.0 0.0016172297651923454
0 0.005 0.0 1.0 0.0 0.007901848789486982 0.005983956989724409 0.010480000000000003 0.001442885771543086 0.0289209612009791
0 0.015873015873015872 0.0 1.0 0.0 0.0031430576120529954 0.0019474362334166364 0.005714285714285713 0.000572573718866304 0.0021434136301094428
0 0.0032258064516129032 0.0 1.0 0.0 0.018076738705147345 0.012771144094404888 0.012645161290322584 0.0020040080160320635 0.0182940580746781
0 0.005050505050505051 0.0 1.0 0.0 0.015339141419802447 0.011804015368579454 0.012777777777777782 0.0023380093520374077 0.03238802378567527
0 0.0043859649122807015 0.0 1.0 0.0 0.006943400783999488 0.00411416983164903 0.01368421052631579 0.0007383187427486552 0.023204343631214076
0 0.006410256410256411 0.0 1.0 0.0 0.01217146561639744 0.00962019105840948 0.006333333333333333 0.001002004008016032 0.00033103980444834695
0 0.0019305019305019303 0.0 1.0 0.0 0.0072033259020620535 0.004892812190878844 0.009729729729729733 0.0005957861669284515 0.01590146034794029
1 0.003333333333333333 0.0 1.0 0.0 0.014512568778649704 0.007874522432578832 0.0131 0.0019038076152304607 0.03723295331572342
0 0.0021551724137931034 0.0 1.0 0.0 0.007907853082436914 0.003983002828516529 0.013862068965517244 0.001174763319742934 0.022224784700054876
0 0.002557544757033248 0.0 1.0 0.0 0.006344798348481527 0.004620794959089883 0.01295652173913044 0.0013940925328918706 0.004704537743763585
0 0.0030864197530864196 0.0 1.0 0.0 0.013103428138763052 0.010366130060391436 0.008111111111111112 0.0010020040080160322 0.033707545373535645
0 0.005263157894736842 0.0 1.0 0.0 0.008135118728035039 0.00441866641164581 0.014400000000000001 0.0008016032064128255 0.048029107829864824
0 0.002272727272727273 0.0 1.0 0.0 0.009544731394273996 0.006702316795265206 0.009181818181818182 0.0005465476407360174 0.012421977094234054
0 0.001763668430335097 0.0 1.0 0.0 0.007788726278292977 0.002068328300099556 0.008 0.00044533511467379194 0.027678895392233067
0 0.004132231404958678 0.0 1.0 0.0 0.0006326544473808524 0.0014254046294145185 0.009090909090909092 0.0007287301876480232 0.0012602730385841783
0 0.0033444816053511705 0.0 1.0 0.0 0.00319603611659144 0.0 0.007384615384615386 0.0010790812394018807 0.0009337451615004077
0 0.0016025641025641025 0.0 1.0 0.0 0.0023753374203968765 0.0 0.006692307692307694 0.00023123169415754585 0.00021090490004804826
0 0.05263157894736842 0.0 1.0 0.0 0.022759885482647003 0.007362365525492392 0.011956394326573675 0.0027020676691729313 0.05263157894736841
0 0.05 0.0 1.0 0.0 0.002378124571919148 0.0015183916882420337 0.0024498886414253897 0.002008928571428571 0.001911303578058339
0 0.018518518518518517 0.0 1.0 0.0 0.008888573782734215 0.004201748111898117 0.012496906706260826 0.0024801587301587296 0.06840321999222504
0 0.009615384615384616 0.0 1.0 0.0 0.010571398618557718 0.008163685504685445 0.009422648620866884 0.00257554945054945 0.0472148212326062
0 0.025 0.0 1.0 0.0 0.005749666118357239 0.00929654761050826 0.0041759465478841875 0.0019531249999999996 0.0014838559593307956
0 0.01282051282051282 0.0 1.0 0.0 0.006668705875847983 0.007385232341566293 0.0066815144766147 0.0022321428571428566 0.0182371854962845
0 0.006802721088435374 0.0 1.0 0.0 0.0036659412738724055 0.0031257231750248158 0.009014741754162689 0.002338435374149659 0.0017830275871231968
0 0.0078125 0.0 1.0 0.0 0.003567151237829534 0.0009489948051512711 0.0089086859688196 0.00027901785714285713 0.0027622769317423106
0 0.004115226337448559 0.0 1.0 0.0 0.011278889928924389 0.008760444145478368 0.0076713684731502104 0.0013227513227513225 0.045039641655277546
0 0.011111111111111112 0.0 1.0 0.0 0.0036535479945864332 0.005061305627473446 0.007176441474882455 0.000744047619047619 0.0013979236189431664
0 0.00909090909090909 0.0 1.0 0.0 0.003917420630156946 0.004555175064726101 0.008908685968819599 0.0011160714285714285 0.0012157239162580596
0 0.005952380952380952 0.0 1.0 0.0 0.0011666880519870062 0.0021691309832029054 0.005249761374482978 0.0 0.00576393562617669
0 0.004048582995951417 0.0 1.0 0.0 0.01479360318844769 0.004704283618330714 0.008791466416598288 0.000587406015037594 0.06434277292323733
0 0.01020408163265306 0.0 1.0 0.0 0.0037050170666636044 0.003191956818103875 0.010181355392936684 0.0015943877551020406 0.0018601668023542368
0 0.0024691358024691358 0.0 1.0 0.0 0.008012336377315847 0.004830946036870855 0.00808380763837334 0.0004133597883597883 0.043943305566501986
0 0.005208333333333333 0.0 1.0 0.0 0.01355374863229477 0.00812272472683328 0.008908685968819599 0.0018601190476190473 0.10506800912959958
0 0.0028011204481792717 0.0 1.0 0.0 0.009055079978468758 0.005860173043630097 0.007848128115388694 0.0006377551020408163 0.05748732295060687
0 0.00505050505050505 0.0 1.0 0.0 0.0013386868604405063 0.004141068240660092 0.0030370520348248636 0.0 0.0013954317818807448
0 0.002770083102493075 0.0 1.0 0.0 0.010839668781054293 0.005741774043951471 0.011018637908803188 0.00046992481203007516 0.06425457569095348
0 0.002380952380952381 0.0 1.0 0.0 0.00572860746280283 0.006917787546414039 0.01102980167568141 0.0009566326530612244 0.00816018389397538
0 0.003401360544217687 0.0 1.0 0.0 0.009102425064385173 0.003253696474804358 0.01034043907095132 0.0007971938775510203 0.08897156045470396
0 0.0018181818181818182 0.0 1.0 0.0 0.011067942706138251 0.007709966006400826 0.009265033407572384 0.0011607142857142855 0.04784158301832944
0 0.001278772378516624 0.0 1.0 0.0 0.008373622453868641 0.007481906588008264 0.00864666579326608 0.0008534663865546219 0.034970168616063974
0 0.003205128205128205 0.0 1.0 0.0 0.015909924344493877 0.011714162326680398 0.01027925304094569 0.00206043956043956 0.09545226276686686
0 0.002105263157894737 0.0 1.0 0.0 0.010725898801557087 0.005030659398222913 0.00691595358105732 0.00023496240601503758 0.06300033865676612
0 0.002403846153846154 0.0 1.0 0.0 0.0005140778690765729 0.0 0.004732739420935412 0.0004185267857142857 0.0011605273569636086
0 0.029411764705882353 0.0 1.0 0.0 0.014232996856990473 0.005857583059994439 0.012827393731215114 0.0023658457898698792 0.02941176470588236
0 0.022727272727272728 0.0 1.0 0.0 0.011315923671507092 0.004280994876356952 0.01028533510285335 0.0019112514542130635 0.05862013395476506
0 0.017543859649122806 0.0 1.0 0.0 0.00921512685906856 0.0050903287504281206 0.008259700345754897 0.0019243721735783704 0.06840212489145589
0 0.011904761904761904 0.0 1.0 0.0 0.010961135769252471 0.004656820891323528 0.010253736531108792 0.00261164794985636 0.05934755223973087
0 0.0064516129032258064 0.0 1.0 0.0 0.009746627194326883 0.008618746223913024 0.010536849540852367 0.002771716695170136 0.04205951890914751
0 0.007575757575757575 0.0 1.0 0.0 0.012783598751062724 0.005162711019927524 0.0112806901128069 0.00116337045039056 0.05892493093365514
0 0.012987012987012986 0.0 1.0 0.0 0.0015410145495760848 0.003045993476532009 0.006469807564698075 0.0 0.0038540618526088925
0 0.013888888888888888 0.0 1.0 0.0 0.0 0.0030451114945700816 0.004866180048661801 0.0004062563477554337 0.005767013029240359
0 0.005555555555555555 0.0 1.0 0.0 0.014711137748561429 0.007336447333306332 0.008029197080291973 0.0011882998171846434 0.06225163984261707
0 0.005 0.0 1.0 0.0 0.0031974329047854953 0.002780362054071909 0.010492700729927005 0.0002742230347349177 0.0004668206541030429
1 0.005050505050505051 0.0 1.0 0.0 0.0099911969922468 0.0026096087395797492 0.007907542579075425 0.0003046922608165752 0.07205093763037711
0 0.00641025641025641 0.0 1.0 0.0 0.003379015305608306 0.004391518926699903 0.013756316676024703 0.0007031359864997891 0.0012074471133036789
0 0.004048582995951417 0.0 1.0 0.0 0.003190823105261165 0.003341222332771964 0.010468689973107952 0.000192437217357837 0.0021383866887394677
0 0.002747252747252747 0.0 1.0 0.0 0.014331496068784613 0.00949978135153684 0.010597978663672094 0.0012656447756996202 0.04564530236923371
0 0.005128205128205128 0.0 1.0 0.0 0.017768674332505584 0.008154395661085896 0.011791128579449748 0.0014062719729995782 0.10067965863432839
0 0.010416666666666666 0.0 1.0 0.0 0.0016757165297044165 0.0 0.006690997566909975 0.0 0.00756399325628624
0 0.003676470588235294 0.0 1.0 0.0 0.01876153382521726 0.013097228894833115 0.016195255474452556 0.002627970749542962 0.08035057191184147
1 0.0009746588693957114 0.0 1.0 0.0 0.017121307977183836 0.008125367783252221 0.011429120245870152 0.0016677892171012541 0.012130300404055855
1 0.0015037593984962405 0.0 1.0 0.0 0.014000720561810205 0.008424290596496768 0.01569343065693431 0.001880386523896579 0.027387497475805298
0 0.0033333333333333335 0.0 1.0 0.0 0.030805841349133674 0.016773471238969582 0.014841849148418492 0.0036563071297989027 0.06350957838757766
0 0.0020703933747412005 0.0 1.0 0.0 0.013882520196205252 0.009926017610772178 0.00801332910187242 0.0015896987520864797 0.05612798060251444
0 0.005050505050505051 0.0 1.0 0.0 0.025622873037774357 0.011793147745274509 0.008921330089213302 0.001421897217144018 0.1379024099208879
0 0.005434782608695652 0.0 1.0 0.0 0.0032531472765950486 0.003108955559106175 0.010720802919708028 0.0004570383912248629 0.005159539010442068
0 0.0012254901960784314 0.0 1.0 0.0 0.0060914722942411875 0.0014630379101676118 0.00708458565908115 0.0 0.037931286809423634
0 0.0026666666666666666 0.0 1.0 0.0 0.015741781832302893 0.008725252537797736 0.012165450121654502 0.001218769043266301 0.0872320556780992
0 0.002403846153846154 0.0 1.0 0.0 0.003628896638308653 0.005440672228435806 0.0038777372262773727 0.00022851919561243144 0.0033597367030058045
0 0.0023148148148148147 0.0 1.0 0.0 0.0006318092058815181 0.0 0.00752737226277372 0.0 0.0013756255560207803
0 0.03333333333333333 0.0 1.0 0.0 0.010916768115448413 0.00582176346577278 0.01316455696202532 0.003130287648054145 0.03333333333333333
0 0.021739130434782608 0.0 1.0 0.0 0.0033920703434231854 0.005548114270864692 0.012107870115575126 0.002869123813727654 0.00019493069315190364
0 0.02564102564102564 0.0 1.0 0.0 0.007683490189434099 0.005145390672323968 0.004868549172346641 0.002538071065989848 0.007605072682806109
0 0.015625 0.0 1.0 0.0 0.003228557484324393 0.010479424036678245 0.007120253164556962 0.002855329949238579 0.006419068923331417
0 0.008 0.0 1.0 0.0 0.004255403104381618 0.006645812900137656 0.013265822784810127 0.0029441624365482227 0.0024982324806993106
0 0.006944444444444444 0.0 1.0 0.0 0.0075369162253625084 0.004001930228378845 0.012763713080168779 0.0011632825719120135 0.03488225633051422
0 0.006493506493506493 0.0 1.0 0.0 0.0015777124884663735 0.005862198834306092 0.005293440736478711 0.0009229349330872172 0.0012920018749763736
0 0.005208333333333333 0.0 1.0 0.0 0.01119918000234106 0.007532945161959872 0.00917721518987342 0.000317258883248731 0.03817217395338101
0 0.004629629629629629 0.0 1.0 0.0 0.014561953413960134 0.005900397468389977 0.014556962025316459 0.0009517766497461928 0.029639457700764732
0 0.0032258064516129032 0.0 1.0 0.0 0.00780486787876267 0.005489422083521841 0.012903225806451616 0.000736859341738988 0.026160332715772526
0 0.0034965034965034965 0.0 1.0 0.0 0.009494866042136342 0.0073203465808911 0.011489776046738074 0.0005857087075361188 0.03538135401372138
0 0.005952380952380952 0.0 1.0 0.0 0.033568804421431626 0.010546065672082123 0.01862567811934901 0.002175489485134155 0.0419779545233981
0 0.012820512820512822 0.0 1.0 0.0 0.0024391322851444425 0.008577879546403464 0.012236286919831224 0.0008460236886632825 0.003794609018951399
0 0.0017421602787456446 0.0 1.0 0.0 0.0066218170821629625 0.004460427985287089 0.010558814448903983 0.0 0.022198653233426166
0 0.004166666666666667 0.0 1.0 0.0 0.016435582679395145 0.00672333836118485 0.014715189873417724 0.0011104060913705582 0.056909803863917224
0 0.0020833333333333333 0.0 1.0 0.0 0.009845555283377046 0.002243352950316184 0.0063291139240506345 0.0 0.01977886123990701
0 0.004201680672268907 0.0 1.0 0.0 0.005060996122255796 0.009865692187562452 0.0059674502712477396 0.0 0.0017225161423703689
0 0.003472222222222222 0.0 1.0 0.0 0.000876535303349549 0.0 0.009335443037974686 0.00031725888324873094 0.0010760431962938775
0 0.0625 0.0 1.0 0.0 0.024879717386203492 0.009517365058096366 0.012653374233128838 0.0030737704918032786 0.0625
0 0.017857142857142856 0.0 1.0 0.0 0.011364497720544398 0.00824136183911909 0.008618171194858313 0.0022687353629976593 0.04386979089696978
0 0.015873015873015872 0.0 1.0 0.0 0.011840411320792447 0.006549383469450597 0.009640666082383875 0.00312256049960968 0.060031794640223186
0 0.013157894736842105 0.0 1.0 0.0 0.008196019276853303 0.005166411241431355 0.004843396835647401 0.002049180327868852 0.00029210046496410834
0 0.009523809523809525 0.0 1.0 0.0 0.009072102775962288 0.006772561196367395 0.012464699581264 0.002537080405932865 0.06378639287016824
0 0.00980392156862745 0.0 1.0 0.0 0.01526718830078877 0.008508852038903832 0.008781426681101892 0.0032545805207328843 0.07692575845236073
0 0.007142857142857143 0.0 1.0 0.0 0.01005850999390519 0.008754644961898575 0.01370143149284254 0.0018442622950819673 0.06599526420182798
0 0.004310344827586207 0.0 1.0 0.0 0.008720597496841086 0.006459343699312034 0.007897891545025034 0.0007772752967778406 0.04362858120034965
0 0.0044444444444444444 0.0 1.0 0.0 0.01677773713521864 0.008409949549735724 0.01096114519427403 0.0014754098360655738 0.03707991826745096
0 0.0038461538461538464 0.0 1.0 0.0 0.012992565705852614 0.003009864647087255 0.010067641969482463 0.0009457755359394705 0.04931186629162116
0 0.0030303030303030303 0.0 1.0 0.0 0.0033771470046248817 0.004865835821869896 0.007907293796864352 0.0004781420765027323 0.0001347259267535913
0 0.004901960784313725 0.0 1.0 0.0 0.002122637562704514 0.0044881933708080645 0.009142307229640325 0.0009643201542912247 0.00049362646224765
0 0.002958579881656805 0.0 1.0 0.0 0.012847890655502977 0.005428639119465362 0.008494572911750826 0.0009457755359394705 0.045970831692571996
0 0.005494505494505494 0.0 1.0 0.0 0.005630104230498798 0.0 0.006921503854019192 0.0 0.00041537359130884604
0 0.00202020202020202 0.0 1.0 0.0 0.010750909587966723 0.007426853458598811 0.008551775422941069 0.0009314456035767512 0.03855370246067296
0 0.002232142857142857 0.0 1.0 0.0 0.0123190449278289 0.010341780121594188 0.013292433537832313 0.00197599531615925 0.04219175750244619
0 0.0028011204481792717 0.0 1.0 0.0 0.019248497384205854 0.008295188458112156 0.010224948875255626 0.00117096018735363 0.043764724165562874
0 0.004629629629629629 0.0 1.0 0.0 0.012945378204342169 0.004646444510467426 0.008350374914792093 0.0 0.11300383702585025
0 0.002288329519450801 0.0 1.0 0.0 0.009279056934159985 0.0032899870500583037 0.010224948875255626 0.0008018531717747683 0.05792968234820367
0 0.0013157894736842105 0.0 1.0 0.0 0.013006508977532808 0.008982479491306204 0.010171133354859543 0.001186367558239862 0.02470587039828814
0 0.0018315018315018315 0.0 1.0 0.0 0.0021851998839709365 0.0 0.00778669183577159 0.00015762925598991173 0.00029281073788782475
0 0.038461538461538464 0.0 1.0 0.0 0.02203965908476361 0.02788260620955676 0.013502454991816692 0.010339123242349046 0.038461538461538464
0 0.023809523809523808 0.0 1.0 0.0 0.03482687197710407 0.04275816803493475 0.016717325227963525 0.004608294930875576 0.02450520487701044
0 0.047619047619047616 0.0 1.0 0.0 0.01130201320452268 0.010449147101880663 0.007598784194528875 0.0 0.0012231919903445785
0 0.013157894736842105 0.0 1.0 0.0 0.021311676997678785 0.03186028473057744 0.017917133258678608 0.005093378607809847 0.004576725628741881
0 0.009523809523809525 0.0 1.0 0.0 0.02333823609996176 0.0034830490339602207 0.01266464032421479 0.0 0.031137534723590054
0 0.043478260869565216 0.0 1.0 0.0 0.01617829958105315 0.013756907262536297 0.011978704525288375 0.0040065291586288765 0.04347826086956523
0 0.05 0.0 1.0 0.0 0.020173018579680155 0.007012003424213936 0.013265306122448977 0.00341296928327645 0.08302887939326513
0 0.047619047619047616 0.0 1.0 0.0 0.012855669035840666 0.0033166234828494933 0.011661807580174929 0.002925402242808386 0.0008690787736172224
0 0.01 0.0 1.0 0.0 0.019315514231430724 0.0083163395556475 0.013197278911564627 0.0038225255972696233 0.02667064432848419
0 0.0071428571428571435 0.0 1.0 0.0 0.0073926250560186705 0.00458928434941922 0.01141885325558795 0.0029254022428083864 0.00907315830721782
0 0.010416666666666666 0.0 1.0 0.0 0.018182829411507406 0.013009196952215408 0.012967687074829934 0.0006399317406143345 0.056340544899775975
0 0.008403361344537815 0.0 1.0 0.0 0.01119871972118343 0.010739123342321136 0.009203681472589036 0.0006022886970487853 0.04846622268540189
0 0.004464285714285714 0.0 1.0 0.0 0.012879996188859603 0.011751474892289686 0.010082604470359574 0.00036567528035104824 0.027877646796156102
0 0.009259259259259259 0.0 1.0 0.0 0.007570479347944075 0.011213900517299764 0.006519274376417234 0.0 0.02103615732892107
0 0.005 0.0 1.0 0.0 0.020129203987272224 0.00874408823604024 0.015646258503401362 0.0013651877133105802 0.04079205843372161
0 0.005347593582887701 0.0 1.0 0.0 0.018546217939933253 0.004966642532934473 0.013005202080832333 0.0006022886970487853 0.04274438804975194
0 0.008333333333333333 0.0 1.0 0.0 0.005596377223579073 0.006964909313983936 0.005442176870748299 0.0 0.0013192894548141134
0 0.005128205128205128 0.0 1.0 0.0 0.01602919915229294 0.006191030501319054 0.011564625850340135 0.0 0.05862493390305365
0 0.0023809523809523807 0.0 1.0 0.0 0.010244870064377038 0.007525587076461132 0.011224489795918372 0.0012514220705346986 0.02430749982581751
0 0.006060606060606061 0.0 1.0 0.0 0.018299197243925428 0.007940352588063528 0.012059369202226345 0.0015513496742165685 0.07252238609704788
0 0.006944444444444444 0.0 1.0 0.0 0.0 0.0 0.0037792894935752075 0.0 0.004420900803296605
0 0.003676470588235294 0.0 1.0 0.0 0.0007851053170591199 0.0 0.007865646258503401 0.0006399317406143345 0.0015173467741049535
0 0.037037037037037035 0.0 1.0 0.0 0.010344050277128406 0.0053286396265234785 0.011987433862433863 0.002402850277570635 0.03703703703703704
1 0.013157894736842105 0.0 1.0 0.0 0.01332053781616168 0.004800030132032377 0.013157894736842105 0.0028258565877781728 0.02081206774822513
0 0.0303030303030303 0.0 1.0 0.0 0.027145310414563792 0.012126079502800046 0.015625 0.0032540166768354685 0.0732334936554121
0 0.011904761904761904 0.0 1.0 0.0 0.02257013867499129 0.011091341443529946 0.015412414965986393 0.004048151699158412 0.029360257763214513
0 0.02 0.0 1.0 0.0 0.006506197465514926 0.007409288704152406 0.005133928571428571 0.002460850111856823 0.002769355515411731
0 0.005952380952380952 0.0 1.0 0.0 0.009032679935065803 0.005865888464542188 0.008928571428571428 0.0011984659635666344 0.03464407226688734
0 0.007142857142857143 0.0 1.0 0.0 0.012364602291552116 0.008807304658240507 0.009486607142857144 0.002013422818791946 0.04307717063978982
0 0.0078125 0.0 1.0 0.0 0.014796649643293277 0.007237745025169336 0.01674107142857143 0.0012583892617449664 0.05544156769958244
0 0.0030864197530864196 0.0 1.0 0.0 0.009178843293000304 0.004502108176473842 0.00979662698412698 0.0008078548347004721 0.024435690711851216
0 0.005263157894736842 0.0 1.0 0.0 0.012670436298922004 0.0038982104135794806 0.008811090225563908 0.0008242081714352997 0.045118561684601245
0 0.007575757575757576 0.0 1.0 0.0 0.01606426230434409 0.012977576067499335 0.013578869047619048 0.0022371364653243847 0.0767383791260768
0 0.008333333333333333 0.0 1.0 0.0 0.011914790690043262 0.011101424510290326 0.012053571428571429 0.002013422818791946 0.000593425849592321
0 0.004048582995951417 0.0 1.0 0.0 0.02397926662314036 0.013672182928957704 0.017034774436090222 0.0028258565877781706 0.03217684728820536
0 0.005952380952380952 0.0 1.0 0.0 0.004868059323937098 0.0038044713441411134 0.006882440476190475 0.0 0.001084357854181071
0 0.002564102564102564 0.0 1.0 0.0 0.012507197459331433 0.008794549049961919 0.010130494505494508 0.0016348304938908964 0.03349510697593102
0 0.003472222222222222 0.0 1.0 0.0 0.01857004579973306 0.008145980628687988 0.011284722222222222 0.0013671389510315683 0.04653463448502158
0 0.00392156862745098 0.0 1.0 0.0 0.018541888816535516 0.013491647277875963 0.014732142857142859 0.002982848620432513 0.06157408467146513
0 0.0015015015015015015 0.0 1.0 0.0 0.004620949251586056 0.0074374010446896675 0.009954150579150578 0.00018138944313440957 8.843701876822891e-05
0 0.0029239766081871343 0.0 1.0 0.0 0.026402833410065427 0.01454528541146274 0.017733134920634924 0.0032314193388018895 0.03361378453591592
0 0.0019230769230769232 0.0 1.0 0.0 0.012813661173728175 0.011775867349639996 0.013392857142857142 0.0024092238857339526 0.03503699975123987
0 0.003663003663003663 0.0 1.0 0.0 0.007043167854389774 0.00468242626971214 0.010302197802197802 0.0 0.006823829676902
0 0.002840909090909091 0.0 1.0 0.0 0.001030450728640095 0.0 0.008928571428571428 0.0009787472035794184 0.0013310158767840703
0 0.034482758620689655 0.0 1.0 0.0 0.013388135457143124 0.005214984154909444 0.01048951048951049 0.0024156048070535672 0.034482758620689655
0 0.010416666666666666 0.0 1.0 0.0 0.013124516526116783 0.005406192322465003 0.012929778554778554 0.0021891418563922964 0.0168171979190726
0 0.008547008547008546 0.0 1.0 0.0 0.010760952736247843 0.0068093775128622 0.011655011655011656 0.0023350846468184476 0.031010494120833166
0 0.008928571428571428 0.0 1.0 0.0 0.01220586210775423 0.013583229637507601 0.008803696303696304 0.0033775331498623975 0.04413222041744258
0 0.0064516129032258064 0.0 1.0 0.0 0.019940358521336687 0.011988899520800435 0.012801714414617641 0.001977289418676911 0.025560329366666964
0 0.008333333333333333 0.0 1.0 0.0 0.0032710844513974867 0.004021205571146739 0.011013986013986014 0.0005253940455341507 0.00034866767386331827
0 0.006493506493506493 0.0 1.0 0.0 0.019553085528931636 0.011996682529167479 0.01335028607755881 0.002547365069256488 0.042562977308391405
0 0.004032258064516129 0.0 1.0 0.0 0.01724876991084669 0.013333172613019076 0.012294157455447778 0.002598723235975369 0.030536369304632816
0 0.00505050505050505 0.0 1.0 0.0 0.0029129052720903697 0.002663334849469472 0.008502860775588048 0.000318420633657061 0.0003432910444997852
0 0.0125 0.0 1.0 0.0 0.004853174031707073 0.005345970386477248 0.008741258741258742 0.0017513134851138354 0.0012782291504452581
0 0.005681818181818182 0.0 1.0 0.0 0.0006099494123847268 0.0007596738732813282 0.011145104895104894 0.00021891418563922942 0.001777186870165831
0 0.009259259259259259 0.0 1.0 0.0 0.0007494086604813268 0.005294722524478934 0.005439005439005439 0.0 0.003264420406737909
0 0.003344481605351171 0.0 1.0 0.0 0.012726469398520426 0.009169931514624904 0.009805411979325022 0.000913728774842001 0.05521339642698051
0 0.0032467532467532465 0.0 1.0 0.0 0.010268687190894406 0.007959182698534625 0.01184043229497775 0.0015124980098710397 0.06121655048595849
0 0.006666666666666666 0.0 1.0 0.0 0.0051104953957348724 0.007026483607598234 0.007867132867132868 0.0003502626970227671 0.0014892065707609828
0 0.003289473684210526 0.0 1.0 0.0 0.0032826451855296193 0.00415290770138686 0.009201324990798676 0.0005530463637201586 0.0005103408990308278
0 0.00130718954248366 0.0 1.0 0.0 0.007305059261966233 0.007110518464934006 0.008780108780108781 0.0009340338587273788 0.027455370516290864
0 0.001736111111111111 0.0 1.0 0.0 0.007268062686792042 0.004394902995780748 0.00874125874125874 0.0010945709281961471 0.04207893690308594
0 0.0029239766081871343 0.0 1.0 0.0 0.01449328170986167 0.00546553595341571 0.010392385392385394 0.0010702471297917883 0.07039051682171817
0 0.0011363636363636365 0.0 1.0 0.0 0.011874403912115633 0.004372481755477842 0.011085505403687225 0.001154274797006846 0.02034628995484193
0 0.0026455026455026454 0.0 1.0 0.0 0.015146160720098965 0.009359165990931537 0.013111888111888114 0.0020431990659661413 0.07022823517463322
0 0.0023923444976076554 0.0 1.0 0.0 0.010202537235161634 0.0006270066147409264 0.007913139492086862 0.0 0.07176665594798969
0 0.002288329519450801 0.0 1.0 0.0 0.009966997462208988 0.0017413414035005897 0.009753404490246595 0.0002765231818600793 0.07181224803873401
0 0.06666666666666667 0.0 1.0 0.0 0.010424181203213192 0.003568625253738439 0.00731070496083551 0.001742919389978213 0.06666666666666667
0 0.038461538461538464 0.0 1.0 0.0 0.00127582118092297 0.0020520044534914966 0.007632054629443664 0.0014077425842131724 0.000825901951469299
0 0.015873015873015872 0.0 1.0 0.0 0.00851346657149086 0.003141622340166824 0.012184508268059184 0.0023031434796140686 0.04309766916801795
0 0.013157894736842105 0.0 1.0 0.0 0.002637980342364059 0.003173292102570803 0.009138381201044387 0.0014447884416924665 0.00884659055414575
0 0.01 0.0 1.0 0.0 0.007851798392337845 0.006817347981727622 0.016383812010443866 0.0033986928104575162 0.04693829002153456
0 0.005376344086021505 0.0 1.0 0.0 0.009513302482078106 0.008459631138110229 0.011875684325781182 0.0024457094665823313 0.022085004501826024
0 0.0047619047619047615 0.0 1.0 0.0 0.007133757409233963 0.005571878788675236 0.010400348128807661 0.002570806100217866 0.029502371228267234
0 0.007352941176470588 0.0 1.0 0.0 0.0111105617313451 0.007093363767080681 0.009983105513745968 0.0019223375624759708 0.0512856692380091
0 0.012345679012345678 0.0 1.0 0.0 0.0014407239095377234 0.0009880021442736835 0.005657093124456048 0.0013071895424836603 0.0027540087170138377
0 0.008333333333333333 0.0 1.0 0.0 0.0015990657273134302 0.0008254015177477959 0.007832898172323759 0.0015250544662309365 0.0015587303751800348
0 0.004784688995215311 0.0 1.0 0.0 0.00898915555476676 0.004474689834027315 0.008519994503229355 0.0009631922944616442 0.04594356569177082
0 0.008333333333333333 0.0 1.0 0.0 0.0035455904144994998 0.0037149509686826487 0.008616187989556134 0.00065359477124183 0.0008784744640000632
0 0.004524886877828055 0.0 1.0 0.0 0.012432413638949457 0.008016529515839031 0.011979726616495165 0.001845444059976932 0.05119349106977874
0 0.0047619047619047615 0.0 1.0 0.0 0.012992859707769172 0.005559412757835793 0.008964316797214968 0.00130718954248366 0.05784057025603894
0 0.0023809523809523807 0.0 1.0 0.0 0.0023112716025372832 0.005486916670886624 0.007086907870197689 0.0007002801120448179 0.00017766575700323104
0 0.005208333333333333 0.0 1.0 0.0 0.0019889176570845476 0.0038434870321862272 0.009899912967798085 0.000980392156862745 0.0008743590355248126
0 0.00980392156862745 0.0 1.0 0.0 0.003022408880315485 0.00656212494956665 0.007180156657963445 0.00043572984749455336 0.002165012618828356
0 0.002525252525252525 0.0 1.0 0.0 0.0078230807964204 0.00435077660331701 0.013410871113220986 0.0019013666072489601 0.03975464822477949
0 0.001949317738791423 0.0 1.0 0.0 0.0009708743168981034 0.0026962186030231178 0.0063340102504593375 0.0004841442749939481 0.000532740877364511
0 0.0020833333333333333 0.0 1.0 0.0 0.0010372246085922794 0.003231826622523733 0.009899912967798087 0.0007625272331154685 0.000310706654823435
0 0.003663003663003663 0.0 1.0 0.0 0.013064472563276483 0.008242997564043321 0.009439646515364532 0.002212166918049271 0.06768407579553683
0 0.0025252525252525255 0.0 1.0 0.0 0.0032532599578746764 0.004940010721368416 0.005439512619669277 0.00014524328249818444 0.000387769230107102
0 0.001976284584980237 0.0 1.0 0.0 0.007256020520544237 0.005077052942814019 0.009197721338713506 0.00077243018419489 0.039779553290033166
0 0.000992063492063492 0.0 1.0 0.0 0.009245993301478454 0.004550099405602202 0.00932487877657591 0.0009025832555244319 0.015205198511728323
0 0.003076923076923077 0.0 1.0 0.0 0.010799217750557321 0.00679667689215413 0.01285398674432617 0.0014077425842131722 0.07479423965656928
0 0.0015384615384615385 0.0 1.0 0.0 0.009399021756300134 0.005621220128320475 0.011697127937336816 0.0018823529411764702 0.035067319668802166
0 0.0020576131687242796 0.0 1.0 0.1111111111111111 0.008195102629270442 0.005090202989709816 0.01073397156948071 0.0010893246187363833 0.05132382434167065
0 0.0017857142857142857 0.0 1.0 0.1 0.003076572970456214 0.0035568077193852605 0.006201044386422976 0.000130718954248366 0.0001969463621999216
0 0.0014992503748125937 0.0 1.0 0.08695652173913043 0.007203602071634996 0.004946602538578424 0.007322056987172211 0.0007388462631429382 0.04023819924132361
0 0.003333333333333333 0.0 1.0 0.0 0.0025207013056533713 0.0035568077193852605 0.010443864229765013 0.0 0.0007757199647054069
0 0.0012406947890818859 0.0 1.0 0.0 0.0004210879474323735 0.0013680029689943308 0.006376782486443062 0.0005027652086475616 0.00043031357688924166
0 0.002232142857142857 0.0 1.0 0.0 0.010972228329510444 0.007032395500396875 0.010816859380828048 0.0014939309056956115 0.06601901188907153
0 0.00202020202020202 0.0 1.0 0.0 0.00990610963351283 0.004352905806301448 0.009747606614447348 0.0007843137254901959 0.06339856318386858
0 0.0017301038062283738 0.0 1.0 0.11764705882352941 0.0012704132109337609 0.0029251656945564076 0.008063277530333283 0.00015378700499807765 0.00048300828170885003
0 0.0025974025974025974 0.0 1.0 0.0 0.0010480101037410585 0.0016167307815387548 0.007595537621647281 0.00023767082590612002 0.001309106532500947
0 0.0009259259259259259 0.0 1.0 0.0 0.007101076440450286 0.005738287721562768 0.008050478677110532 0.001176470588235294 0.029405425236877714
0 0.002457002457002457 0.0 1.0 0.0 0.010435382811212425 0.007109434653950106 0.0075955376216472826 0.00154486036838978 0.0863653430430879
0 0.001644736842105263 0.0 1.0 0.0 0.0007658730397881986 0.0005557512061539469 0.008648825065274151 0.00065359477124183 0.0006578701847340038
0 0.0011148272017837235 0.0 1.0 0.08695652173913043 0.0020995988225826607 0.0 0.007208536723805199 0.00011366865586814435 0.0002876250316824524
0 0.0015625 0.0 1.0 0.0 0.0018660434058251421 0.0 0.006772193211488251 0.0 0.0004678524977312369
0 0.001524390243902439 0.0 1.0 0.0 0.0011727443900275024 0.0 0.006282637075718016 0.0008169934640522876 0.0008284769752297471
0 0.038461538461538464 0.0 1.0 0.0 0.01563934539860208 0.005387143628432178 0.010195840904502321 0.003238866396761133 0.038461538461538464
0 0.017241379310344827 0.0 1.0 0.0 0.022349896210932377 0.008828272722291674 0.012761335867499323 0.0034482758620689646 0.021424248427109237
0 0.012345679012345678 0.0 1.0 0.0 0.015703150337542663 0.010051842589198402 0.010498687664041995 0.003118908382066276 0.030738871922294013
0 0.0125 0.0 1.0 0.0 0.02313632584068937 0.013656351042326242 0.014304461942257218 0.004342105263157894 0.030448081671027083
0 0.014285714285714287 0.0 1.0 0.0 0.0066342953937131915 0.006837897940899011 0.009936257967754032 0.0011278195488721805 0.022497131138126642
0 0.011904761904761904 0.0 1.0 0.0 0.0011453407541740467 0.005665558798066477 0.00712410948631421 0.0 0.001138562099359386
0 0.014285714285714285 0.0 1.0 0.0 0.02207024276494269 0.010246930617978978 0.012335958005249344 0.0015789473684210526 0.0851291297361212
0 0.004807692307692308 0.0 1.0 0.0 0.01563839209142923 0.006617861712929417 0.01110438118312134 0.0010121457489878543 0.030102893712681243
0 0.01111111111111111 0.0 1.0 0.0 0.011041981876358832 0.006488778935654985 0.012860892388451445 0.0005263157894736842 0.00040621542721153354
0 0.01 0.0 1.0 0.0 0.011298218688957978 0.004823090196919236 0.007086614173228346 0.0 0.003444955792446215
0 0.0026737967914438505 0.0 1.0 0.0 0.009383923437860587 0.005201371780991333 0.007951211980855336 0.0004643962848297214 0.026324692635479836
0 0.0037878787878787876 0.0 1.0 0.0 0.011622288612815229 0.009110036070286332 0.009782868050584587 0.001674641148325359 0.032449388397673716
0 0.006993006993006993 0.0 1.0 0.0 0.019401003975732856 0.007920599426972715 0.011930326890956812 0.0009569377990430622 0.07536599167455321
0 0.0023809523809523807 0.0 1.0 0.0 0.013984996141364631 0.006228070276372276 0.009623797025371831 0.0006140350877192982 0.017657177725162974
0 0.006666666666666666 0.0 1.0 0.0 0.004812205442775802 0.0016076967323064117 0.008398950131233596 0.0010526315789473684 0.001058942579811041
0 0.004166666666666667 0.0 1.0 0.0 0.010513194842702057 0.009281366088280606 0.01014873140857393 0.0005263157894736842 0.001802442221604832
0 0.0034602076124567475 0.0 1.0 0.0 0.01798324629328097 0.007674909720297261 0.012814574648757142 0.0017027863777089782 0.04591323724826707
0 0.00505050505050505 0.0 1.0 0.0 0.0039827424880090005 0.005846169935659679 0.010260081126222858 0.0009569377990430622 0.0009994059102641536
0 0.002770083102493075 0.0 1.0 0.0 0.015966938508895124 0.008097755898737673 0.011051250172675782 0.001662049861495845 0.041873870417230834
0 0.0019230769230769232 0.0 1.0 0.0 0.0028046266227343517 0.0 0.0067635776297193615 0.0004048582995951417 0.0002704472746022636
0 0.038461538461538464 0.0 1.0 0.0 0.01563934539860208 0.005387143628432178 0.010195840904502321 0.003238866396761133 0.038461538461538464
0 0.017241379310344827 0.0 1.0 0.0 0.022349896210932377 0.008828272722291674 0.012761335867499323 0.0034482758620689646 0.021424248427109237
0 0.012345679012345678 0.0 1.0 0.0 0.015703150337542663 0.010051842589198402 0.010498687664041995 0.003118908382066276 0.030738871922294013
0 0.0125 0.0 1.0 0.0 0.02313632584068937 0.013656351042326242 0.014304461942257218 0.004342105263157894 0.030448081671027083
0 0.014285714285714287 0.0 1.0 0.0 0.0066342953937131915 0.006837897940899011 0.009936257967754032 0.0011278195488721805 0.022497131138126642
0 0.011904761904761904 0.0 1.0 0.0 0.0011453407541740467 0.005665558798066477 0.00712410948631421 0.0 0.001138562099359386
0 0.014285714285714285 0.0 1.0 0.0 0.02207024276494269 0.010246930617978978 0.012335958005249344 0.0015789473684210526 0.0851291297361212
0 0.004807692307692308 0.0 1.0 0.0 0.01563839209142923 0.006617861712929417 0.01110438118312134 0.0010121457489878543 0.030102893712681243
0 0.01111111111111111 0.0 1.0 0.0 0.011041981876358832 0.006488778935654985 0.012860892388451445 0.0005263157894736842 0.00040621542721153354
0 0.01 0.0 1.0 0.0 0.011298218688957978 0.004823090196919236 0.007086614173228346 0.0 0.003444955792446215
0 0.0026737967914438505 0.0 1.0 0.0 0.009383923437860587 0.005201371780991333 0.007951211980855336 0.0004643962848297214 0.026324692635479836
0 0.0037878787878787876 0.0 1.0 0.0 0.011622288612815229 0.009110036070286332 0.009782868050584587 0.001674641148325359 0.032449388397673716
0 0.006993006993006993 0.0 1.0 0.0 0.019401003975732856 0.007920599426972715 0.011930326890956812 0.0009569377990430622 0.07536599167455321
0 0.0023809523809523807 0.0 1.0 0.0 0.013984996141364631 0.006228070276372276 0.009623797025371831 0.0006140350877192982 0.017657177725162974
0 0.006666666666666666 0.0 1.0 0.0 0.004812205442775802 0.0016076967323064117 0.008398950131233596 0.0010526315789473684 0.001058942579811041
0 0.004166666666666667 0.0 1.0 0.0 0.010513194842702057 0.009281366088280606 0.01014873140857393 0.0005263157894736842 0.001802442221604832
0 0.0034602076124567475 0.0 1.0 0.0 0.01798324629328097 0.007674909720297261 0.012814574648757142 0.0017027863777089782 0.04591323724826707
0 0.00505050505050505 0.0 1.0 0.0 0.0039827424880090005 0.005846169935659679 0.010260081126222858 0.0009569377990430622 0.0009994059102641536
0 0.002770083102493075 0.0 1.0 0.0 0.015966938508895124 0.008097755898737673 0.011051250172675782 0.001662049861495845 0.041873870417230834
0 0.0019230769230769232 0.0 1.0 0.0 0.0028046266227343517 0.0 0.0067635776297193615 0.0004048582995951417 0.0002704472746022636
0 0.03571428571428571 0.0 1.0 0.0 0.020343358887259504 0.013205388166478807 0.01380262249827467 0.005547850208044381 0.03571428571428572
0 0.023809523809523808 0.0 1.0 0.0 0.019497668144148914 0.009404829296733868 0.015182884748102138 0.005316689782709198 0.03707541804616806
0 0.037037037037037035 0.0 1.0 0.0 0.04979092055745418 0.006964208385161097 0.017176596886741814 0.0016181229773462782 0.0703434692369518
0 0.041666666666666664 0.0 1.0 0.0 0.004654382862956786 0.010902680003538412 0.012077294685990338 0.0016181229773462782 0.0017522251961309364
0 0.009090909090909092 0.0 1.0 0.0 0.024214054786669506 0.013633191308076697 0.015810276679841893 0.0017652250661959398 0.02474383534767698
0 0.008333333333333333 0.0 1.0 0.0 0.014439790232464843 0.0019562165247983153 0.012318840579710144 0.0004854368932038835 0.04265746707778746
0 0.007936507936507936 0.0 1.0 0.0 0.02189584526279207 0.013323998649833045 0.015029522275899087 0.0018878101402373245 0.0484748892277857
0 0.002840909090909091 0.0 1.0 0.0 0.022460605377176788 0.018029039545906768 0.015810276679841896 0.002537511032656663 0.012234465013005635
0 0.005555555555555555 0.0 1.0 0.0 0.023737023544216952 0.017232029946645577 0.015458937198067629 0.0014563106796116503 0.03845223115801949
0 0.005263157894736842 0.0 1.0 0.0 0.001760770957345122 0.001737964936976063 0.011695906432748539 0.0005109862033725089 0.00048634400255744855
0 0.03125 0.0 1.0 0.0 0.0084078150841799 0.007833361239084426 0.007750984251968502 0.002403846153846154 0.03125
0 0.013157894736842105 0.0 1.0 0.0 0.007433026707270076 0.005285470952271016 0.008651056775797762 0.00212810131838472 0.02472978966759719
0 0.014492753623188404 0.0 1.0 0.0 0.008386309000783007 0.0033811915117765183 0.009414584046559397 0.0021438984649687002 0.0413980934792858
0 0.006756756756756757 0.0 1.0 0.0 0.005708857152297894 0.0030913088782256546 0.009470100021281123 0.00207900207900208 0.024912210366827902
0 0.0058823529411764705 0.0 1.0 0.0 0.014001408015356365 0.008528593552733651 0.011695229272811483 0.0012762501450284255 0.02050394713482716
0 0.008771929824561403 0.0 1.0 0.0 0.007334012009771769 0.009514170844813064 0.006319933692498965 0.001038098204090107 0.0003090729034755933
0 0.006802721088435374 0.0 1.0 0.0 0.013722600215193285 0.010965199922656934 0.0064679415073115865 0.00169061707523246 0.04214109821576047
0 0.005681818181818182 0.0 1.0 0.0 0.010532346554694842 0.006666089729284469 0.010647816750178955 0.0011655011655011655 0.00012695299546532503
0 0.0101010101010101 0.0 1.0 0.0 0.0015865814515696852 0.0028286755693894207 0.013063707945597712 0.0007172314864622557 0.0015885159679998428
0 0.01 0.0 1.0 0.0 0.0 0.0 0.008070866141732283 0.00039447731755424067 0.0049044800251579045
0 0.004132231404958678 0.0 1.0 0.0 0.004688382281819126 0.005376837390332868 0.011095204008589835 0.0014344629729245114 0.00015408086397526835
0 0.003472222222222222 0.0 1.0 0.0 0.005991659422462009 0.005214883902772141 0.01074475065616798 0.0009040105193951348 0.0001615629935117244
0 0.0034965034965034965 0.0 1.0 0.0 0.007542631387901514 0.0068076129636527255 0.009126700071581962 0.0012551551013089473 0.05290376206548819
0 0.002040816326530612 0.0 1.0 0.0 0.005689703652508519 0.00332625124218555 0.00950506186726659 0.00039447731755424067 0.034713903568407305
0 0.00196078431372549 0.0 1.0 0.0 0.006878744264261576 0.008695513233837096 0.006889763779527559 0.0006381250725142128 0.0024601392618029344
0 0.003125 0.0 1.0 0.0 0.0007361735029775109 0.002012542829385891 0.007578740157480316 0.00039447731755424067 0.0006954667845648195
0 0.00267379679144385 0.0 1.0 0.0 0.004076433336465808 0.00426903024415189 0.00984251968503937 0.0 0.0001640116792237398
0 0.003472222222222222 0.0 1.0 0.0 0.005121786974423111 0.007488754353277902 0.012426181102362205 0.0004930966469428008 0.00025590318840083636
0 0.003095975232198142 0.0 1.0 0.0 0.011937350008104553 0.008332492149961757 0.0077582213987957395 0.0010442046641141664 0.06338274267444526
0 0.002173913043478261 0.0 1.0 0.0 0.0062710854070129165 0.0020562464136878052 0.004964053406367682 0.0004287796929937398 0.051595793833565655
0 0.0018315018315018315 0.0 1.0 0.0 0.0016840496825891382 0.0 0.006511205330102969 0.0001517220452131695 0.0006004556864586769
0 0.05 0.0 1.0 0.0 0.016269573559182144 0.009234020040711735 0.00945945945945946 0.004298642533936651 0.049999999999999996
0 0.022727272727272728 0.0 1.0 0.0 0.01427108090220518 0.00817094563693293 0.013923013923013922 0.004730563554092965 0.03426049972335753
0 0.02222222222222222 0.0 1.0 0.0 0.010974151061278057 0.01717794472123763 0.006306306306306307 0.004826546003016591 0.00571446133208643
0 0.008620689655172414 0.0 1.0 0.0 0.012112196924387073 0.014083899732714051 0.010717614165890028 0.001248244655952567 0.025328087208266733
0 0.00625 0.0 1.0 0.0 0.012659973186510144 0.010997983435562974 0.010557432432432432 0.0012726244343891405 0.023325677175588675
0 0.00980392156862745 0.0 1.0 0.0 0.013117251101129325 0.003743278985700186 0.012188659247482777 0.0007985094490284802 0.050781128676980015
0 0.007142857142857143 0.0 1.0 0.0 0.016250093280224885 0.016108019574611505 0.012612612612612612 0.002714932126696833 0.03727873286182184
0 0.005681818181818182 0.0 1.0 0.0 0.006941560762581717 0.013490803269842434 0.00819000819000819 0.0014397367338543807 0.005071579654530604
0 0.0065359477124183 0.0 1.0 0.0 0.021740822448538952 0.01268501073670227 0.014043455219925808 0.0007985094490284802 0.03552691951848393
0 0.0035714285714285718 0.0 1.0 0.0 0.012073590838068499 0.008401340654706739 0.010456885456885457 0.0008080155138978669 0.029024635557759828