0 0.015873015873015872 0.0 1.0 0.0 0.005084864669012988 0.0035246826283373495 0.009465223998095972 0.0014846585285384348 0.015873015873015872
0 0.027777777777777776 0.0 1.0 0.0 0.007345890157915807 0.005779663700941991 0.008009739843649877 0.0019245573518090842 0.039085902579929194
0 0.007246376811594202 0.0 1.0 0.0 0.0031797116716889514 0.004935664297378387 0.004362870467880246 0.0012049402550456867 0.006067306725469044
0 0.016666666666666666 0.0 1.0 0.0 0.002445479064411117 0.002618319770332683 0.007304882737408689 0.001077752117013087 0.019517431857459595
0 0.022222222222222223 0.0 1.0 0.0 0.005948926344428716 0.005847850114974416 0.0029475842624631546 0.001411342057993328 0.011077984532734562
0 0.007936507936507936 0.0 1.0 0.0 0.005119682056147214 0.002745682816242751 0.007085187015982862 0.0014296711756296059 0.031037301837937695
0 0.008928571428571428 0.0 1.0 0.0 0.0054862414205431 0.0026746921207281425 0.008073817762399077 0.001948614318706698 0.0414304421434744
0 0.0024509803921568627 0.0 1.0 0.0392156862745098 0.003577965045187616 0.002518309872041918 0.008571363955039915 0.0009056740479101573 0.01218357430421149
0 0.0031746031746031746 0.0 1.0 0.0 0.004201404862677157 0.0024242973754563697 0.005173834239578183 0.00026393929396238865 0.017955037873792597
0 0.005 0.0 1.0 0.0 0.00507542824686615 0.004148251477535588 0.005190311418685121 0.00040415704387990767 0.03293209882768292
0 0.004132231404958678 0.0 1.0 0.0 0.004528318592933603 0.0028157386757959387 0.011534025374855823 0.0010497585555322277 0.029061580297958547
0 0.002525252525252525 0.0 1.0 0.0 0.006357505177140697 0.003601216801067372 0.007968962986264023 0.0003849114703618168 0.026870866730912442
0 0.0038461538461538464 0.0 1.0 0.1 0.008061258935447516 0.0069973035154193034 0.0070934256055363324 0.0009815242494226328 0.026124075584002128
0 0.005494505494505494 0.0 1.0 0.0 0.0020227122480869267 0.00521399084868504 0.005855735959542188 0.0007994315153668503 0.009250761095058664
0 0.003703703703703704 0.0 1.0 0.0 0.004452846358372699 0.0029244188586794433 0.007433038574907087 0.0003207595586348473 0.03676167268486541
0 0.003289473684210526 0.0 1.0 0.0 0.008971402799140151 0.0066864332375651874 0.00874157712620652 0.0009724079251245898 0.04456486322740561
0 0.0058823529411764705 0.0 1.0 0.0 0.001846932781392644 0.0031245245368579783 0.006574394463667821 0.0008083140877598153 0.01164763002187766
0 0.001984126984126984 0.0 1.0 0.0 0.0033794750815113518 0.0034419877360458615 0.0057670126874279125 8.248102936324645e-05 0.021016563760214216
0 0.0023923444976076554 0.0 1.0 0.0 0.006998334946087018 0.004485224916941265 0.00959421201635734 0.0008922947722023935 0.03993916499942806
0 0.0038461538461538464 0.0 1.0 0.0 0.008629197017262481 0.00785495931099805 0.009138497027770382 0.0006217800675075503 0.04082900318079325
0 0.002976190476190476 0.0 1.0 0.0 0.01013825852071389 0.0039469908805376125 0.010236447520184544 0.0006495381062355658 0.05413272329483866
0 0.0016233766233766235 0.0 1.0 0.0 0.002494989711703665 0.002244274088856586 0.008032624814631734 0.0004948861761794787 0.0005052325947367143
0 0.0033444816053511705 0.0 1.0 0.15384615384615385 0.005299120235457482 0.0030211381965377115 0.008783603939313283 0.0 0.0456380161880025
0 0.0021929824561403508 0.0 1.0 0.0 0.0018168866538529462 0.0037207701999464452 0.006131245067686517 0.0 0.0020731275352566174
0 0.0017391304347826088 0.0 1.0 0.0 0.0055717844518828365 0.003785771226546672 0.009728699664008826 0.0007028818154433176 0.026973249647616764
0 0.0018315018315018315 0.0 1.0 0.0 0.0017481172996770607 0.0029161367945383593 0.006975339155269951 0.00021994941163532388 0.005463227116823874
0 0.0028490028490028487 0.0 1.0 0.0 0.001331000908437617 0.0027028295326137364 0.008961050483541831 0.0009770829632261503 0.011483138604864523
0 0.0015527950310559005 0.0 1.0 0.08695652173913043 0.001317823237845495 0.002441932653419126 0.010932250137906824 0.0014057636308866352 0.0011569798532066757
0 0.002028397565922921 0.0 1.0 0.0 0.0037962671020290023 0.00415850787052838 0.007666734513874753 0.0002717022143730471 0.004204816102131433
0 0.0022222222222222222 0.0 1.0 0.0 0.0022095125109823006 0.0029387329983731215 0.0116878123798539 0.0005388760585065436 0.0007759937558659198
0 0.001466275659824047 0.0 1.0 0.0 0.0030449739949637397 0.002606553949104248 0.007549543881723811 0.000419903422212891 0.004919259529594757
0 0.001736111111111111 0.0 1.0 0.0 0.007770892737961792 0.0010683442221475626 0.009291298218633857 0.0010264305876315114 0.035613715206111445
0 0.002331002331002331 0.0 1.0 0.0 0.0028693538309371306 0.001073851316686231 0.006121905775885015 0.00044412861964825015 0.004915219310508945
0 0.001278772378516624 0.0 1.0 0.0 0.004847053804270073 0.0008727919109260537 0.010882102201494407 0.0007028818154433176 0.0277606386894663
0 0.0035714285714285713 0.0 1.0 0.0 0.0011558302865509722 0.0 0.012399077277970013 0.0007217090069284065 0.011354764185920664
0 0.0012077294685990338 0.0 1.0 0.0 0.004407149238328788 0.0 0.005265533323303747 0.0 0.02857132824556873
0 0.0016891891891891893 0.0 1.0 0.0 0.00555331317392284 0.0015579850294227446 0.009587658592848904 0.0005051963048498846 0.04040705129089786
0 0.0020242914979757085 0.0 1.0 0.0 0.002606096007023861 0.0020871365315834065 0.009759559932570312 0.00044412861964825015 0.0016224018876669977
0 0.0014245014245014244 0.0 1.0 0.0 0.0031827027470041486 0.0024773636132030827 0.008201973599897475 0.0006415191172696946 0.007653074501608574
0 0.0014705882352941176 0.0 1.0 0.0 0.002557690531287465 0.0 0.007056109641088269 0.00020377666077978538 0.004809312797394892
0 0.001524390243902439 0.0 1.0 0.0 0.0 0.0 0.0066320645905421 0.0008660508083140878 0.002452851186624208
0 0.021739130434782608 0.0 1.0 0.0 0.007946370682328013 0.005373006868151526 0.012638026224982746 0.0021177284121358794 0.021739130434782608
0 0.016666666666666666 0.0 1.0 0.0 0.007717390296742116 0.0041020503536039424 0.012566137566137565 0.0024519549370443992 0.02391007922727627
0 0.006060606060606061 0.0 1.0 0.0 0.006455863010740576 0.00530101903080536 0.011255411255411255 0.0019880715705765393 0.016625255133903442
0 0.005952380952380952 0.0 1.0 0.0 0.004589379906223669 0.007730908925945544 0.009306500377928947 0.0013253810470510272 0.021720630336855607
0 0.008333333333333333 0.0 1.0 0.0 0.0011307205376964733 0.005035137050032235 0.007523148148148148 0.00033134526176275674 0.002890123994874394
0 0.006172839506172839 0.0 1.0 0.0 0.0029845801257011397 0.0030052550312897326 0.011243386243386243 0.00044179368235034236 0.011142405160054448
0 0.007518796992481203 0.0 1.0 0.0 0.0064387394814584015 0.0048440941198375905 0.007623224728487884 0.0003139060374594538 0.030443158405449876
0 0.008928571428571428 0.0 1.0 0.0 0.00659273628490003 0.009377654655953213 0.006519274376417234 0.001136040897472309 0.0021116052176299582
0 0.0037037037037037034 0.0 1.0 0.0 0.007683978815377286 0.006279376793702292 0.013293650793650793 0.0007289595758780649 0.016611140703201185
0 0.007692307692307693 0.0 1.0 0.0 0.006081652384581421 0.007525621091734351 0.008394383394383394 0.0012234286588163326 0.037578279899576524
0 0.004545454545454545 0.0 1.0 0.0 0.004376205542097024 0.011610763787462505 0.007539682539682539 0.0015904572564612324 0.0014740806490257281
0 0.004629629629629629 0.0 1.0 0.0 0.001710086889605596 0.005053317662091619 0.006944444444444444 0.0014358294676386123 0.00759706884955507
0 0.0038461538461538464 0.0 1.0 0.0 0.007541694409677557 0.007349293149851601 0.01240079365079365 0.0006958250497017891 0.019796085380650273
0 0.003968253968253968 0.0 1.0 0.0 0.009477875673228204 0.002609461024391554 0.012235449735449735 0.00044179368235034236 0.02100970448138087
0 0.0024691358024691358 0.0 1.0 0.0 0.007936864589434907 0.007313737666501909 0.007569077013521456 0.0006626905235255136 0.021556966644143
0 0.003289473684210526 0.0 1.0 0.0 0.0049424019759829714 0.006994702762732956 0.010547201336675019 0.0010463534581981791 0.007192288840005955
0 0.002352941176470588 0.0 1.0 0.0 0.012851828443285605 0.0055352347112707125 0.015317460317460311 0.0013518886679920474 0.03432466804393252
0 0.0027777777777777775 0.0 1.0 0.0 0.00445263889280925 0.0051466965529648485 0.00992063492063492 0.0008946322067594431 0.0005579809409026152
0 0.004784688995215311 0.0 1.0 0.0 0.004136096220441968 0.0012294225128003451 0.0101010101010101 0.0 0.0017805799536872585
0 0.0019230769230769232 0.0 1.0 0.0 0.0018323211836207736 0.0009962857762459902 0.007326007326007326 0.0006117143294081663 0.0008026759096947637
0 0.043478260869565216 0.0 1.0 0.0 0.008331146763111877 0.006807913358212461 0.006624111766831268 0.0026570048309178733 0.043478260869565216
0 0.02 0.0 1.0 0.0 0.006577717423954743 0.0059695567695593945 0.012299168975069252 0.0031111111111111105 0.027548003878610512
0 0.016666666666666666 0.0 1.0 0.0 0.010442167411838833 0.010081272223026894 0.005678670360110803 0.003055555555555555 0.035264805563487794
0 0.010416666666666666 0.0 1.0 0.0 0.005069776634901515 0.009354943940321084 0.010156971375807943 0.0028935185185185175 0.00012894827626988518
0 0.008 0.0 1.0 0.0 0.00439098637724772 0.0037158254834473714 0.012742382271468143 0.0018888888888888887 0.0012498154839263376
0 0.010416666666666666 0.0 1.0 0.0 0.006535600801647764 0.006246968927663849 0.00986842105263158 0.0006944444444444445 0.0002062944586618984
0 0.005952380952380952 0.0 1.0 0.0 0.006144198857003806 0.007217706846424439 0.0110803324099723 0.0015046296296296298 0.0006883621259836047
0 0.0125 0.0 1.0 0.0 0.01312247244473666 0.0027836862744979197 0.008310249307479225 0.0005555555555555556 0.07196410601590726
0 0.007407407407407407 0.0 1.0 0.0 0.006695918930999413 0.006041792491759568 0.008679593721144968 0.0007407407407407408 0.0003538695332328709
0 0.005 0.0 1.0 0.0 0.013425388802887381 0.008576799889081225 0.008587257617728532 0.0005555555555555556 0.030192897750389098
0 0.005681818181818182 0.0 1.0 0.0 0.010883467115434139 0.0094477705046171 0.010041551246537397 0.0 0.042738665201034136
0 0.0030864197530864196 0.0 1.0 0.0 0.0071518693407642475 0.0036994724390997705 0.009438801682568996 0.00041152263374485596 0.032146814386885145
0 0.006410256410256411 0.0 1.0 0.0 0.0065232364799849675 0.006298513669744733 0.007156048014773778 0.0 0.0032732604873107023
0 0.0024630541871921183 0.0 1.0 0.0 0.010217711924065972 0.002792766029188262 0.009552010698251982 0.0003831417624521073 0.025258739357768838
0 0.008333333333333333 0.0 1.0 0.0 0.009654049903870181 0.0094477705046171 0.006232686980609419 0.0006944444444444445 0.04362226300313732
0 0.004464285714285714 0.0 1.0 0.0 0.008071175540138593 0.006910461053997269 0.007123070834982194 0.000992063492063492 0.01521941594378637
0 0.00980392156862745 0.0 1.0 0.0 0.0 0.0 0.00554016620498615 0.0 0.013031383850988386
0 0.009259259259259259 0.0 1.0 0.0 0.0 0.0 0.024007386888273318 0.000925925925925926 0.004061395193094826
0 0.0037593984962406013 0.0 1.0 0.0 0.006846359495961159 0.008260142554656855 0.0055401662049861505 0.0005952380952380952 0.024834937043397926
0 0.004545454545454546 0.0 1.0 0.0 0.011870897351062532 0.003435552910769854 0.003273734575673634 0.0 0.06837634658183248
0 0.002976190476190476 0.0 1.0 0.0 0.0 0.0 0.007617728531855956 0.0008680555555555555 0.0008398990490725532
0 0.037037037037037035 0.0 1.0 0.0 0.019299148044843197 0.012885824850559597 0.009143034247636758 0.004357298474945533 0.037037037037037035
0 0.027777777777777776 0.0 1.0 0.0 0.00956937518794252 0.005353154279710827 0.015574151557415154 0.004435107376283847 0.04366054780165232
0 0.02222222222222222 0.0 1.0 0.0 0.004606796092569681 0.00342254766541421 0.0100418410041841 0.0039215686274509795 0.00031188128412413624
0 0.009615384615384616 0.0 1.0 0.0 0.009807965141033242 0.011980154365870634 0.008368200836820083 0.0008080155138978668 0.02633458938510928
0 0.007692307692307693 0.0 1.0 0.0 0.014598505932655215 0.01107410738361424 0.018667524943675576 0.0006464124111182935 0.027878626071923537
0 0.011904761904761904 0.0 1.0 0.0 0.004665787321441037 0.0077500854418299375 0.009264793783622235 0.0 0.0004790893490414505
0 0.011904761904761904 0.0 1.0 0.0 0.007503403167942269 0.007145372650550747 0.013249651324965132 0.0 0.0003587104193061705
0 0.010416666666666666 0.0 1.0 0.0 0.019095826305200164 0.021969829472693488 0.013249651324965132 0.0014005602240896359 0.05923323849011528
0 0.005555555555555555 0.0 1.0 0.0 0.011743421538386005 0.013999506989941854 0.011297071129707112 0.0 0.0137262710643617
0 0.01 0.0 1.0 0.0 0.010205210318205912 0.009635677703479489 0.02175732217573222 0.001680672268907563 0.035917096716976994
0 0.0025974025974025974 0.0 1.0 0.0 0.010151764669929664 0.004122506348570658 0.01446503287507472 0.0009603841536614645 0.031152379285101745
0 0.003472222222222222 0.0 1.0 0.0 0.007001484042336227 0.00229733252405538 0.011157601115760111 0.0007002801120448179 0.023702290925817004
0 0.043478260869565216 0.0 1.0 0.0 0.012773320495799958 0.007166211247415818 0.00914262494920764 0.0028510334996436214 0.043478260869565216
0 0.05555555555555555 0.0 1.0 0.0 0.0036707153820942293 0.0017700740992256858 0.013759086188992731 0.002081706999739786 0.024850626567228765
0 0.013888888888888888 0.0 1.0 0.0 0.011158411165775541 0.0055578951279177695 0.014602803738317753 0.003220140515222483 0.03298079422113399
0 0.004901960784313725 0.0 1.0 0.0 0.008256119184330508 0.005495271020691457 0.006322155030236392 0.0024337603894016638 0.014247377571455106
0 0.018181818181818184 0.0 1.0 0.18181818181818182 0.0 0.0 0.008920985556499575 0.0010645092612305727 0.0038239170980827538
0 0.003472222222222222 0.0 1.0 0.0 0.007626341711982479 0.003403478617572266 0.01158489096573208 0.0011221701795472285 0.01660442703077596
0 0.006493506493506493 0.0 1.0 0.0 0.01070005308295104 0.013181380272690835 0.009770603228547154 0.0017032148179689163 0.03349179298536317
0 0.005208333333333333 0.0 1.0 0.0 0.00822828428087654 0.005188412323228776 0.013531931464174455 0.0009758001561280249 0.03525446351002584
0 0.003367003367003367 0.0 1.0 0.0 0.004360216096156351 0.012859261417335566 0.0038232795242141033 0.00078064012490242 0.0001566947548520305
0 0.0033333333333333335 0.0 1.0 0.0 0.005237310131344455 0.008855853739201959 0.008722741433021807 0.000624512099921936 0.00018052252088371167
0 0.006993006993006993 0.0 1.0 0.0 0.007594926885149628 0.010296452491842623 0.010424155283968367 0.0012610340479192938 0.0068164470303127
0 0.005952380952380952 0.0 1.0 0.0 0.007856100423134733 0.0045516191122946205 0.01034712950600801 0.0 0.05276895207217421
0 0.001876172607879925 0.0 1.0 0.0 0.0066462941920708805 0.0050866191683225995 0.008149076817870981 0.0003427200548352088 0.015545505898862813
0 0.008928571428571428 0.0 1.0 0.0 0.00606323989396673 0.006617215710570595 0.012266355140186916 0.000585480093676815 0.0010924392193944609
0 0.002777777777777778 0.0 1.0 0.0 0.0077037439995415145 0.006893307403709079 0.011876947040498438 0.000585480093676815 0.026748295028450483
0 0.0078125 0.0 1.0 0.0 0.017137486189736036 0.0019913333616288966 0.006717289719626168 0.0 0.08807127890997062
0 0.002028397565922921 0.0 1.0 0.0 0.009873141660864938 0.004783578238221613 0.008620689655172414 0.00032302349995962207 0.020501192680269942
0 0.003472222222222222 0.0 1.0 0.0 0.0 0.0 0.005841121495327103 0.000585480093676815 0.0011269652450257269
0 0.025 0.0 1.0 0.0 0.007702212610727023 0.006229085001610082 0.009388646288209606 0.0023522975929978103 0.025
0 0.020833333333333332 0.0 1.0 0.0 0.007889221342953584 0.003849458939495192 0.010098253275109171 0.0023705324580598113 0.029614583476045172
0 0.013888888888888888 0.0 1.0 0.0 0.008224815343252591 0.007316050583403704 0.008278748180494904 0.0020970094821298334 0.025956222887268756
0 0.022727272727272728 0.0 1.0 0.0 0.005289816988980989 0.008119030948865298 0.009527590313616514 0.0019892580067634776 0.0012725306001097189
0 0.006666666666666667 0.0 1.0 0.0 0.005592526704766333 0.002825304670916559 0.00851528384279476 0.001531728665207878 0.024239108234588594
0 0.00641025641025641 0.0 1.0 0.0 0.006195254589154355 0.007726280608072206 0.008229761504870675 0.000504965494024575 0.004988302294977641
0 0.007142857142857143 0.0 1.0 0.0 0.0045009638585496005 0.0069052974335614345 0.01277292576419214 0.0010940919037199124 0.0071789101534120575
0 0.010416666666666666 0.0 1.0 0.0 0.005120994255975349 0.007316050583403705 0.004184861717612808 0.0 0.00312822458545569
0 0.0031746031746031746 0.0 1.0 0.0 0.006656978768530655 0.006032556674297285 0.009482220835932628 0.0003751172241325414 0.0195746177029559
0 0.0032258064516129032 0.0 1.0 0.06451612903225806 0.00629983906721732 0.001985112999102751 0.011903084941541062 0.001129385190936684 0.019883188245322383
0 0.002840909090909091 0.0 1.0 0.0 0.005579823948684315 0.00462514995826415 0.011258187772925768 0.0008889496717724288 0.02198145416242466
0 0.003968253968253968 0.0 1.0 0.0 0.004841900625582622 0.0049764721721989634 0.01372426699937617 0.001562988433885589 0.00022158396380404061
0 0.002958579881656805 0.0 1.0 0.0 0.006041379178781008 0.006234321518652908 0.012512596573731946 0.0004208045783538125 0.029766039061371572
0 0.0035714285714285713 0.0 1.0 0.0 0.005251258761461378 0.0030168733224163187 0.008624454148471615 0.00021881838074398248 0.01135081671957367
0 0.0047619047619047615 0.0 1.0 0.0 0.005862200021362345 0.0053160321688998985 0.010917030567685589 0.00031259768677711783 0.017676163556972085
0 0.002717391304347826 0.0 1.0 0.0 0.009144514815500228 0.00388301480163123 0.009777862160622744 0.0003805537056417087 0.02422334583315273
0 0.007352941176470588 0.0 1.0 0.0 0.005470125866917309 0.005925711599786017 0.008733624454148471 0.0016411378555798686 0.0031014397464399603
0 0.0037037037037037034 0.0 1.0 0.0 0.0020789566987878603 0.003969304019445258 0.010480349344978166 0.0008752735229759299 0.005595032630224395
0 0.004048582995951417 0.0 1.0 0.0 0.006919687645212197 0.0011449915440707474 0.010077258985555927 0.0 0.06000330532693794
0 0.004545454545454546 0.0 1.0 0.0 0.0013885864315181544 0.0013531718248108832 0.017467248908296942 0.0011935548040580863 0.007203649919922262
0 0.007936507936507936 0.0 1.0 0.0 0.0012903863510995203 0.0 0.014919941775836972 0.0 0.007118052741251909
0 0.002840909090909091 0.0 1.0 0.0 0.0 0.0 0.006413755458515283 0.0008205689277899343 0.0014719003891546967
0 0.03225806451612903 0.0 1.0 0.0 0.011372209482390436 0.006459733094697152 0.01453763440860215 0.0030188028290495067 0.032258064516129024
0 0.022727272727272728 0.0 1.0 0.0 0.006094374295921971 0.011928062852668208 0.01321212121212121 0.003038405444822555 0.014171569890102211
0 0.014492753623188404 0.0 1.0 0.0 0.007320553789960244 0.00639599715663937 0.017507246376811596 0.0032550569634968596 0.02960546647276152
0 0.022727272727272728 0.0 1.0 0.0 0.005803084199134293 0.0132277973034989 0.0048484848484848485 0.0024307243558580457 0.02622292570109409
0 0.013333333333333334 0.0 1.0 0.0 0.0034390859259596242 0.008487836603078463 0.007111111111111111 0.00142602495543672 0.010132728916490015
0 0.018518518518518517 0.0 1.0 0.0 0.010864320289973667 0.0020209134769234435 0.006518518518518519 0.0005941770647653 0.07587571527121499
0 0.004081632653061224 0.0 1.0 0.0 0.004494139985233236 0.0048922144617160185 0.008685714285714286 0.0008403361344537816 0.003959703617125157
0 0.007352941176470588 0.0 1.0 0.0 0.009251564293487462 0.009629058331223465 0.01019607843137255 0.0006291286568103177 0.030534308494709356
0 0.007407407407407407 0.0 1.0 0.0 0.005578000981122481 0.0044097765519690935 0.005866666666666667 0.0005347593582887701 0.002864014314653355
0 0.007692307692307693 0.0 1.0 0.0 0.005604609225868668 0.012306717093541527 0.012923076923076923 0.0004113533525298231 0.01421671843909304
0 0.004545454545454545 0.0 1.0 0.0 0.006883163676922493 0.008578465330932162 0.011733333333333333 0.0009358288770053477 0.0074587200786722496
0 0.011904761904761904 0.0 1.0 0.0 0.0025913884812664044 0.005196634654945998 0.0064761904761904765 0.0 0.011655880203216297
0 0.006410256410256411 0.0 1.0 0.0 0.011018746348308142 0.0064023750350693034 0.013999999999999999 0.000445632798573975 0.04634802669323313
1 0.0016233766233766233 0.0 1.0 0.0 0.007627032004249571 0.0030647968994417882 0.014787878787878787 0.0009722897423432182 0.013121719232449149
0 0.002777777777777778 0.0 1.0 0.0 0.007145216484993111 0.008045239712348527 0.01011111111111111 0.0012254901960784316 0.020252077126719437
0 0.002976190476190476 0.0 1.0 0.0 0.002158436584824899 0.005287460971202359 0.007365079365079364 0.0005092946269416857 0.002950909246951666
0 0.0014705882352941176 0.0 1.0 0.0 0.0017049955081925982 0.001298525297932887 0.007333333333333333 0.0004010695187165775 0.001318178684835127
0 0.003472222222222222 0.0 1.0 0.0 0.0 0.0 0.009499999999999998 0.0011697860962566844 0.0007295134534665082
0 0.030303030303030304 0.0 1.0 0.0 0.01476489132182347 0.012020696345264873 0.015584415584415583 0.004843517138599108 0.03030303030303031
0 0.016129032258064516 0.0 1.0 0.0 0.015266110566998722 0.013990986743130587 0.01619486504279131 0.004494976203067161 0.026196597160947497
0 0.041666666666666664 0.0 1.0 0.0 0.015686678973870598 0.006259474982340539 0.018877551020408164 0.0020491803278688526 0.06985608669709673
0 0.008928571428571428 0.0 1.0 0.0 0.0020208487790561174 0.008912916979354035 0.008454810495626824 0.00117096018735363 0.0009945793197874615
0 0.0058823529411764705 0.0 1.0 0.058823529411764705 0.016921197747822688 0.00861231202830928 0.014765906362545015 0.001325940212150434 0.01989403369434894
0 0.005555555555555555 0.0 1.0 0.0 0.01334942961741647 0.009873219267848562 0.012517006802721085 0.0017759562841530056 0.02498047863557738
0 0.004081632653061224 0.0 1.0 0.0 0.010945367349466287 0.01132995395674873 0.00979591836734694 0.000468384074941452 0.011183249555123084
0 0.007352941176470588 0.0 1.0 0.0 0.016872773982170897 0.008287516135537479 0.009843937575030012 0.0009643201542912247 0.03544346764820283
0 0.009259259259259259 0.0 1.0 0.0 0.0139458360464152 0.005870323929339048 0.012925170068027214 0.0006830601092896175 0.05081822498215863
0 0.0058823529411764705 0.0 1.0 0.0 0.010947127274866424 0.0032798431838593593 0.013205282112845138 0.00048216007714561236 0.026045428384717583
0 0.023809523809523808 0.0 1.0 0.0 0.008391737027032446 0.005525488244550294 0.008398161244695898 0.0016522098306484918 0.023809523809523808
0 0.018518518518518517 0.0 1.0 0.0 0.00798192918302146 0.003422162851199225 0.011688668866886694 0.0019275781357565738 0.02751543213570126
0 0.008547008547008546 0.0 1.0 0.0 0.005029444712148036 0.005402471854991127 0.010884742320385889 0.0017793028945445298 0.02099689441493749
0 0.01 0.0 1.0 0.0 0.005622515540833527 0.0026519948395588664 0.009009900990099011 0.0015861214374225524 0.027125251814263843
0 0.006666666666666667 0.0 1.0 0.0 0.0051552616147326315 0.003606842394778717 0.011303630363036308 0.0023543990086741014 0.01913860093567055
0 0.027777777777777776 0.0 1.0 0.0 0.0 0.0 0.005775577557755776 0.0006195786864931846 0.016280417197840295
0 0.005714285714285714 0.0 1.0 0.0 0.00744859850967027 0.002830309431495079 0.010940594059405943 0.0007930607187112763 0.010281004880499569
0 0.002840909090909091 0.0 1.0 0.0 0.007546606828603205 0.006181022975315361 0.006638163816381639 0.0009856933648755208 0.010421050880272653
0 0.008547008547008546 0.0 1.0 0.0 0.012052399107301036 0.006977943997475413 0.010091393754760092 0.001143837575064341 0.053837653334560795
0 0.007692307692307693 0.0 1.0 0.0 0.0008386328047459902 0.0030948782843246278 0.008663366336633662 0.0005719187875321704 0.003501116745564971
0 0.0021645021645021645 0.0 1.0 0.0 0.004738617826765379 0.0013528805057515672 0.008516030174446017 0.00041305245766212306 0.01834134164965935
0 0.003968253968253968 0.0 1.0 0.0 0.006504266725564071 0.004932683381277635 0.007779349363507781 0.0014161798548415646 0.028769389547403785
0 0.004273504273504274 0.0 1.0 0.0 0.007774181802107409 0.003586180399764775 0.005500550055005502 0.00027536830510808204 0.04011988747469289
0 0.006493506493506493 0.0 1.0 0.0 0.0028809108935938465 0.004721671119087373 0.0074257425742574245 0.0011265067027148813 0.0022536195507966085
0 0.0024691358024691358 0.0 1.0 0.0 0.006512688352163926 0.008218676837854919 0.014484781811514488 0.0019734728532745877 0.013239302969144653
0 0.002976190476190476 0.0 1.0 0.0 0.002498525441109787 0.0036528754524691835 0.011315417256011316 0.0011211423850829053 0.0006440816167738087
0 0.002557544757033248 0.0 1.0 0.0 0.003640058263482269 0.002026886262567046 0.006941455015066724 0.0007003932977749043 0.02769102209604409
0 0.0014619883040935672 0.0 1.0 0.0 0.004383875810235811 0.004536677679181534 0.007197759249609173 0.0003260940455227288 0.015143399167609574
0 0.0020242914979757085 0.0 1.0 0.0 0.006825942766295912 0.005736406390822504 0.011233815689261236 0.000953197979220284 0.026952657370595115
0 0.001851851851851852 0.0 1.0 0.0 0.00922572763342735 0.005028977506650301 0.013201320132013205 0.0013309468080223966 0.03044722769052841
0 0.0022675736961451248 0.0 1.0 0.0 0.0036028225132166145 0.005730104993868171 0.008074021687883076 0.001239157372986369 0.005858061058575735
0 0.0016233766233766235 0.0 1.0 0.0 0.006361220651620013 0.004535893039195008 0.010564002828854316 0.0008408567888121791 0.017121270180372333
0 0.0036231884057971015 0.0 1.0 0.0 0.006323971283143423 0.005867528930786799 0.00525990099009901 0.0012391573729863693 0.05373085351147408
0 0.0021929824561403508 0.0 1.0 0.0 0.0066106814562501585 0.0070786294553831395 0.011464304325169358 0.0013043761820909147 0.011397286005378112
0 0.005714285714285714 0.0 1.0 0.0 0.0033928374987232147 0.001838540219823052 0.00830975954738331 0.0008851124092759781 0.030462219748240187
0 0.004807692307692308 0.0 1.0 0.0 0.006540930866086654 0.007718596426681254 0.013149752475247523 0.002323420074349442 0.011747116009267254
0 0.004629629629629629 0.0 1.0 0.0 0.0014068579857877122 0.0028388696945931065 0.011912128712871289 0.0007744733581164808 0.004877447513022005
0 0.002551020408163265 0.0 1.0 0.0 0.0036090645324164936 0.003370052428553952 0.010696605374823198 0.0009736236502035758 0.0027521767267826834
0 0.0014992503748125937 0.0 1.0 0.0 0.007675897179314298 0.005481218855217095 0.0092552733534223 0.0011852809654652225 0.0271633978664406
0 0.0015873015873015873 0.0 1.0 0.0 0.004747803300479761 0.006044991672444102 0.00766148043375766 0.0014751873487932965 0.007637952132493813
0 0.0032258064516129032 0.0 1.0 0.0 0.011353593004119509 0.004784976294509249 0.011509900990099011 0.0011152416356877324 0.07114998411731074
0 0.001644736842105263 0.0 1.0 0.0 0.003669336486950311 0.004970525370596157 0.010747785304846274 0.0013695949911954606 0.004484448702478127
0 0.0015151515151515152 0.0 1.0 0.0 0.0036370234086535733 0.0014449946162042129 0.01175742574257426 0.0003097893432465923 0.011885058352124767
0 0.000980392156862745 0.0 1.0 0.0 0.003734872846508258 0.003539392414815727 0.011303630363036304 0.0009913258983890955 0.00728042143733045
0 0.001680672268907563 0.0 1.0 0.0 0.0018909931540817197 0.0017487209875668083 0.007280139778683753 0.0005831328814053503 0.0020074630007668763
0 0.001633986928104575 0.0 1.0 0.0 0.00047555808460396907 0.0012263040565286699 0.009755387303436228 0.0005102412712296815 0.0033206744886168046
0 0.0016891891891891893 0.0 1.0 0.0 0.0 0.0 0.005801361386138614 0.0005421313506815366 0.003349319867262443
0 0.03125 0.0 1.0 0.0 0.005673823403486393 0.0030912014548005722 0.007190609452736318 0.0013620797011207973 0.031249999999999997
0 0.025 0.0 1.0 0.0 0.008430122549949546 0.0032829739966264058 0.009390547263681593 0.001681195516811955 0.04129779478440193
0 0.020833333333333332 0.0 1.0 0.0 0.0024953649738047507 0.003706161530453781 0.00808457711442786 0.001167496886674969 0.002043705262239239
0 0.008064516129032258 0.0 1.0 0.0 0.005005286903713637 0.002474036716486832 0.006218905472636816 0.0012855019483388906 0.026884628159671752
0 0.014285714285714287 0.0 1.0 0.0 0.0013234482735944005 0.002224902550788207 0.008972992181947406 0.0016011385874399576 0.0019149862421607984
0 0.008771929824561403 0.0 1.0 0.0 0.007898434433072206 0.006112955037777644 0.009426551453260013 0.002031854230844858 0.04630812015139846
0 0.0049261083743842365 0.0 1.0 0.0 0.0022224928611808237 0.0003516420803213896 0.0073769085606450475 0.0013312148408983556 0.0024813380233730904
0 0.00390625 0.0 1.0 0.0 0.006048951977350905 0.003056117909464616 0.005363805970149254 0.0015177459526774595 0.024968819756319437
0 0.007407407407407407 0.0 1.0 0.0 0.0029754795830409663 0.005964967945491757 0.004145936981757877 0.0008302200083022002 0.0014875896284487929
0 0.011111111111111112 0.0 1.0 0.0 0.0031347556780001095 0.0018824947456273172 0.014648977335544497 0.0006918500069185 0.0007989937803991207
0 0.012987012987012988 0.0 1.0 0.0 0.004815959228436286 0.0060754242233758155 0.0033759772565742714 0.0007116171499733144 0.003157169408218517
0 0.005208333333333333 0.0 1.0 0.0 0.002410585117648235 0.0012299201513064166 0.007384950248756218 0.00046699875466998757 0.0008691128651350828
0 0.0032051282051282055 0.0 1.0 0.0 0.006116605494946474 0.0028767543251414732 0.008654643449419568 0.00010377750103777501 0.03493107145534492
0 0.003105590062111801 0.0 1.0 0.0 0.0012575748325058603 0.00267742405149269 0.007084144494916721 0.0005955926146515783 0.0017137311499860852
0 0.009523809523809523 0.0 1.0 0.0 0.0030260277212122723 0.003956549680434308 0.005508173418621179 0.000889521437466643 0.005577671674805743
0 0.005208333333333333 0.0 1.0 0.0 0.008243197606942953 0.00352967764805122 0.010053897180762853 0.00041511000415110004 0.07277275583949418
0 0.0028011204481792717 0.0 1.0 0.0 0.007711035739066769 0.0016957761616804327 0.00923951670220327 0.00011860285832888572 0.042199873154891966
0 0.006944444444444444 0.0 1.0 0.0 0.003068671810254061 0.002117806588830732 0.0035758706467661694 0.0 0.004398326024619453
0 0.003095975232198142 0.0 1.0 0.0 0.007518418600372943 0.0019932297306642184 0.007974831723734269 0.00043952823968940007 0.053252468273780856
0 0.005 0.0 1.0 0.0 0.005569968039729476 0.006458713922890375 0.004601990049751243 0.0007471980074719801 0.0024181577031296337
0 0.005291005291005291 0.0 1.0 0.0 0.0026007734714686252 0.0031631486938326994 0.008706467661691543 0.001383700013837 0.002620420500979687
0 0.002066115702479339 0.0 1.0 0.0 0.005962251047930318 0.0027596927102050296 0.009328358208955223 0.00028302954828484094 0.03918973201235614
0 0.002898550724637681 0.0 1.0 0.0 0.005567098284445954 0.007880341399563508 0.009618573797678274 0.00215857202158572 0.011643671585143511
0 0.0016666666666666666 0.0 1.0 0.0 0.0035131569329938227 0.0003388490542129171 0.00835820895522388 0.00029887920298879206 0.0352428488813924
0 0.002 0.0 1.0 0.0 0.006994689108668526 0.005734514000667039 0.007400497512437812 0.000809464508094645 0.04249622737784043
0 0.005494505494505495 0.0 1.0 0.0 0.002630615932896904 0.003630525580852683 0.012437810945273632 0.0008895214374666429 0.003335404092421647
0 0.005291005291005291 0.0 1.0 0.0 0.00529208014660809 0.004840700774470244 0.013326226012793178 0.0 0.0009447557997960506
0 0.0014285714285714286 0.0 1.0 0.0 0.0027403298449648174 0.0049215045752728165 0.009004975124378109 0.000547945205479452 0.00023860617395311264
0 0.0049261083743842365 0.0 1.0 0.0 0.014770857215841557 0.006050875968087806 0.009061833688699361 0.0 0.11982089466187561
0 0.003333333333333333 0.0 1.0 0.0 0.002080213620094212 0.005578024907147652 0.00808457711442786 0.0007471980074719801 0.002578686446717114
0 0.0010080645161290322 0.0 1.0 0.0 0.0036675949844763253 0.004175035267566487 0.009950248756218907 0.0006615815691158156 0.026972585112256926
0 0.0009765625 0.0 1.0 0.0 0.0037187880409318007 0.003374793544755875 0.009211753731343282 0.0006226650062266501 0.006761291032871899
0 0.003787878787878788 0.0 1.0 0.0 0.0026994188203124238 0.004235613177661464 0.010727611940298507 0.0 0.0013450928032990362
0 0.001278772378516624 0.0 1.0 0.0 0.005894317056773617 0.00405049007093902 0.00865239022279905 0.0005955926146515783 0.03652669921479069
0 0.0008403361344537815 0.0 1.0 0.0 0.0027343326372228664 0.0042723800801278515 0.012108574773192857 0.0005860376529192 0.00012044979717717326
0 0.0007716049382716049 0.0 1.0 0.0 0.004211523188642352 0.00371703410308804 0.00597705914870094 0.00020755500207555002 0.0005358446554315666
0 0.001001001001001001 0.0 1.0 0.0 0.005297662747072326 0.0009833818133372244 0.007785148332412014 0.0001844933351782667 0.030221020623152337
0 0.0012531328320802004 0.0 1.0 0.0 0.0039060700523657946 0.002310104765622814 0.005212035062781331 0.0005930142916444287 0.0008777344314074133
0 0.002564102564102564 0.0 1.0 0.0 0.0 0.0 0.004850746268656716 0.0 0.008576123108447211
0 0.0025 0.0 1.0 0.0 0.009000921029277287 0.0 0.010199004975124378 0.0 0.08798506305621663
0 0.0024390243902439024 0.0 1.0 0.0 0.0 0.0008925327368508368 0.008582089552238806 0.0007471980074719801 0.005626476553259497
0 0.002976190476190476 0.0 1.0 0.0 0.0 0.0 0.0032649253731343282 0.0 0.013139445684570933
0 0.0017889087656529517 0.0 1.0 0.0 0.007508290533692476 0.0007720674472812586 0.005262150784538844 0.0001915892326851231 0.06738007536073137
0 0.0011363636363636363 0.0 1.0 0.0 0.002432780306993935 0.0 0.008644278606965174 0.0003113325031133251 0.0009679055834225115
0 0.00202020202020202 0.0 1.0 0.0 0.0019071831697143984 0.0 0.006331976481230212 0.0 0.003493618431913455
1 0.019230769230769232 0.0 1.0 0.0 0.004518163429489649 0.0064517193708096875 0.011892712550607289 0.0018495996756866307 0.019230769230769232
0 0.016129032258064516 0.0 1.0 0.0 0.003539702400456893 0.0027563693536173956 0.008701188455008491 0.0016150282629946015 0.0008353585034403282
0 0.05555555555555555 0.0 1.0 0.0 0.003660025741010325 0.0050616372353837445 0.01381578947368421 0.0013175230566534913 0.00842698167459932
0 0.009259259259259259 0.0 1.0 0.0 0.0034988753794459935 0.0015181782823918122 0.013352826510721248 0.0016591031083784697 0.01118660177634868
0 0.004761904761904762 0.0 1.0 0.0 0.0022550556500694607 0.002774048934161994 0.00968045112781955 0.0013175230566534902 0.008722671636113042
0 0.008333333333333333 0.0 1.0 0.0 0.002882700626589561 0.0 0.011513157894736841 0.0007246376811594203 0.023081468971278548
0 0.005952380952380952 0.0 1.0 0.0 0.0062870826667622325 0.003320497666656777 0.013870614035087719 0.0004391743522178305 0.010885251000556687
0 0.003289473684210526 0.0 1.0 0.0 0.0021791869117810947 0.0035174744555941852 0.008760387811634351 0.0007974481658692185 0.0022827765401066636
0 0.003003003003003003 0.0 1.0 0.0 0.005397015945923274 0.0019731128972842763 0.00956614509246088 0.00046291350639176724 0.004402299245693408
1 0.011111111111111112 0.0 1.0 0.0 0.004600331504826286 0.0009958124379043055 0.007456140350877193 0.0 0.018520324235671924
0 0.002457002457002457 0.0 1.0 0.0 0.004719857413306297 0.00394089043871086 0.008819345661450923 0.0006765658939571983 0.010156322154118035
0 0.0028735632183908046 0.0 1.0 0.0 0.00579299981000359 0.002698906305973647 0.011569872958257713 0.0007723411021761846 0.00549705180803902
0 0.002849002849002849 0.0 1.0 0.0 0.004030051773749509 0.00033524607752284555 0.01091617933723197 0.00029278290147855365 0.00036864096517904356
1 0.002857142857142857 0.0 1.0 0.0 0.00877652867345679 0.0043794842308572494 0.010421052631578949 0.0008959156785243741 0.0010674882450381342
0 0.0031746031746031746 0.0 1.0 0.0 0.004157422476015978 0.005212492332985562 0.015852130325814534 0.0017566974088713222 0.030036628986112063
0 0.002840909090909091 0.0 1.0 0.0 0.005833532434865329 0.005465179965137065 0.010167464114832535 0.001137860821655288 0.0046245331308951785
0 0.0021786492374727667 0.0 1.0 0.0 0.005606335300363218 0.005697987178699209 0.013352826510721248 0.0007807544039428098 0.0013929606170903581
0 0.004273504273504273 0.0 1.0 0.0 0.004020264234982503 0.0048258602759977875 0.006477732793522267 0.0003040437823046519 0.012390961818102644
0 0.005263157894736842 0.0 1.0 0.0 0.011751960347889582 0.007152843354982785 0.012368421052631579 0.0006587615283267457 0.0030747631891325008
0 0.002777777777777778 0.0 1.0 0.0 0.0015281721791067368 0.0019634058920809296 0.00928362573099415 0.00043917435221783044 0.009886141937717008
0 0.003968253968253968 0.0 1.0 0.0 0.00047340878437898134 0.0007468593284282291 0.01655701754385965 0.0004391743522178305 0.006197916773516035
0 0.0012987012987012987 0.0 1.0 0.0 0.0021990366976544174 0.003951373952619218 0.01368421052631579 0.0010916619612271786 0.017924554046805284
0 0.001610305958132045 0.0 1.0 0.0 0.003140653204613631 0.0037175100040703984 0.013499025341130602 0.001024740155174938 0.002459118202400856
0 0.001736111111111111 0.0 1.0 0.0 0.005632949105507622 0.00510561438526782 0.016008771929824563 0.0007136583223539745 0.009570062613281064
0 0.0026666666666666666 0.0 1.0 0.0 0.007921408945556438 0.006058997619228185 0.009649122807017543 0.00202020202020202 0.0033928413739546495
0 0.0011655011655011655 0.0 1.0 0.0 0.005119790654331529 0.005226247167354278 0.012320574162679426 0.0011578232922106438 0.006477782517129957
0 0.0028490028490028487 0.0 1.0 0.0 0.00941057929064765 0.006164468276089913 0.015182186234817818 0.0013175230566534917 0.0006782525053142341
0 0.0016233766233766233 0.0 1.0 0.0 0.005949761636068981 0.005050417735218312 0.016686602870813395 0.001197748233321356 0.004073152829749356
0 0.001277139208173691 0.0 1.0 0.0 0.005127006889087086 0.0034145470225270974 0.009502923976608188 0.0005367686527106816 0.00190131884937243
0 0.0009009009009009009 0.0 1.0 0.0 0.00441609982898528 0.00441756100108867 0.011237553342816496 0.0012819143253925865 0.0012640622809418393
0 0.03225806451612903 0.0 1.0 0.06451612903225806 0.012236331504767644 0.011030960378396404 0.010441426146010188 0.003149204187590433 0.032258064516129024
0 0.023809523809523808 0.0 1.0 0.0 0.009401822943443782 0.008998255454807771 0.017669172932330824 0.0032667420530217363 0.041577148018699966
0 0.015873015873015872 0.0 1.0 0.0 0.006433949087525983 0.010351430174578881 0.01503759398496241 0.0027641663525568546 0.00448494758417674
0 0.014705882352941176 0.0 1.0 0.0 0.01165786342759433 0.012458312074035869 0.022136222910216715 0.004035387241968027 0.045338142505959106
0 0.014285714285714287 0.0 1.0 0.0 0.01276172636233222 0.009029812474145521 0.019360902255639103 0.0020731247644176403 0.055511529104167685
0 0.010416666666666666 0.0 1.0 0.0 0.009815237965247898 0.00659501061298001 0.01875 0.0013192612137203166 0.0466681136969847
0 0.005952380952380952 0.0 1.0 0.0 0.01176150338867698 0.0068688181825817445 0.01074561403508772 0.0 0.021938717200385368
0 0.005952380952380952 0.0 1.0 0.0 0.008697184338142882 0.004421101538689005 0.013157894736842105 0.0008795074758135445 0.03674963139048903
0 0.006172839506172839 0.0 1.0 0.0 0.0007494055098761178 0.00328551575897105 0.01330409356725146 0.0008795074758135445 0.0036535708995048374
0 0.007692307692307693 0.0 1.0 0.0 0.012808436441009605 0.004587864596571779 0.02550607287449393 0.0010148163182463975 0.05645167529274782
0 0.003952569169960474 0.0 1.0 0.0 0.006639780448914732 0.005775541384888425 0.013157894736842105 0.0008030285648732362 0.017851985335945265
0 0.0023809523809523807 0.0 1.0 0.0 0.007462662546805026 0.0035896542286671823 0.01105263157894737 0.0003769317753486619 0.024907972237035846
0 0.004524886877828055 0.0 1.0 0.0 0.012336822856996613 0.0056503428854071365 0.013003095975232198 0.0009312432096849295 0.017207879297494642
0 0.002304147465437788 0.0 1.0 0.0 0.006657259107876145 0.00563625632325309 0.012563667232597624 0.001361818027066133 0.022820237881547897
0 0.0047619047619047615 0.0 1.0 0.0 0.01627095079468347 0.00716957780959406 0.015037593984962407 0.0007538635506973238 0.0648815817556062
0 0.004464285714285714 0.0 1.0 0.0 0.004958595350605767 0.013086930148279071 0.011090225563909775 0.0026385224274406327 0.0006267840738113777
0 0.00196078431372549 0.0 1.0 0.0 0.007356071323676068 0.004974671698746095 0.00956140350877193 0.0007036059806508355 0.009536704182851493
0 0.0027777777777777775 0.0 1.0 0.0 0.005053115938269516 0.0018687854164850842 0.012105263157894737 0.0005277044854881266 0.00977703870082281
0 0.030303030303030304 0.0 1.0 0.0 0.009250616640538114 0.0061460358501549545 0.011915269196822592 0.0028017400280173983 0.03030303030303031
0 0.02631578947368421 0.0 1.0 0.0 0.0023143423324237552 0.006613723829473006 0.013541134389371486 0.0023050326546292734 0.0013566000578136026
0 0.011904761904761904 0.0 1.0 0.0 0.007079813766423926 0.009531318436157002 0.017770457697642163 0.0027806743135210276 0.022028726179722746
0 0.006756756756756757 0.0 1.0 0.0 0.0072743911683708536 0.008327836694857552 0.009052742062450797 0.0018412573157098697 0.005715689047118407
0 0.022222222222222223 0.0 1.0 0.0 0.0035406028445664106 0.01125469545160058 0.005663430420711973 0.0008110300081103001 0.00915126183816823
0 0.010416666666666666 0.0 1.0 0.0 0.005788933435623887 0.00973712100456935 0.014866504854368932 0.0007603406326034063 0.006711182809499619
0 0.006211180124223602 0.0 1.0 0.0 0.001328882911472547 0.0037312540576323033 0.011080624736175602 0.0007405056595789696 0.0011960730633029124
0 0.009615384615384616 0.0 1.0 0.0 0.0008475710493543893 0.007791712235723479 0.018483943241224796 0.0011229646266142615 0.002742631642305166
0 0.005847953216374269 0.0 1.0 0.0 0.007514443127969232 0.0 0.011113949923352068 0.0 0.037721398449579016
0 0.002631578947368421 0.0 1.0 0.0 0.006454789713923552 0.00254415167112156 0.01200817577925396 0.0011525163273146371 0.018939267743797884
0 0.007575757575757576 0.0 1.0 0.0 0.0007506780562228954 0.0 0.004449838187702265 0.0 0.009073119854542911
0 0.004629629629629629 0.0 1.0 0.0 0.008110442828608105 0.0030221071626625614 0.02319309600862999 0.0006758583400919166 0.036312391513821006
0 0.002403846153846154 0.0 1.0 0.0 0.011013820056951031 0.008488182883223297 0.021086165048543687 0.0017487834549878346 0.016477179364203995
0 0.003401360544217687 0.0 1.0 0.0 0.007930049175498503 0.0072960967721959384 0.0186084142394822 0.0017379214459506433 0.02867631073321006
0 0.003703703703703704 0.0 1.0 0.0 0.004406176146636725 0.005182973233738204 0.017529665587918013 0.0010813733441470666 0.00454253642751813
0 0.002717391304347826 0.0 1.0 0.0 0.009070530324257803 0.008272503079280102 0.017306880540312368 0.0014810113191579392 0.00016927831474483493
0 0.0021786492374727667 0.0 1.0 0.0 0.003945691307025278 0.004393325350858976 0.014113628191298092 0.0003604577813823556 0.025448868922896786
0 0.0021367521367521365 0.0 1.0 0.0 0.006518906815891896 0.0019097121738698233 0.007001493651979088 0.00018716077110237696 0.0247170498090129
1 0.017241379310344827 0.0 1.0 0.0 0.009186157718853852 0.010549206728956607 0.00791213982050071 0.003910415926057586 0.017241379310344827
0 0.02631578947368421 0.0 1.0 0.0 0.007564378120123537 0.012531558081279832 0.008471521268925739 0.004702477844094774 0.0016287417292740435
0 0.027777777777777776 0.0 1.0 0.0 0.011466053682005753 0.016296892240631976 0.009988584474885844 0.004295532646048111 0.0704287734737989
0 0.005952380952380952 0.0 1.0 0.0 0.008926586879274567 0.010168195647486982 0.007990867579908675 0.0006545573555882834 0.004968143209634153
0 0.03333333333333333 0.0 1.0 0.0 0.0034501764050381242 0.012511021788147357 0.010273972602739725 0.005154639175257732 0.0051500736511279335
0 0.020833333333333332 0.0 1.0 0.0 0.0041048832563911055 0.009383266341110518 0.00898972602739726 0.002147766323024055 0.003522116060423465
0 0.0047619047619047615 0.0 1.0 0.0 0.005858005426618987 0.007012778106519907 0.005136986301369862 0.0 0.028458009330786842
0 0.009615384615384616 0.0 1.0 0.0 0.01769894421950772 0.010208074016021583 0.008956796628029505 0.000528680941052075 0.053155730467664704
0 0.003367003367003367 0.0 1.0 0.0 0.007209624685865326 0.011313295561413207 0.00726442507264425 0.0006248047485160887 0.002335210842596478
0 0.0020833333333333333 0.0 1.0 0.0 0.00930857977978321 0.0013617475607712655 0.006635273972602741 0.000286368843069874 0.016631145665261932
0 0.012987012987012988 0.0 1.0 0.0 0.0 0.0 0.009295499021526418 0.0 0.0026768315816709867
0 0.005208333333333333 0.0 1.0 0.0 0.0019202429944806122 0.0 0.006635273972602739 0.000429553264604811 0.00872076684696354
0 0.03571428571428571 0.0 1.0 0.0 0.0072567530671278 0.008896511357849265 0.014014466546112119 0.0035147392290249446 0.03571428571428572
0 0.0125 0.0 1.0 0.0 0.0071009108393742856 0.00941178187108067 0.011867088607594934 0.0034126984126984137 0.006678313360167158
0 0.02564102564102564 0.0 1.0 0.0 0.002082722170605885 0.004814172676291328 0.014605647517039922 0.0031746031746031746 0.0007579978292899541
0 0.006097560975609756 0.0 1.0 0.0 0.005337852108008568 0.012533579555452075 0.009339302253782033 0.0006968641114982577 0.0022025704556653575
0 0.006666666666666667 0.0 1.0 0.0 0.004138712210254621 0.007422280985059514 0.0100210970464135 0.0007407407407407407 0.006785894217422317
0 0.011904761904761904 0.0 1.0 0.0 0.007108658427356842 0.004627479430832865 0.01469258589511754 0.001360544217687075 0.0413630093935487
0 0.009523809523809523 0.0 1.0 0.0 0.0008030933522722194 0.005758641069480899 0.004852320675105485 0.0004232804232804233 0.007143883922754284
0 0.008333333333333333 0.0 1.0 0.0 0.002313445611188473 0.0070516035208595985 0.009915611814345993 0.0004232804232804233 0.0032212179805721558
0 0.006944444444444444 0.0 1.0 0.0 0.012042549692840404 0.005398726002638342 0.009098101265822785 0.0 0.02513811138533418
0 0.005555555555555556 0.0 1.0 0.0 0.0029284431171470717 0.004798867557900748 0.0056258790436005636 0.0003527336860670194 0.0029897628311400092
0 0.004329004329004329 0.0 1.0 0.0 0.008554228214794454 0.0 0.011301989150090416 0.0 0.0040510638110935375
0 0.0030864197530864196 0.0 1.0 0.0 0.004865484758460804 0.0 0.007501172058134086 0.00023515579071134627 0.003283015905253633
0 0.0020242914979757085 0.0 1.0 0.0 0.0056113120673895265 0.003978008633522988 0.006412391738840774 0.0 0.0004390013766373662
0 0.03571428571428571 0.0 1.0 0.0 0.01766189762132694 0.015780060417010282 0.01809523809523809 0.004897276636407071 0.03571428571428572
0 0.02 0.0 1.0 0.0 0.003105278383762656 0.00627740684450973 0.0104 0.0034782608695652162 0.00029723255139656987
0 0.013888888888888888 0.0 1.0 0.0 0.015633639064268633 0.011575167935520603 0.015694444444444445 0.004598662207357858 0.04053876479302674
0 0.03571428571428571 0.0 1.0 0.0 0.002305112503476599 0.011013232665999795 0.01 0.003344481605351171 0.006000260247766286
0 0.014285714285714287 0.0 1.0 0.0 0.020426636446455877 0.014003882323666662 0.01880952380952381 0.002388915432393693 0.06514478904081236
0 0.013888888888888888 0.0 1.0 0.0 0.0038586086705361023 0.0037917473597125478 0.015555555555555553 0.0008361204013377926 0.0007096913917877663
0 0.012987012987012986 0.0 1.0 0.0 0.012145098941059817 0.018060624483481006 0.019090909090909092 0.004256612952265127 0.06465555077971039
0 0.006944444444444444 0.0 1.0 0.0 0.015469076043565363 0.015169297599385043 0.01314814814814815 0.001300631735414344 0.038799962609128685
0 0.0101010101010101 0.0 1.0 0.0 0.01956888245433592 0.010804577050992808 0.021212121212121213 0.0015202189115232593 0.08410129415855917
0 0.003448275862068966 0.0 1.0 0.0 0.000727542207723661 0.0007844994537336306 0.008275862068965516 0.0008072886633606274 0.0004888578288983107
0 0.006060606060606061 0.0 1.0 0.0 0.013022166692938193 0.006066795775540076 0.019555555555555555 0.0 0.0471564943329345
0 0.002525252525252525 0.0 1.0 0.0 0.014251060504940488 0.010101991428549409 0.013636363636363636 0.0011148272017837237 0.016369306524108673
0 0.0032051282051282055 0.0 1.0 0.0 0.008650192456759562 0.005687621039568822 0.012083333333333333 0.0002787068004459309 0.02765943119996799
0 0.003968253968253968 0.0 1.0 0.0 0.010402079173928972 0.0037917473597125478 0.006851851851851852 0.0 0.03764194592463517
0 0.006666666666666666 0.0 1.0 0.0 0.01473984034138101 0.005059889508609503 0.015666666666666666 0.0006688963210702341 0.0692779280721754
0 0.006944444444444444 0.0 1.0 0.0 0.0021868497493438906 0.005055663146283397 0.008888888888888889 0.0 0.0047160478095700405
0 0.004901960784313725 0.0 1.0 0.0 0.014547834951971046 0.011800069309933015 0.006666666666666667 0.0005574136008918618 0.05682528359955293
0 0.02127659574468085 0.0 1.0 0.0 0.00796270751861768 0.005089255602429802 0.011151706187167177 0.0016495338273966045 0.02127659574468085
0 0.017241379310344827 0.0 1.0 0.0 0.008240210290452937 0.003383309826756929 0.009752699407871821 0.0017047655947307232 0.025810068196155042
1 0.008547008547008546 0.0 1.0 0.0 0.007351483403514651 0.005815534254491596 0.013727013727013727 0.0020743301642178044 0.02115903217349274
0 0.006944444444444444 0.0 1.0 0.0 0.004935835240523511 0.0030752470031672387 0.013655069210624766 0.002028714107365794 0.020383798854832727
0 0.006666666666666667 0.0 1.0 0.0 0.005295231245509294 0.0030935843129568643 0.012457912457912456 0.002397003745318352 0.02068720102782707
0 0.027777777777777776 0.0 1.0 0.0 0.0 0.0 0.006172839506172839 0.0009363295880149814 0.03154728077787452
0 0.005952380952380952 0.0 1.0 0.0 0.008110672347193773 0.003326815217658508 0.013000374111485224 0.0010767790262172286 0.01500168247097521
0 0.002976190476190476 0.0 1.0 0.0 0.0075108391473896596 0.006053455285468757 0.007027951472395918 0.0009363295880149813 0.010197810735380439
0 0.008547008547008546 0.0 1.0 0.0 0.008407080727625239 0.0011474749749072245 0.014849348182681518 0.0003457216940363008 0.04939174008056132
0 0.00625 0.0 1.0 0.0 0.005831762481177616 0.0031401051670474195 0.014099326599326601 0.0004915730337078652 0.04047712528154206
0 0.003787878787878788 0.0 1.0 0.0 0.004340210564583349 0.00286013463612564 0.010147774036662928 0.0002808988764044944 0.026745422059027246
0 0.003968253968253968 0.0 1.0 0.0 0.004888571705115072 0.003355502207601729 0.009032120143231254 0.0006420545746388444 0.030560771564294365
0 0.00591715976331361 0.0 1.0 0.0 0.011888448526940761 0.005989074111675576 0.010446343779677113 0.0011235955056179776 0.05321969992933263
0 0.0047619047619047615 0.0 1.0 0.0 0.003474025462570003 0.00461635293135218 0.010924055368499814 0.0008239700374531836 0.0021209408102653014
0 0.0016260162601626016 0.0 1.0 0.0 0.005049784006498592 0.0020366637990164188 0.008568065478634581 0.000602904905453549 0.020717915753386357
0 0.002403846153846154 0.0 1.0 0.0 0.006973441618354672 0.0052513479343451065 0.009928343261676595 0.0018582541054451166 0.0284426826727332
0 0.0032679738562091504 0.0 1.0 0.0 0.0044325227624654375 0.0028271199577814495 0.008043396932285821 0.0002496878901373284 0.01608183005487131
0 0.00505050505050505 0.0 1.0 0.0 0.003204786956521609 0.004281335497869113 0.0071421283542495665 0.0010214504596527069 0.00475264483391983
0 0.0018148820326678765 0.0 1.0 0.0 0.005559803976146025 0.007603755556711985 0.014590347923681258 0.0017047655947307245 0.011208724163702164
0 0.002380952380952381 0.0 1.0 0.0 0.002265778402263421 0.003668141366878357 0.01143712254823366 0.0011235955056179778 0.0008768125418838671
1 0.0020703933747412005 0.0 1.0 0.0 0.003586306027850383 0.0007052233732380298 0.007514761137949544 0.00034196384953590623 0.028383267726026246
0 0.0011961722488038277 0.0 1.0 0.0 0.004569992571823998 0.004484403038455873 0.007324709079095044 0.0005026611472501479 0.01609609400269541
0 0.0036231884057971015 0.0 1.0 0.0 0.0037620891234264966 0.003797398360992096 0.016741488963711186 0.000749063670411985 0.019690298415607623
0 0.002976190476190476 0.0 1.0 0.0 0.008775657394898242 0.004292066681228173 0.005772005772005771 0.0001605136436597111 0.0458518599265469
0 0.0014814814814814814 0.0 1.0 0.0 0.00922581126433332 0.004883206407485897 0.014465644095273726 0.0014565126924677488 0.0325286959647414
0 0.0019230769230769232 0.0 1.0 0.0 0.0033753842633769265 0.00458824260340938 0.008922558922558926 0.001292134831460674 0.005491784836637375
0 0.0013227513227513227 0.0 1.0 0.0 0.00678439352811769 0.004261813460016709 0.011624178290844955 0.000882825040128411 0.019213988678935683
0 0.0021008403361344537 0.0 1.0 0.0 0.01136392497545082 0.0058248143522416865 0.013335974120287848 0.0013879709187045606 0.03870715034758211
0 0.0049261083743842365 0.0 1.0 0.0 0.0033619373312901296 0.0016670808510080935 0.00753567420234087 0.0008025682182985554 0.03388950965627192
0 0.004166666666666667 0.0 1.0 0.0 0.0061811295399638285 0.0069987722655413176 0.012205387205387205 0.002106741573033708 0.014573501030640267
0 0.004032258064516129 0.0 1.0 0.0 0.0012758038748781947 0.0025741211725130754 0.012906846240179574 0.0007022471910112359 0.009877438093575696
0 0.002232142857142857 0.0 1.0 0.0 0.003272866601787348 0.0030557666402730786 0.01170434503767837 0.0008828250401284107 0.0030806892226311606
0 0.0013175230566534915 0.0 1.0 0.0 0.007530459130168864 0.005093435848363106 0.009661835748792272 0.0012212994626282366 0.027760051742137214
0 0.0014005602240896359 0.0 1.0 0.0 0.004484571251242193 0.004500627668518838 0.007161562717118273 0.0012306046013911183 0.009299483732265806
0 0.002857142857142857 0.0 1.0 0.0 0.011430107087519991 0.0048694058335206885 0.011560044893378228 0.0011235955056179776 0.07107174135330445
0 0.0014619883040935672 0.0 1.0 0.0 0.003688504559339131 0.004145701828775075 0.010691712446098412 0.0013601419278533413 0.005640459605786877
0 0.0013513513513513514 0.0 1.0 0.0 0.004170889277319436 0.002082302717705535 0.012626262626262628 0.000449438202247191 0.014189128293790907
0 0.0008771929824561403 0.0 1.0 0.0 0.00386247528899134 0.0031841103329380642 0.012719790497568276 0.0010486891385767792 0.008097196574754889
0 0.0014245014245014244 0.0 1.0 0.0 0.0020078301124305162 0.0006483092198364807 0.0076692854470632255 0.0007490636704119852 0.0026592094361774826
0 0.0014705882352941176 0.0 1.0 0.0 0.0006895285439722893 0.0011119408692344234 0.009110714993067934 0.0004626569729015202 0.006375885800179396
0 0.001524390243902439 0.0 1.0 0.0 0.0 0.0 0.007295173961840628 0.0007724719101123596 0.004678763642558713
0 0.02631578947368421 0.0 1.0 0.0 0.012189287899766584 0.014045691995156002 0.010621433100824348 0.006220095693779909 0.026315789473684216
0 0.022727272727272728 0.0 1.0 0.0 0.011189650971502442 0.012926616022785187 0.009309967141292442 0.003305785123966941 0.016000263391332422
0 0.01515151515151515 0.0 1.0 0.0 0.00775945562125075 0.011906973605674309 0.007119386637458927 0.0005509641873278236 0.013534007784090512
0 0.013888888888888888 0.0 1.0 0.0 0.011676927941628706 0.011451843035899514 0.004350736278447122 0.0 0.010064780564229442
0 0.025 0.0 1.0 0.0 0.01864008465098493 0.015459988098464342 0.010542168674698794 0.0 0.022577332403114773
0 0.016666666666666666 0.0 1.0 0.0 0.015373553273005786 0.020613317464619123 0.007228915662650602 0.0 0.0006756428155945445
0 0.005494505494505494 0.0 1.0 0.0 0.010888872986408116 0.009513838829824211 0.010658016682113068 0.0 0.022212512417890937
0 0.005681818181818182 0.0 1.0 0.0 0.007532546784278101 0.007495751805316045 0.005750273822562979 0.0 0.02257354000834536
0 0.03571428571428571 0.0 1.0 0.0 0.005161810970116479 0.0026046802621982495 0.009810160144235868 0.001167480365102951 0.03571428571428571
0 0.0625 0.0 1.0 0.0 0.0014809834763506655 0.002549865062546649 0.007423904974016331 0.0013001485884101042 0.02927828190048361
0 0.018518518518518517 0.0 1.0 0.0 0.0032127263488327482 0.0019653608776320857 0.00837251505402953 0.0009080402839689616 0.0017134841620277507
0 0.011904761904761904 0.0 1.0 0.0 0.006018756096234319 0.001917520913278769 0.006822922190405486 0.0009198330149295979 0.035470969748779814
0 0.01 0.0 1.0 0.0 0.0033598327626641914 0.0017153309201674593 0.008389012620638455 0.0009658246656760775 0.00019002387012178812
0 0.007936507936507936 0.0 1.0 0.0 0.003509125647811062 0.002131193201621095 0.010570226605861347 0.0010613457864572281 0.022184097687714358
0 0.006493506493506493 0.0 1.0 0.0 0.004782362635210203 0.0031418445937189026 0.004791793210501451 0.0007429420505200598 0.03672644849502749
0 0.013888888888888888 0.0 1.0 0.0 0.0019267526831502199 0.002870162078718474 0.005939123979213066 0.0010731385174178637 0.01481287180224629
0 0.00505050505050505 0.0 1.0 0.0 0.00455378931557208 0.0035623879058975056 0.007390159951407169 0.0012157233553964613 0.02037701090353151
0 0.003448275862068966 0.0 1.0 0.0 0.005762607610920177 0.0025643706174296186 0.010111870568056725 0.0009991289644924943 0.01903992106761527
0 0.005681818181818182 0.0 1.0 0.0 0.006351399796843894 0.0006317231392388847 0.007284706755753526 0.0006965081723625558 0.04696699693331454
0 0.005208333333333333 0.0 1.0 0.0 0.0017082572771746703 0.0009475847088583271 0.008259094283593168 0.0007893759286775633 0.000889476083876292
0 0.004048582995951417 0.0 1.0 0.0 0.001714519732984724 0.00174145121065832 0.012073613878794982 0.0008211464768905921 0.003123142315959436
0 0.01020408163265306 0.0 1.0 0.0 0.01203434629504114 0.003951480539321773 0.006469402905928518 0.0007429420505200594 0.10938334193695616
0 0.008333333333333333 0.0 1.0 0.0 0.0032752976825051456 0.004164577880853491 0.01224944320712695 0.0007429420505200594 0.002238077164917856
0 0.0078125 0.0 1.0 0.0 0.0010208520454886305 0.0018951694177166542 0.011878247958426133 0.0007429420505200594 0.004694536486410482
0 0.0015898251192368838 0.0 1.0 0.0 0.0036485068743351405 0.0008195327211747693 0.009871787154637934 0.0009437371993092649 0.019780067405761374
0 0.001984126984126984 0.0 1.0 0.0 0.0006418968084346066 0.002497313454176897 0.010976773783009864 0.0010878794311186587 0.0010621851694822169
0 0.0018148820326678765 0.0 1.0 0.0 0.004652261757094427 0.002466688167289384 0.009907073189463173 0.0005636112107393553 0.02383277485763967
0 0.0020833333333333333 0.0 1.0 0.0 0.0033373647331971213 0.0023099400790352943 0.009125216530561742 0.0005881624566617137 0.0005208992829678224
0 0.0031746031746031746 0.0 1.0 0.0 0.0009221275140954411 0.0018060854451202348 0.013758970551843606 0.00039623576027736503 0.000762929954695627
0 0.002840909090909091 0.0 1.0 0.0 0.00034405086623579895 0.0012634462784777694 0.010764662212323682 0.0006036404160475483 0.0007938416515428277
0 0.002173913043478261 0.0 1.0 0.0 0.0017582928520173304 0.0012831864839557045 0.0037490720118782475 0.00014858841010401187 0.007812735477726873
0 0.0018115942028985505 0.0 1.0 0.0 0.005451644669749421 0.0025364847734998656 0.010522578354475324 0.0007429420505200594 0.031113205173362798
0 0.0016666666666666668 0.0 1.0 0.0 0.003867199609800215 0.003856320658702767 0.008228161346201435 0.0004024269440316989 0.019010046626334435
0 0.0032051282051282055 0.0 1.0 0.0 0.0025057347684715394 0.0033691900759407183 0.015157139321950014 0.00012382367508667657 0.0019191132515236516
0 0.0012345679012345679 0.0 1.0 0.1 0.0029287543747124733 0.0029597968037475375 0.011655530809205642 0.00039623576027736503 0.015473032492279552
0 0.0023809523809523807 0.0 1.0 0.06666666666666667 0.0010134884569361386 0.0006738380151881437 0.02291512001979708 0.0012877662209014363 0.0006872543987893484
0 0.002652519893899204 0.0 1.0 0.0 0.0027951523328364155 0.002332516206420497 0.005767803095197304 0.00011429877700308607 0.00469722966172312
0 0.001388888888888889 0.0 1.0 0.08333333333333333 0.0021306561641284876 0.0019383592103682963 0.011166790398416233 0.0003095591877166914 0.0002607648960107219
0 0.0012406947890818859 0.0 1.0 0.0 0.0019002881341496198 0.001749387154815373 0.008651704642795957 0.0001714481655046291 0.0001674173648031317
0 0.002840909090909091 0.0 1.0 0.0 0.006250488603266238 0.0010672709782510359 0.00674900452183303 0.00027016074564365796 0.07451138993137084
0 0.001443001443001443 0.0 1.0 0.0 0.0012945123159876374 0.0012032821699788279 0.007989535829179481 0.00017689096440953796 0.00032783227380268524
0 0.0014005602240896359 0.0 1.0 0.0 0.0026393380369287493 0.001847517637064256 0.009580372609325838 0.00038916012170098343 0.0023914719088576905
0 0.0015037593984962405 0.0 1.0 0.0 0.006632065658779534 0.002232552397508219 0.0053139530340327425 0.000273715492296864 0.04943928170742719
0 0.002525252525252525 0.0 1.0 0.0 0.00761248273663106 0.00183774004142221 0.014645339812377672 0.0 0.07243468271194503
0 0.0022522522522522522 0.0 1.0 0.0 0.0016626132254749504 0.0025545230115511567 0.010331601088839395 0.00012382367508667657 0.0007588322926726461
0 0.0037593984962406013 0.0 1.0 0.0 0.0017205913847296792 0.0021659079059618905 0.011029801675681409 0.0 0.005019895162426148
0 0.001221001221001221 0.0 1.0 0.0 0.005630906415903911 0.004733960679120682 0.008484462827447236 0.0010259675935753202 0.03311049965847139
0 0.002777777777777778 0.0 1.0 0.0 0.00391458446897738 0.004773975017027476 0.005939123979213066 0.0008254911672445105 0.00602642166748325
0 0.0020325203252032522 0.0 1.0 0.0 0.007906056279172643 0.004136872560154476 0.013796090076713686 0.0014858841010401188 0.06140335692816509
0 0.001984126984126984 0.0 1.0 0.0 0.0011210233509960812 0.0018252547798242322 0.010393466963622864 0.0007429420505200594 0.0024690183867869496
0 0.0015503875968992248 0.0 1.0 0.0 0.003092994169293664 0.0027355170045968704 0.006879485275921801 0.00029717682020802375 0.003487855018461985
0 0.000946969696969697 0.0 1.0 0.0 0.0038743728014014813 0.002652789417250673 0.010424399901014599 0.0005262506191183754 0.03231288375397057
0 0.001388888888888889 0.0 1.0 0.0 0.0033959984773644586 0.003108395348856576 0.010950259836674088 0.0005107726597325408 0.0026220526582717433
0 0.002717391304347826 0.0 1.0 0.0 0.0009150033726100562 0.0031586156961944233 0.0016703786191536749 0.0 0.03261526827504509
0 0.0006447453255963894 0.0 1.0 0.0 0.002596019208722828 0.0017248630295573458 0.010101010101010102 0.0005853482822279257 0.023673584399309423
0 0.0010964912280701754 0.0 1.0 0.0 0.0028716747220280743 0.003517455698260336 0.008674246864376978 0.0002346132791115977 0.002159488733587496
0 0.0011337868480725622 0.0 1.0 0.0 0.0006951986218521678 0.0019688372327473086 0.012166955374082323 0.0003714710252600297 0.005736276057305707
0 0.0008333333333333334 0.0 1.0 0.0 0.003420925439542325 0.0014164982982080414 0.010486265775798068 0.0005881624566617137 0.0330531907521204
0 0.0016339869281045752 0.0 1.0 0.0 0.00979610792568626 0.0036111384764429565 0.012435040831477359 0.0005572065378900445 0.07978054627403315
0 0.0011312217194570137 0.0 1.0 0.0 0.003388806101463162 0.0020380874709541663 0.010262456875846107 0.000174809894240014 0.02955377192834318
0 0.0005717552887364208 0.0 1.0 0.0 0.005813628575730463 0.0030141739785191036 0.011315830914940048 0.0006078616776982303 0.026016066850410635
0 0.0010893246187363833 0.0 1.0 0.0 0.0017059886555419455 0.0030991851598398137 0.005284073540329273 0.00043702473560003493 0.008151024856710603
0 0.0011363636363636363 0.0 1.0 0.0 0.0022481002351225363 0.003149626973592756 0.007887899034892353 0.0002786032689450223 0.0013787197486033501
0 0.0006613756613756613 0.0 1.0 0.0 0.00434827902203561 0.0022191263916954153 0.00646154692182903 0.00011006548896593473 0.014250341198008068
0 0.0009233610341643582 0.0 1.0 0.0 0.0007079797010736922 0.0 0.0059391239792130675 7.820442637053257e-05 0.008121689577098256
0 0.0011494252873563218 0.0 1.0 0.0 0.00340593139187286 0.0008553715925777732 0.00955209106656768 0.0010401188707280832 0.0002444281312160989
0 0.0007369196757553427 0.0 1.0 0.08695652173913043 0.0026905028673180637 0.0015425657047045697 0.00855362964397534 0.0006137347373861361 0.00020110934120759415
0 0.0016666666666666666 0.0 1.0 0.0 0.0021233033246623088 0.0 0.003934669636228657 0.0 0.00917860958519946
0 0.0006830601092896175 0.0 1.0 0.0 0.002955032140417308 0.0002924067125832389 0.014198218262806235 0.0003714710252600297 0.01973923663100931
0 0.001466275659824047 0.0 1.0 0.0 0.001569284475671749 0.0 0.007558885064452992 0.0 0.003076162556758004
0 0.0007936507936507937 0.0 1.0 0.0 0.004563588214135087 0.0016915795617232666 0.00712694877505568 0.0002600297176820208 0.023861013351897255
0 0.0010416666666666667 0.0 1.0 0.0 0.00583382546003709 0.0011701862364953508 0.010838901262063846 0.0006934125804853887 0.052702525618615194
0 0.0010256410256410256 0.0 1.0 0.0 0.002252075603831147 0.0 0.0036624597871813907 0.0 0.006166880083652766
0 0.0008912655971479501 0.0 1.0 0.0 0.0025574060546650077 0.00044592221593333037 0.004235992838115201 0.00021851236780001746 0.0063349095959870675
0 0.0010660980810234541 0.0 1.0 0.0 0.006564939054741905 0.0010025373002853905 0.004401315091738254 0.00021226915729144553 0.056189454864957016
0 0.0007739938080495355 0.0 1.0 0.0 0.005241738758512366 0.001465809745058264 0.011292150197319578 0.0007038398373347932 0.022870820758109842
0 0.0008051529790660225 0.0 1.0 0.0 0.0011813526142965412 0.0008525075214701175 0.009279881217520415 0.0005778438170711573 0.0034157256619505886
0 0.0005952380952380952 0.0 1.0 0.0 0.0015472319342755845 0.0019874134493565775 0.014909675822816134 0.0009596334819217432 0.0007985633967958322
0 0.0007042253521126761 0.0 1.0 0.0 0.004862558172658559 0.00209287810102129 0.007720861172976985 0.0005200594353640416 0.038210772926554684
0 0.0005555555555555556 0.0 1.0 0.0 0.0020902440233159523 0.0005446580311528409 0.007364513734224202 8.915304606240712e-05 0.002232264979158006
0 0.0009132420091324201 0.0 1.0 0.13333333333333333 0.0006047263135624218 0.0 0.012026726057906457 0.0007924715205547301 0.0026597906514330433
0 0.022222222222222223 0.0 1.0 0.0 0.009963832084988564 0.0075712772310631915 0.007260726072607263 0.002536531568789632 0.022222222222222223
0 0.014705882352941176 0.0 1.0 0.0 0.011874725899871782 0.006523138803270054 0.013468258590564941 0.0031382279959130044 0.0268061300679148
0 0.01111111111111111 0.0 1.0 0.0 0.008675970473405318 0.00891783829327188 0.012211221122112214 0.002729528535980149 0.011590180483160711
0 0.015625 0.0 1.0 0.0 0.008099812571668391 0.007169737745370702 0.01608910891089109 0.0018610421836228286 0.030981566318468146
0 0.010526315789473684 0.0 1.0 0.0 0.007352005577486889 0.0057580757684141904 0.014721208963001565 0.0013059945148230377 0.04290554306505866
0 0.008333333333333333 0.0 1.0 0.0 0.011286511650140742 0.008884301063486257 0.014603960396039607 0.0009925558312655087 0.04842930501750718
0 0.007936507936507936 0.0 1.0 0.0 0.008295191711699889 0.007501951765452783 0.005363036303630363 0.0 0.026367845177394593
0 0.00625 0.0 1.0 0.0 0.00901111313201226 0.0075957261625209434 0.005569306930693069 0.0 0.043229338228527474
0 0.005291005291005291 0.0 1.0 0.0 0.007283798338215112 0.0064302443703881 0.013790664780763792 0.0007089684509039348 0.009410109117639632
0 0.0038461538461538464 0.0 1.0 0.0 0.0058993031824563 0.004544451550226205 0.013804265041888808 0.0005726283641916397 0.00020453814912522295
0 0.0033670033670033673 0.0 1.0 0.0 0.004866280080031117 0.009377439706815982 0.006967363403006969 0.0 0.004592463689146072
0 0.0043859649122807015 0.0 1.0 0.0 0.0034004457035050947 0.0035535560994250028 0.008467952058363733 0.0005223978059292151 0.0005345713366635086
0 0.007692307692307693 0.0 1.0 0.0 0.002076623247298946 0.0033758782944537527 0.002722772277227723 0.0004962779156327543 0.0022289578664519655
0 0.007142857142857143 0.0 1.0 0.0 0.0 0.0 0.005940594059405941 0.0004962779156327543 0.003781624120045444
0 0.002564102564102564 0.0 1.0 0.0 0.005546429954130516 0.0 0.004093678598629093 0.0 0.03313148652333146
0 0.002717391304347826 0.0 1.0 0.0 0.001946121428456665 0.0 0.007748600947051228 0.0 0.008476442655040875
0 0.0024509803921568627 0.0 1.0 0.0 0.0061328432207688405 0.0 0.004331683168316832 0.0 0.0344752088945233
0 0.003472222222222222 0.0 1.0 0.0 0.0008592336239446664 0.0 0.009746287128712873 0.0012406947890818859 0.007595813752141845
0 0.027777777777777776 0.0 1.0 0.0 0.010130006861760112 0.006295868889094294 0.009803921568627454 0.002182214948172395 0.027777777777777783
0 0.011904761904761904 0.0 1.0 0.0 0.007656248538646987 0.0041986685795709 0.011009959539371303 0.002026342451874366 0.02127188449520842
0 0.016666666666666666 0.0 1.0 0.0 0.009019870602197833 0.005836817448207731 0.007189542483660131 0.0019639934533551557 0.03643034663475671
0 0.010416666666666666 0.0 1.0 0.0 0.006672813549488107 0.005299456514008534 0.014161220043572982 0.002045826513911621 0.029857791231683386
0 0.0058823529411764705 0.0 1.0 0.0 0.004758049009821383 0.0030194523206505852 0.013600538254517494 0.0017810724944642348 0.018330983241468736
0 0.008771929824561403 0.0 1.0 0.0 0.0015744842901274387 0.00278911356512793 0.011179910560715512 0.001033680764923766 0.0005383213673165535
0 0.004081632653061224 0.0 1.0 0.0 0.007131643053164489 0.0028599616053773683 0.01335200746965453 0.00018704699555763387 0.01662996260893213
0 0.009615384615384616 0.0 1.0 0.0 0.0032411760937677693 0.0045346315037579155 0.009678230266465561 0.0005035880649628604 0.0012021497417594395
0 0.0101010101010101 0.0 1.0 0.0 0.001010456738461722 0.0020242210276221724 0.010843731431966725 0.0005951495313197441 0.0036273342425696036
0 0.008333333333333333 0.0 1.0 0.0 0.008311092416369398 0.006210764020947945 0.01116557734204793 0.0 0.048236205179253915
0 0.003134796238244514 0.0 1.0 0.0 0.0054076419104677085 0.00520444848425946 0.008451656524678837 0.0009029854957954738 0.025415457901713623
0 0.011904761904761904 0.0 1.0 0.0 0.0018222006588666736 0.0 0.007703081232492998 0.0 0.014638113357488327
0 0.003076923076923077 0.0 1.0 0.0 0.007991770165646258 0.006948297500072047 0.013333333333333329 0.0011783960720130931 0.027492749851180363
0 0.0032467532467532465 0.0 1.0 0.0 0.012162217819906274 0.009766659412328476 0.015522875816993464 0.0015622675197143282 0.03339326253081926
0 0.0026666666666666666 0.0 1.0 0.0 0.00549493178280352 0.0037258629706838644 0.01091503267973856 0.0007855973813420622 0.017976146304228995
0 0.004166666666666667 0.0 1.0 0.0 0.0008115334258255197 0.0034841824631687635 0.008714596949891068 0.0 0.004040113628959611
0 0.002557544757033248 0.0 1.0 0.0 0.004309813360932695 0.0035103936363311823 0.01037226484796817 0.0006404326478332029 0.012381832115072672
0 0.0027777777777777775 0.0 1.0 0.0 0.002786356143884985 0.003896625478172682 0.004575163398692811 0.0 0.0012437362052250852
0 0.001697792869269949 0.0 1.0 0.0 0.006308205316799256 0.005519037020703708 0.01349356947079907 0.0010031149358534397 0.014665910917673178
0 0.0015625 0.0 1.0 0.0 0.002748544131639601 0.005027962758976268 0.008884803921568627 0.0006137479541734861 0.00039025954796092897
0 0.0023809523809523807 0.0 1.0 0.0 0.006784123149016101 0.007735536198002555 0.008496732026143788 0.0008183306055646482 0.018066115060928156
0 0.0015151515151515152 0.0 1.0 0.0 0.008001352925100258 0.003980151942590385 0.009803921568627449 0.0007092198581560284 0.02544768310807681
0 0.000966183574879227 0.0 1.0 0.0 0.009473403167226273 0.004443864410894339 0.011510530137981118 0.0007637752318603382 0.013939850029017448
1 0.0026041666666666665 0.0 1.0 0.0 0.002763932151796646 0.002853357961440517 0.008680555555555554 0.0005114566284779051 0.0005242702380775013
0 0.003076923076923077 0.0 1.0 0.0 0.007716507346519314 0.0017213386163917896 0.015208647561588738 0.0010071761299257208 0.04676978129099924
0 0.002958579881656805 0.0 1.0 0.0 0.001422469384327542 0.0 0.005153343388637506 0.0003776910487221453 0.004323272547918286
0 0.022222222222222223 0.0 1.0 0.0 0.0050216409152503815 0.00641691806865845 0.009812409812409814 0.00300925925925926 0.022222222222222227
0 0.017857142857142856 0.0 1.0 0.0 0.004076590564539298 0.006523699122993345 0.00862708719851577 0.002697172619047619 0.011457147781652799
0 0.00980392156862745 0.0 1.0 0.0 0.004232438730759741 0.0026050837788466263 0.010160427807486633 0.002374387254901961 0.017782529557430874
0 0.009615384615384616 0.0 1.0 0.0 0.004876499096614233 0.004087977622190091 0.008191808191808191 0.0 0.02092178026970594
0 0.013333333333333334 0.0 1.0 0.0 0.006183663147199499 0.005523393965153704 0.006233766233766234 0.0006944444444444444 0.0033031859086268237
0 0.005747126436781609 0.0 1.0 0.0 0.006705163732591618 0.008928864364709188 0.011016569637259294 0.0011673850574712642 0.006572914588763528
0 0.005291005291005291 0.0 1.0 0.0 0.004814433441238959 0.008317313594317113 0.00634920634920635 0.00019290123456790122 0.0012619200980181111
0 0.015625 0.0 1.0 0.0 0.005555632280509286 0.0066429636360588965 0.014935064935064937 0.0 0.0018977725119767427
0 0.01111111111111111 0.0 1.0 0.0 0.004729859665619925 0.005314370908847117 0.007272727272727273 0.0005208333333333333 0.005070023015090132
0 0.011111111111111112 0.0 1.0 0.0 0.004360782725204423 0.009841427608976144 0.014718614718614718 0.0 0.0027363116188721167
0 0.003787878787878788 0.0 1.0 0.0 0.0044094963111409305 0.006710271563208168 0.009415584415584417 0.0010850694444444443 0.024390629416079886
0 0.003968253968253968 0.0 1.0 0.0 0.006121393883594655 0.002607576159050175 0.006555349412492271 0.000248015873015873 0.02917543851801549
0 0.002564102564102564 0.0 1.0 0.0 0.0026506746420185646 0.0059587029071051035 0.011515151515151516 0.0006944444444444444 0.00045561684227451283
0 0.002040816326530612 0.0 1.0 0.0 0.002077188599313618 0.0030367833764840674 0.010463821892393322 0.0005952380952380952 0.0028935935232560113
0 0.007407407407407408 0.0 1.0 0.0 0.0073862877781636326 0.0039365710435904575 0.007792207792207791 0.0 0.07484858089461835
0 0.003289473684210526 0.0 1.0 0.0 0.0024492998550342386 0.005594074640891703 0.008749145591250854 0.0005482456140350877 0.0009041243826208858
0 0.003676470588235294 0.0 1.0 0.0 0.0 0.0 0.006980519480519481 0.0009765625 0.0014374213355467043
0 0.030303030303030304 0.0 1.0 0.0 0.009665723963012744 0.01253742789223037 0.010885554574874962 0.005321507760532153 0.030303030303030304
0 0.016129032258064516 0.0 1.0 0.0 0.011653416030033161 0.012941766058114172 0.0142499217037269 0.0037765538945712046 0.024728732787345435
0 0.013333333333333332 0.0 1.0 0.0 0.004224029541163014 0.013495294032474434 0.015339805825242716 0.000975609756097561 0.00026237073237280666
0 0.010869565217391304 0.0 1.0 0.0 0.009059150088264604 0.01068892062910047 0.014563106796116504 0.0012725344644750794 0.03555803636483623
0 0.018181818181818184 0.0 1.0 0.0 0.002893765359793171 0.0057257837454938705 0.007060900264783759 0.0 0.002705688815008094
0 0.0045045045045045045 0.0 1.0 0.0 0.009024106171212815 0.011365328376220396 0.017843085804250848 0.000922874093605801 0.013780639363555652
0 0.005291005291005291 0.0 1.0 0.0 0.01154971623813079 0.003746285159339651 0.013484358144552315 0.001084010840108401 0.032136094982155
0 0.006578947368421052 0.0 1.0 0.0 0.011016679109660806 0.003369027824750791 0.014052120592743996 0.0005134788189987163 0.024130576909335563
0 0.034482758620689655 0.0 1.0 0.0 0.008560234260654843 0.0074958038535605336 0.012338878484080643 0.0037577365163572072 0.034482758620689655
0 0.020833333333333332 0.0 1.0 0.0 0.011371262415155134 0.007425686178083195 0.010383386581469648 0.0033386752136752153 0.02942010898141123
0 0.016666666666666666 0.0 1.0 0.0 0.0025540696886313546 0.015246773881706852 0.01086261980830671 0.004487179487179487 0.0007142381521771581
0 0.013157894736842105 0.0 1.0 0.0 0.011484844786884446 0.0 0.0121069446779889 0.002530364372469636 0.04341615974625412
0 0.008333333333333333 0.0 1.0 0.0 0.005742978186538422 0.0036337578863911914 0.011581469648562303 0.0009348290598290597 0.002476272281390529
0 0.01111111111111111 0.0 1.0 0.0 0.01401783704822248 0.004064292719840394 0.0134185303514377 0.0 0.05717121998050982
0 0.008403361344537815 0.0 1.0 0.0 0.008448511806752799 0.008062732481023861 0.009020860740462319 0.0 0.04682715118735635
0 0.013888888888888888 0.0 1.0 0.0 0.0017184012272988493 0.0024225052575941276 0.0046148384806531766 0.0 0.005549897430780062
1 0.00505050505050505 0.0 1.0 0.0 0.010011968998097764 0.012075459568580492 0.009875108916642462 0.0007284382284382284 0.034472939798491926
0 0.00625 0.0 1.0 0.0 0.00687368344578864 0.008175955244380181 0.01697284345047923 0.001001602564102564 0.00012639403875806463
0 0.004132231404958678 0.0 1.0 0.0 0.005324319733358285 0.008562888598825683 0.009294220156839965 0.0010198135198135198 0.00038659491028666693
0 0.004901960784313725 0.0 1.0 0.0 0.009630147214033064 0.009507951368783976 0.012779552715654953 0.0005656108597285068 0.000585063384873396
0 0.005128205128205128 0.0 1.0 0.0 0.008899079023251384 0.005665904246311388 0.010010649627263045 0.00042735042735042735 0.054082284549333094
0 0.002747252747252747 0.0 1.0 0.0 0.011260511821330227 0.008219733144310095 0.011304988940771686 0.0011094674556213016 0.022282179530977046
0 0.0022222222222222222 0.0 1.0 0.0 0.005548302777695095 0.004064292719840394 0.009052183173588923 0.001175213675213675 0.02600205767873985
0 0.0078125 0.0 1.0 0.0 0.0 0.0 0.011980830670926517 0.0 0.003747514812810191
0 0.02 0.0 1.0 0.0 0.006017657217331374 0.004367927251007231 0.008300751879699248 0.001987951807228917 0.020000000000000004
0 0.014705882352941176 0.0 1.0 0.0 0.0034663488264243913 0.006098232320868366 0.013489606368863337 0.001993267186392629 0.009358684126105559
0 0.00980392156862745 0.0 1.0 0.0 0.004146844208227063 0.004968628481928736 0.011189739053516145 0.0019932671863926287 0.008495328376287142
0 0.007352941176470588 0.0 1.0 0.0 0.007013043657078862 0.004300723847126271 0.009243697478991597 0.00203756201275691 0.016483520633666895
0 0.0064516129032258064 0.0 1.0 0.0 0.005166196124440949 0.0052714360113664364 0.011593499878729081 0.001603186941313642 0.024424909052723553
0 0.005952380952380952 0.0 1.0 0.0 0.003824732456584055 0.003492749006970119 0.01288936627282492 0.001506024096385542 0.012941658150949912
0 0.004081632653061224 0.0 1.0 0.0 0.003497315132913056 0.0068405495382696455 0.005714285714285715 0.0012048192771084338 0.009664579134204323
0 0.025 0.0 1.0 0.0 0.006551372378301913 0.004097828170677296 0.007518796992481203 0.0 0.08125431600649478
0 0.00326797385620915 0.0 1.0 0.0 0.0031563197422209257 0.004419510554787627 0.015302963290579386 0.0014174344436569811 0.012228328969183381
0 0.004761904761904762 0.0 1.0 0.0 0.007036372543869912 0.0025484978428510718 0.00895094880057286 0.000717154331612163 0.037019164575624916
0 0.0025974025974025974 0.0 1.0 0.0 0.003258023331967863 0.0032267286221832375 0.00893662728249194 0.000559380378657487 0.01884848164402105
0 0.0030864197530864196 0.0 1.0 0.0 0.002059726019504542 0.003794285343219719 0.007685881370091896 0.0 0.0017695887505947568
0 0.004524886877828055 0.0 1.0 0.0 0.0016129858250892373 0.0006026217898054847 0.01238390092879257 0.0009744861800141745 0.0021186734858496033
0 0.008928571428571428 0.0 1.0 0.0 0.009747865619111205 0.0061175832856224625 0.009210526315789475 0.0005647590361445783 0.08860891162825535
0 0.008333333333333333 0.0 1.0 0.0 0.0087287970475893 0.001280571303336655 0.008270676691729324 0.00037650602409638556 0.08705389111709741
0 0.0012755102040816326 0.0 1.0 0.0 0.005069491020901506 0.004494096422901925 0.012950744207457416 0.000799114826653553 0.013592828590974675
0 0.0032679738562091504 0.0 1.0 0.0 0.004131333750276577 0.0020072542861804756 0.009440267335004176 0.0008366800535475234 0.00966585121933145
0 0.0018518518518518517 0.0 1.0 0.0 0.004941060590896783 0.004027903199802081 0.01343358395989975 0.0015562248995983935 0.020571249404943523
0 0.0011198208286674132 0.0 1.0 0.0 0.004639368569214275 0.001892142190868443 0.011038233882578786 0.0008972058446552167 0.01211884224142573
0 0.003125 0.0 1.0 0.0 0.0046355914691527415 0.00293276930584914 0.009304511278195489 0.0004706325301204819 0.005940441553124877
0 0.0020703933747412005 0.0 1.0 0.0 0.0015908224789408063 0.003563328844067214 0.010591696632886565 0.0010476689366160294 0.0024496217638499827
0 0.007575757575757576 0.0 1.0 0.0 0.0012171640637265659 0.0034148568088977465 0.0067669172932330835 0.0 0.02441817129556176
0 0.0033444816053511705 0.0 1.0 0.0 0.005765865576189262 0.002288561063940366 0.00670908039329092 0.00034754402224281743 0.053678333816135335
0 0.0026041666666666665 0.0 1.0 0.125 0.00566936065832858 0.004481999561678292 0.005263157894736842 0.0 0.01843407253079372
0 0.0026666666666666666 0.0 1.0 0.0 0.0025901198517000665 0.0055415611723087285 0.008320802005012532 0.0006024096385542168 0.0038209375804498557
0 0.002564102564102564 0.0 1.0 0.0 0.0021126831240316298 0.006146742256015944 0.005513784461152882 0.000502008032128514 0.00597586742480394
0 0.0023148148148148147 0.0 1.0 0.0 0.0 0.0 0.008082706766917294 0.0006588855421686747 0.0025642397411822474