0 0.017543859649122806 0.0 1.0 0.0 0.001769669796432848 0.0033937144277251447 0.008354218880534668 0.001757175131788137 0.017543859649122806
0 0.018518518518518517 0.0 1.0 0.0 0.00244259985653587 0.003696627258109708 0.010993533215755438 0.0018253547665312384 0.010827339080517737
0 0.020833333333333332 0.0 1.0 0.0 0.0023899087951705974 0.003041935713153139 0.009821428571428573 0.001589825119236884 0.018386105843371726
0 0.013888888888888888 0.0 1.0 0.0 0.0026708653199238735 0.0034879713034200264 0.010934744268077603 0.0020314432079137964 0.014943321139542276
0 0.011764705882352941 0.0 1.0 0.0 0.002813834372847241 0.004103534436078445 0.013165266106442574 0.001589825119236884 0.01548826853061204
0 0.009259259259259259 0.0 1.0 0.0 0.005420471252108862 0.003949692935499456 0.013227513227513229 0.001589825119236884 0.00974156778894273
0 0.014285714285714285 0.0 1.0 0.0 0.005039151791051298 0.005395073573209129 0.010317460317460319 0.001907790143084261 0.006392515962296795
1 0.006578947368421052 0.0 1.0 0.0 0.0045352922992131514 0.0029433829676040225 0.01236424394319131 0.00041837503137812744 0.011646163232609323
0 0.013888888888888888 0.0 1.0 0.0 0.0032809490633065553 0.0 0.006746031746031746 0.0 0.014818110938084928
0 0.0029411764705882353 0.0 1.0 0.0 0.0027740601280296564 0.001058881083972197 0.006676003734827266 0.00018703824932198636 0.006437678444906198
0 0.005050505050505051 0.0 1.0 0.0 0.005160285224940149 0.0017666241990694903 0.010317460317460317 0.0003532944709415298 0.009947451159912303
0 0.008333333333333333 0.0 1.0 0.0 0.0023930863694698306 0.003244385419709528 0.009365079365079364 0.0 0.03595847429054953
1 0.008547008547008548 0.0 1.0 0.0 0.0010579835521630993 0.005506950463388837 0.008641975308641976 0.0 0.05700877227154893
0 0.007936507936507936 0.0 1.0 0.0 0.003635638047909529 0.0016336478890582988 0.013403880070546737 0.0 0.04528832494357465
0 0.0022222222222222222 0.0 1.0 0.0 0.0025457205318322918 0.0035622015725713507 0.008783068783068783 0.0008479067302596714 0.008128283679342154
0 0.005208333333333333 0.0 1.0 0.0 0.0049032756386604886 0.004656314288029209 0.006878306878306879 0.000794912559618442 0.004830790390249706
0 0.001278772378516624 0.0 1.0 0.0 0.0043665804553976685 0.0045627866479229316 0.011007591442374048 0.0005875440658049354 0.004667831139155229
0 0.004629629629629629 0.0 1.0 0.0 0.0034673482647972157 0.0007556680544059621 0.005952380952380953 0.00026497085320614734 0.006512968673611729
0 0.008771929824561403 0.0 1.0 0.0 0.0025695685789783053 0.0030226722176238483 0.008465608465608466 0.0005299417064122947 0.01710425160013867
0 0.002272727272727273 0.0 1.0 0.0 0.0023600178837404786 0.003966668811765226 0.007431457431457431 0.0003613238907356554 0.0033380541219755542
0 0.0016420361247947454 0.0 1.0 0.0 0.0013935210575239374 0.0029955759913331886 0.0036124794745484405 0.00010964311167150925 0.004531506920496635
0 0.007575757575757576 0.0 1.0 0.0 0.0011976904274601733 0.004825108561906919 0.004497354497354497 0.0 0.0578934981291575
0 0.003105590062111801 0.0 1.0 0.0 0.0049481323764328485 0.0019311817974461479 0.009410430839002268 0.00022711787417669773 0.019858562519315122
0 0.004166666666666667 0.0 1.0 0.0 0.003562328256859558 0.0016576686321622697 0.006507936507936509 0.0 0.014742032195717838
0 0.002105263157894737 0.0 1.0 0.0 0.003969918687997294 0.0016021112168195875 0.008771929824561401 0.00016735001255125095 0.002497279169690252
0 0.002136752136752137 0.0 1.0 0.0 0.005070832295556008 0.0032826630560282796 0.012345679012345678 0.0007065889418830596 0.012783182690759353
0 0.0016835016835016834 0.0 1.0 0.0 0.005072383769343569 0.0027464692015529853 0.010678210678210677 0.000722647781471311 0.00941926786458501
0 0.0015527950310559005 0.0 1.0 0.0 0.005536225130818932 0.004773656067732231 0.006142167011732229 0.0007603511439828575 0.00292106360860982
0 0.0014992503748125937 0.0 1.0 0.0 0.003816573550621968 0.0037209768052597204 0.009799861973775015 0.00013824566254233775 0.00199038283085764
0 0.002564102564102564 0.0 1.0 0.0 0.005599501126931217 0.0025804489996982855 0.016483516483516484 0.00024458847988259754 0.013718187762052796
0 0.0017921146953405018 0.0 1.0 0.0 0.0029736099920322037 0.0012485599592046135 0.005996472663139329 0.0001766472354707649 0.002287087808398622
0 0.001644736842105263 0.0 1.0 0.0 0.0030427976285669 0.0023141047741549376 0.006098579782790309 0.0 0.0029577630222845487
0 0.0033670033670033673 0.0 1.0 0.0 0.0028956261452219856 0.0016205569206509994 0.0072310405643738985 0.0 0.013265505489579991
0 0.0032679738562091504 0.0 1.0 0.2222222222222222 0.0008229474556422353 0.0016821403793959497 0.003527336860670194 0.0005299417064122946 0.05896559098624093
0 0.037037037037037035 0.0 1.0 0.0 0.013757692905660758 0.009847852337096912 0.009390907495172896 0.003518958388317056 0.037037037037037035
0 0.016666666666666666 0.0 1.0 0.0 0.006772649548542762 0.004270069937737522 0.01050552922590837 0.0026920031670625492 0.00766830611579399
0 0.01515151515151515 0.0 1.0 0.0 0.011009269243422598 0.004412818720987456 0.005708746230073244 0.002267328870654287 0.03356388932162009
0 0.025 0.0 1.0 0.0 0.004713216680189742 0.02625991523863675 0.00900473933649289 0.00498812351543943 0.023839280275900994
1 0.013333333333333334 0.0 1.0 0.0 0.010543459717290595 0.0041492371325365235 0.011532385466034753 0.0025336500395882824 0.054824201970893834
0 0.023809523809523808 0.0 1.0 0.0 0.0 0.0036550988064446574 0.005416384563303995 0.0020359687818120127 0.0060191035149753085
0 0.017857142857142856 0.0 1.0 0.0 0.010187902247451926 0.011938277006581625 0.015699052132701424 0.0020783847980997625 0.0003679798223118609
0 0.011363636363636364 0.0 1.0 0.0 0.005457273109808032 0.0014688824796640707 0.014864282636794486 0.0008637443316778234 0.0004904665289399555
0 0.004115226337448559 0.0 1.0 0.0 0.002146497545934262 0.006559630279034269 0.005265929436545551 0.0 0.0001614238171919077
0 0.003703703703703704 0.0 1.0 0.0 0.0031233547701835706 0.0036416105458959105 0.006406880814463752 0.0 0.00014081253741071424
0 0.006993006993006993 0.0 1.0 0.0 0.002703653607697753 0.0037287016791472563 0.005650747356908495 0.0 0.001581159874032228
0 0.013888888888888888 0.0 1.0 0.0 0.0038785939544748664 0.0 0.01184834123222749 0.0 0.0016471337477408868
0 0.008547008547008548 0.0 1.0 0.0 0.01369415648120284 0.0031177170909001233 0.007898894154818325 0.0 0.10463386487967456
0 0.008928571428571428 0.0 1.0 0.0 0.0076869833730464545 0.0 0.005627962085308057 0.0 0.04188784286226129
0 0.007407407407407408 0.0 1.0 0.0 0.0023287981141228383 0.005762549655743753 0.006055818852027383 0.0 0.010834307120806491
0 0.002717391304347826 0.0 1.0 0.0 0.002312131826840422 0.00271295794638085 0.015763445291572226 0.0010327377878756585 0.00023681792608498537
0 0.0028011204481792717 0.0 1.0 0.0 0.0032994284589771047 0.006619060270236262 0.01117129316181449 0.0010179843909060061 0.00015342749886745685
0 0.0017921146953405018 0.0 1.0 0.0 0.005436392118235072 0.007501657827728735 0.011083932120470878 0.0012259596965749754 0.02802371046387387
0 0.005263157894736842 0.0 1.0 0.0 0.003933772938436639 0.004959586258378753 0.010663507109004738 0.0007125890736342043 0.000688582792331854
0 0.0035714285714285718 0.0 1.0 0.0 0.004562382866666996 0.001803095952642175 0.010155721056194989 0.00033932813030200206 0.023491973580162605
0 0.006802721088435374 0.0 1.0 0.0 0.0 0.004975969155807075 0.015233581584292485 0.0006786562606040041 0.0022684268669965995
0 0.0025252525252525255 0.0 1.0 0.0 0.010654997411913891 0.006555043523608475 0.014744602422327538 0.0014515703351807867 0.04434889880913097
0 0.002173913043478261 0.0 1.0 0.0 0.004407300642677801 0.017051308540212928 0.009360189573459717 0.0028503562945368177 0.007858474239637514
0 0.005952380952380952 0.0 1.0 0.0 0.0019308674592607316 0.0016026308862044367 0.008124576844955992 0.0 0.004406164359733478
0 0.0009523809523809524 0.0 1.0 0.047619047619047616 0.004936061409731337 0.00447028302145846 0.012581809975174905 0.0006221015722203372 0.004415233909982211
0 0.030303030303030304 0.0 1.0 0.0 0.008309710778999809 0.0037515066870033096 0.009582700513488104 0.0021360558994967605 0.03030303030303031
0 0.03125 0.0 1.0 0.0 0.005540290309092392 0.0026215326572901574 0.017899761336515517 0.0026881720430107525 0.005604413227160592
0 0.016666666666666666 0.0 1.0 0.0 0.007977544711193094 0.004015083839013786 0.011336515513126491 0.0023894862604540022 0.009968182352721457
0 0.007142857142857143 0.0 1.0 0.0 0.004845974639459881 0.003438519834627445 0.016842823048073642 0.002082266598395632 0.019680134983018363
0 0.007407407407407408 0.0 1.0 0.0 0.006717843320183132 0.002854592918017188 0.011756386458057102 0.0020354882959422982 0.029569195797656427
0 0.01515151515151515 0.0 1.0 0.0 0.012173349381421733 0.007280528334268775 0.013018008244738555 0.0019550342130987292 0.027279061045701502
0 0.006211180124223602 0.0 1.0 0.0 0.0038855811095572096 0.004762912562599579 0.006900487703642213 0.0011427977767388706 0.003877724287871363
0 0.0078125 0.0 1.0 0.0 0.007759934022398594 0.005389502662626075 0.0164826968973747 0.0019414575866188767 0.03100124335915364
0 0.007407407407407407 0.0 1.0 0.0 0.0032353340276572505 0.0040813304879527305 0.007796340493237867 0.0012743926722421346 0.0050778881677619
0 0.004545454545454546 0.0 1.0 0.0 0.006903606292688399 0.004976578350247936 0.009871989585593403 0.0014119691539046376 0.02441251353059762
0 0.006493506493506494 0.0 1.0 0.0 0.0076455605318269506 0.004066077089193691 0.008523695874531197 0.0005973715651135006 0.03166806075448392
0 0.003205128205128205 0.0 1.0 0.0 0.007418874449070729 0.0074102015109146204 0.01142830916100606 0.0008271298593879238 0.01747540633941117
0 0.002849002849002849 0.0 1.0 0.0 0.007525062447146145 0.0054791269101395245 0.007646070891894281 0.0006194964378954821 0.01588682390804875
0 0.003968253968253968 0.0 1.0 0.0 0.007714823403762723 0.0049636522357048895 0.008618403606470431 0.000663746183459445 0.044948222561429566
0 0.0026666666666666666 0.0 1.0 0.0 0.0022800486220727724 0.0034637897008428114 0.009260143198090692 0.0004301075268817204 0.005217395916576543
0 0.010416666666666666 0.0 1.0 0.0 0.0017180238875698633 0.0 0.008552108194112966 0.0 0.028136640090688392
0 0.0028011204481792717 0.0 1.0 0.0 0.004647678113977117 0.0038686267743688737 0.013808387316740537 0.0006258178301189054 0.016687774815865624
0 0.003472222222222222 0.0 1.0 0.0 0.005183021871096733 0.001698347219553991 0.011187350835322196 0.0012694145758661887 0.00379998544292374
0 0.001644736842105263 0.0 1.0 0.0 0.0030562840424610757 0.0024526284958176162 0.010255071599045347 0.00033602150537634406 0.005882744770773062
0 0.0020833333333333333 0.0 1.0 0.0 0.006295408157104985 0.003256453761291434 0.02242442322991249 0.0025886101154918356 0.007662721311594386
0 0.005952380952380952 0.0 1.0 0.0 0.010949669609820654 0.009252647221655674 0.023717183770883055 0.004330943847072879 0.06807456531184335
0 0.0018181818181818182 0.0 1.0 0.0 0.005737176438311484 0.004103651725710932 0.008639618138424822 0.0006212664277180405 0.017051217551780434
0 0.004347826086956522 0.0 1.0 0.0 0.0026142925592911835 0.0 0.012291169451073985 0.00023894862604540023 0.01816199659404196
0 0.0027777777777777775 0.0 1.0 0.0 0.003264260367151573 0.0024236124952740296 0.012012728719172633 0.00015929908403026683 0.021664255880757873
0 0.0026666666666666666 0.0 1.0 0.0 0.005816836793970257 0.004568668941464927 0.006921241050119332 0.0008761449621664675 0.001081620339534021
0 0.004807692307692308 0.0 1.0 0.0 0.0 0.003047667904715193 0.003132458233890215 0.0 0.017135387809705124
0 0.005291005291005291 0.0 1.0 0.0 0.0029380835931675183 0.0 0.013296965564268666 0.0 0.029472850882722595
0 0.00510204081632653 0.0 1.0 0.0 0.015641945066886247 0.0010427116543376626 0.005114217524718718 0.0 0.1109387192960261
0 0.0024630541871921183 0.0 1.0 0.0 0.0067650325162442754 0.001161016344653407 0.005114217524718717 0.0 0.01364491794563524
0 0.0016666666666666666 0.0 1.0 0.0 0.007326878883471069 0.005348517167241593 0.017064439140811453 0.0009557945041816009 0.03311847730251107
0 0.0018975332068311196 0.0 1.0 0.0 0.0002750953070434073 0.0013854829650300786 0.006106977397164116 0.0 0.0057321058762958245
0 0.001201923076923077 0.0 1.0 0.0 0.003290116111012574 0.0015758227121670594 0.00982192032311364 0.0004135649296939619 0.00367476025535092
0 0.0016835016835016836 0.0 1.0 0.0 0.00962502001224624 0.005318959233890762 0.011535401750198885 0.0014602416036107793 0.04300791841288437
0 0.0014705882352941176 0.0 1.0 0.0 0.0054492403710120615 0.002475685617644459 0.011634844868735084 0.00035842293906810036 0.020308639941464243
0 0.0011904761904761904 0.0 1.0 0.0 0.004277671174758296 0.003876762814836636 0.01581145584725537 0.0011449621664675427 0.003829156172370438
0 0.0014619883040935672 0.0 1.0 0.0 0.007042627464087142 0.003524084070794442 0.019093078758949878 0.0008803370433251587 0.030497257197090434
0 0.0013513513513513514 0.0 1.0 0.0 0.0036947787389951248 0.0030946938120986465 0.011515513126491645 0.0007168458781362007 0.004563211361571718
0 0.0018796992481203006 0.0 1.0 0.0 0.004536884457073551 0.0 0.010313672008182746 0.00034135518006485745 0.007608426449986597
0 0.0028490028490028487 0.0 1.0 0.0 0.002992824468480322 0.0018060254250164107 0.007557677008750995 0.0 0.011007861053373154
0 0.0013157894736842105 0.0 1.0 0.0 0.001126124957450125 0.0018878821461395508 0.010237407360884312 0.0003772873042822109 0.006783847747332835
0 0.0010604453870625664 0.0 1.0 0.0 0.003828023242420674 0.0015806168447439323 0.010324789872366917 0.0 0.025355749717043068
0 0.0009157509157509158 0.0 1.0 0.0 0.0036314069039568393 0.003975132304187867 0.008261428309161005 0.0005514199062586158 0.0006201115964560895
0 0.002325581395348837 0.0 1.0 0.0 0.0009092058065452251 0.0 0.009427207637231504 0.0 0.006670044237931541
0 0.0006142506142506142 0.0 1.0 0.0 0.0034392091064963477 0.0033818815743035012 0.009353028446107206 0.00019374212922600018 0.00040885096538837687
0 0.045454545454545456 0.0 1.0 0.0 0.005905396849615343 0.0007039660625623643 0.005361305361305362 0.0008943152655727502 0.045454545454545456
0 0.020833333333333332 0.0 1.0 0.0 0.0008254996406197329 0.0015018578706846371 0.007407407407407408 0.0009623609923011117 0.00030965715736147164
0 0.010416666666666666 0.0 1.0 0.0 0.0009885056448137722 0.0017226871862552479 0.006276709401709402 0.0008286997433704016 0.00033756371421881363
0 0.008928571428571428 0.0 1.0 0.0 0.00631498406234295 0.0022000716026358657 0.007814407814407814 0.001038738848832946 0.03426131449930241
0 0.011111111111111112 0.0 1.0 0.0 0.0008546668883362428 0.0008654101184600661 0.009306742640075973 0.0009980039920159678 0.00042884091125722256
0 0.0035460992907801418 0.0 1.0 0.0 0.006052041129157176 0.0013381448414627529 0.009201673031460265 0.0011648435651493373 0.014587635037593128
0 0.007518796992481203 0.0 1.0 0.10526315789473684 0.008105262855432204 0.001300204924583211 0.008726945569050832 0.001125568412048084 0.04951770299398208
0 0.006944444444444444 0.0 1.0 0.0 0.0020120235106439338 0.0021970567903312555 0.005508072174738841 0.0008079079935367358 0.0004396095332395223
0 0.005555555555555555 0.0 1.0 0.0 0.012429421106485686 0.0006848902966338962 0.006794871794871796 0.0012403763900769884 0.034223660039466426
0 0.0125 0.0 1.0 0.0 0.002306892851372394 0.0 0.00373931623931624 0.0008554319931565441 0.0030110559879697706
0 0.004545454545454545 0.0 1.0 0.0 0.002420161013458897 0.0013188160815343713 0.0027777777777777775 0.0008126603934987166 0.0005130807212524846
0 0.0024509803921568627 0.0 1.0 0.0 0.001813916371863883 0.0019929759820256293 0.0058069381598793365 0.0006793136416243141 0.0002861981062432403
0 0.003344481605351171 0.0 1.0 0.0 0.0016724313118077682 0.0014773016938158638 0.003047194351542177 0.0 0.0006194599020142765
0 0.0021008403361344537 0.0 1.0 0.0 0.0007414071673578291 0.0014451105327831866 0.011085972850678734 0.0003522367030644593 0.00026134211093248506
0 0.0035087719298245615 0.0 1.0 0.10526315789473684 0.0020454005125671317 0.0008151185987564218 0.006117858749437697 0.0 0.0017182321456254274
0 0.0078125 0.0 1.0 0.0 0.015806944545847208 0.00429012204869396 0.008653846153846156 0.00032078699743370403 0.12087006180725207
0 0.003676470588235294 0.0 1.0 0.0 0.001632097262757968 0.0017371541639751883 0.011324786324786324 0.000106928999144568 0.0006561285026934256
0 0.0024154589371980675 0.0 1.0 0.0 0.002063452153760929 0.003008519510464548 0.012077294685990336 0.0006322758210287499 0.00030719725635805576
0 0.004784688995215311 0.0 1.0 0.18181818181818182 0.0030773778884791493 0.0015728176944691636 0.005594405594405594 0.0004665992689944785 0.0012594321566797683
0 0.002380952380952381 0.0 1.0 0.0 0.0015595764708531785 0.0019103327172270705 0.008384208384208383 0.00020367428408489145 0.0010975840002430165
0 0.0022675736961451248 0.0 1.0 0.0 0.0018394309979299982 0.001691371520938661 0.008994708994708995 8.146971363395658e-05 0.0013093431390337087
0 0.004132231404958678 0.0 1.0 0.0 0.009049839674651167 0.0010040938133671884 0.00473970473970474 0.0006998989034917179 0.08949189963186985
0 0.003105590062111801 0.0 1.0 0.14285714285714285 0.002234859016240911 0.0031626365689436326 0.01282051282051282 0.0004888182818037394 0.0004958653451883395
0 0.003472222222222222 0.0 1.0 0.0 0.0030246510817050092 0.002346978319347515 0.009544159544159546 0.000142571998859424 0.0004728862741485538
0 0.00125 0.0 1.0 0.0 0.0058946262731659985 0.0018412024124246067 0.009802350427350427 0.00032078699743370403 0.029214287137316903
0 0.002564102564102564 0.0 1.0 0.0 0.0026412017064566104 0.002642423337797225 0.010940170940170938 0.0006273167949814657 0.000362139022088185
0 0.0016835016835016834 0.0 1.0 0.0 0.0010520046334668968 0.001995068079874007 0.008197358197358198 0.0005054825414106852 0.00044911377637067744
0 0.0013227513227513227 0.0 1.0 0.0 0.0014264915404452894 0.001745315675724288 0.011301044634377966 0.00034850933054525864 0.0002507231028242389
0 0.002028397565922921 0.0 1.0 0.0 0.007931306862149426 0.0022224574394220866 0.009904474610356965 0.0009057515221657526 0.055791471418982386
0 0.001851851851851852 0.0 1.0 0.0 0.0020793005815611856 0.0009804356924858445 0.008689458689458689 9.5047999239616e-05 0.0018010541130001122
0 0.002150537634408602 0.0 1.0 0.06666666666666667 0.0017053425739033572 0.002831793771692403 0.005527065527065527 0.00017108639863130882 0.0006953007879231563
0 0.00390625 0.0 1.0 0.125 0.0008219108349631509 0.0012829126444815014 0.01079059829059829 0.00053464499572284 0.0035276300530373847
0 0.004329004329004329 0.0 1.0 0.0 0.0 0.0008312837300897361 0.009035409035409035 0.0 0.0062489501649226255
0 0.0009487666034155598 0.0 1.0 0.0 0.0049815712889052675 0.002401654117262546 0.00973256134546457 0.0005242970280636883 0.030752195340631748
0 0.0007936507936507937 0.0 1.0 0.0 0.004657185486997462 0.0013353051334598466 0.009140550807217474 0.00045147799638817606 0.025849495814351305
0 0.002525252525252525 0.0 1.0 0.0 0.0003903551394212773 0.0013338649520560585 0.006060606060606061 0.00015553308966482617 0.0016107751487707542
0 0.0033783783783783786 0.0 1.0 0.0 0.0024860399151190793 0.00130651145910273 0.005448717948717949 0.000213857998289136 0.0027142246928859234
0 0.0007518796992481202 0.0 1.0 0.0 0.0018263802577996547 0.0011718172877563156 0.006544566544566543 0.00021996822681168274 0.0002993220572238564
0 0.0009496676163342829 0.0 1.0 0.07407407407407407 0.0021517165903652408 0.0019057548412943122 0.00674264007597341 0.00012673066565282133 0.0003064222944957194
0 0.0006578947368421052 0.0 1.0 0.0 0.002092145987940344 0.0014062029550395072 0.008839406207827258 0.00015757957768673181 0.0004780327002780223
0 0.0008710801393728223 0.0 1.0 0.0 0.004688002840221991 0.0013899737475029518 0.006349206349206349 0.00015275571306366857 0.03449120751197098
1 0.003968253968253968 0.0 1.0 0.0 0.006036516311311136 0.004753212053518552 0.007549857549857551 0.00142571998859424 0.005034420292732227
0 0.0029069767441860465 0.0 1.0 0.0 0.004955157337917448 0.001969704955512443 0.011324786324786326 0.000427715996578272 0.001120829019851666
0 0.0011961722488038277 0.0 1.0 0.0 0.002269937453514529 0.0027581997597784453 0.010571300044984256 9.004547296384674e-05 0.00027260554044622557
0 0.00048309178743961357 0.0 1.0 0.021739130434782608 0.0036575054355931585 0.0018343011933260875 0.010219249349684132 0.00029754156283705877 0.0001630464296720371
0 0.0011441647597254005 0.0 1.0 0.05263157894736842 0.0014833551675417498 0.0025149113944546923 0.0053081421502474135 0.00018009094592769348 0.0005810290397332952
0 0.002127659574468085 0.0 1.0 0.0 0.00041508415506572624 0.001010524384723744 0.006666666666666668 0.0 0.003580288509320197
0 0.0009057971014492753 0.0 1.0 0.0 0.0018236030792673852 0.002552911584508012 0.009661835748792274 0.00022315617212779408 0.0010337558818604938
0 0.001020408163265306 0.0 1.0 0.0 0.0034344596739054106 0.0028800338472036945 0.006111111111111111 0.0010692899914456799 0.0007897305028334595
0 0.00125 0.0 1.0 0.0 0.0034928238433810915 0.0017831186838846067 0.006677350427350427 0.00016039349871685202 0.0011744431649204164
0 0.0004782400765184122 0.0 1.0 0.0975609756097561 0.004663653885276518 0.0011644335457785214 0.007108609547633936 0.00035469131423564024 0.02293586910239735
0 0.002403846153846154 0.0 1.0 0.0 0.0034454314146931176 0.002719610408318256 0.009615384615384616 0.000641573994867408 0.0019036911757068062
0 0.0012578616352201257 0.0 1.0 0.0 0.007802369650690728 0.00286950928854994 0.013504273504273504 0.0006273167949814656 0.0653100399546226
0 0.0007407407407407407 0.0 1.0 0.0 0.002026232553811737 0.0026388287162450253 0.01111111111111111 0.00044482463644140297 0.0007666102158606161
0 0.0009090909090909091 0.0 1.0 0.0 0.0074379307022513315 0.0033777824381234695 0.00829059829059829 0.0008982035928143712 0.04809259377139702
0 0.002232142857142857 0.0 1.0 0.0 0.015611788277473898 0.0027373974701521754 0.00747863247863248 0.0006415739948674081 0.12074896806937406
0 0.0021929824561403508 0.0 1.0 0.0 0.001291475087874089 0.0025375770562980067 0.007905982905982906 0.000427715996578272 0.003388159715478243
1 0.041666666666666664 0.0 1.0 0.0 0.012647623590997283 0.008627510045313426 0.011194029850746268 0.004213483146067415 0.04166666666666668
0 0.019230769230769232 0.0 1.0 0.0 0.0073739437817756425 0.009115136543500622 0.008897818599311134 0.0037453183520599247 0.0344942435994692
0 0.02222222222222222 0.0 1.0 0.0 0.01709310506468792 0.004347428718206977 0.01318407960199005 0.002746566791510612 0.049427889644669355
0 0.010869565217391304 0.0 1.0 0.0 0.012533829576258027 0.009198109585852123 0.008922777417261519 0.0008141996417521576 0.034931467842026165
0 0.005128205128205128 0.0 1.0 0.0 0.00893342936364155 0.00894247057507391 0.00841944125526215 0.0007682704311917795 0.018243836160388025
0 0.005555555555555555 0.0 1.0 0.0 0.009514927619275644 0.011267121779458536 0.007711442786069651 0.00149812734082397 0.02504490630573103
0 0.006802721088435374 0.0 1.0 0.0 0.0031892088611583233 0.004656851572075822 0.007818052594171995 0.0003566969859104691 0.0004769361047195668
0 0.005208333333333333 0.0 1.0 0.0 0.0059901908648581975 0.009997146948766791 0.009172885572139303 0.0021847690387016227 0.00017620885872698009
0 0.0025839793281653744 0.0 1.0 0.0 0.014288998484413984 0.012707739059571961 0.011367580701145432 0.0011323055482971864 0.014429375574013152
0 0.004347826086956522 0.0 1.0 0.0 0.01180569269738165 0.008861611806968652 0.006651524983776767 0.0016283992835043153 0.03752450540239812
0 0.09090909090909091 0.0 1.0 0.0 0.011913570766191595 0.006654058910789461 0.01656891495601173 0.0023498311058892645 0.09090909090909091
0 0.03333333333333333 0.0 1.0 0.0 0.0038594649267850397 0.0018865710858456401 0.010537634408602151 0.0017232094776521273 0.005069761290689145
1 0.009009009009009009 0.0 1.0 0.05405405405405406 0.006092174260598512 0.005107189633381055 0.00928509154315606 0.0021394577129633667 0.020507608092997953
0 0.0125 0.0 1.0 0.0 0.0052170886424392805 0.0037287897125777804 0.005806451612903225 0.0017770597738287566 0.0008647122121114306
0 0.011764705882352941 0.0 1.0 0.0 0.003217571956450546 0.0017416841916082007 0.012049335863377609 0.0015204789508695244 0.00436840138694781
0 0.01515151515151515 0.0 1.0 0.0 0.004277613127419873 0.003181730299429826 0.007184750733137831 0.0016155088852988692 0.002107356116659897
0 0.011904761904761904 0.0 1.0 0.0 0.009806612240808905 0.0034944863600372745 0.007795698924731184 0.0020193861066235864 0.06916030265129056
0 0.009615384615384616 0.0 1.0 0.0 0.004752689851626262 0.002227199905577847 0.006451612903225808 0.0014912389710451102 0.006262194236995648
0 0.0065359477124183 0.0 1.0 0.11764705882352941 0.007713320307313065 0.0012928622566424615 0.008064516129032258 0.0014254490164401792 0.048399531705336264
0 0.004545454545454546 0.0 1.0 0.0 0.00620736684044096 0.0027078759818635395 0.008064516129032258 0.00014686444411807903 0.00225493957668365
0 0.010101010101010102 0.0 1.0 0.0 0.004570444108845866 0.0020082006785517837 0.004659498207885304 0.0003590019745108598 0.002732722352355537
0 0.005208333333333333 0.0 1.0 0.0 0.005961192722393133 0.004863242354891146 0.014213709677419355 0.000908723747980614 0.02101908991780458
0 0.003076923076923077 0.0 1.0 0.0 0.004420715665202708 0.0035954918500047408 0.010451612903225809 0.0009693053311793213 0.0023669258154847468
0 0.007142857142857143 0.0 1.0 0.0 0.0069037821706346885 0.0010989329181460923 0.011935483870967743 0.0 0.008532100849291038
0 0.008333333333333333 0.0 1.0 0.0 0.004270991629476129 0.003759173025190808 0.01875 0.0004038772213247173 0.015579974055238453
0 0.006944444444444444 0.0 1.0 0.0 0.004276862366881643 0.005816287184381163 0.011111111111111112 0.0003590019745108598 0.014362202897354107
0 0.007352941176470588 0.0 1.0 0.0 0.0031347519175898148 0.004910986933643191 0.017137096774193547 0.0008077544426494346 0.017217920950177257
0 0.0021367521367521365 0.0 1.0 0.0 0.0055407923344902195 0.002211861265219233 0.009615384615384616 0.0004349446998881571 0.030274309119903663
0 0.005263157894736842 0.0 1.0 0.0 0.006499542339890763 0.004213077776283864 0.01032258064516129 0.0008077544426494346 0.008312401125711993
0 0.0033333333333333335 0.0 1.0 0.0 0.0032397216595905515 0.00317973103886884 0.013870967741935487 0.0008616047388260636 0.005892418946616043
0 0.002976190476190476 0.0 1.0 0.0 0.0026276425131695914 0.0031516208973279094 0.013104838709677422 0.0012116316639741518 0.006194078828460453
0 0.006493506493506494 0.0 1.0 0.0 0.003857636465131994 0.0028198696435561346 0.009216589861751152 0.0 0.0052842349360447015
0 0.0033444816053511705 0.0 1.0 0.0 0.0037960280367222775 0.002313337246271266 0.005583126550868485 0.0 0.0020497538690930272
0 0.004629629629629629 0.0 1.0 0.0 0.0019844844943701736 0.005847120332115994 0.00878136200716846 0.0010770059235325794 0.0055359150802050715
0 0.004 0.0 1.0 0.0 0.007843584365657366 0.004852781412668198 0.010806451612903226 0.0009693053311793214 0.007013006913139837
0 0.0018315018315018315 0.0 1.0 0.0 0.00321537225102766 0.00485386956411098 0.010522273425499232 0.0006923609508423724 0.00364981243503603
0 0.001763668430335097 0.0 1.0 0.0 0.00711409097832397 0.004751995175596292 0.01175115207373272 0.0008462189399184552 0.045211479549931696
0 0.0023809523809523807 0.0 1.0 0.0 0.0038641873030827436 0.0034701361709632205 0.010537634408602147 0.0010770059235325794 0.00626848786764172
0 0.0021551724137931034 0.0 1.0 0.0 0.004461764986226759 0.0038001125554925205 0.010483870967741936 0.0 0.008369908721157105
0 0.002777777777777778 0.0 1.0 0.0 0.001039517351379095 0.0034764788223178994 0.008736559139784945 0.00026925148088314486 0.0028842750172929214
0 0.0015360983102918587 0.0 1.0 0.0 0.0052043886515647205 0.0037084219627980457 0.007834101382488478 0.0006923609508423725 0.0006514431693634926
0 0.001358695652173913 0.0 1.0 0.0 0.0017866310813298392 0.004169786814606531 0.00582047685834502 0.000280958067008499 0.0007541068834781541
0 0.0012626262626262627 0.0 1.0 0.0 0.0035110293354479183 0.00400429067238574 0.007795698924731183 0.0005385029617662897 0.0004883712650220735
0 0.0007002801120448179 0.0 1.0 0.0 0.0035727357583530558 0.0037371565494522833 0.008218125960061443 0.0002307869836141242 0.00041334525164344054
0 0.0014285714285714286 0.0 1.0 0.0 0.00330162867394296 0.001592410105768416 0.0064516129032258064 0.0005654281098546041 0.0007740791178838879
0 0.0021367521367521365 0.0 1.0 0.0 0.0016682359757076853 0.003028566313315847 0.008312655086848635 0.0004970796570150367 0.006158988596765358
0 0.0010395010395010396 0.0 1.0 0.07692307692307693 0.0006890925738434645 0.0010179197600144508 0.005024813895781638 0.00037280974276127755 0.0009928153298747822
0 0.05 0.0 1.0 0.0 0.026004448393102758 0.023549522547709593 0.0128 0.008467741935483868 0.049999999999999996
0 0.03333333333333333 0.0 1.0 0.0 0.025420876036866664 0.020306368893667978 0.014400000000000001 0.008602150537634405 0.044777448300674906
0 0.02564102564102564 0.0 1.0 0.0 0.011054094814406253 0.00921960722425147 0.009846153846153846 0.0012406947890818859 0.008937627971084335
0 0.011363636363636364 0.0 1.0 0.0 0.006691023069501065 0.012631327316440606 0.008 0.0 0.00019066687190522356
0 0.014285714285714287 0.0 1.0 0.0 0.01155082505128398 0.011122449309507385 0.013142857142857142 0.0 0.022486593158815203
0 0.007936507936507936 0.0 1.0 0.0 0.02581134788286761 0.0072258589359897 0.014476190476190476 0.002304147465437788 0.03746172498141637
0 0.007142857142857143 0.0 1.0 0.0 0.003767376021532301 0.014616943705031462 0.0128 0.0016129032258064516 0.004338539428975606
0 0.037037037037037035 0.0 1.0 0.0 0.005189488925013003 0.0026975188885990675 0.010525623314255645 0.0018452616317385009 0.037037037037037035
0 0.03571428571428571 0.0 1.0 0.0 0.004654912502316851 0.006677966551731841 0.010276579548337985 0.0020335536349771225 0.05560587553735673
0 0.013888888888888888 0.0 1.0 0.0 0.002965132116130642 0.006119049072149105 0.010509177027827117 0.0018534994068801906 0.006592921808587136
0 0.013888888888888888 0.0 1.0 0.0 0.003639890314915709 0.004213753534647236 0.004243141898559306 0.002075919335705813 0.04314885331077834
0 0.022222222222222223 0.0 1.0 0.0 0.005607214848950118 0.0063132724940572794 0.00967041641997237 0.0019770660340055358 0.08879257509644173
0 0.010416666666666666 0.0 1.0 0.0 0.005905684775132451 0.003350547340765136 0.011545293072824158 0.0017793594306049823 0.0005001737897062285
0 0.008928571428571428 0.0 1.0 0.0 0.0060725395600016024 0.0006343174460249334 0.008103907637655417 0.001668149466192171 0.0005315343317912526
0 0.017857142857142856 0.0 1.0 0.0 0.007209276234364437 0.004004378225677531 0.008880994671403197 0.0015251652262328417 0.11693638366839897
0 0.005847953216374269 0.0 1.0 0.0 0.006574162106473539 0.004692046262695091 0.008039637281480789 0.001873009926952613 0.03854583696001988
0 0.0029411764705882353 0.0 1.0 0.0 0.0031411167911625437 0.004021069177146972 0.00982133528366942 0.0005233410090014653 0.00044539238577610216
0 0.0023923444976076554 0.0 1.0 0.0 0.0036665782233593998 0.0028124581574481403 0.007992895204262877 0.00018730099269526128 0.018266121858812993
0 0.003968253968253968 0.0 1.0 0.0 0.008518045003506716 0.002235837555538227 0.008119766556711497 0.0005931198102016607 0.002305822196039766
0 0.004048582995951417 0.0 1.0 0.0 0.004317881872999814 0.005450655934608305 0.00803963728148079 0.00028095148904289194 0.0004789833753137823
0 0.001984126984126984 0.0 1.0 0.0 0.0043429429765410735 0.0033868860839457466 0.004884547069271761 0.00034598655595096875 0.01743876496127582
0 0.001851851851851852 0.0 1.0 0.0 0.0019541378220068544 0.003630685300018321 0.010163805012828105 0.0004448398576512456 0.0002589972908547982
0 0.003289473684210526 0.0 1.0 0.0 0.0025948635745698507 0.0038629175091380147 0.008039637281480789 0.00018730099269526128 0.001963816617936393
0 0.00267379679144385 0.0 1.0 0.0 0.0034747327207045185 0.0023404076351817957 0.010980138866462135 0.00024263992235522486 0.000567828212594395
0 0.004273504273504273 0.0 1.0 0.0 0.004494104588503229 0.003439657474899727 0.007104795737122559 0.0 0.0007897497745736395
0 0.001949317738791423 0.0 1.0 0.0 0.0027576661118289773 0.0026251179205835067 0.0070390105914084605 0.0003295110056675893 0.0003264165574503774
0 0.0025 0.0 1.0 0.0 0.002214840192906176 0.0038302860455340154 0.00497335701598579 0.0 0.0024560225019188454
0 0.0022675736961451248 0.0 1.0 0.0 0.005907241604446198 0.0042757837050793335 0.009895965490992134 0.0003389256058295204 0.03008042523595158
0 0.004132231404958678 0.0 1.0 0.0 0.0059575203475092965 0.005632951153807486 0.004359761020507024 0.0003235198964736331 0.016919275652072224
0 0.004830917874396135 0.0 1.0 0.0 0.005607214848950118 0.004432994723312613 0.012038681665679889 0.0 0.09000490346000253
0 0.002976190476190476 0.0 1.0 0.0 0.0022738236031698725 0.001641032326650823 0.0021568129916264907 0.0 0.004786539791833905
0 0.0033333333333333335 0.0 1.0 0.0 0.005862062523021468 0.0036932078826072356 0.010361160449970395 0.00029655990510083033 0.004417395689340434
0 0.0011312217194570137 0.0 1.0 0.0 0.0034083314823981753 0.002832573814839719 0.008724271236025496 0.00020933640360058613 0.00039078801665685047
0 0.0030864197530864196 0.0 1.0 0.08333333333333333 0.006327785130455753 0.004399580245620985 0.008436944937833037 0.00029655990510083033 0.06363128357028726
0 0.0023809523809523807 0.0 1.0 0.06666666666666667 0.002710811461272116 0.0015845705158620514 0.010538780343398462 0.00047449584816132857 0.006285540421502977
0 0.03571428571428571 0.0 1.0 0.0 0.015099126207327913 0.006291505403810567 0.011479591836734694 0.00396825396825397 0.03571428571428572
0 0.045454545454545456 0.0 1.0 0.0 0.01651233304199176 0.006113631751157627 0.015584415584415588 0.004561746497230367 0.07850451838190715
0 0.013888888888888888 0.0 1.0 0.0 0.004079801758251087 0.009250166606681124 0.009226190476190476 0.00433094384707288 0.014243673358271347
0 0.015625 0.0 1.0 0.0 0.02935591067058477 0.007774444667827397 0.014732142857142857 0.00246415770609319 0.04407173048893456
0 0.01 0.0 1.0 0.0 0.007760956628131822 0.006796415201084175 0.013750000000000002 0.0017921146953405018 0.02178594320533372
0 0.005747126436781609 0.0 1.0 0.0 0.00456879073570241 0.006742559215196366 0.013546798029556646 0.0008651588184402423 0.001510934142259089
0 0.007936507936507936 0.0 1.0 0.0 0.004265198016156313 0.00817183456173964 0.009325396825396825 0.0007964954201513341 0.0005239792953801492
0 0.0078125 0.0 1.0 0.0 0.007425765220251569 0.005916781450465026 0.01160714285714286 0.0008960573476702509 0.019923264994950483
0 0.0017094017094017094 0.0 1.0 0.0 0.0064418748737797606 0.007608629006453741 0.010714285714285713 0.0021505376344086026 0.012356155802115493
0 0.004347826086956522 0.0 1.0 0.0 0.015807491667306744 0.006601101444793889 0.010403726708074533 0.0006233442418575658 0.03930025320803018
0 0.0030303030303030303 0.0 1.0 0.0 0.010391303359449369 0.006103605996890594 0.009404761904761905 0.00023894862604540023 0.030439195117959825
0 0.125 0.0 1.0 0.0 0.0022368515451674604 0.0017022122100858552 0.004461388708630759 0.0006493506493506495 0.12500000000000003
0 0.03571428571428571 0.0 1.0 0.0 0.001529085858400559 0.0016025496436620702 0.006303884305182163 0.0006493506493506495 0.004614119916067659
0 0.0101010101010101 0.0 1.0 0.0 0.0027264392171318067 0.00186873119344696 0.009163667826873539 0.0012199921290830384 0.0008430034123328063
0 0.00641025641025641 0.0 1.0 0.0 0.002399707096029464 0.001615077749403115 0.005058320437944059 0.0007492507492507494 0.00024133678638292412
0 0.002105263157894737 0.0 1.0 0.0 0.002672795359886855 0.0017613781385052815 0.009091840568325424 0.000813397129186603 0.0007506253807337561
0 0.013888888888888888 0.0 1.0 0.0 0.004628560178907048 0.002089210690658965 0.012545965823058619 0.001406926406926407 0.0024204752959949664
0 0.012987012987012986 0.0 1.0 0.0 0.01050450392368328 0.0018568022339363215 0.012270662497787741 0.0007674144037780402 0.009679934592929488
0 0.006578947368421052 0.0 1.0 0.0 0.0014153465424231626 0.0015298071900362057 0.008026230404043854 0.0009569377990430623 0.0018379653951209334
0 0.018518518518518517 0.0 1.0 0.0 0.0005835329193312303 0.0 0.00865239022279905 0.0005411255411255411 0.013372590498814715
0 0.0058823529411764705 0.0 1.0 0.0 0.002507690383767919 0.0006864803646572672 0.005802191090582892 0.0009167303284950346 0.0017476902363008063
0 0.015151515151515152 0.0 1.0 0.0 0.0031920083838040372 0.0013702723008853534 0.006056673155959334 0.0007575757575757577 0.007412118942686293
0 0.0024509803921568627 0.0 1.0 0.0 0.0028367216943084492 0.0006776148236589373 0.004389815627743635 0.0006493506493506495 0.00025979023348585205
0 0.0032051282051282055 0.0 1.0 0.0 0.002464700248872855 0.0033626427208873523 0.00935539692840147 0.0012445887445887446 0.0007950976426034836
0 0.008928571428571428 0.0 1.0 0.0 0.001302225134674232 0.0033936999935343295 0.009247242050616482 0.0013798701298701301 0.006697535212243543
0 0.007407407407407408 0.0 1.0 0.0 0.001123482987358178 0.0020850462896287347 0.008147667459802437 0.001298701298701299 0.005843868254320619
0 0.001524390243902439 0.0 1.0 0.0 0.0024168830826002833 0.00092712247482584 0.007122394390718731 0.0005701615457713019 0.0006557991118058454
0 0.007352941176470588 0.0 1.0 0.0 0.0036717606298118932 0.00800053049254842 0.014114211550940949 0.0030032467532467534 0.0033937899520776467
0 0.0012077294685990338 0.0 1.0 0.0 0.0047344132846645235 0.00332441885735354 0.011398583641339617 0.0008046301524562393 0.0003548900618853298
0 0.003095975232198142 0.0 1.0 0.0 0.001515258686638465 0.001715382472962871 0.0065274649769057535 7.639419404125286e-05 0.005427576097343974
0 0.001388888888888889 0.0 1.0 0.0 0.002882652399412319 0.0016406858610193197 0.013086740211983562 0.0008477633477633478 0.0007237081692015187
0 0.002976190476190476 0.0 1.0 0.0 0.0011557705822764323 0.0007327243769334018 0.008030499675535369 0.0007305194805194805 0.002362252819891456
0 0.001893939393939394 0.0 1.0 0.0 0.0015609084524987541 0.001035516872195326 0.00419100151416829 0.00010822510822510823 0.004164725221979129
0 0.002173913043478261 0.0 1.0 0.0 0.0016353711316355979 0.0007577395468308231 0.008663205710577547 6.493506493506494e-05 0.002974565139105475
0 0.0016025641025641025 0.0 1.0 0.0 0.004393120639404873 0.0011958223998277883 0.007936904108221437 9.99000999000999e-05 0.0007714530379159463
0 0.0012903225806451613 0.0 1.0 0.0 0.002875930825116958 0.00130981695703526 0.008331414456469403 0.0003351487222454965 0.0015163718584377463
0 0.0038461538461538464 0.0 1.0 0.0 0.005512390368145712 0.0008834278913408195 0.011550940947436732 0.0007792207792207792 0.0010129428931897962
0 0.003367003367003367 0.0 1.0 0.0 0.008039453973535475 0.005822307515266504 0.014217450297917527 0.001298701298701299 0.0008418723804648112
0 0.003968253968253968 0.0 1.0 0.0 0.007405657363512656 0.002403814985415861 0.018386329223447975 0.00202020202020202 0.0011010894572346809
0 0.0022988505747126436 0.0 1.0 0.0 0.004744143653726986 0.0004813802111195074 0.00808998485831711 0.0 0.0005993155116552348
0 0.005555555555555556 0.0 1.0 0.0 0.0 0.0010731504407505072 0.008111615833874108 0.0 0.020825158269599027
0 0.002304147465437788 0.0 1.0 0.0 0.0002085755849786903 0.0014944440791926485 0.007833503290998424 0.00046382189239332097 0.004648975231664196
0 0.0009765625 0.0 1.0 0.0 0.004364083479538194 0.0019652479494586816 0.008557754704737183 0.00038555194805194807 0.0006324597223897702
0 0.0025252525252525255 0.0 1.0 0.0 0.007616106256600168 0.005617277479469098 0.01589876703439325 0.0016774891774891775 0.0022866406151760372
0 0.0011312217194570135 0.0 1.0 0.0 0.0033728686654462786 0.0009345754040136036 0.007013427844057305 0.00029970029970029975 0.0006753531699964355
0 0.001680672268907563 0.0 1.0 0.0 0.0013254852663721053 0.0010354080254020705 0.006107569569034622 0.0005347593582887702 0.0018564475014149402
0 0.001633986928104575 0.0 1.0 0.0 0.005365310582237619 0.0014461054897260087 0.008016185059357939 0.0002291825821237586 0.001550862400080344
0 0.0018018018018018018 0.0 1.0 0.0 0.005746144918464359 0.005915867261160697 0.017218256543370107 0.002251082251082251 0.0006187109488940015
0 0.0020242914979757085 0.0 1.0 0.0 0.00608958547968667 0.001612633267266529 0.011381220985374132 0.0008491508491508492 0.0007360470727813691
0 0.005128205128205128 0.0 1.0 0.0 0.002227772647075772 0.0023512466489582972 0.0023361453601557433 0.0 0.01353672509022751
0 0.00125 0.0 1.0 0.0 0.003203549460033634 0.0030561714168274123 0.006489292667099286 0.0007142857142857144 0.0009388863714232118
0 0.0012836970474967909 0.0 1.0 0.0 0.009435538942715158 0.003995616117014048 0.016359848355476624 0.0010594668489405333 0.00030419276015041175
0 0.003968253968253968 0.0 1.0 0.0 0.0 0.0011428860485849781 0.009517629245078953 0.00021645021645021645 0.02525733371709223
0 0.000664451827242525 0.0 1.0 0.0 0.0023671153659633117 0.002078646453920921 0.008491702975804209 0.0006122448979591836 0.0012699375265574527
0 0.0017482517482517483 0.0 1.0 0.0 0.0055527721017695365 0.0028262064093964156 0.0125293266110917 0.0006493506493506494 0.0021995225657928043
0 0.002777777777777778 0.0 1.0 0.0 0.005617545384319672 0.0004629693567091072 0.004623621025308241 0.0 0.0068850359438064525
0 0.0010351966873706005 0.0 1.0 0.0 0.0016317226882415342 0.001044066596743662 0.00568585643212509 0.00037105751391465676 0.0012455242987556357
0 0.002127659574468085 0.0 1.0 0.0 0.009861151476215742 0.010653767996904984 0.01765087605451006 0.0024025974025974027 0.002682147673258943
0 0.0020833333333333333 0.0 1.0 0.0 0.00639093714376492 0.004066540722530009 0.017780661907852043 0.0014285714285714288 0.002905625099379034
0 0.001020408163265306 0.0 1.0 0.0 0.004918829509044775 0.004643901647647119 0.008598312783906551 0.0011688311688311688 0.0004587782664548709
0 0.0018181818181818182 0.0 1.0 0.0 0.009914084068155474 0.0021323135205163837 0.016046250958645508 0.000295159386068477 0.0025993224569346393
0 0.0007262164124909223 0.0 1.0 0.0 0.0016615807754257169 0.0022340377279372447 0.00973393900064893 0.000456950456950457 0.0006997813397651883
0 0.0009615384615384616 0.0 1.0 0.0 0.006444472303721705 0.0051644576809246594 0.009214795587280984 0.0011688311688311688 0.0004187500701487122
0 0.0020964360587002098 0.0 1.0 0.0 0.002687896293283871 0.001446967077661153 0.010094455259932222 0.0001443001443001443 0.019909127119038576
0 0.0018518518518518517 0.0 1.0 0.0 0.006174455322292846 0.002154078523897946 0.007268007787151201 0.0003896103896103896 0.0010092072365850493
0 0.00202020202020202 0.0 1.0 0.0 0.0068519971147939255 0.0017430097347542516 0.015213786141754991 0.000505050505050505 0.001090996692646817
0 0.0006377551020408163 0.0 1.0 0.0 0.0045827784852496235 0.0020554300178114034 0.008969129507740798 0.00018552875695732838 0.0007068024718999481
0 0.0010964912280701754 0.0 1.0 0.0 0.007273490501979814 0.002558192554391879 0.011924075275794936 0.0003652597402597403 0.000565568621404539
0 0.0017241379310344827 0.0 1.0 0.0 0.006366497236959584 0.0029668169337001803 0.014536015574302402 0.0005844155844155844 0.0029081489813769608
0 0.0018832391713747645 0.0 1.0 0.0 0.00635897886019675 0.002870425197121379 0.009012906482082342 0.0007215007215007215 0.0011233412443059304
0 0.0020833333333333333 0.0 1.0 0.0 0.007362515412102911 0.0029739357054348057 0.007381570408825438 0.0003246753246753247 0.0012393518157977682
0 0.0020491803278688526 0.0 1.0 0.0 0.009186402221251177 0.009075103216603752 0.014033095392602208 0.0022727272727272726 0.0012007796743256033
0 0.001075268817204301 0.0 1.0 0.0 0.006064347568077912 0.003512458395928415 0.010382868267358857 0.0005194805194805195 0.0017275381505106845
0 0.001443001443001443 0.0 1.0 0.0 0.0013171297636561748 0.00036064035317381145 0.0050734469942776235 0.0 0.004974319921547569
0 0.0011160714285714285 0.0 1.0 0.0 0.0038874229997014633 0.0043846968627654 0.011680726800778713 0.0012523191094619668 0.0012111855842639465
0 0.0010256410256410256 0.0 1.0 0.0 0.003142163340248578 0.0020323572980746355 0.013757300454250486 0.0006926406926406926 0.0012596243442560614
0 0.0016835016835016836 0.0 1.0 0.0 0.005715285152451227 0.0016434893401481912 0.007787151200519143 0.0001443001443001443 0.0032874133158007205
0 0.0013568521031207597 0.0 1.0 0.0 0.0034473960058897263 0.005324292027536506 0.012919591764497668 0.0018299881936245572 0.00225249134708699
0 0.001838235294117647 0.0 1.0 0.0 0.00460411040760343 0.0020502707345851534 0.008273848150551589 0.0005681818181818182 0.0037922651709137
0 0.0011148272017837235 0.0 1.0 0.0 0.004799746731281291 0.0014852801047754993 0.0085359157390306 0.0001998001998001998 0.0007686880345744048
0 0.002857142857142857 0.0 1.0 0.0 0.0026075980898130446 0.0006507318563761371 0.010512654120700843 0.0 0.009759211204297357
0 0.002012072434607646 0.0 1.0 0.0 0.010536231223757112 0.00559459364693595 0.013256697877074257 0.0012059369202226348 0.0013805725070540806
0 0.001984126984126984 0.0 1.0 0.0 0.014478727958221861 0.0033219641089264895 0.013812922962825621 0.0009276437847866419 0.001028514424253006
0 0.0013698630136986301 0.0 1.0 0.0 0.008005422594425804 0.0026039648900839734 0.013043478260869565 0.0006493506493506494 0.0009536202685867723
0 0.002702702702702703 0.0 1.0 0.0 0.002123350604239555 0.0 0.004023361453601557 0.0 0.03210242399443479
0 0.0013333333333333335 0.0 1.0 0.0 0.005208277495232426 0.005836466519236036 0.009149902660609995 0.0016233766233766235 0.0019882214107352046
0 0.001644736842105263 0.0 1.0 0.0 0.0020748109155642796 0.0015109922744111102 0.009652822842310189 0.00016233766233766234 0.005489540773778679
0 0.0016233766233766235 0.0 1.0 0.0 0.0030786772344425337 0.0004958804856139907 0.002027903958468527 0.0 0.011115242771614915
0 0.0006747638326585695 0.0 1.0 0.0 0.0022418932023158884 0.00048455785330608995 0.007445609481198129 0.0003759398496240601 0.0034752481268789178
0 0.002109704641350211 0.0 1.0 0.0 0.0005616436135507473 0.001036735696527432 0.00627298291152931 0.0 0.01758195470159599
0 0.00078125 0.0 1.0 0.0 0.0017903965276024926 0.0007211090487158147 0.007787151200519144 0.000487012987012987 0.001714271210445479
0 0.0015432098765432098 0.0 1.0 0.0 0.0026178590908238044 0.0015439034033159936 0.0056781310837118746 0.00016233766233766234 0.018521342748378678
0 0.0009380863039399625 0.0 1.0 0.0 0.001768022669725295 0.0005837687439840162 0.004442669595167973 9.99000999000999e-05 0.0022436982506854647
0 0.0017211703958691911 0.0 1.0 0.0 0.002698510417312598 0.0 0.007879855381477705 0.00037105751391465676 0.005481089687306472
0 0.000744047619047619 0.0 1.0 0.0 0.0028705849444534675 0.0006992341907315335 0.007584360804672292 0.0002435064935064935 0.0013554478175100166
0 0.0003676470588235294 0.0 1.0 0.0 0.005547102064279214 0.0023507503365968758 0.007766872160934456 0.0003043831168831169 0.0001803392903694568
0 0.0007267441860465116 0.0 1.0 0.0 0.003680889902774808 0.0042041016349527345 0.010220635950681376 0.0008928571428571429 0.0011754454867210164
0 0.0007662835249042146 0.0 1.0 0.0 0.008382196774770808 0.002758337686318574 0.012675751676400606 0.0003463203463203463 0.00042947202928643723
0 0.00039184952978056425 0.0 1.0 0.0 0.004474855009536501 0.0023319187814694856 0.010315737653561278 0.0005373936408419167 0.00027642332308189536
0 0.0012484394506866417 0.0 1.0 0.0 0.0036119243479431334 0.007597719474053626 0.013627514600908504 0.002308802308802309 0.002847892088721511
0 0.0015873015873015873 0.0 1.0 0.0 0.008962679764418922 0.00861626001561523 0.01344210623899138 0.0015769944341372914 0.0014017959105839162
0 0.001098901098901099 0.0 1.0 0.0 0.005056391989689055 0.0011451036082943604 0.008760545100584036 0.0 0.0010120529519275522
0 0.0009881422924901185 0.0 1.0 0.0 0.006769718250666909 0.003810992428007283 0.011739720370479618 0.0007083825265643447 0.0025794036740489465
0 0.000413564929693962 0.0 1.0 0.0 0.002206773182240887 0.0029113978435593665 0.009134927369839762 0.0007242757242757243 0.002202215912016073
0 0.0017730496453900709 0.0 1.0 0.0 0.004351017921171215 0.0013001885179645962 0.01027471338957387 0.00021645021645021645 0.006269803208257153
0 0.0010526315789473684 0.0 1.0 0.0 0.0023883987855249306 0.00044171394567040975 0.004023361453601557 0.0 0.0026294874952025654
0 0.045454545454545456 0.0 1.0 0.0 0.022864935103142168 0.017557114993945 0.01109936575052854 0.006113769271664008 0.045454545454545456
0 0.020833333333333332 0.0 1.0 0.0 0.013354203871463704 0.011127319624771446 0.014777131782945737 0.006578947368421052 0.014229079439061411
0 0.011494252873563218 0.0 1.0 0.0 0.01393926335611969 0.012579388961569807 0.017842822774659185 0.001613228473482557 0.02931390409586373
0 0.01 0.0 1.0 0.0 0.020617187117559315 0.011860894949970753 0.023953488372093032 0.002807017543859649 0.03466026671171271
0 0.008 0.0 1.0 0.0 0.014348663335834684 0.011295768919958813 0.021860465116279072 0.0023391812865497076 0.03491955310963617
0 0.01515151515151515 0.0 1.0 0.0 0.020721422128706004 0.009077607538435794 0.016913319238900635 0.0010632642211589579 0.0776351060249222
0 0.007518796992481203 0.0 1.0 0.0 0.005676735610412944 0.007239365835390367 0.016829865361077112 0.0006155740227762388 0.006083361886112335
0 0.015625 0.0 1.0 0.0 0.0 0.008015886108942516 0.007994186046511628 0.0 0.002286253736147819
0 0.012345679012345678 0.0 1.0 0.0 0.004535235646661746 0.015064475219338593 0.009043927648578812 0.0 0.0008384015932746699
0 0.030303030303030304 0.0 1.0 0.0 0.02373437938071736 0.02915733832073637 0.038606060606060616 0.00916985486123763 0.030303030303030304
0 0.013888888888888888 0.0 1.0 0.0 0.026649979435070862 0.03217961753574958 0.03994444444444446 0.00790469828545981 0.008130522997988924
0 0.0101010101010101 0.0 1.0 0.0 0.018219714858721647 0.0073374244868275205 0.03442424242424243 0.0019432805003947286 0.006429325679180358
0 0.00625 0.0 1.0 0.0 0.020115527683975957 0.011507979401673127 0.03700000000000001 0.0036072144288577163 0.01867079598980483
0 0.0058823529411764705 0.0 1.0 0.0 0.03139473321612828 0.04843962319403934 0.04700000000000001 0.010727337026995168 0.015404691469199042
0 0.004629629629629629 0.0 1.0 0.0 0.01891894851947773 0.022587026252941608 0.03772222222222223 0.00334001336005344 0.0038476468868298705
0 0.002976190476190476 0.0 1.0 0.0 0.022599408085263385 0.01525640740572854 0.03620833333333335 0.008684034736138947 0.01646456851182153
0 0.0026595744680851063 0.0 1.0 0.0 0.022963667893401575 0.025248468734679855 0.03595744680851066 0.008996716837931183 0.016755176740449778
0 0.002525252525252525 0.0 1.0 0.0 0.023172330607845057 0.023301254130475527 0.03527272727272729 0.007970486427400258 0.019489491986362944
0 0.002127659574468085 0.0 1.0 0.0 0.023241662848114044 0.02080202647725245 0.03600000000000001 0.009252547648488468 0.016780892146437767
0 0.012987012987012988 0.0 1.0 0.0 0.016122651805797802 0.0032658359431183516 0.02114285714285714 0.001145147437732608 0.046804038337097606
0 0.0020833333333333333 0.0 1.0 0.0 0.02283585034290963 0.014821633529828859 0.033100000000000004 0.004809619238476955 0.007397557766690778
0 0.0013986013986013986 0.0 1.0 0.0 0.02220084714834669 0.02516566238302151 0.029963636363636373 0.0058662780105665875 0.009266900468039015
0 0.16666666666666666 0.0 1.0 0.0 0.0033468349625144747 0.0 0.008026440037771483 0.0028409090909090914 0.16666666666666666
0 0.014705882352941176 0.0 1.0 0.0 0.005647710713600664 0.005262130121367896 0.011581403099483419 0.0034258021390374317 0.008200055520222927
0 0.011904761904761904 0.0 1.0 0.0 0.004266712459856896 0.005502925786302814 0.012140833670578716 0.0034496753246753237 0.00035982105670917823
0 0.006944444444444444 0.0 1.0 0.0 0.00788555729855378 0.006534800618497503 0.012433112999685235 0.0025252525252525237 3.988709874038614e-05
0 0.015384615384615385 0.0 1.0 0.0 0.007033088616471233 0.004005188537651464 0.006537371976465461 0.0 0.0002227051506144663
0 0.004273504273504273 0.0 1.0 0.0 0.004848854272890724 0.006210160117487477 0.010677707561560251 0.0006555944055944055 4.2579114280407206e-05
0 0.0031746031746031746 0.0 1.0 0.0 0.004826486708498467 0.006876260113777114 0.012590494176896441 0.0010101010101010103 3.6086533956485594e-05
0 0.0033783783783783786 0.0 1.0 0.0 0.005032543097599531 0.004761355497809442 0.010029859888216827 0.0010749385749385752 0.00018353648095700443
0 0.0025839793281653744 0.0 1.0 0.0 0.0059059118528362285 0.004102372343285736 0.008564464062191184 0.0007928118393234673 0.00013015755965682958
0 0.0029411764705882353 0.0 1.0 0.0 0.00618919289148247 0.006839798392620979 0.00899850024995834 0.0006684491978609626 4.922170341079666e-05
0 0.007575757575757576 0.0 1.0 0.0 0.007240061379995513 0.012865103471936166 0.011803588290840416 0.0004734848484848485 0.0007926906536011311
0 0.003205128205128205 0.0 1.0 0.07692307692307693 0.0029367485079722804 0.002345042656276067 0.006428415776857705 0.0006555944055944055 0.0005148607957625358
0 0.02564102564102564 0.0 1.0 0.0 0.034019474359606686 0.021687543459175056 0.01923076923076923 0.008472686733556301 0.02564102564102564
0 0.025 0.0 1.0 0.0 0.019264685436018607 0.0199539116284909 0.017241379310344824 0.0008695652173913044 0.016517952345197245
0 0.023809523809523808 0.0 1.0 0.0 0.013529476483190741 0.012675269745324803 0.010467980295566504 0.0 0.07767285125556042
0 0.011363636363636364 0.0 1.0 0.0 0.023562196983284253 0.009136456320583061 0.008620689655172415 0.0 0.0584034234677685
0 0.009523809523809525 0.0 1.0 0.0 0.0194543818120906 0.010070065132671255 0.02011494252873563 0.0033126293995859213 0.047185537686537604
0 0.037037037037037035 0.0 1.0 0.0 0.014252502666406626 0.007330750657168135 0.008294753086419752 0.0032878831834445405 0.037037037037037035
0 0.02 0.0 1.0 0.0 0.00492301660920642 0.0063956414683451444 0.009270833333333334 0.003550913838120104 0.04178159689315378
0 0.010416666666666666 0.0 1.0 0.0 0.005097948709668604 0.004692310451141281 0.011311848958333332 0.003182114882506527 7.754959892000166e-05
0 0.009259259259259259 0.0 1.0 0.0 0.0024838460282879194 0.007018716398271817 0.010802469135802469 0.0018373464848660667 0.00011759822374663956
0 0.011764705882352941 0.0 1.0 0.0 0.00536251672401018 0.0060222432891502906 0.01011029411764706 0.0009215174320380895 0.02056810100847109
0 0.009259259259259259 0.0 1.0 0.0 0.006373089548898228 0.002596195218327622 0.009837962962962963 0.000725268349289237 0.017267410872501242
0 0.003968253968253968 0.0 1.0 0.0 0.006776249285260613 0.007874046151017054 0.011067708333333334 0.0013054830287206264 0.02552552594227779
0 0.011363636363636364 0.0 1.0 0.0 0.014362883082747208 0.0043502831113916675 0.007575757575757575 0.0007120816520294327 0.012219288649681548
0 0.009259259259259259 0.0 1.0 0.0 0.004077791260528412 0.007372257783800351 0.006076388888888889 0.0004351610095735422 0.0011990688022241124
0 0.0020408163265306124 0.0 1.0 0.0 0.008010805852844796 0.0058444044105831735 0.010469812925170066 0.0014386955826717108 0.015743082637216292
0 0.0030303030303030303 0.0 1.0 0.0 0.010017887399386994 0.00880422746812074 0.009722222222222222 0.0015665796344647516 0.036312502135058836
0 0.0018115942028985505 0.0 1.0 0.0 0.003833551198378064 0.004813795270643054 0.008774909420289854 0.0007378817118855717 5.516209079334298e-05
0 0.005494505494505495 0.0 1.0 0.0 0.010895012700760173 0.011527314515296056 0.00985863095238095 0.002051473330846699 0.020692679991585
0 0.006493506493506493 0.0 1.0 0.0 0.006543387440884534 0.0042973176351718215 0.00615530303030303 0.0 0.026407417124847562
0 0.0022988505747126436 0.0 1.0 0.0 0.005914239511280504 0.005507187398138625 0.011673850574712645 0.00198073287116233 0.008078418621349288
0 0.03571428571428571 0.0 1.0 0.0 0.03983546518043366 0.02898571527997737 0.014285714285714287 0.011583011583011579 0.035714285714285705
0 0.02 0.0 1.0 0.0 0.01942920840898235 0.026453253612568912 0.017066666666666664 0.002162162162162162 0.025227754677698853
0 0.023809523809523808 0.0 1.0 0.0 0.02439625402565649 0.028486644928852594 0.019047619047619046 0.0 0.04272449443368771
1 0.03125 0.0 1.0 0.0 0.03841782661656262 0.0 0.013333333333333334 0.0033783783783783786 0.07420074254273215
0 0.125 0.0 1.0 0.25 0.020515531826531895 0.0 0.017045454545454544 0.013461538461538462 0.12499999999999999
0 0.01282051282051282 0.0 1.0 0.05128205128205128 0.0401703571423338 0.04025085658771781 0.00971250971250971 0.005522682445759369 5.736703822686047e-06
0 0.017543859649122806 0.0 1.0 0.10526315789473684 0.017059384284955376 0.038556083678761274 0.004784688995215311 0.0 4.6480094208254976e-05
0 0.02564102564102564 0.0 1.0 0.05128205128205128 0.007615046433370321 0.0044524098206596115 0.012201591511936342 0.0037811650714876513 0.025641025641025637
0 0.023809523809523808 0.0 1.0 0.0 0.0073358043552799335 0.0035991689474762765 0.007334428024083197 0.0028527540048277366 0.03008243057876943
0 0.023809523809523808 0.0 1.0 0.0 0.006216109452198292 0.004078335400055905 0.01691297208538588 0.003456221198156682 0.020154005162902996
0 0.013157894736842105 0.0 1.0 0.0 0.006541732582349859 0.0075036962572550886 0.01500302480338778 0.0026679602231384904 0.02910808701754432
0 0.008333333333333333 0.0 1.0 0.0 0.006414838879026376 0.0036192873692138493 0.011398467432950192 0.0034562211981566827 0.019219604277845963
0 0.011904761904761904 0.0 1.0 0.0 0.00345577843340078 0.0034692156343042522 0.004105090311986864 0.001152073732718894 0.004573457019188547
0 0.005494505494505494 0.0 1.0 0.0 0.0061139469595043 0.0031570121254528402 0.009725906277630416 0.0007975895072669266 0.020961599670337703
0 0.005681818181818182 0.0 1.0 0.0 0.0032466501059445567 0.007739679708219361 0.007628004179728317 0.001152073732718894 0.012533816404523584
0 0.008547008547008546 0.0 1.0 0.0 0.0016521610504180637 0.005678792335917914 0.00618921308576481 0.0 0.006115490920892489
0 0.0058823529411764705 0.0 1.0 0.0 0.003281497594912353 0.002959379323070355 0.010818120351588911 0.0010843046896177825 0.02601084924925089
0 0.005050505050505051 0.0 1.0 0.0 0.009412056752351825 0.002277324437050845 0.006896551724137931 0.00038402457757296467 0.0004074351915573641
1 0.003623188405797101 0.0 1.0 0.08695652173913043 0.007661182191735302 0.0028111932742971176 0.008095952023988006 0.0006010819475055099 0.0005331068747926474
0 0.0022624434389140274 0.0 1.0 0.0 0.0031823212254776445 0.0044883474134884615 0.011426639621365788 0.0016942260775277853 0.0005051796999703725
0 0.002747252747252747 0.0 1.0 0.0 0.004003395063036449 0.0033262698690993634 0.015826702033598587 0.0012406947890818859 0.0005736847943326592
0 0.0031746031746031746 0.0 1.0 0.0 0.005132728748340926 0.0021048287094964685 0.003393541324575807 0.0 0.0015502813808742028
0 0.002403846153846154 0.0 1.0 0.07692307692307693 0.005159856946380926 0.00303619595674584 0.008576480990274093 0.0001772421127259837 0.00034264698678391695
0 0.003676470588235294 0.0 1.0 0.0 0.004240961661698494 0.007048730812131747 0.013505747126436783 0.000576036866359447 0.0003423273880308587
0 0.002525252525252525 0.0 1.0 0.0 0.0071216653017169675 0.005524212575725054 0.008672936259143156 0.0010473397570171764 0.012742311181792771
0 0.0043859649122807015 0.0 1.0 0.0 0.0057906502792405 0.0 0.0007662835249042146 0.0 0.00436903943187401
0 0.004166666666666667 0.0 1.0 0.16666666666666666 0.002956556923006349 0.0015023129821152635 0.00842911877394636 0.00038402457757296467 0.001860184658401454
0 0.002976190476190476 0.0 1.0 0.0 0.0011682683282247513 0.0 0.010344827586206898 0.001152073732718894 0.0011759524089038653
0 0.030303030303030304 0.0 1.0 0.0 0.008170667268630735 0.004864044022962602 0.009509993552546746 0.002422089455837237 0.030303030303030304
0 0.027777777777777776 0.0 1.0 0.0 0.0025808301741517916 0.001165682855478643 0.009456264775413713 0.0016775212157094923 0.009959828084049667
0 0.007936507936507936 0.0 1.0 0.0 0.005864906379713262 0.0036907762401538692 0.012537993920972646 0.0021145225408102856 9.489804230061134e-05
0 0.010416666666666666 0.0 1.0 0.0 0.007046374566590476 0.005256028072027983 0.013150118203309693 0.0022202486678507987 0.007428901967741863
0 0.00625 0.0 1.0 0.0 0.003244427931175548 0.0029943184201847778 0.008311170212765957 0.0011101243339253994 0.00262274122924932
0 0.023809523809523808 0.0 1.0 0.0 0.004470867802761984 0.0035653581906310685 0.014184397163120569 0.0005074854097944684 0.007437342995427255
0 0.009523809523809523 0.0 1.0 0.0 0.0024370710743648436 0.003555647616389184 0.010874704491725767 0.00023682652457075192 0.001277657788659545
0 0.004310344827586207 0.0 1.0 0.0 0.0077716882113001255 0.0019004510358955177 0.008865248226950357 0.0005512341520181295 0.019896967990070062
0 0.006944444444444444 0.0 1.0 0.0 0.005603087122048434 0.003205657045170016 0.01595744680851064 0.0006660746003552398 0.0047473856742382865
0 0.0024390243902439024 0.0 1.0 0.0 0.005478808086162036 0.0041846503334398094 0.012022141498010726 0.0009097604297534982 0.01036780325261227
0 0.00909090909090909 0.0 1.0 0.0 0.002752382521685536 0.0008626082796214915 0.0014184397163120566 0.0 0.0057250766061785145
0 0.0027777777777777775 0.0 1.0 0.0 0.0040584543726550106 0.0030921484831028805 0.008924349881796693 0.00023682652457075192 0.00014044061145653366
0 0.006993006993006993 0.0 1.0 0.0 0.0020558430006248985 0.0017831296359962043 0.01144422952933591 0.0017761989342806395 0.006302116293453269
0 0.004464285714285714 0.0 1.0 0.0 0.004457308987279489 0.002086783567666389 0.011857269503546099 0.0006660746003552398 0.0005017162594122792
0 0.0020833333333333333 0.0 1.0 0.0625 0.0024871726753418013 0.00585614504450504 0.012799202127659576 0.0008880994671403195 0.0015802231673690934
0 0.002840909090909091 0.0 1.0 0.0 0.006770807547214288 0.0030386173703857516 0.009268214055448098 0.0006458905215565962 0.013988485462491946
0 0.003095975232198142 0.0 1.0 0.0 0.0033962648048257715 0.004765733172986233 0.009425158641284062 0.0010283256987940546 0.00983147428945648
0 0.0014619883040935672 0.0 1.0 0.0 0.006058721306383074 0.003986814064101541 0.009611795446061963 0.00042067869496120405 0.018599339335171657
0 0.002105263157894737 0.0 1.0 0.0 0.008810155418569674 0.005036632530339038 0.006595744680851064 0.0008525754884547069 0.024692143200855218
0 0.0016129032258064516 0.0 1.0 0.0 0.004148992249837992 0.004621424484520045 0.01138183482040723 0.0006302641379705494 0.00013695297269319023
0 0.0017006802721088435 0.0 1.0 0.0 0.008878529027119293 0.002501146550293452 0.00303951367781155 0.0002537427048972342 0.02274024561245888
0 0.001976284584980237 0.0 1.0 0.0 0.0046174844227700644 0.005061320641242961 0.0061671292013567676 0.000617808324967179 0.0007142268273359829
0 0.001976284584980237 0.0 1.0 0.0 0.0006652675939350909 0.004030304249658018 0.00805931656995487 0.00048441789116744714 0.0007100085879801777
0 0.05 0.0 1.0 0.0 0.0037251664949188197 0.0037509149050310433 0.010140562248995982 0.0020120724346076456 0.05
0 0.03333333333333333 0.0 1.0 0.0 0.0015607602915118216 0.0029869800980131377 0.0009370816599732262 0.001877934272300469 0.007731913098240383
0 0.041666666666666664 0.0 1.0 0.25 0.016083279513353185 0.0 0.0077811244979919675 0.0025150905432595573 0.0038576995264792166
0 0.027777777777777776 0.0 1.0 0.2222222222222222 0.0 0.0 0.01182507809013833 0.0020120724346076456 0.006656182916467152
0 0.0058823529411764705 0.0 1.0 0.11764705882352941 0.006440529218430141 0.008242046240458763 0.008091188282541933 0.0029589300508935964 0.0014335640840505226
0 0.00505050505050505 0.0 1.0 0.0 0.0037656862035133497 0.0019482187050947654 0.009127418765972981 0.0021340162185232605 0.00029168984994549043
0 0.023809523809523808 0.0 1.0 0.0 0.0029073559628791904 0.0 0.005354752342704151 0.001676727028839705 0.026870916512223078
0 0.004629629629629629 0.0 1.0 0.07407407407407407 0.004100483816641847 0.006579283460967374 0.008403986315632899 0.0008197332140994113 0.0003863619488250838
0 0.002525252525252525 0.0 1.0 0.045454545454545456 0.0036367105051474673 0.005378217560058089 0.007256297918948521 0.00027437351381013356 7.741901923960702e-05
0 0.016666666666666666 0.0 1.0 0.0 0.004089188475745894 0.0 0.004685408299866131 0.0 0.019204059182493745
0 0.0017825311942959003 0.0 1.0 0.0784313725490196 0.0046842936277394385 0.0052155220536531125 0.00933144342074179 0.0009468576162859509 0.0003029129341563922
0 0.011904761904761904 0.0 1.0 0.2857142857142857 0.007900489501302387 0.01917772269651156 0.01778542742398164 0.004024144869215292 0.02603779717946345
0 0.002079002079002079 0.0 1.0 0.10810810810810811 0.0060682145415065945 0.007456592376379206 0.007543688266579832 0.0009788460492685845 0.0005209226946411236
0 0.003105590062111801 0.0 1.0 0.0 0.002726245717637947 0.004527331808241845 0.006984459577440194 0.0 0.00247964413322875
1 0.0016666666666666666 0.0 1.0 0.05 0.004117552561722468 0.0029199171725311996 0.008333333333333333 0.0002012072434607646 0.0005929171319857991
0 0.0021551724137931034 0.0 1.0 0.13793103448275862 0.006578139747531614 0.005933327110157674 0.007962886026866085 0.001457017969888295 0.0013847676518036838
0 0.003095975232198142 0.0 1.0 0.10526315789473684 0.008228939702938509 0.003118460830790397 0.007609384908053264 0.0009530869427088849 0.00041719636044685443
0 0.002525252525252525 0.0 1.0 0.09090909090909091 0.005782825721291545 0.005152978262163555 0.009127418765972983 0.00036583135174684476 0.00038769162612780657
0 0.0011198208286674132 0.0 1.0 0.0851063829787234 0.004607258988412343 0.0076339076748573355 0.009356575237118686 0.001070251295004067 0.001216463061275788
0 0.002380952380952381 0.0 1.0 0.0 0.005273672535195918 0.0053018538697392585 0.006119716963090456 0.00019162594615310916 0.004545954043030383
0 0.03125 0.0 1.0 0.0 0.005323980637411341 0.003697687014761847 0.011320754716981131 0.002362948960302457 0.03125
0 0.014285714285714285 0.0 1.0 0.05714285714285714 0.0030245637163249426 0.0024167752791083735 0.012506738544474393 0.002160410477990818 0.0015384250626945158
0 0.013888888888888888 0.0 1.0 0.08333333333333333 0.002767579519639962 0.0017290551103709406 0.012264150943396225 0.0021266540642722116 0.0028312497072986082
0 0.006944444444444444 0.0 1.0 0.05555555555555555 0.0037621914039780097 0.005653538968351304 0.00880503144654088 0.002152909052720016 0.006594263362928817
0 0.005555555555555556 0.0 1.0 0.0 0.0038614189842279944 0.004810358263093979 0.015146750524109014 0.0010501995379122034 0.01896819994951281
0 0.020833333333333332 0.0 1.0 0.0 0.0 0.004330752067177008 0.007547169811320755 0.0 0.019966491299330483
0 0.005494505494505494 0.0 1.0 0.0 0.006295886510380613 0.004814594770311897 0.022568940493468796 0.0015268285589646647 0.022184619399240362
1 0.005 0.0 1.0 0.0 0.011796706631363603 0.0035496271357298866 0.014792452830188678 0.0006805293005671077 0.011420799487447843
0 0.005555555555555555 0.0 1.0 0.0 0.0014882116762982265 0.008031876161968472 0.010094339622641509 0.0014177693761814746 0.006052516330984834
0 0.01 0.0 1.0 0.0 0.0031807683577298276 0.004621011062147244 0.022452830188679246 0.002079395085066163 0.008792594177153274
0 0.004545454545454545 0.0 1.0 0.0 0.0010658516500215915 0.003940088161776373 0.014622641509433962 0.0010396975425330814 0.0035673728528538345
0 0.003205128205128205 0.0 1.0 0.0 0.006801879451425207 0.003959573949477588 0.008127721335268505 0.0003635306092773012 0.012737394867897848
0 0.0027472527472527475 0.0 1.0 0.0 0.0057609607622040255 0.002612258449544926 0.009231805929919137 0.0006076154469349176 0.005034990830988912
0 0.011904761904761904 0.0 1.0 0.0 0.01170258776740972 0.0 0.007861635220125786 0.001575299306868305 0.00639323326281501
0 0.0018018018018018018 0.0 1.0 0.0 0.002391870528394772 0.004419677235037159 0.01560428352881183 0.0009196341899555512 0.0007379165710537694
0 0.002840909090909091 0.0 1.0 0.0 0.0025221382939696873 0.003822816999729868 0.006775300171526586 0.0004296270836913559 0.004895381411916327
0 0.00130718954248366 0.0 1.0 0.0 0.0037012845477590196 0.003072983237260901 0.00981132075471698 0.0004200798151648813 0.012473375941930051
0 0.00326797385620915 0.0 1.0 0.0 0.0046682436117172176 0.0026271611380897513 0.010876803551609322 0.0008895807850550428 0.03248949833765844
0 0.0014619883040935672 0.0 1.0 0.0 0.00321841343908805 0.0025333633691815034 0.010849056603773584 0.0 0.00450664645555226
0 0.0029411764705882353 0.0 1.0 0.0 0.005321503791983512 0.00309324679478671 0.014095449500554937 0.0007783831869231624 0.0006937927846673399
0 0.003663003663003663 0.0 1.0 0.0 0.0021409568184547288 0.0009891514851424039 0.003193033381712627 0.0 0.007325692469597406
0 0.004132231404958678 0.0 1.0 0.0 0.007062809684349061 0.0032687557877389656 0.006003430531732418 0.0 0.02691765205929303
0 0.06666666666666667 0.0 1.0 0.0 0.0018767834016909664 0.003168298559607688 0.01220657276995305 0.0026365348399246713 0.06666666666666667
0 0.03333333333333333 0.0 1.0 0.0 0.0034777872631395275 0.004193585052860252 0.002816901408450705 0.0026365348399246713 0.006342488831119259
0 0.037037037037037035 0.0 1.0 0.2222222222222222 0.0012111801645500646 0.0 0.0134585289514867 0.0025109855618330196 0.0021924660867841876
0 0.009615384615384616 0.0 1.0 0.15384615384615385 0.007172822742972796 0.006723007497160242 0.006717226435536294 0.0035853976531942645 0.0009741900042883698
0 0.009090909090909092 0.0 1.0 0.0 0.004555412281726904 0.0051516719824583855 0.009346991037131882 0.002824858757062148 0.00021690092234762136
0 0.003401360544217687 0.0 1.0 0.0 0.004080009868321246 0.005482072358138282 0.009427996550732965 0.0008071025020177564 4.006077447042072e-05
0 0.004201680672268907 0.0 1.0 0.11764705882352941 0.009261142356427946 0.007391082005224738 0.008533554266777132 0.001163177135260884 0.00043696461627281243
0 0.004464285714285714 0.0 1.0 0.0 0.0054491689972537925 0.005849370512352026 0.007645875251509054 0.0006053268765133172 0.00011972896620168557
0 0.015873015873015872 0.0 1.0 0.14285714285714285 0.0049246015961826985 0.0 0.006438631790744466 0.0008071025020177562 0.02147280181261684
0 0.0058823529411764705 0.0 1.0 0.0 0.0028944124852597346 0.006714673225629395 0.004473902236951119 0.00033233632436025255 0.008169683967876623
0 0.01818181818181818 0.0 1.0 0.4 0.01640294146064032 0.011529482649702221 0.007323943661971831 0.001694915254237288 0.01277917576385442
0 0.002976190476190476 0.0 1.0 0.0 0.0054196094018182876 0.010262764613679939 0.008651911468812877 0.0003026634382566586 9.126378491350363e-05
0 0.003663003663003663 0.0 1.0 0.0 0.005307816928724461 0.004265454496048898 0.009926224010731052 0.0004035512510088781 0.00023458245120879916
0 0.007936507936507936 0.0 1.0 0.0 0.004279978687744131 0.004270178759148971 0.010328638497652582 0.0012554927809165098 0.001131183542015502
0 0.0020833333333333333 0.0 1.0 0.125 0.004042721486294002 0.005572309958082102 0.010299295774647887 0.0005296610169491525 8.641471671157819e-05
0 0.010416666666666666 0.0 1.0 0.0 0.005546023501136417 0.008955221247105951 0.016431924882629106 0.0 0.0016983733196940852
0 0.0053475935828877 0.0 1.0 0.0 0.0049259243732016796 0.0052406739316828285 0.004097311139564661 0.0 0.007417163009022066
0 0.0026455026455026454 0.0 1.0 0.0 0.0024921605870655943 0.005550263072716477 0.006036217303822937 0.0 0.00022467120438152363
1 0.01818181818181818 0.0 1.0 0.0 0.003257164517946899 0.003983764887273147 0.013509260380099261 0.0018424242424242428 0.01818181818181818
0 0.014705882352941176 0.0 1.0 0.0 0.002520426731807458 0.0017629105131212785 0.00908592464948696 0.0014901960784313717 0.000897757242027986
0 0.0303030303030303 0.0 1.0 0.0 0.0017838091905482093 0.003936482803154398 0.01210507202517855 0.0020606060606060605 0.00489815324671172
0 0.007142857142857143 0.0 1.0 0.0 0.004268557148213291 0.002556332438178435 0.013543846300171199 0.0019047619047619043 0.01467124016448008
0 0.008333333333333333 0.0 1.0 0.0 0.005894298191110381 0.002827399870111092 0.008211273857079449 0.001388888888888889 0.021165580494821475
0 0.005208333333333333 0.0 1.0 0.0 0.0020919478280533345 0.002498123662719647 0.010319573901464714 0.0016666666666666661 0.021781393686297296
0 0.004329004329004329 0.0 1.0 0.0 0.0026509119094631664 0.001693813719972232 0.013638381148367832 0.0008080808080808081 0.015147791546786589
0 0.007352941176470588 0.0 1.0 0.0 0.0016031862112199568 0.0018008693185292458 0.005482885564345578 0.0 0.012245255379727437
0 0.015873015873015872 0.0 1.0 0.0 0.0023826499534274153 0.0009250446884321899 0.006087121932661213 0.0 0.03928969109117276
0 0.004 0.0 1.0 0.0 0.0036048583984974254 0.003766080300466637 0.0170439414114514 0.00128 0.02907163379595371
0 0.004132231404958678 0.0 1.0 0.0 0.0018435677051027556 0.0033036188361414394 0.012528749546059799 0.0007272727272727273 0.04193157956556457
0 0.007575757575757575 0.0 1.0 0.0 0.0031899726236917403 0.003149319966345938 0.01041036194165355 0.00024242424242424242 0.008210553964339423
0 0.004807692307692308 0.0 1.0 0.0 0.0038513794290101835 0.0023554066655047073 0.00815579227696405 0.0005833333333333333 0.05977561696564856
0 0.00510204081632653 0.0 1.0 0.0 0.002574146756967722 0.00445635858986213 0.005611565531672057 0.00038095238095238096 0.01758154382823698
0 0.011111111111111112 0.0 1.0 0.0 0.001102275306088578 0.00444412963621055 0.01087438970261873 0.0008888888888888888 0.07971732490257981
0 0.001893939393939394 0.0 1.0 0.0 0.001750230318725258 0.0030216904619587578 0.006940241294435701 0.00016161616161616162 0.0019247222846072833
0 0.00267379679144385 0.0 1.0 0.0 0.0026677743200475904 0.0032102015287476986 0.009805108340394624 0.00012121212121212121 0.0034352514196851623
0 0.0030864197530864196 0.0 1.0 0.0 0.0014729011625022098 0.004507651400105228 0.0142772599496967 0.0008148148148148149 0.004284849701404032
0 0.0043859649122807015 0.0 1.0 0.0 0.0018341397968269378 0.005348990382064621 0.012427873945849975 0.0011111111111111111 0.08881582059671811
0 0.0033333333333333335 0.0 1.0 0.0 0.0027084562044632555 0.00379393388455322 0.0040834442964935635 0.0003555555555555555 0.01673822390147497
0 0.007936507936507936 0.0 1.0 0.0 0.0012990981290289237 0.0 0.007767421216156235 0.0 0.0708961949174771
0 0.0010822510822510823 0.0 1.0 0.023809523809523808 0.0022856910036551416 0.002695019616736018 0.008813645298332382 0.0005714285714285715 0.017140747817078254
0 0.008695652173913044 0.0 1.0 0.0 0.000965203976824598 0.003443104625623647 0.006391478029294273 0.0 0.11098512328767254
0 0.00042087542087542086 0.0 1.0 0.020202020202020204 0.002213857423405112 0.001733445855435168 0.008903952978520221 0.0003367003367003367 0.00020308821753308985
0 0.004 0.0 1.0 0.0 0.0027606666698279042 0.0015069605911539434 0.00559254327563249 0.0 0.02667688021057768
0 0.0006747638326585696 0.0 1.0 0.0 0.002302977804142843 0.002450165650265519 0.012708201929590955 0.0002807017543859649 0.0004868531968915323
0 0.0007716049382716049 0.0 1.0 0.0 0.0012782853798899009 0.002581752674836502 0.012566577896138484 0.0005 0.0008790064227922287
0 0.0012755102040816326 0.0 1.0 0.0 0.002271178246299637 0.004436598820571105 0.009368461099486395 0.0006666666666666668 0.0016809333354655689
0 0.0024630541871921183 0.0 1.0 0.0 0.001492409030711048 0.001685631817987688 0.003424006087121932 0.0 0.020664040772256632
0 0.05555555555555555 0.0 1.0 0.0 0.04001727569980262 0.008128585439680787 0.01823579304495335 0.007692307692307693 0.05555555555555555
0 0.03333333333333333 0.0 1.0 0.0 0.008719832796828234 0.01854379909219915 0.019338422391857506 0.0071794871794871795 0.00018254851846335947
0 0.037037037037037035 0.0 1.0 0.0 0.02957059035399333 0.010414903044125052 0.016963528413910092 0.003418803418803419 0.1364897284115332
0 0.007575757575757576 0.0 1.0 0.0 0.006664930778853777 0.0187942930576299 0.018274346518621334 0.0009324009324009324 0.0036962384342378997
0 0.010526315789473684 0.0 1.0 0.0 0.02212741336025248 0.014498581650391678 0.015267175572519087 0.0008097165991902835 0.06170190940096019
0 0.013888888888888888 0.0 1.0 0.0 0.014606541915565666 0.01321660597518499 0.010178117048346055 0.001282051282051282 0.011223037753625681
0 0.012987012987012986 0.0 1.0 0.0 0.01879966386708565 0.008388357772177987 0.011797362942401109 0.0013986013986013986 0.03679003597191484
0 0.008928571428571428 0.0 1.0 0.0 0.03313193661977733 0.006490675855725586 0.023446019629225736 0.0 0.08855794822882092
0 0.038461538461538464 0.0 1.0 0.0 0.006444731145835033 0.004085971631289467 0.006879299562226391 0.0016994633273703028 0.038461538461538464
1 0.013513513513513514 0.0 1.0 0.0 0.005688485541370864 0.0036409769440030903 0.007439495244373295 0.0015399120050282836 0.02605975037010812
0 0.007751937984496124 0.0 1.0 0.0 0.009981525053397772 0.008109293517096341 0.011425330200145857 0.002271498107084909 0.01646534420333345
0 0.025 0.0 1.0 0.0 0.001300446448083246 0.0021645842814819625 0.00708478513356562 0.0011627906976744186 0.0014781087021061995
0 0.010526315789473684 0.0 1.0 0.0 0.006707759199887291 0.011013018256590497 0.013753896937465619 0.002631578947368419 7.453984168770009e-05
0 0.005747126436781609 0.0 1.0 0.0 0.003404474906971467 0.002929550216594269 0.011534302535143577 0.0013632718524458699 8.981406559600739e-05
0 0.01020408163265306 0.0 1.0 0.0 0.019795305010682367 0.016718329337719294 0.015762402521984405 0.004235880398671095 0.055576802708490324
0 0.007352941176470588 0.0 1.0 0.0 0.003071705913620826 0.0026325627195851234 0.009701441552230648 0.0011627906976744186 0.0008546849612483576
0 0.004629629629629629 0.0 1.0 0.0 0.00170983295782115 0.0016973655554337953 0.01069492837785521 0.0017441860465116272 0.0006093561750047798
0 0.004347826086956522 0.0 1.0 0.0 0.0020960925031014844 0.0009206248590817348 0.01136191486138464 0.000910010111223458 0.00018110680435261695
0 0.006493506493506494 0.0 1.0 0.0 0.0020110493247368004 0.0003922718622628301 0.0073004811680769865 0.0 0.0007254405762591474
0 0.0028735632183908046 0.0 1.0 0.0 0.0060734872556040854 0.006811852360151055 0.011654451519884658 0.0010825982357658382 0.0001186021176685272
0 0.00591715976331361 0.0 1.0 0.0 0.00918339673548062 0.003912840995739024 0.01125703564727955 0.00017889087656529517 0.048087839415881614
0 0.003105590062111801 0.0 1.0 0.0 0.005147613138979261 0.0031451561571293617 0.0073221229106701004 0.00010111223458038423 0.00033696486471171074
0 0.0031746031746031746 0.0 1.0 0.0 0.004361942857946167 0.0029062166256130467 0.011780321884851501 0.0003322259136212625 0.00023780258917963977
0 0.004166666666666667 0.0 1.0 0.0 0.012241030160529286 0.008127855206715094 0.012543554006968643 0.0016279069767441861 0.06498423235597818
0 0.004524886877828054 0.0 1.0 0.0 0.005872642428976605 0.003336300761446933 0.0038416867685160372 0.0 0.0006935792173517062
0 0.0018518518518518517 0.0 1.0 0.0 0.0019100171990839186 0.0027612441628750237 0.008362369337979094 0.0003875968992248062 0.0003968515287336625
0 0.002631578947368421 0.0 1.0 0.0 0.00248487010504969 0.00133697506222374 0.007839721254355402 0.0005232558139534884 0.00026191608241722144
0 0.0029411764705882353 0.0 1.0 0.0 0.004560672959474585 0.0007168249118207585 0.005192320830771334 0.00027359781121751026 0.0006484579029206876
0 0.0021645021645021645 0.0 1.0 0.0 0.003923046781337299 0.0021582754380160348 0.01013620525815648 0.0003171247357293869 0.0002249070619016437
0 0.004132231404958678 0.0 1.0 0.18181818181818182 0.012251046958779082 0.0007190692138820625 0.006968641114982577 0.00021141649048625792 0.00044894170209350016
0 0.005434782608695652 0.0 1.0 0.0 0.0027931193836388144 0.003753384402932755 0.011469221835075495 0.0 0.003525751370853976
0 0.002976190476190476 0.0 1.0 0.14285714285714285 0.0029553397686652156 0.0009845392069718292 0.00514352082296333 0.0003322259136212625 0.0019476605528482899
0 0.0025 0.0 1.0 0.0 0.004319539699517888 0.002226684295747173 0.009799651567944248 0.00043604651162790697 0.0005022558969561801
0 0.0016722408026755855 0.0 1.0 0.0 0.005778704375009597 0.0060295779529570106 0.011210422663232845 0.0008088978766430738 9.600532390155362e-05
0 0.0028490028490028487 0.0 1.0 0.0 0.004008558076850611 0.0020617796037511247 0.005271151612615026 0.00026833631484794273 0.0013464867043766952
0 0.004464285714285714 0.0 1.0 0.0 0.0013124914830401836 0.0006401888794369099 0.004210220673635308 0.0 0.007522387215914891
0 0.0014992503748125937 0.0 1.0 0.0 0.00034019164357311163 0.0014606908082693466 0.005453719133464627 0.00010111223458038423 0.0017758723473620388
0 0.001075268817204301 0.0 1.0 0.0 0.0018063919149273844 0.002485393384791326 0.007717957363905438 0.0003000750187546887 0.0003506809519800928
0 0.0016129032258064516 0.0 1.0 0.0 0.002617283879355647 0.004014990315025781 0.015737514518002323 0.0011627906976744186 9.609352664389388e-05
0 0.0010080645161290322 0.0 1.0 0.0 0.004975182819469137 0.0019667571078188675 0.012888239481473154 0.0005251312828207052 2.965864393021216e-05
0 0.0030303030303030303 0.0 1.0 0.2 0.008603367697867719 0.0015819522705405376 0.011149825783972125 0.0 0.00019773995241835347
0 0.003676470588235294 0.0 1.0 0.0 0.0012088668506704564 0.0 0.0040650406504065045 0.00029069767441860465 0.004739566902638623
0 0.001680672268907563 0.0 1.0 0.0 0.0058641647684441415 0.002922979577338154 0.007651841224294595 0.00027359781121751026 0.0006971681418139708
0 0.0012077294685990338 0.0 1.0 0.0 0.009158459392679128 0.008133363406756992 0.01166489925768823 0.001718907987866532 0.02029330705010791
0 0.000819000819000819 0.0 1.0 0.0 0.004076984453205142 0.0025799232915984993 0.013409354872769508 0.0003875968992248062 7.372987819576135e-05
0 0.0013157894736842105 0.0 1.0 0.0 0.005186673832712716 0.0028317568426833445 0.009988385598141695 0.00011627906976744185 0.0341764167603235
0 0.0009861932938856016 0.0 1.0 0.0 0.010483460343262236 0.010364207782208324 0.011525060305548115 0.0018336314847942755 0.029925789272979432
0 0.0008928571428571429 0.0 1.0 0.07142857142857142 0.011669450668843312 0.007500836219768812 0.00618052098888336 0.00132890365448505 0.02729584877521597
0 0.0022172949002217295 0.0 1.0 0.0 0.005566003541552074 0.0007190692138820625 0.002111709428782599 0.0003171247357293869 0.0014854274307505688
0 0.0047619047619047615 0.0 1.0 0.0 0.002092101859115665 0.0015819522705405376 0.004413472706155633 0.0 0.010297388939248418
1 0.0033222591362126247 0.0 1.0 0.0 0.022530118765828142 0.01097641818674216 0.008793761407001825 0.00132890365448505 0.14072578741910885
0 0.0014204545454545455 0.0 1.0 0.5 0.007941202321416829 0.0 0.005589430894308943 0.0005813953488372093 0.000360510792526011