0 0.07692307692307693 0.0 1.0 0.0 0.04144022784228307 0.006496069957773883 0.014221073044602454 0.0036732929991356955 0.0769230769230769
0 0.015151515151515152 0.0 1.0 0.0 0.015971035447338345 0.006203761436708112 0.00848824378236143 0.0029792305073203956 0.02613214702190564
0 0.011904761904761904 0.0 1.0 0.0 0.011828972071662277 0.005323160435392888 0.010304121648659462 0.003109951845906903 0.016647381749393002
0 0.007142857142857143 0.0 1.0 0.0 0.0163445763779651 0.003916852992800553 0.017767106842737097 0.001845906902086677 0.02450343330845176
0 0.010526315789473684 0.0 1.0 0.0 0.019411577696500756 0.0082217381585307 0.011941618752764265 0.0013305736250739206 0.04324738490224255
0 0.011904761904761904 0.0 1.0 0.0 0.019148198710687403 0.00513646491590352 0.013405362144857946 0.0004012841091492777 0.03494985772531979
0 0.01020408163265306 0.0 1.0 0.0 0.02688833498651134 0.005890498006424364 0.011804721888755502 0.0008025682182985554 0.027855411004262757
0 0.017857142857142856 0.0 1.0 0.0 0.014928864541403125 0.0024515439738219762 0.010404161664665864 0.0 0.00037545673681981917
0 0.018518518518518517 0.0 1.0 0.0 0.004515881581869362 0.006044776379254998 0.0070028011204481795 0.0 0.0007933922214543807
0 0.004347826086956522 0.0 1.0 0.0 0.018937185439004415 0.00640855495329008 0.010717330410425042 0.0012212994626282364 0.03843420233610366
0 0.005050505050505051 0.0 1.0 0.0 0.02272843415846544 0.009553925229388078 0.012760659819483352 0.0020287141073657925 0.04507089049999815
0 0.00641025641025641 0.0 1.0 0.0 0.006855072668766145 0.002519204705616532 0.0053867700926524455 0.0 0.0002673801487522748
0 0.002849002849002849 0.0 1.0 0.0 0.015553774926436866 0.004903814576301048 0.011204481792717087 0.0006242197253433209 0.03321147506361427
0 0.0047619047619047615 0.0 1.0 0.0 0.0 0.002820239093493533 0.007096171802054155 0.0003745318352059925 0.000962959220604064
0 0.0044444444444444444 0.0 1.0 0.0 0.0 0.007574854956246807 0.007656395891690009 0.0 0.0005784371764676028
0 0.003472222222222222 0.0 1.0 0.0 0.013804772035837614 0.0060647254072684 0.009337068160597574 0.0006242197253433209 0.04472220203986993
0 0.0032679738562091504 0.0 1.0 0.0 0.016957390306915874 0.0042059027729005865 0.016495487083722376 0.0010923845193508116 0.043823917560625335
0 0.0013550135501355014 0.0 1.0 0.0 0.01903866254019329 0.006315287670577772 0.012365921978547516 0.0011647026582625377 0.017177274170201436
1 0.04 0.0 1.0 0.08 0.018122077632787927 0.008138172690441597 0.008979591836734696 0.0038225255972696233 0.04000000000000001
0 0.014705882352941176 0.0 1.0 0.0 0.006259220505583318 0.004897045623712633 0.009803921568627453 0.003814495081308972 0.008155377450945134
0 0.016666666666666666 0.0 1.0 0.0 0.012469164108643115 0.014318704048851272 0.017517006802721086 0.005802047781569964 0.0267799950066497
0 0.009615384615384616 0.0 1.0 0.0 0.012184402302894878 0.009149190596573752 0.011381475667189953 0.0022315568390653714 0.024616649807643772
0 0.01 0.0 1.0 0.0 0.006309153311184504 0.005303231333061402 0.007993197278911564 0.0013651877133105802 0.014464357191532476
0 0.006944444444444444 0.0 1.0 0.0 0.009827340742077114 0.0063194979398353565 0.007511337868480726 0.0005688282138794084 0.022601069340406604
0 0.005714285714285714 0.0 1.0 0.0 0.006359890483300313 0.013690782795243257 0.010068027210884354 0.0005460750853242321 0.019100923075194426
0 0.005 0.0 1.0 0.0 0.010554733486853375 0.00922298953642959 0.010068027210884352 0.0012286689419795222 0.020576287325309427
0 0.0101010101010101 0.0 1.0 0.0 0.002076699810404581 0.0016804531188968107 0.009276437847866418 0.0 0.0008855964833498022
0 0.0058823529411764705 0.0 1.0 0.0 0.004375267971099611 0.004067759414187593 0.008603441376550619 0.0008030515960650472 0.01458009557459011
0 0.004329004329004329 0.0 1.0 0.0 0.010611765617078323 0.005153484271676825 0.007774538386783284 0.0 0.022343821528079125
1 0.003472222222222222 0.0 1.0 0.0 0.006409420176387089 0.00888716134040553 0.0076530612244897975 0.0002844141069397042 0.016381068603201463
0 0.0034965034965034965 0.0 1.0 0.0 0.007414669849987824 0.002995434688381139 0.007266542980828696 0.0 0.01772209938242908
0 0.047619047619047616 0.0 1.0 0.09523809523809523 0.010473569338851166 0.0013759676183539577 0.010647331634985954 0.0016352694924123494 0.04761904761904763
0 0.03333333333333333 0.0 1.0 0.0 0.025112775259967836 0.007129572206501144 0.009510745313214448 0.002197802197802198 0.021881450201145198
0 0.011494252873563218 0.0 1.0 0.0 0.003742102236347098 0.003486106834932141 0.008987275909370417 0.0015157256536566886 0.00017100963965992595
0 0.016666666666666666 0.0 1.0 0.0 0.002330829269051633 0.002454966818898621 0.021307727480566984 0.002655677655677656 0.000605542848244325
0 0.006896551724137932 0.0 1.0 0.0 0.01409330335718207 0.003026710270137177 0.01698122132349463 0.0023683213338385753 0.016124919953113707
0 0.005376344086021505 0.0 1.0 0.0 0.007969434875120949 0.003072744748016015 0.01305367494136909 0.0019939737681673167 0.024520031172856994
0 0.003401360544217687 0.0 1.0 0.0 0.013395367373565472 0.002528360157183553 0.011823110588542685 0.0015371533228676084 0.006052355976070095
0 0.003787878787878788 0.0 1.0 0.0 0.012349710849531254 0.00325984058550088 0.01587895415055909 0.0012071262071262072 0.014333717288150276
0 0.01111111111111111 0.0 1.0 0.0 0.0013268886623270474 0.0022897684988584565 0.01111111111111111 0.0002747252747252747 0.001108263524689488
0 0.0029411764705882353 0.0 1.0 0.0 0.01519775063824591 0.003042571171642578 0.01315258613733559 0.0008484162895927602 0.005792682517052271
0 0.006493506493506494 0.0 1.0 0.0 0.006240332592854067 0.0030199367235659697 0.015089163237311383 0.0010792778649921508 0.02658897009483166
0 0.013888888888888888 0.0 1.0 0.0 0.005711689334871996 0.0 0.01417466849565615 0.0 0.0016657045099087821
0 0.003076923076923077 0.0 1.0 0.0 0.006624455464273634 0.003372898259301034 0.007572016460905352 0.0007692307692307692 0.02715948715599561
0 0.0017421602787456446 0.0 1.0 0.0 0.009558767777845588 0.0033158992381878247 0.015892134229984273 0.0017756633610292148 0.010196072877463047
0 0.0017543859649122807 0.0 1.0 0.0 0.01103473551069279 0.0028004291070148914 0.009890982600534256 0.0010844418739155582 0.01222224441989399
0 0.002403846153846154 0.0 1.0 0.0 0.013158569368374454 0.0034416338222637037 0.009760472723435686 0.0013736263736263735 0.013136276508624277
0 0.004524886877828054 0.0 1.0 0.0 0.0028640560649842504 0.00391599224479019 0.005592487073968555 0.000422654268808115 0.0023728769050933357
0 0.0029239766081871343 0.0 1.0 0.0 0.011280599436527221 0.0027624492849429617 0.010324164320265686 0.00028918449971081553 0.00018024957009488168
0 0.002770083102493075 0.0 1.0 0.0 0.0057591370067444055 0.003212127406178553 0.012490072918922823 0.0007952573742047428 0.01679408880935802
0 0.00625 0.0 1.0 0.0 0.02512931159237092 0.0022531530524389303 0.01731824417009602 0.0010302197802197802 0.0013504246954984059
0 0.003663003663003663 0.0 1.0 0.0 0.0019356399627141858 0.00048659870942393196 0.008547008547008546 0.0 0.00084480583414297
0 0.0018181818181818182 0.0 1.0 0.0 0.016468261066411985 0.0020572291578464506 0.010644718792866941 0.0006593406593406593 0.018561610539201683
0 0.0018115942028985507 0.0 1.0 0.0 0.00735460249013075 0.002238541935068812 0.010973936899862825 0.0006868131868131869 0.0011368342643925953
0 0.0015432098765432098 0.0 1.0 0.0 0.011464439489347009 0.0038889008271953043 0.010973936899862825 0.0009666259666259667 0.006256777524935847
0 0.004 0.0 1.0 0.0 0.023250946942759705 0.0009343948850720207 0.006858710562414268 0.0002747252747252747 0.00038990140287057436
0 0.002564102564102564 0.0 1.0 0.0 0.005665088152576781 0.0017681842492037385 0.004298125285779607 0.0 0.03367426550491783
0 0.0030864197530864196 0.0 1.0 0.0 0.021101089180123277 0.000778662404226684 0.006858710562414265 0.00045787545787545793 0.014657786769478038
0 0.002747252747252747 0.0 1.0 0.0 0.003186227482247778 0.003211034635550079 0.011712567268122821 0.0007396449704142013 0.00039175850922779895
0 0.0011494252873563218 0.0 1.0 0.0 0.010152274960826137 0.0012243395340682925 0.013991769547325101 0.0007326007326007327 1.9274538981084467e-05
0 0.0012345679012345679 0.0 1.0 0.0 0.003224570217282688 0.0024522301683390564 0.013310979017426205 0.0010175010175010176 9.514537927596968e-05
0 0.0009487666034155598 0.0 1.0 0.0 0.0038980375947812894 0.002802196648554587 0.013878802549826513 0.0007676147382029735 0.008410355534723102
0 0.0013020833333333333 0.0 1.0 0.0 0.011917063456446017 0.003259208261841961 0.006172839506172839 0.0006868131868131869 0.0005537489982662685
0 0.004329004329004329 0.0 1.0 0.2857142857142857 0.0007613491510729526 0.0010628140506680575 0.012737605330197924 0.0 0.004163256443722043
0 0.045454545454545456 0.0 1.0 0.0 0.0024556632952886463 0.002058201763945173 0.008510063487775226 0.0014204545454545461 0.045454545454545456
0 0.045454545454545456 0.0 1.0 0.0 0.00952321415319617 0.0014741259910100663 0.007024179386735107 0.0017586580086580087 0.0016433253945353032
0 0.0101010101010101 0.0 1.0 0.0 0.009803274362553752 0.002898202094967154 0.011661938853617902 0.0018939393939393949 0.00024079414388081987
0 0.010416666666666666 0.0 1.0 0.0 0.009276776375274024 0.0035832340542398377 0.009905894006934125 0.0018601190476190473 0.00019612430557788734
0 0.028571428571428574 0.0 1.0 0.0 0.0 0.0029145727130753503 0.0063680747187433665 0.001913265306122449 0.0319701546495993
0 0.01111111111111111 0.0 1.0 0.0 0.0025436498753332827 0.0006748407503297927 0.006736007924715206 0.0014880952380952384 0.004122840730053708
0 0.015873015873015872 0.0 1.0 0.0 0.014458683158917315 0.0 0.010731385174178636 0.001488095238095238 0.001727097938949786
0 0.006578947368421052 0.0 1.0 0.0 0.0011020335545868672 0.0050420487402899694 0.013451161335731602 0.0015664160401002512 0.0005152983100954266
0 0.008547008547008546 0.0 1.0 0.0 0.002604751862896368 0.0018329596079785363 0.008686707052234541 0.0014880952380952382 0.0015090646721062466
0 0.005555555555555556 0.0 1.0 0.0 0.0017666647345247481 0.0028638047681914624 0.016344725111441305 0.0009093915343915342 0.0004394594724973372
0 0.006993006993006993 0.0 1.0 0.0 0.0017160311742622665 0.0027717315453002806 0.014401645902388845 0.00022893772893772894 0.0053747827217960065
0 0.009259259259259259 0.0 1.0 0.0 0.0011230633586469061 0.0017910384927924668 0.01436354631005448 0.0 0.011335188837788413
0 0.0032051282051282055 0.0 1.0 0.0 0.0011696268503329557 0.0017828917686380065 0.011453689945517582 0.00031001984126984125 0.002408294633615153
1 0.005494505494505494 0.0 1.0 0.0 0.01619202048917324 0.0015573248084533677 0.0064007315121728196 0.0009157509157509158 0.0009632220710395442
0 0.001851851851851852 0.0 1.0 0.0 0.0029983328297744066 0.0029136018147371883 0.01040118870728083 0.0006613756613756613 0.0005489492610014691
0 0.00390625 0.0 1.0 0.0 0.008234365112416712 0.0027180507881175136 0.010494056463595839 0.00027901785714285713 0.0008679211847046317
0 0.004524886877828054 0.0 1.0 0.0 0.000979810874829795 0.001352224136609497 0.009029603383243798 0.00022893772893772894 0.004473476670687292
0 0.0020576131687242796 0.0 1.0 0.0 0.007384571428063423 0.0027441728061061 0.0104562214517638 0.000496031746031746 0.006957264314759507
0 0.003095975232198142 0.0 1.0 0.0 0.005183866913894754 0.0029702590028538776 0.0077790402936806224 0.0006127450980392157 0.0024803318904026836
0 0.002631578947368421 0.0 1.0 0.0 0.003501531887551996 0.000812178457718333 0.006256354109642605 0.0005482456140350877 0.002392211620179728
0 0.0020703933747412005 0.0 1.0 0.0 0.004232251314231691 0.00214076830454828 0.009238322889075522 0.0007763975155279503 0.0005974715495663701
0 0.0011363636363636363 0.0 1.0 0.0 0.0055354716477480585 0.003617168558160214 0.007057949479940565 0.0002976190476190476 0.0006477509109645077
0 0.004347826086956522 0.0 1.0 0.0 0.009798212989381553 0.0037063979107594043 0.00787518573551263 0.001488095238095238 0.0027997342535697814
0 0.0037878787878787876 0.0 1.0 0.0 0.0007407677300494101 0.0038871562712920775 0.0032419289477238957 0.00027056277056277056 0.016499702152578042
0 0.0023529411764705885 0.0 1.0 0.0 0.008837785633280339 0.003976887367466081 0.011712262914080937 0.0010504201680672268 0.0014621818510895887
0 0.0032051282051282055 0.0 1.0 0.0 0.009847634427412441 0.007126160834298679 0.00829618623080733 0.001488095238095238 0.0018581403732526632
0 0.0026455026455026454 0.0 1.0 0.0 0.012420128613257711 0.0036070379225643517 0.014752706431755467 0.0006377551020408163 0.016412913765671205
0 0.001152073732718894 0.0 1.0 0.0 0.004824128890935988 0.0027738199136732315 0.011024301394813788 0.0008640552995391705 0.009033854778055284
0 0.002028397565922921 0.0 1.0 0.0 0.008261622811948017 0.0031124713942505323 0.010313783760160825 0.0007878151260504201 0.0009440938658386205
0 0.001851851851851852 0.0 1.0 0.0 0.008059990251527734 0.0020286776321708664 0.0070166749215783385 0.00033068783068783067 0.00018325166209036035
0 0.0018975332068311196 0.0 1.0 0.0 0.009634439085372587 0.0021390922908838816 0.006293156192640504 0.00017507002801120448 0.0009045523996849124
0 0.001358695652173913 0.0 1.0 0.0 0.011754321376035102 0.0015548347064537587 0.011757865495187024 0.0007763975155279503 0.0014092917981197524
0 0.0009182736455463728 0.0 1.0 0.0 0.005305094995898958 0.003403830741815994 0.010581295871043266 0.0005862193362193361 0.00043786056613281666
0 0.0017301038062283738 0.0 1.0 0.058823529411764705 0.0024382622800516304 0.005540064811360283 0.0063805611397605095 0.0007002801120448179 0.003647817734219828
0 0.0008928571428571428 0.0 1.0 0.03125 0.0037091886053996956 0.00737653417845721 0.005386329866270433 0.000511532738095238 0.0008560932856175236
0 0.038461538461538464 0.0 1.0 0.0 0.0017275747293956296 0.0022143302696419117 0.006594844945630286 0.0015122492186712376 0.03846153846153845
0 0.041666666666666664 0.0 1.0 0.0 0.005193800539187409 0.0035190273424414043 0.004908376963350786 0.0013106159895150719 0.0027074443173457172
0 0.013333333333333332 0.0 1.0 0.0 0.0034826092880920045 0.002985315163874325 0.014240837696335076 0.0017300131061598956 0.000929168298832489
1 0.027777777777777776 0.0 1.0 0.0 0.01067488013887568 0.0029809585591874283 0.006399069226294357 0.00145623998835008 0.003434776279053851
0 0.006896551724137932 0.0 1.0 0.0 0.003732725921149493 0.0036385651946395886 0.01164470120960462 0.0014461969539476664 0.0003505542414939277
0 0.007936507936507936 0.0 1.0 0.0 0.008594301884876119 0.003309020859107286 0.007105459985041136 0.0014354365599450786 0.0012590891058633347
0 0.004201680672268907 0.0 1.0 0.0 0.005424071038213525 0.0017398361983910694 0.009123806590699106 0.001387711047721842 0.00027424942409232084
0 0.00625 0.0 1.0 0.0 0.006020298097090755 0.0026331530450890025 0.010929319371727749 0.0017693315858453473 0.00037227218627373015
0 0.007936507936507936 0.0 1.0 0.0 0.004943137210589535 0.001092331827844869 0.011873597606581897 0.0013106159895150719 0.0014935075350015665
0 0.002173913043478261 0.0 1.0 0.0 0.003640201126396619 0.005116851530864392 0.012690644206692464 0.0011966493817311525 0.000765339735463673
0 0.006993006993006993 0.0 1.0 0.0 0.0021538452199333456 0.0023303996865687206 0.0076520338300443014 0.0 0.00814800309484891
0 0.006944444444444444 0.0 1.0 0.0 0.00653928315066011 0.0018817311554854728 0.013307155322862129 0.00043687199650502403 0.0005302538535187732
0 0.008547008547008548 0.0 1.0 0.0 0.006715028672946566 0.005249849171396196 0.015125072716695751 0.0010193679918450561 0.00627348348409873
0 0.002976190476190476 0.0 1.0 0.0 0.005843902163709024 0.0021309856438793038 0.006599040139616055 0.00038226299694189603 0.00022268780752130121
0 0.002777777777777778 0.0 1.0 0.0 0.0050213441343679496 0.0032974980948653186 0.010089441535776613 0.000491480996068152 0.0015573638665171928
0 0.003676470588235294 0.0 1.0 0.0 0.005143469993094255 0.0020442858586645052 0.01108715737603942 0.0001541901164135379 0.0006051628905454635
0 0.0029411764705882353 0.0 1.0 0.1 0.006137399888598639 0.0016361989949229012 0.01263089005235602 0.00045871559633027525 0.000585188116465749
0 0.0018518518518518517 0.0 1.0 0.0 0.005551605240910324 0.0041656317047705 0.009293193717277489 0.0009174311926605503 0.000322513776361881
0 0.003289473684210526 0.0 1.0 0.0 0.005254529785237556 0.002656531403891641 0.008017015706806284 0.000163826998689384 0.0019547817169157412
0 0.001851851851851852 0.0 1.0 0.0 0.000998460674958225 0.00144439048615628 0.007756447547023462 9.708266589000534e-05 0.002837033855350076
0 0.001984126984126984 0.0 1.0 0.0 0.002332927214792955 0.003707852579070421 0.01368891797556719 0.00038226299694189603 0.0010870805130148424
0 0.0021645021645021645 0.0 1.0 0.0 0.004679473251216536 0.001161793972461142 0.009349289454001495 0.0005616925669350309 0.001846213361577437
0 0.002557544757033248 0.0 1.0 0.0 0.006982141850403316 0.0033725666743013093 0.012165075454265473 0.0004625703492406136 0.0015370224782685152
0 0.0027777777777777775 0.0 1.0 0.0 0.0029500802534386276 0.004777621821085276 0.010645724258289706 0.0010484927916120576 0.0009060104708612064
0 0.000784313725490196 0.0 1.0 0.0 0.0028429772459844624 0.0017453055096827666 0.007545426547582381 0.00017988846914912754 0.0040369069840833285
0 0.0019230769230769232 0.0 1.0 0.0 0.0012466662831033862 0.00225540228864546 0.00975130890052356 0.000327653997378768 0.0020572305843413645
0 0.001763668430335097 0.0 1.0 0.0 0.004112740225489624 0.0018239082614890788 0.018324607329842934 0.0003744617112900206 0.0004918876577041592
0 0.0008710801393728223 0.0 1.0 0.0 0.0042436097779616645 0.0024168266443920744 0.010886221427659302 0.0002557299491736726 0.00014893729445008535
0 0.0011890606420927466 0.0 1.0 0.0 0.0021341817118432672 0.0017423331441890936 0.008665824155984835 0.00022596827405432275 0.0028899263071433976
0 0.0007246376811594203 0.0 1.0 0.0 0.0036469989255228097 0.003542948259474846 0.009873662645117234 0.0008832412103253746 0.0007335112832147853
0 0.0013440860215053762 0.0 1.0 0.0 0.0052776746857281 0.002975813580332111 0.012925392670157068 0.000600698995194408 0.0002710073024163552
0 0.001736111111111111 0.0 1.0 0.0 0.0034088544052588697 0.001726881088029318 0.014397905759162302 0.0004368719965050241 0.0016052363713457138
0 0.0033670033670033673 0.0 1.0 0.0 0.002719357124199777 0.0019811838541792083 0.013089005235602092 0.000582495995340032 0.011239731042349075
1 0.07692307692307693 0.0 1.0 0.0 0.012308658099568097 0.0014903700313224446 0.012820512820512822 0.0010559662090813095 0.07692307692307693
0 0.015151515151515152 0.0 1.0 0.0 0.005731864460048547 0.0019782573386869715 0.007639688019434856 0.0012159610892451436 8.763725622440695e-05
0 0.02564102564102564 0.0 1.0 0.0 0.01056007274775255 0.0011613952324919636 0.009899383317104837 0.0012184225489399725 0.07289488564961644
0 0.013888888888888888 0.0 1.0 0.0 0.0078051400532359715 0.0028205460166855407 0.0083216127519925 0.0013492901560483398 8.306822144305089e-05
0 0.013333333333333334 0.0 1.0 0.0 0.009892901919535669 0.0007828147044604449 0.009845288326300985 0.0009855684618092224 0.005093117057702466
0 0.01111111111111111 0.0 1.0 0.0 0.012282835089616799 0.00834158023863119 0.021237693389592128 0.002393523407250968 0.0002289775672887712
0 0.009523809523809523 0.0 1.0 0.0 0.00617231884358937 0.002975704639923105 0.01582278481012658 0.001407954945441746 0.00048807033729271764
0 0.011363636363636364 0.0 1.0 0.0 0.004827624364074876 0.003954719781818495 0.007671653241273496 0.0019199385619660175 0.0026399308048439085
0 0.0065359477124183 0.0 1.0 0.0 0.0036536968709275685 0.001658333421875023 0.009059319930503849 0.0011801975277967577 0.0009838596426938982
0 0.016666666666666666 0.0 1.0 0.0 0.002707470284720536 0.0008818435927659724 0.007208157524613221 0.0008799718409010912 0.007060050314368266
0 0.004329004329004329 0.0 1.0 0.0 0.012546345764776333 0.002462651456341162 0.01290938316254772 0.0011565344194700057 0.033519652680503206
0 0.004629629629629629 0.0 1.0 0.0 0.002099635848032184 0.0008771479041778266 0.012189404594467886 0.0011732957878681219 0.0002630084487593866
0 0.003344481605351171 0.0 1.0 0.0 0.006831684447319033 0.0007329568446573901 0.006053935057787562 0.0010559662090813095 0.04211864824152441
0 0.0047619047619047615 0.0 1.0 0.0 0.004984086186736825 0.003891730746908974 0.015119549929676514 0.0013375571981696587 0.0006982560545068767
0 0.003333333333333333 0.0 1.0 0.0 0.0039538411286043984 0.005317785034730027 0.01787974683544304 0.0007919746568109821 0.00020736470325065666
0 0.005208333333333333 0.0 1.0 0.0 0.01020500276350529 0.0009714748476933372 0.006680731364275668 0.00017599436818021823 0.0019950424017693385
0 0.0028011204481792717 0.0 1.0 0.0 0.012050674348346698 0.003619133653474837 0.007785814747840065 0.00010056821038869612 0.0005852129637574364
0 0.006172839506172839 0.0 1.0 0.0 0.002716936418845817 0.0014335908911801865 0.011368963900609472 0.0 0.0008554327167823601
0 0.004048582995951417 0.0 1.0 0.0 0.011649465015812573 0.0024864573499276577 0.015173644920480366 0.00032491267971732594 0.0008142580216054176
0 0.0029411764705882353 0.0 1.0 0.0 0.0014422149886175442 0.0019696495883985035 0.004157359146190122 0.00012423131871544817 0.0018738867122867061
0 0.0019047619047619048 0.0 1.0 0.0 0.007675822259851527 0.005176492082144745 0.0150210970464135 0.0018585005279831046 0.00013671516681753966
0 0.0030303030303030303 0.0 1.0 0.0 0.007944192167921141 0.006001938221979407 0.01877637130801688 0.0007743752199929603 0.00010352178836647155
0 0.002173913043478261 0.0 1.0 0.0 0.008932174152905908 0.004008506348087129 0.012025316455696202 0.0006863780359028512 0.0005564170376582505
0 0.003472222222222222 0.0 1.0 0.0 0.001753811068368896 0.0008233275505631169 0.010372714486638538 0.0004399859204505456 0.0008512667731610086
0 0.002 0.0 1.0 0.0 0.006431289813238025 0.0038479636878306286 0.01418776371308017 0.0004751847940865892 4.766558693601844e-05
0 0.002564102564102564 0.0 1.0 0.0 0.006540565837765517 0.007173509924021406 0.009845288326300985 0.0006335797254487856 0.00010140862979805086
0 0.0026455026455026454 0.0 1.0 0.0 0.011411223518136738 0.0021975485376908147 0.016576250753465943 0.0010559662090813095 0.00010656310779116406
0 0.002232142857142857 0.0 1.0 0.0 0.0029230116178264112 0.0006123637474774904 0.011141877637130803 0.0007259767687434002 0.003877590000569985
0 0.0016420361247947454 0.0 1.0 0.0 0.008395133829658038 0.006988021834167443 0.014667470363672894 0.0010056821038869615 6.823781231555437e-05
0 0.004166666666666667 0.0 1.0 0.0 0.0065365764803697645 0.002859609504859778 0.013317510548523209 0.0005279831045406547 0.0006522695229656951
0 0.005376344086021505 0.0 1.0 0.0 0.002106703427253158 0.0006884940171468049 0.012130801687763712 0.0 0.0018357905802911835
0 0.003125 0.0 1.0 0.0 0.0010190425320398503 0.002452016368187219 0.007805907172995781 0.0 0.001448155210603925
0 0.0017825311942959003 0.0 1.0 0.0 0.01063724083058016 0.00256825796965043 0.005088111193844626 0.0008075035716504131 0.0526727670564787
0 0.001547987616099071 0.0 1.0 0.10526315789473684 0.003750654101308977 0.0028728864407949945 0.009604707972462804 0.00033346301339409767 0.00015091217920890548
0 0.0017857142857142857 0.0 1.0 0.0 0.010380849467632807 0.00035745118810747226 0.005933544303797469 0.000395987328405491 0.00046667118515045496
0 0.0021367521367521365 0.0 1.0 0.0 0.0022533498553595883 0.002133829241719257 0.009574813372281728 0.00032491267971732594 0.002995708103750344
0 0.0011750881316098707 0.0 1.0 0.0 0.0044545736314329535 0.001922061397640124 0.008392955421023666 0.00041320416877094717 9.593367102399194e-05
0 0.0020242914979757085 0.0 1.0 0.0 0.0041674276415340425 0.0022596365108783554 0.01590392729633236 0.0004873690195759889 0.00040040109382112783
0 0.0010256410256410256 0.0 1.0 0.0 0.003672643013015429 0.003469433940942958 0.004852320675105486 0.0008025343189017953 0.0007650237993803684
0 0.0035714285714285718 0.0 1.0 0.0 0.00093558855659191 0.000639228451631132 0.00406871609403255 0.0 0.009004037859200082
0 0.0022172949002217295 0.0 1.0 0.0 0.0005679174413181846 0.003632903342073165 0.003931722286152666 0.0 0.005940996402945925
0 0.0012531328320802004 0.0 1.0 0.0 0.0069197295174224125 0.0032029708166612797 0.007106373528758605 0.00044461735119213024 0.049981217766247095
0 0.002583979328165375 0.0 1.0 0.0 0.002974145057513797 0.0 0.006680731364275669 0.0 0.0035071914934582107
0 0.0010822510822510823 0.0 1.0 0.0 0.011774225531767428 0.0011295272944655025 0.00959413301185453 0.0004022728415547845 0.0321118139652678
0 0.0011695906432748538 0.0 1.0 0.0 0.008064178609440443 0.0019523439007378609 0.012380635132134133 0.00011115433779803256 0.04950005869719885
0 0.0010351966873706005 0.0 1.0 0.0 0.0009694674523359788 0.0026779306731426963 0.009644364074743823 0.0002514205259717403 0.00047819076196166783
0 0.0011198208286674132 0.0 1.0 0.0 0.0012129433708565767 0.001463962595746092 0.01015989340439707 0.00011115433779803256 0.00032892533002602066
0 0.001736111111111111 0.0 1.0 0.0 0.0018812630883649998 0.002809972921061397 0.0011427566807313643 0.00017599436818021823 0.0031597436321836986
0 0.0006802721088435374 0.0 1.0 0.0 0.008274997457150508 0.0005985915842418435 0.011111111111111112 7.039774727208729e-05 0.023036578128521685
0 0.002 0.0 1.0 0.0 0.0012263740034517121 0.0023248809083851137 0.006118143459915612 0.0 0.004523592592844599
0 0.00196078431372549 0.0 1.0 0.0 0.010696552204850334 0.007203643477054426 0.018248945147679323 0.0011615628299894403 0.0011858359994863176
0 0.0006009615384615385 0.0 1.0 0.0 0.007378707574790708 0.0007433819900400285 0.005010548523206752 0.0001979936642027455 0.02799676857198532
0 0.0009930486593843098 0.0 1.0 0.0 0.008505147112226732 0.002039206166891116 0.008050188763046858 0.00011115433779803256 0.048921340213882454
0 0.0012345679012345679 0.0 1.0 0.0 0.009709454433716087 0.0014192414088026331 0.005555555555555555 0.00014079549454417458 0.06168777077366858
0 0.00202020202020202 0.0 1.0 0.0 0.006328512772756377 0.004306559321798392 0.006797937177684014 0.001407954945441746 0.0034851156938031994
0 0.0013736263736263735 0.0 1.0 0.0 0.0011563294321991198 0.0016529630586036975 0.005030834144758195 0.00024368450978799449 0.005780499865790429
0 0.0011695906432748538 0.0 1.0 0.0 0.0026005927114979574 0.0034346954826852444 0.008016877637130802 0.0007039774727208729 0.0026197440845231795
0 0.0021551724137931034 0.0 1.0 0.0 0.001330259646063909 0.0 0.008438818565400843 0.0 0.007927354942294483
0 0.0018832391713747645 0.0 1.0 0.2222222222222222 0.00113472486106443 0.001338444790486026 0.007735583684950775 0.0 0.00145003403604565
0 0.0023809523809523807 0.0 1.0 0.2857142857142857 0.0 0.002383770418462036 0.0016576250753465942 0.0 0.012178440120758147
1 0.01639344262295082 0.0 1.0 0.0 0.006261999061499563 0.013371180104713797 0.019509551551280306 0.004781420765027323 0.01639344262295082
0 0.014705882352941176 0.0 1.0 0.0 0.014026006612247233 0.015294561065594955 0.012882839086047643 0.000980392156862745 0.00010940336592928145
0 0.01282051282051282 0.0 1.0 0.0 0.0034009559858073028 0.019191051443371528 0.021296884933248567 0.000641025641025641 0.0017505278172348128
0 0.038461538461538464 0.0 1.0 0.0 0.014900246787717519 0.0036762034082172723 0.008944543828264758 0.0026903148664806694 0.038461538461538464
0 0.015625 0.0 1.0 0.0 0.011286708707966716 0.0034139393009066767 0.009770671834625324 0.002833549222797927 0.010158946715608958
0 0.02564102564102564 0.0 1.0 0.0 0.00703068201099357 0.003815629962576901 0.00934207910952097 0.0025906735751295333 0.0004718172874990381
0 0.007142857142857143 0.0 1.0 0.0 0.009493239823312396 0.005672119644964013 0.007382798080472497 0.002146558105107328 0.03254237317621427
0 0.008695652173913044 0.0 1.0 0.0 0.002780527502229998 0.005704242822162407 0.008088978766430737 0.0 0.0001834598862105
0 0.005208333333333333 0.0 1.0 0.0 0.01670242851681945 0.0039058753240521823 0.011870155038759688 0.0009715025906735751 0.02736068138674108
0 0.010989010989010988 0.0 1.0 0.0 0.0025489387022193687 0.004066796390987034 0.00894454382826476 0.0007971303308090873 0.0005057211502876455
0 0.004166666666666667 0.0 1.0 0.0 0.007753443054151164 0.0067438858725092695 0.007924203273040482 0.0006908462867012091 0.0055043894788674485
0 0.0038314176245210726 0.0 1.0 0.0 0.013977197445154315 0.0039882855540941614 0.008821170809943865 0.0008040021440057173 0.036285673911924374
0 0.004347826086956522 0.0 1.0 0.0 0.010175426122727439 0.007673412718502239 0.007864284911807662 0.0014642937598558234 0.05244281545534306
0 0.005681818181818182 0.0 1.0 0.0 0.006707786230672451 0.008598619616673037 0.00516795865633075 0.0009715025906735751 0.0029291351779997038
0 0.011904761904761904 0.0 1.0 0.0 0.003465787182098495 0.004085803171423792 0.012181616832779624 0.0 0.002053622689637003
0 0.004273504273504274 0.0 1.0 0.0 0.015687859918603476 0.007467949749753364 0.010048808498420903 0.0007196315486470927 0.05719314775110486
0 0.005952380952380952 0.0 1.0 0.0 0.01800864938184306 0.009211366734758458 0.012919896640826876 0.0015112262521588947 0.0923273616967281
0 0.005128205128205128 0.0 1.0 0.0 0.01020009358996218 0.009852739339219568 0.011130987875173921 0.0015942606616181746 0.00031171545616026555
0 0.0026041666666666665 0.0 1.0 0.0 0.011122696538443312 0.006871375829530668 0.007859603789836347 0.0007556131260794474 0.00874881054135225
0 0.0028011204481792717 0.0 1.0 0.0 0.012813462060527145 0.003875368675243838 0.005906238464377999 0.0007401924500370096 0.05051817578245605
0 0.0027777777777777775 0.0 1.0 0.0 0.01405120688485085 0.00420618618824215 0.006459948320413437 0.0012953367875647669 0.05290011773448848
0 0.043478260869565216 0.0 1.0 0.0 0.010607092960548547 0.005189363628792131 0.009480222294867603 0.002403320952589031 0.043478260869565216
0 0.038461538461538464 0.0 1.0 0.0 0.004305131307046553 0.00370058584310222 0.01021785232311548 0.002512562814070352 0.0030468122854608306
0 0.008771929824561403 0.0 1.0 0.0 0.00859089114307337 0.00369794299482413 0.008640021105395065 0.002446442740015867 0.007445757514831993
0 0.009615384615384616 0.0 1.0 0.0 0.006386275878526804 0.007379089608413741 0.007807981492192018 0.0020293776575183607 0.008759219439942382
0 0.0058823529411764705 0.0 1.0 0.0 0.01575283741303939 0.006518242133681979 0.013121037888839745 0.0011084835944428022 0.015552093764839778
0 0.01282051282051282 0.0 1.0 0.0 0.0030192444683905667 0.003944179414374359 0.008482745324850587 0.0007730962504831852 0.0008788894864840082
0 0.004464285714285714 0.0 1.0 0.0 0.013996749358577467 0.006708181505155625 0.009868421052631578 0.0008636934673366835 0.017915142004232335
0 0.003676470588235294 0.0 1.0 0.0 0.012932387448302366 0.007237543679332344 0.009582780480613298 0.00014779781259237365 0.013853912113189324
0 0.008547008547008546 0.0 1.0 0.0 0.013342828240857786 0.009637363474260805 0.013688066319645266 0.00367220718979513 0.02495634533406399
0 0.005 0.0 1.0 0.0 0.015361152898685355 0.007140643999402627 0.014285714285714285 0.0010050251256281408 0.021510419927334202
0 0.003787878787878788 0.0 1.0 0.0 0.011154582425919652 0.0035115127918107013 0.005952380952380952 0.0 0.009465574284703229
0 0.007575757575757575 0.0 1.0 0.0 0.030017196829278867 0.013192283455257896 0.01389838231943495 0.002512562814070352 0.037922436128500533
0 0.0027472527472527475 0.0 1.0 0.0 0.007642849800650513 0.004770172735896666 0.006534192624418188 0.0007178750897343862 0.015959732207498405
0 0.0024630541871921183 0.0 1.0 0.0 0.02325393241279092 0.007795532084085304 0.012012790597182611 0.0011263212614798129 0.011212427900268813
0 0.0026666666666666666 0.0 1.0 0.0 0.01631222131538848 0.009363114959352692 0.012431077694235588 0.002311557788944724 0.01565704060304622
0 0.001736111111111111 0.0 1.0 0.0 0.007696442335793906 0.005664344886281825 0.006265664160401002 0.0004187604690117253 0.0003686405367109119
0 0.05555555555555555 0.0 1.0 0.0 0.034483866679517534 0.002541829099799418 0.01608187134502924 0.0051395007342143915 0.055555555555555566
1 0.011904761904761904 0.0 1.0 0.047619047619047616 0.012785191638018797 0.007239875555561931 0.010338345864661654 0.004615061883784355 0.019686448408216917
0 0.01515151515151515 0.0 1.0 0.0 0.01962212412268232 0.00956794894728933 0.012958532695374803 0.0006007208650380457 0.03845947649947737
0 0.00625 0.0 1.0 0.0 0.012891797973650487 0.007219454648120642 0.01107456140350877 0.0007709251101321587 0.022427569148669807
0 0.0064516129032258064 0.0 1.0 0.0 0.021805234256393396 0.006959877730745586 0.012308998302207132 0.000994742077589882 0.021043366569211602
0 0.00980392156862745 0.0 1.0 0.0 0.020584752054196815 0.010200449779136669 0.012383900928792569 0.0005182689816014512 0.05306747665275633
0 0.007936507936507936 0.0 1.0 0.0 0.012812571156647605 0.004315857946092304 0.015107212475633526 0.0012236906510034264 0.013592032036180125
0 0.015625 0.0 1.0 0.0 0.013166315946324529 0.0037458120943415813 0.011513157894736841 0.0 0.025819363386235684
0 0.003472222222222222 0.0 1.0 0.0 0.013584938297603951 0.008363374069475918 0.015487938596491224 0.0013766519823788547 0.02803088281650185
0 0.1111111111111111 0.0 1.0 0.0 0.018097302784412666 0.0027490289598362787 0.005955179438959412 0.002040175768989329 0.1111111111111111
0 0.05555555555555555 0.0 1.0 0.0 0.011819025132431712 0.0008499843694608319 0.002820874471086037 0.0012554927809165098 0.09525675018856801
0 0.01111111111111111 0.0 1.0 0.0 0.006787591848098728 0.0014043430175736708 0.009826046074283027 0.0016949152542372887 0.026250070896551677
0 0.020833333333333332 0.0 1.0 0.0 0.002178624628271088 0.0 0.005641748942172072 0.001294726930320151 0.003130464393943599
0 0.011764705882352941 0.0 1.0 0.0 0.008787848497503003 0.001996637190341417 0.006471417904256202 0.0015785975407112004 0.05652579223232322
0 0.01111111111111111 0.0 1.0 0.0 0.005128898292720803 0.001639496423391614 0.008368594264221908 0.001506591337099812 8.567979560915548e-05
0 0.009523809523809523 0.0 1.0 0.0 0.007321110002387271 0.003663215225036817 0.011941701927597555 0.0017890772128060265 7.598030190002961e-05
0 0.010416666666666666 0.0 1.0 0.0 0.003130557533607766 0.002202020105508963 0.008110014104372355 0.002000941619585688 0.00018560233825431238
0 0.0044444444444444444 0.0 1.0 0.0 0.0030348242078570955 0.0017637720795016403 0.007052186177715092 0.001355932203389831 0.0006384302410108221
0 0.0033333333333333335 0.0 1.0 0.0 0.00593565981912567 0.004054627639699015 0.003902209685002351 0.001741996233521658 0.03056314030320434
0 0.006060606060606061 0.0 1.0 0.0 0.0026137626439303586 0.002458659770680709 0.014010343206393983 0.0005649717514124294 0.00011920800509526994
0 0.005952380952380952 0.0 1.0 0.0 0.0013167569528405195 0.002284627810919028 0.005238766874874069 0.0 0.00024655686108267905
0 0.006410256410256411 0.0 1.0 0.0 0.010369112704736764 0.0013763849619342922 0.009285378467324872 0.00023540489642184556 0.06791516783061427
0 0.002304147465437788 0.0 1.0 0.0 0.0028243069127067626 0.001523452276650015 0.005277765139451294 0.0005011846181884454 0.001708543630315023
0 0.011111111111111112 0.0 1.0 0.0 0.020784646614119894 0.0 0.0037611659614480487 0.0014124293785310734 0.15907172239099396
0 0.004166666666666667 0.0 1.0 0.0 0.0016229952421541697 0.005238764060933665 0.00921485660554772 0.00047080979284369113 0.006530448547050944
0 0.004901960784313725 0.0 1.0 0.0 0.00995873170897764 0.0014118822521438938 0.008227550540667608 0.0005885122410546139 0.06958536497963082
0 0.002525252525252525 0.0 1.0 0.0 0.002209119396035694 0.001518633217244981 0.012181048852416975 0.00012840267077555214 6.585839407930855e-05
0 0.005847953216374269 0.0 1.0 0.0 0.001110891153519144 0.0016649493491987808 0.009089484406832785 0.0 0.00047908449533376116
0 0.0071428571428571435 0.0 1.0 0.0 0.0035638438550638857 0.003674326011427908 0.007858150312311104 0.0004035512510088781 0.019395868888259164
0 0.005291005291005291 0.0 1.0 0.0 0.003599749073109799 0.004270178759148971 0.009089484406832785 0.00031387319522912746 0.002481937237766742
0 0.0026737967914438505 0.0 1.0 0.0 0.0025674214846043344 0.0046813457598871774 0.006637351696673029 0.000581588567630442 0.00013547833783551636
0 0.005434782608695652 0.0 1.0 0.0 0.007115548107555906 0.0036029633280319443 0.0116361071932299 0.0008827683615819209 0.0024762342628075365
0 0.0010683760683760683 0.0 1.0 0.05128205128205128 0.004156816160766891 0.002401622611744914 0.007377671693609633 0.0006518904823989568 2.6441819648883877e-05
0 0.0018181818181818182 0.0 1.0 0.0 0.0029501265598194893 0.004306878555133003 0.008142069496089243 0.0004494093477144324 0.0009206414347198717
0 0.0016722408026755855 0.0 1.0 0.0 0.004226675577491996 0.003590236142276337 0.005703072300239161 0.000552689756816507 0.0006746343612269104
0 0.0013717421124828531 0.0 1.0 0.0 0.0026581222483086733 0.002223000323181896 0.014417802852217523 0.000732370788867964 5.414483271322438e-05
0 0.0035714285714285713 0.0 1.0 0.0 0.0013498270249396823 0.004401472323904752 0.00465444287729196 0.0002824858757062147 0.00043003659610042403
0 0.0018148820326678765 0.0 1.0 0.0 0.005239250459489062 0.0009598306828790274 0.005938683097023235 0.0002973535533749628 7.931849190182208e-05
0 0.0009523809523809524 0.0 1.0 0.0 0.0030205127209071915 0.0027896159660651767 0.00858351803344751 0.0006053268765133171 4.133831713946898e-05
0 0.001402524544179523 0.0 1.0 0.0 0.0029480459447965186 0.003628592257825705 0.009689090574599865 0.0009211495946941782 6.372910024090425e-05
0 0.001201923076923077 0.0 1.0 0.0 0.0015410186321503576 0.002138836043317572 0.006401215145926005 0.0002716210343328987 7.890189828387776e-05
0 0.0012626262626262627 0.0 1.0 0.0 0.0029602730678485595 0.0009037104459482674 0.008991537376586742 0.00029425612052730695 0.0020207460398670844
0 0.00196078431372549 0.0 1.0 0.0 0.0020387052090313925 0.002248038174404999 0.0027268453220498355 0.0003766478342749529 0.00021846379437720574
0 0.0015037593984962405 0.0 1.0 0.0 0.0025201280106215136 0.004117247504117 0.00660678494543835 0.0005203687184061849 0.0001385856199419636
0 0.0021367521367521365 0.0 1.0 0.0 0.0014364919619247814 0.006536697368075938 0.0041228165346642075 0.0 0.00024017423371843199
0 0.0011261261261261261 0.0 1.0 0.0 0.004599701055692836 0.007091283338850083 0.004055007052186178 0.00035310734463276836 5.5880513649456824e-05
0 0.0010526315789473684 0.0 1.0 0.0 0.0058626330122458345 0.01021624470996492 0.003441466854724965 0.0005084745762711864 4.62707739897122e-05
0 0.0018315018315018315 0.0 1.0 0.0 0.008251098134063143 0.009227262242703755 0.002216401370139029 0.0009079903147699757 8.834753302925574e-05
0 0.02702702702702703 0.0 1.0 0.0 0.0134792264975534 0.00866296344164043 0.01463518854823203 0.004504504504504504 0.02702702702702703
0 0.015625 0.0 1.0 0.0 0.008084006468737614 0.011894505069630855 0.018527667984189727 0.005084325396825394 0.006949642643505094
0 0.011904761904761904 0.0 1.0 0.0 0.007631201888199246 0.00953859268695906 0.007340485601355167 0.0008503401360544217 0.015088312705973246
0 0.010869565217391304 0.0 1.0 0.0 0.018035796580480146 0.006949590481290986 0.012545110843787592 0.002242926155969634 0.033595257011681263
0 0.005263157894736842 0.0 1.0 0.0 0.024400421814197222 0.0044917333308991765 0.012377782400665694 0.0024018379281537175 0.017968022133617752
0 0.00980392156862745 0.0 1.0 0.0 0.027723709099017516 0.005438562387319684 0.013252731922808647 0.0021008403361344537 0.044721437627139926
0 0.0028011204481792717 0.0 1.0 0.0 0.006842902783141089 0.006060964977587747 0.008447647833837094 0.00031123560535325237 0.007220478015312431
0 0.004629629629629629 0.0 1.0 0.0 0.006542748980218926 0.007309968677170821 0.004391743522178305 0.0 0.021083642052238134
0 0.047619047619047616 0.0 1.0 0.09523809523809523 0.02674510158686635 0.01712428008327383 0.01773049645390071 0.007639419404125284 0.04761904761904763
0 0.011904761904761904 0.0 1.0 0.047619047619047616 0.021795532994124216 0.014102293905298052 0.02039007092198581 0.005984211866564804 0.016439488140471657
0 0.02222222222222222 0.0 1.0 0.0 0.00905729428905493 0.006286843339655312 0.019148936170212762 0.0 0.012852392655289665
0 0.008333333333333333 0.0 1.0 0.0 0.01754885778421179 0.009951501840207922 0.013829787234042554 0.0014260249554367203 0.02925117931922964
0 0.011111111111111112 0.0 1.0 0.0 0.027437826177839023 0.018761496151666737 0.017730496453900714 0.0035650623885918 0.051585511191322736
0 0.007575757575757575 0.0 1.0 0.0 0.006189023710950789 0.01778219625850366 0.011121856866537718 0.0024307243558580453 0.012733646689463425
0 0.006802721088435374 0.0 1.0 0.0 0.024318707450787208 0.014648427454288302 0.011651469098277608 0.0005092946269416857 0.01939498862711848
0 0.006578947368421052 0.0 1.0 0.0 0.017660878021677717 0.008294851043988112 0.010638297872340425 0.002251618350689558 0.0042434116730944785
0 0.043478260869565216 0.0 1.0 0.0 0.016306484708327722 0.004469511254689038 0.010574018126888216 0.0020390712359402755 0.04347826086956523
0 0.02631578947368421 0.0 1.0 0.0 0.012068912963234264 0.003057445242586577 0.013833677850214662 0.0027868460864718535 0.031867528178421915
0 0.01111111111111111 0.0 1.0 0.0 0.014601046265481976 0.0029648515801639036 0.010020140986908361 0.0020171457387796275 0.03051324159534655
0 0.006578947368421052 0.0 1.0 0.0 0.011020538980548866 0.003453616352113216 0.020830020671012875 0.0034636515646150165 0.022119169838069174
0 0.0058823529411764705 0.0 1.0 0.0 0.010136028413351353 0.0054372080519369615 0.017638173094011018 0.0032481979175936647 0.01994001092934057
0 0.011904761904761904 0.0 1.0 0.0 0.002360623431313127 0.0017418655894032979 0.026219249028916702 0.003457964123622218 0.0021763217632023825
0 0.007142857142857143 0.0 1.0 0.0 0.01129271139413646 0.0043046745691871155 0.016540785498489426 0.0017397881996974284 0.02875609361158906
0 0.008333333333333333 0.0 1.0 0.0 0.016763862602424445 0.0040387554572112756 0.012890231621349448 0.0005042864346949068 0.0373934155537814
0 0.008547008547008546 0.0 1.0 0.0 0.006634872022894671 0.005879095184061645 0.018707878224494538 0.0026765972303037355 0.00023398604092450426
0 0.0038461538461538464 0.0 1.0 0.0 0.003457773029580976 0.003805960819219235 0.018591680223100163 0.0005818689631095078 0.0019972908840425302
0 0.004329004329004329 0.0 1.0 0.0 0.008360797601141393 0.002314433912742574 0.006977413321824199 0.0007924501116634248 0.0354296431183848
0 0.001937984496124031 0.0 1.0 0.0 0.004012660777453843 0.005258517142238319 0.01394646244642732 0.0013721282060303278 0.007231810635622679
0 0.003344481605351171 0.0 1.0 0.0 0.015460710704923221 0.0019426460091478961 0.008800735583869698 0.001118200355193054 0.04194659382937195
0 0.0019305019305019303 0.0 1.0 0.0 0.006579497410250684 0.0048724326890146295 0.016044745651996407 0.001267530768287198 0.02061600224597359
0 0.005128205128205128 0.0 1.0 0.0 0.004960581831515047 0.0013959445611793928 0.006971880083662561 0.0002327475852438031 0.0007583081584583383
0 0.0021551724137931034 0.0 1.0 0.0 0.002952433723214294 0.003171945919380524 0.01046984060839671 0.0006260107465178152 0.00010700692562624647
0 0.0021008403361344537 0.0 1.0 0.0 0.009129267835261624 0.002171504985458876 0.010196374622356497 0.0001080613788631943 0.025656377700826266
0 0.0015432098765432098 0.0 1.0 0.0 0.011559677254280965 0.002811116154611825 0.017707284323598527 0.001218692217179358 0.018631095574955032
0 0.002105263157894737 0.0 1.0 0.0 0.003940678833712312 0.0031918415535868573 0.012507552870090635 0.0004236006051437216 7.394385245555233e-05
0 0.0014285714285714286 0.0 1.0 0.0 0.012459162704202763 0.004553170530927149 0.013724643936124298 0.001426410200994165 0.014481200639686368
0 0.003968253968253968 0.0 1.0 0.0 0.010678170541212957 0.002680148323337054 0.008434038267875124 0.0006303580433686334 0.039779717430788404
0 0.0018181818181818182 0.0 1.0 0.0 0.00541931142535025 0.005085909815049225 0.018731117824773415 0.0024205748865355524 0.0012341671260024199
0 0.001976284584980237 0.0 1.0 0.0 0.011390217466330916 0.001983473664103854 0.008239494644328481 0.0004813643240269564 0.03783844868750502
0 0.001736111111111111 0.0 1.0 0.0 0.009650894265815042 0.0016303647684504294 0.01661631419939577 0.0002521432173474534 0.03720401303127109
0 0.002105263157894737 0.0 1.0 0.0 0.005081482820131926 0.0023876600148010512 0.021943075210685326 0.001194362608487937 0.00018351640717846458
0 0.0018315018315018315 0.0 1.0 0.0 0.0048632624392329574 0.0038348273780655414 0.014458351316357356 0.0012967365463583316 0.00013651488610915194
0 0.0021786492374727667 0.0 1.0 0.0 0.009894725744453315 0.0019455790266601205 0.006753154433979029 0.0006229420663878259 0.03584736814175579
0 0.03225806451612903 0.0 1.0 0.0 0.031062152055254533 0.02726652300135004 0.02084972462627852 0.009479921000658325 0.032258064516129024
0 0.011904761904761904 0.0 1.0 0.0 0.026594783023462458 0.023607463217067852 0.016647309330236153 0.007968901846452863 0.02302754386392287
0 0.013888888888888888 0.0 1.0 0.0 0.008581963886971708 0.011097169882823695 0.01473577235772358 0.0011904761904761906 0.00022097226610908493
0 0.008064516129032258 0.0 1.0 0.0 0.02215949068712843 0.019013428741277073 0.01691581431943352 0.0034233048057932852 0.042044240553247
0 0.0044444444444444444 0.0 1.0 0.044444444444444446 0.0346858586375457 0.016830772632678306 0.024390243902439022 0.004807256235827665 0.018181454480417376
0 0.005747126436781609 0.0 1.0 0.0 0.02712765932685075 0.02056779904828851 0.018923465096719935 0.0049261083743842365 0.04434269238412748
0 0.007518796992481203 0.0 1.0 0.0 0.03231131255425857 0.02817253025785636 0.020753102267864785 0.005585392051557465 0.07138140433272709
0 0.005 0.0 1.0 0.0 0.02353025056235628 0.009649954658224177 0.018211382113821138 0.001795918367346939 0.04273384481855807
0 0.041666666666666664 0.0 1.0 0.0 0.017693183890630047 0.015444452414063572 0.011235955056179775 0.005649717514124296 0.041666666666666664
0 0.011627906976744186 0.0 1.0 0.0 0.010093384627426828 0.0068262323169260295 0.014502221060883202 0.003941663381947184 0.011458857340421546
0 0.016666666666666666 0.0 1.0 0.0 0.00854109481706824 0.009020489343203875 0.02106741573033708 0.001694915254237288 0.01803379252094321
0 0.008620689655172414 0.0 1.0 0.0 0.012881709414017924 0.005663419324763735 0.015497869043006582 0.0015585427625170465 0.024494887386246906
0 0.008 0.0 1.0 0.0 0.0074551615623801295 0.015321421528277762 0.013707865168539324 0.0004519774011299435 0.0190761022509964
0 0.0045045045045045045 0.0 1.0 0.0 0.005051502306924144 0.010116413325902057 0.016246583662314 0.0006107802717972209 0.0021169157223717007
0 0.037037037037037035 0.0 1.0 0.0 0.004541096127525411 0.001857828912505299 0.006166122597025753 0.001089324618736384 0.03703703703703704
0 0.016666666666666666 0.0 1.0 0.0 0.0052191701391499775 0.0032934589968154613 0.008487486398258977 0.0015250544662309374 0.0051368376717120506
0 0.01282051282051282 0.0 1.0 0.0 0.0028267217434506473 0.0021357632937181142 0.009081777852180466 0.0013407072230601645 0.03630203610925021
0 0.014705882352941176 0.0 1.0 0.0 0.0031246298976173423 0.0024662352274980462 0.007808999551942649 0.00134563629373318 0.025480306781269366
0 0.016666666666666666 0.0 1.0 0.0 0.0021265357615355314 0.00301657331048536 0.008433079434167575 0.0013616557734204796 0.0035105300673408148
0 0.005555555555555555 0.0 1.0 0.0 0.0027587978221931164 0.002504170546233894 0.009466811751904246 0.0013435003631082068 0.00027057043260773694
0 0.017857142857142856 0.0 1.0 0.0 0.0016422552877184537 0.0009262520102565784 0.007072905331882481 0.0009531590413943355 0.0069027775703681
0 0.017857142857142856 0.0 1.0 0.0 0.006280132453372495 0.0046697499183904175 0.008549665785792011 0.0015561780267662625 0.0016043930385910006
0 0.007407407407407407 0.0 1.0 0.0 0.001136382110999014 0.0018782938770296013 0.005730866884294523 0.0013071895424836603 0.002924505124064185
0 0.008333333333333333 0.0 1.0 0.0 0.004387312911079164 0.003194332233692238 0.011244105912223431 0.0012708787218591142 0.000963899988260169
0 0.005347593582887701 0.0 1.0 0.0 0.0037202619830733925 0.002559111985362887 0.01017730269474493 0.001153402537485583 0.0008752709789654737
0 0.003333333333333333 0.0 1.0 0.0 0.0036964068611735896 0.002273788966799377 0.016104461371055492 0.000871459694989107 0.035985715777746924
0 0.004273504273504274 0.0 1.0 0.0 0.0033017678766435335 0.0020288429601930734 0.010035062265747794 0.00048414427499394823 0.0010108242889177918
0 0.003968253968253968 0.0 1.0 0.0 0.0036684507705040392 0.0029830384845808975 0.009430540442509976 0.0008472524812394094 0.0007352599003103795
0 0.0026666666666666666 0.0 1.0 0.0 0.0029373044135740144 0.0026173954596629906 0.009706202393906422 0.0005664488017429194 0.0005742382230975795
0 0.002403846153846154 0.0 1.0 0.0 0.002297501606086985 0.002788226840303685 0.009039926341340921 0.00041897100720630134 0.015892639272892303
0 0.0029411764705882353 0.0 1.0 0.0 0.003913558043738399 0.0023262531688268686 0.009303590859630034 0.00010893246187363835 0.00026421660323613087
0 0.001984126984126984 0.0 1.0 0.0 0.002754796441026179 0.003622104957154847 0.009870977770868955 0.0009726112667289139 0.0002403423513078891
0 0.002770083102493075 0.0 1.0 0.0 0.005646393081182752 0.002495510926714348 0.01282858942786782 0.0010893246187363835 0.00020402872283413842
0 0.008333333333333333 0.0 1.0 0.0 0.0013132525557580873 0.002051961589261906 0.009067827348567285 0.0 0.012561164181265065
0 0.003401360544217687 0.0 1.0 0.0 0.0018045883995204003 0.0024530864586705223 0.008782838489040884 0.0 0.001894841542526647
0 0.0030303030303030303 0.0 1.0 0.0 0.007342224788803031 0.004431936511173586 0.012187159956474429 0.00130718954248366 0.00027230790207885563
0 0.001890359168241966 0.0 1.0 0.0 0.007695098966304393 0.002677281786311254 0.011591048871646876 0.0010419626787913235 0.0002070470709494737
0 0.0018115942028985505 0.0 1.0 0.0 0.005322771479075394 0.0016156616472589856 0.007948147797700714 0.00028417163967036095 0.00017232613057593927
0 0.005714285714285714 0.0 1.0 0.0 0.0015787020244349334 0.0030472290474885403 0.004974351002642624 0.0006224712107065049 0.008372347758078564
0 0.002564102564102564 0.0 1.0 0.0 0.0009158878196935708 0.0020378599320286005 0.011389191149800509 0.00014524328249818446 0.0007722464382349938
0 0.004629629629629629 0.0 1.0 0.0 0.012186877789394366 0.0013893780153848676 0.011561479869423285 0.0005446623093681918 0.0014936272237583504
0 0.002747252747252747 0.0 1.0 0.0 0.0009234559678518055 0.001059153446301327 0.007282162886080188 0.0002513826043237808 0.0030296691224468222
0 0.0049261083743842365 0.0 1.0 0.0 0.0021590781115776 0.005014038958511283 0.007150629566298771 0.0 0.0073846628494516064
0 0.001388888888888889 0.0 1.0 0.0 0.006757008017232173 0.002055600097062835 0.012241566920565832 0.001180101670297749 0.0002141337637214726
0 0.0011947431302270011 0.0 1.0 0.0 0.0029739290195980985 0.001445023231820401 0.010115665175512838 0.00044379891874445255 0.03434192118103542
0 0.001953125 0.0 1.0 0.0 0.0027563909056652048 0.0016507604828056108 0.01101741022850925 0.0010893246187363835 0.0010353119016063078
0 0.0008658008658008658 0.0 1.0 0.0 0.0065528344030527565 0.0019255296295438568 0.007150629566298775 0.0007158418923124807 0.00016624281366371286
0 0.0017301038062283738 0.0 1.0 0.0 0.0009554211973776446 0.001859639960902398 0.009473212571209115 0.00038446751249519417 0.0009089863941867747
0 0.0017857142857142857 0.0 1.0 0.0 0.006329497234529393 0.0017777074322323759 0.008841131664853102 0.00013616557734204794 0.00015079088023620997
0 0.0030864197530864196 0.0 1.0 0.0 0.0017649165421078092 0.0016466702404561394 0.008463305525329465 0.0 0.0017482061133287483
0 0.000794912559618442 0.0 1.0 0.0 0.0016632224237514803 0.0012746619621544504 0.007168917621455547 6.407791874919904e-05 0.012144455755854426
0 0.0010526315789473684 0.0 1.0 0.0 0.0014037787028979424 0.0027297895087389523 0.008313384113166485 0.00017429193899782137 0.0002686381235600103
0 0.002564102564102564 0.0 1.0 0.0 0.0034302113140929624 0.0034085194545976243 0.014798694232861809 0.001525054466230937 0.0026168412747652773
0 0.0006756756756756757 0.0 1.0 0.0 0.002139453524240642 0.0037066818494210702 0.010646119460047641 0.00044161808867691223 0.00016117627532077138
0 0.001876172607879925 0.0 1.0 0.0 0.0023575236366605193 0.0018812014569701606 0.010713986774922576 0.00016758840288252054 0.002693326041760808
0 0.002976190476190476 0.0 1.0 0.0 0.0028040512148105935 0.0035783732705759715 0.012377584330794342 0.002178649237472767 0.003901439906024661
0 0.0014534883720930232 0.0 1.0 0.0 0.007518738189395882 0.0012798029941134827 0.010541349292709466 0.0002723311546840959 0.0001981069828046683
0 0.003246753246753247 0.0 1.0 0.0 0.002255422849470123 0.003418081921540012 0.01321311985076947 0.0010893246187363835 0.007277440763059252
0 0.0024691358024691358 0.0 1.0 0.0 0.0018584831328229351 0.005042957699699341 0.01245314955869907 0.002299685306221254 0.004476585589116116
0 0.001278772378516624 0.0 1.0 0.0 0.0009115374624486307 0.0019949925048749293 0.01011329450169622 0.0007689350249903884 0.002034883561681742
0 0.001182033096926714 0.0 1.0 0.0 0.0008805345335835075 0.0014993643126563583 0.009853705718776449 0.0007262164124909224 0.0014500195796556352
0 0.003472222222222222 0.0 1.0 0.0 0.004289491338089215 0.002172870166960915 0.009974610083424013 0.0003631082062454612 0.003936775533224196
0 0.0007558578987150415 0.0 1.0 0.0 0.0040065843445021305 0.0021379062690994387 0.0067706444202635715 0.00032276284999596547 0.00018033809311262017
0 0.0025 0.0 1.0 0.0 0.0020036829874687107 0.0009002960789373178 0.008705114254624592 0.0005446623093681918 0.004323846026098489
0 0.0017825311942959 0.0 1.0 0.0 0.004798401826896421 0.005469220772207879 0.01088139281828074 0.0005941770647653002 0.0005816766725855032
0 0.0010683760683760685 0.0 1.0 0.0 0.004989040998663041 0.002121867328146929 0.012392697376375286 0.0005446623093681917 0.05032260910798491
1 0.034482758620689655 0.0 1.0 0.0 0.016651528567650734 0.009988564831781802 0.01124107549749355 0.004729935916997255 0.034482758620689655
0 0.015625 0.0 1.0 0.0625 0.013785246089076062 0.007666041116444478 0.01280286343612335 0.0038716814159292057 0.025837014482259023
0 0.011494252873563218 0.0 1.0 0.0 0.02418189108684923 0.0047324140285425025 0.012912046179553398 0.0015257857796765334 0.02907792399937145
0 0.008333333333333333 0.0 1.0 0.0 0.019828982534007732 0.009242228390189585 0.015418502202643175 0.002212389380530973 0.028242133177543812
0 0.00625 0.0 1.0 0.0 0.007394303865333148 0.012259055054495904 0.012802863436123352 0.0002765486725663717 0.0004906106160274449
0 0.004273504273504273 0.0 1.0 0.0 0.02521449187201153 0.010438500882511933 0.015362024172596859 0.0018152938506920807 0.014216175018234757
1 0.003968253968253968 0.0 1.0 0.0 0.020654958581849594 0.0011190978191148422 0.0064855604503181626 0.0004916420845624386 0.023022605580745696
0 0.037037037037037035 0.0 1.0 0.0 0.004359287299965175 0.004857314356875276 0.011758907196169552 0.002257495590828924 0.03703703703703704
0 0.025 0.0 1.0 0.1 0.0022594259466237458 0.0030964143590661583 0.007509505703422054 0.0021904761904761897 0.015099310145596243
0 0.014492753623188404 0.0 1.0 0.0 0.004746980334588602 0.003795031376732267 0.007108612993883286 0.001987577639751553 0.0025217374414937687
0 0.01 0.0 1.0 0.0 0.002475952350596227 0.003481594425277484 0.013688212927756653 0.002133333333333333 0.00031492817130317105
0 0.010526315789473684 0.0 1.0 0.0 0.007566592957368437 0.0006819443371753695 0.0068040824494696815 0.0018045112781954892 0.0010756459526259025
0 0.007575757575757575 0.0 1.0 0.0 0.003091961441830546 0.004515791775594865 0.00717248530936744 0.0018181818181818182 0.0011843075388399793
0 0.0033222591362126242 0.0 1.0 0.046511627906976744 0.004260588313669319 0.003181865343212112 0.010434167477230525 0.00022148394241417498 0.003471248455412957
0 0.0078125 0.0 1.0 0.0 0.004530242524496337 0.0012895477148105762 0.0051093155893536125 0.0 0.002802325071244853
0 0.007407407407407407 0.0 1.0 0.0 0.007732340541813259 0.007723243442813971 0.006083650190114069 0.0005079365079365079 0.003788897659464503
0 0.003448275862068966 0.0 1.0 0.0 0.005688774417674594 0.005078189396741391 0.007997902189589616 0.0006568144499178982 0.013848834260134796
0 0.006060606060606061 0.0 1.0 0.0 0.0026335806320270673 0.0026701579868673793 0.01913814955640051 0.001142857142857143 0.002242911963771715
0 0.005952380952380952 0.0 1.0 0.0 0.004697534616730137 0.0008311901473148797 0.004481260184682237 0.0 0.0038212019113587994
0 0.003663003663003663 0.0 1.0 0.0 0.004284456618318263 0.0034222974104291736 0.016023900054318304 0.001179138321995465 0.02540225340627962
0 0.003968253968253968 0.0 1.0 0.0 0.0035456271687605775 0.0037390190112808336 0.007498943810730883 0.0 0.0021610861693745122
0 0.0012578616352201257 0.0 1.0 0.0 0.0032629216201788725 0.004361939094739113 0.00932635052729751 0.00032345013477088946 0.01099007984900762
0 0.002403846153846154 0.0 1.0 0.0 0.0036241401077860653 0.004337809831481752 0.009286341035390465 0.00029304029304029304 0.0008878375484561845
0 0.002262443438914027 0.0 1.0 0.0 0.002534349109081541 0.003024822458574431 0.013966071950862823 0.00036630036630036635 0.00038518069775233274
0 0.003472222222222222 0.0 1.0 0.0 0.0035667324954084013 0.0050130078729077755 0.010456273764258556 0.0004761904761904762 0.0012647015666221908
0 0.001697792869269949 0.0 1.0 0.06451612903225806 0.004985267131525539 0.0019027619894868286 0.010670918680240402 0.0001228878648233487 0.004973499543692719
0 0.002 0.0 1.0 0.0 0.004136111940822725 0.005313315480088732 0.010342205323193916 0.0005333333333333334 0.01843777639039011
0 0.005291005291005291 0.0 1.0 0.0 0.00189085421319644 0.0028793205347404493 0.002746092099704267 0.0 0.023360248401699313
0 0.0022727272727272726 0.0 1.0 0.0 0.0038819445646757615 0.0034311311273489352 0.012452471482889733 0.0005714285714285715 0.03263168724488717
0 0.0033444816053511705 0.0 1.0 0.0 0.0028744343661517894 0.0025244147193589726 0.003948522959929804 0.00043956043956043956 0.006679759031084355
0 0.022727272727272728 0.0 1.0 0.0 0.006107226975008808 0.002324984400429256 0.00645204500803715 0.0013855367837668719 0.022727272727272728
0 0.016666666666666666 0.0 1.0 0.0 0.009787299505145453 0.003062813836945811 0.009528487229862471 0.0015404785316289736 0.0135073781900478
0 0.014492753623188404 0.0 1.0 0.0 0.0073318343938088785 0.0019274399107682186 0.008328350559494319 0.001239793082809628 0.012658105689974226
0 0.006944444444444444 0.0 1.0 0.0 0.006449712357902995 0.0020286124483602066 0.011187513643309324 0.0013110455588331695 0.007146149720397075
0 0.005128205128205128 0.0 1.0 0.0 0.00547591362960005 0.0014798634552507513 0.010377310966701931 0.00113455865668255 0.0077473818100784
0 0.00641025641025641 0.0 1.0 0.0 0.0048436497533986414 0.0026929300285129885 0.00963427535136769 0.0014749262536873156 0.004839430948414519
0 0.0049261083743842365 0.0 1.0 0.0 0.00875077951646551 0.002237321672467485 0.010263532281010773 0.0011528159224222696 0.006643198562363447
0 0.00625 0.0 1.0 0.0 0.004314933823381955 0.0035616054004711127 0.009675834970530452 0.0005899705014749264 0.017451154742042767
0 0.006172839506172839 0.0 1.0 0.0 0.0032528095076983865 0.003226111076989773 0.006603361711416721 0.000546268982847154 0.026764003672055517
0 0.0024390243902439024 0.0 1.0 0.0 0.005160943008734332 0.004437007271875164 0.009344003066749722 0.0008873540062834256 0.016137121902748464
0 0.006993006993006993 0.0 1.0 0.0 0.008678186083396862 0.002205577759072834 0.012467885748828771 0.001512744875576734 0.00018006385263019483
0 0.005208333333333333 0.0 1.0 0.0 0.008672365056554894 0.002940013943865806 0.011787819253438114 0.000983284169124877 0.00013030526508341607
0 0.006993006993006993 0.0 1.0 0.0 0.009897481145136246 0.0014418984688439153 0.01151991427040543 0.00017877893984088674 0.00022784892069741962
0 0.0021645021645021645 0.0 1.0 0.0 0.0036857661653592563 0.0015984241353664168 0.010329225456926832 0.0006555227794165847 0.0005300891243971302
0 0.0031746031746031746 0.0 1.0 0.0 0.007184147774001613 0.0016427445639270323 0.007952100290017776 0.0007959919464344244 0.005531273604621141
0 0.002403846153846154 0.0 1.0 0.0 0.003273621973674167 0.004558917166118243 0.008349705304518664 0.0006050979502306936 0.018564178776999705
0 0.004901960784313725 0.0 1.0 0.0 0.0044028712197296226 0.0005573905902428967 0.00703994760969221 0.00032776138970829236 0.03372559281933627
0 0.002525252525252525 0.0 1.0 0.0 0.0030241405038918647 0.0013290116965051176 0.010001786033220219 0.0004469473496022169 0.012022439869197704
0 0.0013157894736842105 0.0 1.0 0.0 0.003211358127388846 0.00311626802929463 0.009430255402750493 0.0007128810226155358 0.01333162151059102
0 0.005 0.0 1.0 0.0 0.0068215328207113625 0.0005325565783878487 0.011787819253438114 0.00019665683382497542 0.0017326188454069725
0 0.0019047619047619048 0.0 1.0 0.0 0.01085774526157517 0.001984212638757161 0.009783889980353636 0.0007079646017699115 0.008519412549593413
0 0.0010822510822510823 0.0 1.0 0.0 0.005369332567394571 0.0039759323659121215 0.009472354757227056 0.0008896380577796505 0.006078476027690869
0 0.002288329519450801 0.0 1.0 0.0 0.0067343995428718675 0.0059592122765686865 0.009668079826284773 0.0013972985561248256 0.02237060337252165
0 0.0018115942028985505 0.0 1.0 0.0 0.004856781374013344 0.0025785869030296297 0.010036730161441871 0.00034201188491300076 0.019372585717749902
0 0.0022222222222222222 0.0 1.0 0.0 0.0005488081160882123 0.0016360839312850987 0.012115258677144726 0.0007647765759860156 0.007158125172278215
0 0.004273504273504274 0.0 1.0 0.0 0.0011455068223942713 0.0005474309291048023 0.0022920759659462997 0.0002185075931388616 0.010409733749460578
0 0.0028490028490028487 0.0 1.0 0.0 0.013593696497567243 0.0028604974136897266 0.008538612664349403 0.0011345586566825507 0.033367542040178944
0 0.0023809523809523807 0.0 1.0 0.0 0.0094144962041658 0.0034312796404630643 0.013032089063523248 0.0010488364470665355 0.007478470178332156
0 0.002652519893899204 0.0 1.0 0.0 0.007433579552400973 0.002279764980388296 0.00430708780414085 0.0004538234626730202 0.000925667750740239
0 0.0011111111111111111 0.0 1.0 0.0 0.007752799330769141 0.00394454624251858 0.006876227897838899 0.000688298918387414 0.007866509769223361
0 0.005376344086021505 0.0 1.0 0.0 0.00665170420672167 0.0020023754777988745 0.002455795677799607 0.0 0.07847190679172254
0 0.001644736842105263 0.0 1.0 0.0 0.00500110850563266 0.0014081446490346865 0.006100713473270603 0.0003105107902499612 0.000865291499275014
0 0.0006587615283267457 0.0 1.0 0.0 0.007088624309758044 0.0014955698538323995 0.0076877082087639876 0.0002137574280706255 0.004074382412329775
0 0.0016339869281045752 0.0 1.0 0.0 0.00316381496023414 0.0014263611255669801 0.005566470203012443 0.0 0.0010096802907669988
0 0.001020408163265306 0.0 1.0 0.0 0.0031672873323575013 0.00178536639691276 0.010980914959303955 0.00021070375052675939 0.00011073732010334053
0 0.0018518518518518517 0.0 1.0 0.0 0.006818157149397735 0.001493199754470923 0.005566470203012442 0.0011143887250081941 0.0008699313420934594
0 0.0012285012285012285 0.0 1.0 0.0 0.008402806535769967 0.002980514295897356 0.007590641185926056 0.0004469473496022169 0.021662805143899264
0 0.0018796992481203006 0.0 1.0 0.0 0.007363808613166877 0.003318732984245138 0.004981756946393488 0.00014046916701783958 0.0010343829357450185
0 0.0006574621959237343 0.0 1.0 0.0 0.00757754350730208 0.0027293374017660402 0.008286736184575086 0.00047903587726596576 0.00203898155669787
0 0.0013157894736842105 0.0 1.0 0.0 0.007326749526803336 0.0017644060345527125 0.010029986557749974 0.001086787765874864 0.013710976293831884
0 0.0012836970474967909 0.0 1.0 0.0 0.004870683941763288 0.004387202164752572 0.00791024713059663 0.0009315323707498836 0.015187146814546956
0 0.0007680491551459293 0.0 1.0 0.0 0.008531573265316911 0.002424828147593706 0.010171747259015148 0.0004440638183144607 0.009905626776056895
0 0.0009302325581395348 0.0 1.0 0.0 0.0034776666804783116 0.0028086715939922985 0.006719056974459724 0.0006686332350049163 0.008644749175498418
0 0.05263157894736842 0.0 1.0 0.0 0.004507994240178887 0.0040551008393264225 0.005466925103126088 0.0013431499353298174 0.05263157894736843
0 0.02631578947368421 0.0 1.0 0.0 0.002926268438385162 0.0023842744947519473 0.0047711346354554944 0.001094418465824296 0.0007033418144862112
0 0.023809523809523808 0.0 1.0 0.0 0.007160550344205172 0.0014078768155955546 0.006137865911237016 0.0010802052389954093 0.00040568585015134556
0 0.013157894736842105 0.0 1.0 0.0 0.0020863015243619055 0.0016535900604868533 0.003826847572188262 0.0009949258780220871 0.010323463897935531
0 0.022222222222222223 0.0 1.0 0.0 0.0016748806072182988 0.002642699911350513 0.009547791417479804 0.0013652593992858645 0.003150142774365198
0 0.027777777777777776 0.0 1.0 0.0 0.0013517262770012207 0.0027351389181237413 0.006924771797293044 0.0007876496534341525 0.0070608286162845806
0 0.009523809523809523 0.0 1.0 0.0 0.006251601784488011 0.0010534533607976684 0.004280768020144791 0.000882167611846251 0.00029859271306105153
0 0.004464285714285714 0.0 1.0 0.0 0.006560137630999735 0.002749205465594357 0.00819506272764063 0.0011139616527140155 0.0004347319934196162
0 0.018518518518518517 0.0 1.0 0.0 0.0015292740436690054 0.000765041684667454 0.007869058860560276 0.000945179584120983 0.008252297331491378
0 0.005 0.0 1.0 0.1 0.0036189611095069616 0.0018788553065121933 0.008545797922568458 0.001039697542533081 0.0003764265172480509
0 0.003134796238244514 0.0 1.0 0.0 0.004575806205508237 0.001770088885722953 0.006935625671583472 0.0010429567824783257 0.011925917112313021
0 0.0023809523809523807 0.0 1.0 0.0 0.0028420922829599663 0.0016642456920882248 0.010495076217455818 0.0010802052389954088 0.011985255525245875
0 0.007692307692307693 0.0 1.0 0.0 0.001301536875170302 0.0006429484653425624 0.005949008498583571 0.00113421550094518 0.004341147473028901
0 0.0047619047619047615 0.0 1.0 0.0 0.004585456562860227 0.002128661010587969 0.00912810827824992 0.0010712035286704474 0.0007325087157341796
0 0.004166666666666667 0.0 1.0 0.0 0.004707796376727014 0.002087294993892006 0.007554296506137866 0.0008270321361058603 0.000500113344563562
0 0.0021551724137931034 0.0 1.0 0.0 0.0027937550147307468 0.0021433473872227793 0.006870502425840902 0.00013036959780979076 9.647031409177284e-05
0 0.003676470588235294 0.0 1.0 0.0 0.008105330307506032 0.002244858096832811 0.007200188857412654 0.00011814744801512288 0.0002363546662493193
0 0.004273504273504273 0.0 1.0 0.0 0.004656025315895373 0.0 0.012057819423258516 0.00014541224371092046 0.0002294158333743282
0 0.001644736842105263 0.0 1.0 0.0 0.008767747177798215 0.0006738873434140124 0.00796742209631728 0.00047258979206049156 8.864515369778786e-05
0 0.0025 0.0 1.0 0.0 0.0038755370184096324 0.0033196150917468572 0.00939565627950897 0.0007088846880907373 0.0002557979093894886
0 0.0021645021645021645 0.0 1.0 0.0 0.005900888135676525 0.0020372582431878398 0.00819812859472916 0.0006444406255370339 0.00021040563880231892
0 0.0030303030303030303 0.0 1.0 0.0 0.0006117096174676021 0.0011152573464946894 0.0063581995593327036 0.0 0.0023349203847730523
0 0.002717391304347826 0.0 1.0 0.0 0.006642705198524394 0.003353635714876403 0.007908404154863078 0.0004725897920604915 0.0004335120728756521
0 0.0018939393939393938 0.0 1.0 0.0 0.006582251413821158 0.00483812362490604 0.011717744012361574 0.0007733287506444408 0.00018647838223012967
0 0.0014285714285714286 0.0 1.0 0.0 0.002403847367141386 0.0028166524221613248 0.009206798866855522 0.0003713205509046719 0.00016543145088177206
0 0.0032051282051282055 0.0 1.0 0.0 0.0051009803566509845 0.0014343068456708185 0.004642744727730564 0.0 0.0007246156710030253
0 0.0023148148148148147 0.0 1.0 0.0 0.0053662916225214975 0.0010369900944364684 0.005606704438149197 0.00035444234404536864 0.0003208816992690336
0 0.002747252747252747 0.0 1.0 0.0 0.005417054399508523 0.002168696066109115 0.007263746640517179 0.0005089428529882216 0.0007959142659109553
0 0.0018148820326678765 0.0 1.0 0.0 0.0072922177553520805 0.0034547512585104243 0.009641667909149642 0.0010446721719231918 0.0002189234852524045
0 0.0012345679012345679 0.0 1.0 0.0 0.0014723998743157271 0.0017135865941990515 0.00699471898716469 0.00010501995379122034 0.0014454334431282894
0 0.0026881720430107525 0.0 1.0 0.0 0.007653665637473065 0.003223041044077165 0.0058231035568146045 0.00039382482671707623 0.0007400582142576482
0 0.004464285714285714 0.0 1.0 0.0 0.0006212289472532163 0.0016886547715339606 0.0013489815189531903 0.0 0.00851888672586633
0 0.0010449320794148381 0.0 1.0 0.0 0.005364084020538082 0.0019980108291964118 0.007847351111979418 0.0003585163939769246 0.00019679990808333132
0 0.0024509803921568627 0.0 1.0 0.0 0.007495140553378055 0.008237703012192276 0.006295247088448222 0.0016540642722117204 0.07359178659062655
0 0.001680672268907563 0.0 1.0 0.0 0.0014981729682094242 0.0036836731458722606 0.009665055824029328 0.000889580785055043 0.0009479527042430736
0 0.0027777777777777775 0.0 1.0 0.0 0.008365695918433867 0.002093746126512118 0.010387157695939567 0.0011342155009451797 0.0007194745302027639
0 0.0018018018018018018 0.0 1.0 0.0 0.0029843648903129716 0.0017607780862241614 0.004721435316336165 0.0002520478890989288 0.0008214887797825042
0 0.0011961722488038277 0.0 1.0 0.0 0.007326534973047907 0.003233213463654075 0.00824105073396858 0.0005585152087987628 0.00023524085448715026
0 0.0014245014245014244 0.0 1.0 0.0 0.008488093115728996 0.003444918112916881 0.006924771797293043 0.0007876496534341526 0.03395396968654159
0 0.003125 0.0 1.0 0.0 0.013502582651733801 0.0020834824631064688 0.007554296506137865 0.0 0.0008850493018197236
0 0.0022172949002217295 0.0 1.0 0.0 0.0028852731117673235 0.0016524841863007989 0.009614559189630011 0.0006014779171678983 0.0012904621606409253
0 0.000744047619047619 0.0 1.0 0.0 0.0021130831884293415 0.0014375897866882748 0.00829202077431539 0.0001476843100189036 0.000429909453668727
0 0.0021141649048625794 0.0 1.0 0.0 0.008316847435068084 0.0007914023347633771 0.0075542965061378645 0.00034370166695308474 0.0005748202286504849
0 0.0011961722488038277 0.0 1.0 0.0 0.005143348420849007 0.003434693099281481 0.007007603995825255 0.0006467018207143568 0.00039481966626909087
0 0.003703703703703704 0.0 1.0 0.0 0.007618208921700659 0.001889626908351374 0.009442870632672332 0.0 0.004588178152566507
0 0.003105590062111801 0.0 1.0 0.0 0.0014391353440908665 0.001951035753055243 0.008498583569405098 0.0006751282743721307 0.006488592844533929
0 0.0035460992907801418 0.0 1.0 0.0 0.001297937166775666 0.0028871680447846715 0.00739691532892666 0.0 0.006343515295520318
0 0.0004432624113475177 0.0 1.0 0.0 0.004102763849926432 0.0012380340155429632 0.007473931649689591 0.00012066122350480635 6.24873344062387e-05
0 0.0006377551020408163 0.0 1.0 0.0 0.0072743810276588525 0.0014183527406006246 0.00888220018885741 0.0003249054820415879 4.1626271402491705e-05
0 0.0014285714285714286 0.0 1.0 0.0 0.004336331356292157 0.000459248903816116 0.003035208417644678 0.0 0.0009493435341666632
0 0.00130718954248366 0.0 1.0 0.0 0.008235063572233732 0.007454066004102053 0.008561536040289582 0.0013232514177693763 0.04738515482936709
0 0.0027472527472527475 0.0 1.0 0.0 0.009150364523416983 0.0018972558235588767 0.00957776878456765 0.0008101539292465569 0.0007645855029959532
0 0.0017152658662092624 0.0 1.0 0.0 0.009404023115487848 0.0013595305732344355 0.005837410936561079 0.0004296270836913559 0.0005342147957177739
0 0.0016835016835016834 0.0 1.0 0.0 0.005021556942137901 0.004249079381750721 0.005322345265688042 0.0004296270836913559 0.0011024280307717442
0 0.0013986013986013986 0.0 1.0 0.0 0.002305082157961087 0.0013829351409664855 0.004285610517905136 0.00014541224371092046 0.0020873563750983867
0 0.0007142857142857143 0.0 1.0 0.0 0.004183902337212808 0.003261269503321955 0.005779036827195467 0.0005293005671077505 0.00033470309038462204
0 0.0008771929824561403 0.0 1.0 0.0 0.0025693574963641663 0.001294136693782704 0.005193578847969782 0.0 0.0005343770223462688
0 0.001326259946949602 0.0 1.0 0.0 0.0011286245090640062 0.0022966157334332266 0.00893440836783613 0.00043623673113276143 0.0016530852101484387
0 0.002824858757062147 0.0 1.0 0.0 0.0056844287766409825 0.000853197920952177 0.004406672961913755 0.0 0.0022238289774079187
0 0.0011111111111111111 0.0 1.0 0.0 0.004706414388907477 0.0031946686311030347 0.008372678627636134 0.000315059861373661 0.0003517768656085196
0 0.000585480093676815 0.0 1.0 0.0 0.004532830102777934 0.0046491545587348864 0.0069135302846351 0.0010802052389954093 0.023599355361673964
0 0.05 0.0 1.0 0.0 0.017641656116793924 0.01566834251556323 0.013297872340425532 0.006149732620320853 0.05
0 0.02 0.0 1.0 0.0 0.014790071175793184 0.0074046772084335 0.01425531914893617 0.006631016042780746 0.03276625550264029
0 0.009523809523809523 0.0 1.0 0.0 0.008274652063886969 0.007619486932782364 0.014437689969604862 0.0021390374331550803 0.02406731393511538
0 0.017857142857142856 0.0 1.0 0.0 0.016796543352675736 0.009790060117392297 0.01671732522796352 0.0007639419404125286 0.061733122280026746
0 0.013333333333333334 0.0 1.0 0.0 0.022659143300544502 0.01060082270859376 0.011347517730496453 0.0010695187165775401 0.06337367236999622
0 0.004629629629629629 0.0 1.0 0.0 0.010204701145706667 0.014497085362869486 0.012706855791962174 0.0010398098633392751 0.022853076797452767
0 0.007936507936507936 0.0 1.0 0.0 0.029612668798446644 0.0054099702057744245 0.016252955082742312 0.0017825311942959003 0.03311444065093935
0 0.005 0.0 1.0 0.0 0.017586154176853896 0.01283291198694664 0.011702127659574466 0.0006417112299465242 0.03717157812321319
0 0.05263157894736842 0.0 1.0 0.0 0.001760611134631279 0.0006113742776930822 0.003987785162565116 0.0006471095772217432 0.05263157894736841
0 0.023809523809523808 0.0 1.0 0.0 0.001315584530872776 0.0016207074692628834 0.007378514545750041 0.0009758001561280252 0.0061885384918254505
0 0.03333333333333333 0.0 1.0 0.0 0.0031526981144601287 0.001362991315660982 0.011808873720136519 0.0009562841530054645 0.000663421790717874
0 0.008928571428571428 0.0 1.0 0.0 0.0037536931397490606 0.0013870933094887402 0.007337883959044368 0.0007318501170960192 0.00010862302359759697
0 0.011764705882352941 0.0 1.0 0.0 0.003967419719697535 0.0023664115738632045 0.00698654888576591 0.0009643201542912249 0.0002173531449845465
0 0.00641025641025641 0.0 1.0 0.0 0.007239731265979303 0.0030604248788002383 0.01005513258072985 0.0016288356452290886 0.007336420237190009
0 0.005714285714285714 0.0 1.0 0.0 0.004510363625733392 0.0010540968901053226 0.007208191126279862 0.0008743169398907109 0.0004805076550274783
0 0.005434782608695652 0.0 1.0 0.0 0.0029876206487884746 0.002123568191997515 0.011900875500816145 0.0011285340936089336 0.013230040452334607
0 0.00505050505050505 0.0 1.0 0.0 0.0031182490930231647 0.0009788582702072017 0.004964318957493019 0.0006830601092896178 0.008041539085184747
0 0.004 0.0 1.0 0.0 0.0013768273306770996 0.0018538113019846859 0.007235494880546073 0.0008196721311475413 0.021180168672285518
0 0.003787878787878788 0.0 1.0 0.0 0.003483979779909106 0.0021336743650355963 0.011405005688282135 0.0008253642987249548 0.010310659552630925
0 0.007575757575757575 0.0 1.0 0.0 0.00263072190611446 0.0018134539733381007 0.004840210983555693 0.0007451564828614009 0.009699386995229556
0 0.002958579881656805 0.0 1.0 0.0 0.004980238278669437 0.0033175191639617544 0.009713835652402204 0.0011822194199243383 0.00010604893165327768
0 0.0035714285714285713 0.0 1.0 0.0 0.005591529211523009 0.0024279952830272592 0.008976109215017064 0.0009904371584699455 0.0005624048550069187
0 0.001282051282051282 0.0 1.0 0.0 0.0032345725742499143 0.0013928980763497714 0.006878445786295615 0.0004597519966372428 0.00027335933061923916
0 0.0026041666666666665 0.0 1.0 0.0 0.0051683185175644365 0.002094144466789296 0.007195676905574516 0.0002846083788706739 0.0001068313608107116
0 0.0034602076124567475 0.0 1.0 0.0 0.004429317524152552 0.0009214445891305524 0.0043364786187512555 0.00036162005785920923 0.0002213984377656922
0 0.0012345679012345679 0.0 1.0 0.0 0.003364927770455902 0.0022753255529402144 0.009844520288206295 0.0008196721311475411 5.59233274053301e-05
0 0.002506265664160401 0.0 1.0 0.0 0.0010943020537509938 0.001694137317335689 0.0098488542174549 0.00039032006245121 0.0023401319913929587
0 0.0011111111111111111 0.0 1.0 0.0 0.0039820323392078015 0.0035080583418061442 0.00922260144103147 0.0011991499696417732 4.696426387323148e-05
0 0.0016420361247947454 0.0 1.0 0.0 0.0028483617838945654 0.001235280692495112 0.01066258679533953 0.0005888449218013945 0.00040451453018787193
0 0.003246753246753247 0.0 1.0 0.0 0.003764107177721605 0.0009474071152491468 0.008727450024378353 0.00043911007025761124 0.00030575278185582353
0 0.0016722408026755853 0.0 1.0 0.0 0.0013163353858876025 0.0016044729061707546 0.006668416907324757 0.00034153005464480874 0.0003545151761348349
0 0.001488095238095238 0.0 1.0 0.0 0.0008124100162351637 0.0011064354080014731 0.00880058508044856 0.00039032006245121 0.0003968111071684548
0 0.0036363636363636364 0.0 1.0 0.0 0.0036316125338325196 0.001593908583691389 0.010114799875892026 0.0009314456035767512 0.0019191879088813763
0 0.0009380863039399625 0.0 1.0 0.0 0.005742481862582067 0.004542643114943681 0.008507450262215933 0.0013328002132480346 4.4382594957572496e-05
0 0.001610305958132045 0.0 1.0 0.0 0.00561525209724771 0.001090521026898425 0.00979373794331503 0.0006830601092896175 0.00011240110144638902
0 0.001984126984126984 0.0 1.0 0.0 0.004196527972434944 0.001738957341911131 0.006977626090254077 0.0006451123254401943 0.0006911577266598946
0 0.00047236655644780347 0.0 1.0 0.0 0.003839834350097969 0.0021952609232042154 0.008256580485296178 0.0006737031214911298 0.0001075232813842484
0 0.001851851851851852 0.0 1.0 0.0 0.0060270040783725436 0.0006370181635676471 0.005043610163064089 0.00018973891924711599 0.00014332121862183696
0 0.0013440860215053762 0.0 1.0 0.0 0.0017340131338097365 0.0007454614524893049 0.003924914675767918 0.00011384335154826958 0.001493354263364832
0 0.0008928571428571428 0.0 1.0 0.0 0.0017652263006787965 0.0010508338649792154 0.007118478790833739 0.000429352068696331 0.0020621767704146255
0 0.001594896331738437 0.0 1.0 0.0 0.0017830577092987521 0.00136333464325853 0.008262978264774564 0.0006471095772217428 0.009431193180008
0 0.001838235294117647 0.0 1.0 0.0 0.005706370065394036 0.002976515718961357 0.010110921501706484 0.0010672814207650272 0.0007780717594281597
0 0.0005830903790087463 0.0 1.0 0.0 0.004958858741835193 0.0017686694431365891 0.008358292122309673 0.0007248801159808186 0.0001523644889981292
0 0.0018518518518518517 0.0 1.0 0.0 0.0033397864907258232 0.0019595535457467943 0.005324232081911262 0.00018214936247723133 0.005237023265546501
0 0.0033783783783783786 0.0 1.0 0.0 0.0 0.0028046261853063065 0.014334470989761093 0.00017076502732240437 0.017158002501512726
0 0.0006418485237483953 0.0 1.0 0.0 0.004692913546885473 0.0022328730748538863 0.00869058519936735 0.000666400106624017 0.00022121010969183594
0 0.0007541478129713423 0.0 1.0 0.0 0.004634295789849346 0.0018423854686761489 0.008753262397109014 0.000743330118932819 0.00029607390932403273
0 0.0016666666666666668 0.0 1.0 0.13333333333333333 0.005419323786613312 0.002042084454509581 0.005187713310580206 0.0001366120218579235 0.014345280944134243
0 0.0006775067750677507 0.0 1.0 0.0 0.0022408889302760653 0.0015884389686223119 0.0065604854000758436 0.00037947783849423197 0.009141201220166942
0 0.002976190476190476 0.0 1.0 0.0 0.0026448340551936582 0.0030604982309058964 0.006143344709897611 0.00034153005464480874 0.09328338952808216
0 0.0014534883720930232 0.0 1.0 0.0 0.002714498068139034 0.0010850554644338609 0.005972696245733789 0.00025614754098360657 0.0016781346815387896
0 0.0025252525252525255 0.0 1.0 0.0 0.0028253117029372796 0.0008657836178895266 0.008418657565415245 0.0 0.0031987295722463536
0 0.0007936507936507937 0.0 1.0 0.0 0.003446781888965352 0.0016402908613405904 0.007630424183325208 0.0004147150663544106 0.0005536927816143829
0 0.000945179584120983 0.0 1.0 0.0 0.005396969804619937 0.005706516114267022 0.0047781569965870295 0.0013661202185792352 0.00043813584531758045
0 0.0010131712259371835 0.0 1.0 0.0 0.003958403630448783 0.0019884676401284926 0.009101251422070536 0.0008456934686442883 0.00017994928724265733
0 0.003472222222222222 0.0 1.0 0.0 0.0011935438026572916 0.0020939083751496737 0.008191126279863483 0.0004553734061930783 0.012816339974710912
0 0.0008503401360544217 0.0 1.0 0.0 0.004477089625428016 0.000913577827339374 0.004436860068259386 0.00017076502732240437 0.0004751037127731599
0 0.0011111111111111111 0.0 1.0 0.0 0.0038260058623472456 0.0010930099351889268 0.011224876753886993 0.0005312689738919247 0.0007992927474870583
0 0.00130718954248366 0.0 1.0 0.0 0.004033264513559517 0.0019182013615632798 0.01274175199089875 0.001092896174863388 0.001071922609750475
0 0.0032051282051282055 0.0 1.0 0.0 0.001007592887922953 0.002244312057082535 0.0034129692832764505 0.0 0.012740641958782753
0 0.0008576329331046312 0.0 1.0 0.0 0.003969132345996136 0.0015237268091568635 0.008935774123487434 0.0008693492300049679 0.002936176538728283
0 0.0026455026455026454 0.0 1.0 0.0 0.0021117081947022677 0.0020348820640711703 0.00273037542662116 0.000195160031225605 0.009760903670985074
0 0.0022727272727272726 0.0 1.0 0.0 0.005277961870230813 0.0004870032850628587 0.001962457337883959 0.00042691256830601097 0.0027392238713497136
0 0.0035714285714285713 0.0 1.0 0.0 0.0016572255180780176 0.0009292889020934851 0.009283276450511945 0.0006830601092896176 0.016625616943434413
0 0.0011695906432748538 0.0 1.0 0.0 0.0010116566565334397 0.0007777520095695404 0.004641638225255973 0.000273224043715847 0.004186321950965728
0 0.0009578544061302681 0.0 1.0 0.0 0.0031566561219752757 0.001749761884340962 0.004474781949184679 0.00022768670309653916 0.0010390712761601548
0 0.0004985044865403788 0.0 1.0 0.0 0.0055135149167771305 0.0013174996580274704 0.009134711905239911 0.00028126004500160723 6.0470218904114665e-05
0 0.001282051282051282 0.0 1.0 0.15384615384615385 0.00122454021316595 0.001035836334038093 0.001995274350223156 0.0 0.004297636517854976
0 0.0008628127696289905 0.0 1.0 0.0 0.0017328197879565679 0.0015560951049236578 0.006538530626908568 0.0003235547886108714 0.0020794133466948933
0 0.0012406947890818859 0.0 1.0 0.0 0.0020657303559968895 0.002634641235160699 0.005040693095300604 0.0 0.000829454435982459
0 0.0006613756613756613 0.0 1.0 0.0 0.0022577384718195518 0.003556229914499212 0.004351535836177474 0.0003699908925318761 0.0011243667449511254
0 0.000625 0.0 1.0 0.0 0.0031158706426496624 0.004798758866543412 0.0032218430034129685 0.0002459016393442623 0.0008892176806084125
0 0.001098901098901099 0.0 1.0 0.0 0.0022780351792004295 0.0018791757405535164 0.0020965382740126765 0.0006342701014832162 0.002273977110404847
0 0.05263157894736842 0.0 1.0 0.0 0.018190280602002385 0.0010826240621592 0.007434505546377152 0.0017130368007560997 0.05263157894736841
0 0.013157894736842105 0.0 1.0 0.0 0.007509094414795991 0.0026120031640324173 0.009411139957517111 0.001358615393703114 0.007670478956478166
0 0.008547008547008546 0.0 1.0 0.0 0.007369050187693312 0.0035890995911440427 0.011613199954007131 0.0016403349736683077 0.013138826244429564
0 0.008620689655172414 0.0 1.0 0.0 0.0012307570007398095 0.002205895400960624 0.01124942013298284 0.0015093463369325447 0.0001976980048798132
0 0.0125 0.0 1.0 0.0 0.006460695117648467 0.0019600215939398857 0.010510089686098656 0.001823793490460158 0.06195612963167515
0 0.007246376811594202 0.0 1.0 0.0 0.00978553363107843 0.004663760956107497 0.012185611230259309 0.0018542917093641734 0.02564242120595317
1 0.003105590062111801 0.0 1.0 0.0 0.010998690164273007 0.002671638576525702 0.01086956521739131 0.0014395159322695558 0.01446887644635013
0 0.008928571428571428 0.0 1.0 0.0 0.015157042654274588 0.0023607203483368383 0.008648302370275465 0.002164502164502165 0.07003014435097972
0 0.006944444444444444 0.0 1.0 0.0 0.018137476542494237 0.0013365954100368832 0.010369955156950675 0.0014730639730639733 0.05613057304170989
0 0.011111111111111112 0.0 1.0 0.0 0.0 0.001610131231586068 0.010214250124564027 0.000997630627260257 0.0027363486867472866
0 0.010101010101010102 0.0 1.0 0.0 0.007236230328588613 0.003919932808186067 0.011709018435475834 0.0016211497692979176 0.00038453395151585385
0 0.005555555555555555 0.0 1.0 0.0 0.002886047045644006 0.0029488895833874014 0.007772795216741405 0.0007482229704451927 0.0004954773101863909
0 0.005494505494505495 0.0 1.0 0.0 0.005631997861916473 0.003336964790457127 0.009208840486867393 0.000160333493666827 0.006810585417865173
0 0.005494505494505494 0.0 1.0 0.0 0.011307517876324833 0.0009612493178501534 0.010003449465332872 0.000431667098333765 0.08166598691468771
0 0.00392156862745098 0.0 1.0 0.0 0.0013243257724441372 0.0010649315488847216 0.007254022685307307 0.0 0.00039015648528657076
0 0.001644736842105263 0.0 1.0 0.0 0.004548147833913031 0.0030526811178996686 0.007552513570922822 0.00029535117254415503 0.016187399487375093
0 0.00392156862745098 0.0 1.0 0.0 0.007718686589312105 0.0019018196471432241 0.008071748878923767 0.00029928918817807707 0.0674079903541333
0 0.0019157088122605363 0.0 1.0 0.0 0.007343477952925236 0.003875638532225419 0.00881397866089377 0.00119973683192074 0.035819081269073294
0 0.003289473684210526 0.0 1.0 0.0 0.0020668196837024767 0.0025486075477969944 0.00749719730941704 0.00014029180695847364 0.0005385778993513852
0 0.0029411764705882353 0.0 1.0 0.0 0.010897507582776175 0.0029709778410023746 0.010419414402532315 0.001254373803393411 0.051139479788485015
0 0.0020703933747412005 0.0 1.0 0.0 0.00637165902083478 0.002067011563521319 0.011405732111522713 0.0008783487044356609 6.929154346764172e-05
0 0.002840909090909091 0.0 1.0 0.0 0.003473489065581769 0.0045554515820176635 0.0051849775784753365 0.0005611672278338945 0.00036351521442712636
0 0.0013175230566534915 0.0 1.0 0.0 0.0022245611831426247 0.0030651902516721694 0.0113126783530371 0.00047614189028330446 0.00010535997812197875
0 0.0008012820512820513 0.0 1.0 0.0 0.0041315928476170615 0.0020558281998282676 0.00933511555708865 0.0005611672278338944 0.019999268575272986
0 0.0015384615384615385 0.0 1.0 0.0 0.002231807868563039 0.0019021786079655592 0.006769575715764058 0.000259000259000259 0.0002516900500304073
0 0.002136752136752137 0.0 1.0 0.0 0.008616300856960463 0.0020342735662490126 0.009155455904334827 0.0012470382840753212 0.05962832643214512
0 0.0023148148148148147 0.0 1.0 0.0 0.009254344061792368 0.00477160126495813 0.009599215246636771 0.0009820426487093155 0.039118388846477024
0 0.0018796992481203006 0.0 1.0 0.0 0.008609065784563595 0.001657589418396469 0.010207694123200379 0.0006497725795971411 0.056155077827761815
0 0.001567398119122257 0.0 1.0 0.0 0.0038329490803466677 0.002252373606798819 0.008408071748878924 0.0004081216202428324 0.018687195181569624
0 0.0020833333333333333 0.0 1.0 0.0 0.0030181655182094087 0.004394872869108476 0.007637331838565024 0.0004910213243546576 0.0004508804370213531
0 0.002932551319648094 0.0 1.0 0.0 0.004607462273415483 0.0034707857600226664 0.009070525886669385 0.0006121824303642486 0.0006476221127345366
0 0.0011160714285714285 0.0 1.0 0.0 0.005381777225581856 0.0017239240555701773 0.008768417680973736 0.00040083373416706754 0.013397239516047663
0 0.0030303030303030303 0.0 1.0 0.0 0.0034625197473783483 0.002225086016463832 0.013340807174887892 0.0005611672278338944 0.0010448022924515424
0 0.0024509803921568627 0.0 1.0 0.0 0.01287313960996029 0.0009399028680470641 0.008221225710014947 0.0008417508417508418 0.08953324348098424
0 0.0007722007722007722 0.0 1.0 0.0 0.007387194297934204 0.004645299765475507 0.008483820143012969 0.000515667182333849 0.014514349197214154
0 0.003968253968253968 0.0 1.0 0.0 0.0018034470055120246 0.0019550104770510407 0.0064061499039077515 0.00048100048100048096 0.0017065076432338014
0 0.003861003861003861 0.0 1.0 0.0 0.0007954600463220904 0.0 0.013292761050608583 0.000641333974667308 0.0029225992588667983
1 0.0023923444976076554 0.0 1.0 0.0 0.019953017455120067 0.004575469301196857 0.009885854056257644 0.0012243648607284973 0.10348236451593817
0 0.002331002331002331 0.0 1.0 0.0 0.013533276954200214 0.008328613117017826 0.006726457399103139 0.0009182736455463727 0.05721123692479173
0 0.0011363636363636365 0.0 1.0 0.0 0.005676747090155489 0.002077026581894426 0.005962087240114147 0.0006631976328946025 0.019952852742392776
0 0.0013550135501355014 0.0 1.0 0.0 0.0033775934505836116 0.0010856373622907434 0.009155455904334829 0.0003741114852225963 0.0003542274664676376
0 0.0015873015873015873 0.0 1.0 0.0 0.0014324601982119013 0.0017346971464692925 0.00852017937219731 0.0006734006734006734 0.0006668806547677486
0 0.0015503875968992248 0.0 1.0 0.0 0.0028878488584538602 0.0033030096297862943 0.006427503736920776 0.0003741114852225963 0.0005085808900188308
0 0.0015151515151515152 0.0 1.0 0.13333333333333333 0.002203856220775544 0.0027856976910953803 0.005455904334828102 0.0006734006734006734 0.0015364501566134975
0 0.07142857142857142 0.0 1.0 0.0 0.0007420498011400708 0.0007819609913641464 0.007156359708344585 0.0006755539542424789 0.07142857142857142
0 0.029411764705882353 0.0 1.0 0.0 0.0016788036523033244 0.0016819555538831145 0.005745209236813817 0.0007046954973666644 0.007561658493369783
0 0.041666666666666664 0.0 1.0 0.0 0.0016889417938665235 0.0008553281456278657 0.004568367989918084 0.0006305170239596469 0.024023985573038052
0 0.03125 0.0 1.0 0.0 0.0008782066783254808 0.001435211200554596 0.011893509766855702 0.0008669609079445147 0.03997558737593564
0 0.008 0.0 1.0 0.0 0.0007943126428519661 0.0007656957172801357 0.010157529930686833 0.001059268600252207 0.002522802580439064
0 0.009259259259259259 0.0 1.0 0.0 0.001402867762911847 0.0013409819318150164 0.007876496534341526 0.0008056606417262157 0.004552551773184325
0 0.010989010989010988 0.0 1.0 0.0 0.001571354768551682 0.0014370912397879364 0.005040957781978576 0.0005820157144242895 0.01418252352012206
0 0.003787878787878788 0.0 1.0 0.0 0.0031873926312984066 0.0010660706162424008 0.006453953523896813 0.0006687301769268986 0.0001899659965696836
0 0.00326797385620915 0.0 1.0 0.0 0.0013727111437496894 0.0002739484216082576 0.0042996404610993735 0.0006119724056078929 0.00219887393459413
0 0.0038461538461538464 0.0 1.0 0.0 0.0020165436844474 0.0008985453265950744 0.008821676118462508 0.0008002716073333983 0.0035300481620893077
0 0.004784688995215311 0.0 1.0 0.0 0.0017401976365090579 0.0019348408383608451 0.007329287301429376 0.000763257450056415 0.007919208346766453
0 0.010416666666666666 0.0 1.0 0.0 0.0027699704020009834 0.003266334204542608 0.007325141776937619 0.0008669609079445147 0.022376745647188678
0 0.004524886877828055 0.0 1.0 0.0 0.00259638323128743 0.0018490768457505617 0.004744430853626894 0.0005934277872561384 0.00381596954318917
0 0.0037593984962406013 0.0 1.0 0.0 0.0020243463355270603 0.0011114747469040415 0.003581733160879515 0.0007300723435322231 0.006282146511481661
0 0.0015151515151515152 0.0 1.0 0.0 0.0031294066647722346 0.0009108193297997848 0.007088846880907371 0.0008311360770377166 0.00043814086404879633
0 0.002840909090909091 0.0 1.0 0.0 0.000307236074031936 0.0011922412164795569 0.0078478547287621 0.0006878367534105242 0.011745757340672226
0 0.001680672268907563 0.0 1.0 0.0 0.0011275660337305437 0.0018194556042950112 0.009793860833558375 0.0007926499729778422 0.0021906298466611448
0 0.0023148148148148147 0.0 1.0 0.0 0.0010598911276405011 0.0013561846293933635 0.008926696072253727 0.0007356031946195884 0.002051259987265316
0 0.0043859649122807015 0.0 1.0 0.0 0.0019467301394586588 0.0004759349776391538 0.005513547574039067 0.0008932324506094998 0.014043580783688336
0 0.0071428571428571435 0.0 1.0 0.0 0.0015217882572715296 0.0008508292598891146 0.004680889368980106 0.0009007386056566384 0.04092598311356477
0 0.005291005291005291 0.0 1.0 0.0 0.002743435912186162 0.0011383145023548594 0.003710705033956452 0.00014011489421325487 0.02187259611731108
0 0.005050505050505051 0.0 1.0 0.0 0.0006751084418557276 0.0018597126594976216 0.011062101799341875 0.0008406893652795292 0.017449357438026433
0 0.006211180124223602 0.0 1.0 0.0 0.0021178432169887814 0.0010501602754092332 0.002520478890989288 0.0 0.029747647647577265
0 0.004629629629629629 0.0 1.0 0.0 0.00461908906443765 0.0010877284528538521 0.0060911573198907795 0.00028022978842650974 0.005608978468967976
1 0.005 0.0 1.0 0.0 0.004049427040975054 0.0007671491579240802 0.006379962192816635 0.0 0.005785967461293808
0 0.004807692307692308 0.0 1.0 0.0 0.00493535211017658 0.001535415438565481 0.004410838059231254 0.0003940731399747793 0.011932230634023317
0 0.001763668430335097 0.0 1.0 0.0 0.00044533995719388595 0.0011393861286771788 0.007591442374051067 0.0005104185432054285 0.006624264733826722
0 0.002232142857142857 0.0 1.0 0.0 0.004450285666623269 0.0002680641063731207 0.0036231884057971015 0.0 0.0012386572044536662
0 0.0008019246190858059 0.0 1.0 0.0 0.0013461786725139416 0.0008827146734116813 0.004381530165149982 7.33159330185636e-05 0.0009183473257909219
0 0.0011904761904761904 0.0 1.0 0.0 0.0011636301818097642 0.0017365428187901956 0.005828607435412728 0.0001576292559899117 0.0036715934786415816
0 0.0026881720430107525 0.0 1.0 0.0 0.0014311534706973942 0.0012545909280749286 0.004095778197857593 0.0 0.0200295612157325
0 0.002840909090909091 0.0 1.0 0.0 0.0011903205693785696 0.0011390944709153746 0.00761872028412671 0.0 0.004444160504555221
0 0.0025252525252525255 0.0 1.0 0.0 0.000888860821989577 0.001861385793479548 0.008244066372610796 0.0002627154266498529 0.02322531631853055
0 0.0032679738562091504 0.0 1.0 0.0 0.00041296216264919826 0.001900267706666452 0.0029405587061541697 0.0 0.03934082910147221
0 0.0007518796992481202 0.0 1.0 0.0 0.0028668841264583305 0.0009507280817067776 0.008606108844891056 0.00024888829893143956 0.0007776746072147997
0 0.001984126984126984 0.0 1.0 0.0 0.0027621980007734278 0.0008110830939098614 0.007111351156719777 0.00027022158169699153 0.01389638143308326
0 0.0008718395815170009 0.0 1.0 0.0 0.0023488246866867316 0.0010169669374340828 0.009573754497225436 0.00020339258837407965 0.0015924595288818414
0 0.001547987616099071 0.0 1.0 0.0 0.0007162741882539924 0.001935582772236356 0.010563771822528633 0.00025962465692456045 0.012794527957948635
0 0.0010256410256410256 0.0 1.0 0.0 0.00026808260012851324 0.0014654132918139196 0.008569628229363578 0.00037831021437578815 0.007870204575597875
0 0.0006097560975609756 0.0 1.0 0.04878048780487805 0.0022715523267903518 0.001485557065378622 0.008959995081992408 0.00023067695998523667 0.0002375492996531303
0 0.0027100271002710027 0.0 1.0 0.0 0.0018894841836432895 0.0017934805338982165 0.007771476580550305 0.0 0.019132927734041034
0 0.0013227513227513227 0.0 1.0 0.0 0.004813532482585537 0.0006081918821721139 0.00966183574879227 0.00017514361776656859 0.0024003263003643366
0 0.0006459948320413437 0.0 1.0 0.0 0.002382155044967466 0.0008978996546101605 0.0063187005531050895 0.0003502872355331371 0.0010349890191129136
0 0.0011363636363636363 0.0 1.0 0.0 0.001127268444346722 0.0015102868532273414 0.010207939508506616 0.00012610340479192938 0.005770576962146155
0 0.0013071895424836603 0.0 1.0 0.0 0.00355472460585542 0.001292198415220421 0.0032988620779124504 0.00040798160373859506 0.002771970666895714
0 0.0012077294685990338 0.0 1.0 0.0 0.0012852844939816037 0.0006348886753641728 0.010957081845550654 0.0 0.007078255315416106
0 0.00060790273556231 0.0 1.0 0.0 0.0033238621988357767 0.001212806248123714 0.008497614546763885 0.000234192037470726 0.00048450599684355934
0 0.0013020833333333333 0.0 1.0 0.0 0.005747248835247568 0.002052294120479744 0.008427851291745432 0.0003940731399747793 0.0011082166846508054
0 0.0007849293563579277 0.0 1.0 0.0 0.004321766464768602 0.0010792761720608973 0.0062042557316659384 0.00014550392860607236 0.000613022247624872
0 0.0006060606060606061 0.0 1.0 0.0 0.0038876536714103835 0.001217461036032884 0.007332302228332476 0.0002483854942871336 0.00018072163305868884
0 0.0012254901960784314 0.0 1.0 0.0 0.0009665740479965906 0.0012795667207167855 0.009018588531821045 0.0001182219419924338 0.006377335104709252
0 0.0017482517482517483 0.0 1.0 0.0 0.0012712528055764773 0.0009454981820786878 0.005728361115884745 0.0 0.009807411741181906
0 0.0007861635220125786 0.0 1.0 0.0 0.0034889968518924766 0.0013127295307224986 0.006169922285234194 0.00028898696931483817 0.001501749641995763
0 0.00036310820624546115 0.0 1.0 0.0 0.0021167482711030483 0.001047779017084706 0.01173752424725404 0.0005687016294537993 0.0010085288874340961
0 0.0009569377990430621 0.0 1.0 0.0 0.00271763688265405 0.0014693233776944912 0.007229794713627167 0.00013274042609676777 0.004083478944673054
0 0.00033068783068783067 0.0 1.0 0.0 0.0012189548834295346 0.0008742710883632995 0.008133211976942285 0.0002335248236887581 0.0006039830909742057
0 0.003508771929824561 0.0 1.0 0.0 0.001542700059377357 0.001540793841806902 0.004158790170132326 0.0 0.0676442802955726
0 0.000663129973474801 0.0 1.0 0.0 0.001889421163476819 0.0006065659733233346 0.005234840773593137 0.00026675720244446604 0.0017767277016402334
0 0.0006053268765133172 0.0 1.0 0.0 0.0012994774569299592 0.0004100603430155988 0.0022729318570528395 0.0001576292559899117 0.0040489868379369465
0 0.001388888888888889 0.0 1.0 0.16666666666666666 0.001522333188949108 0.0005092878584079695 0.009136735979836169 0.0 0.01589574583187893
0 0.0006305170239596469 0.0 1.0 0.0 0.0019049598103848672 0.0008112415857184531 0.006446609471184138 0.00016975458337375107 0.0028778245380226097
0 0.0007012622720897616 0.0 1.0 0.0 0.00178531290441508 0.0014509464369212486 0.00936960631215583 0.00021931026920335545 0.0020112077143739225
0 0.0022675736961451248 0.0 1.0 0.0 0.0014678329458545692 0.0010640452222500962 0.0118822576289495 0.0 0.04192230033224187
0 0.0007102272727272727 0.0 1.0 0.0 0.0034966774506533585 0.0009234269846209303 0.008277481812453457 0.00037257824143070045 0.001051322079257651
0 0.0008097165991902835 0.0 1.0 0.0 0.0027029425815096137 0.0015667119610792465 0.0038470467283520716 0.00019911063914515166 0.00115377630210235
0 0.001893939393939394 0.0 1.0 0.0 0.0018378505731510913 0.0 0.0009451795841209829 0.0 0.028946034153342386
0 0.0007462686567164179 0.0 1.0 0.0 0.0019808962242381834 0.0013155945558581343 0.0035916824196597355 0.00018915510718789407 0.0048991234412867025
0 0.00045955882352941176 0.0 1.0 0.0 0.0009084097645970166 0.0009847862027063724 0.006084593572778826 0.00025614754098360657 0.0018816179353644401
0 0.0008051529790660225 0.0 1.0 0.0 0.001152005184690788 0.0010942757844466082 0.005741090807253377 0.0002101723413198823 0.00926871370706536
0 0.0007936507936507937 0.0 1.0 0.0 0.0006578067837789803 0.0007248628967792588 0.00938178253868235 0.00028022978842650974 0.012142496271086978
0 0.000612369871402327 0.0 1.0 0.0 0.00012616558959995867 0.0006231767706239114 0.006410783266211883 8.224135095125829e-05 0.00997614007422655
0 0.0006313131313131313 0.0 1.0 0.0 0.001632171402886535 0.0015483543353314643 0.006387122644211491 0.0005445374297833314 0.0050658676280053135
0 0.0019569471624266144 0.0 1.0 0.0 0.0028710100948905054 0.0030357731027520107 0.0074714195697182465 0.0009908124662223023 0.029923396414071168
0 0.00045045045045045046 0.0 1.0 0.0 0.0016064735756556152 0.0012685428050957493 0.009913883637891198 0.00029424127784783517 0.0015211922610462976
0 0.00038095238095238096 0.0 1.0 0.0 0.0013981153950234416 0.0018966522341691712 0.008443604284814115 0.00016213294901819492 0.0019533362735473475
0 0.0007739938080495355 0.0 1.0 0.0 0.0015357943975836564 0.0016913003614630548 0.006041736165165498 0.00029671389362806916 0.009335039472698215
0 0.0008658008658008659 0.0 1.0 0.0 0.0010192165075228932 0.00020413974839298015 0.004074774207099349 8.406893652795292e-05 0.013025764779511829