1 0.04 0.0 1.0 0.0 0.015470005894017858 0.013352275614210414 0.01611111111111111 0.004122562674094708 0.04000000000000001
0 0.0125 0.0 1.0 0.0 0.006027727070409689 0.008869462812408007 0.01388888888888889 0.003064066852367688 0.007727900606312167
0 0.03333333333333333 0.0 1.0 0.0 0.00369239296436972 0.00886204714186221 0.010277777777777778 0.002785515320334262 0.002897065594650303
0 0.01 0.0 1.0 0.0 0.004480655554869255 0.008695846041385586 0.007666666666666667 0.0026740947075208914 0.0005783122473166906
0 0.011764705882352941 0.0 1.0 0.0 0.006049418493324412 0.0107859615035076 0.012254901960784314 0.0006554153694904145 0.010327795528264435
0 0.01111111111111111 0.0 1.0 0.0 0.009121803055045567 0.015937734414283544 0.00925925925925926 0.001671309192200557 0.02536524030883845
0 0.0049261083743842365 0.0 1.0 0.0 0.00690521459574839 0.010512992021492463 0.016762452107279696 0.0010565747766785132 0.008192426643387025
0 0.005952380952380952 0.0 1.0 0.0 0.007823410776222926 0.009022940394381632 0.013492063492063491 0.0 0.014261563055151819
0 0.0029239766081871343 0.0 1.0 0.0 0.006941865863107334 0.006980906515653158 0.012573099415204679 0.0005131212432194693 0.017210671370955725
1 0.005555555555555556 0.0 1.0 0.0 0.004322381999973085 0.004708829290957203 0.010802469135802469 0.00030950170225936243 0.0019985957550130258
0 0.012987012987012988 0.0 1.0 0.0 0.0 0.005413764236628977 0.005952380952380953 0.0 0.013672989418835827
0 0.002525252525252525 0.0 1.0 0.0 0.012165490213175279 0.0045934969280488295 0.01212121212121212 0.0005908668861315101 0.017111649244049454
0 0.004524886877828055 0.0 1.0 0.0 0.00652487706044666 0.0013205984076960608 0.024019607843137253 0.0019662461084712438 0.001956614045804516
0 0.001098901098901099 0.0 1.0 0.0 0.00931325266048127 0.0021135747917181633 0.011837606837606837 0.0006428112277694451 0.006917475550744013
0 0.14285714285714285 0.0 1.0 0.0 0.003854438248615526 0.002613822273415737 0.017806841046277663 0.0010067451927917046 0.14285714285714285
0 0.05 0.0 1.0 0.0 0.0029274812818827632 0.0024854962040497747 0.012253521126760564 0.0007751937984496124 0.014024083253152344
0 0.006060606060606061 0.0 1.0 0.0 0.004722402771425641 0.0035549255161416004 0.010025608194622277 0.0008969184444871541 0.0014058238689554853
0 0.022727272727272728 0.0 1.0 0.0 0.001647583285617401 0.0034863961885190915 0.009346991037131882 0.0007047216349541932 0.007654538185308687
0 0.009090909090909092 0.0 1.0 0.09090909090909091 0.002821621229009247 0.004463720131987794 0.008418693982074262 0.000960984047664809 0.0014035610083092313
0 0.020833333333333332 0.0 1.0 0.0 0.0040757200840368 0.0029961217245085938 0.013644366197183098 0.0007047216349541931 0.005046201879479685
0 0.005291005291005291 0.0 1.0 0.0 0.0035460256099048575 0.003587422664239087 0.010354720918101199 0.001070132853078589 0.007285770212964432
0 0.004166666666666667 0.0 1.0 0.0 0.004779894667959689 0.0030981680099395484 0.0142018779342723 0.0011275546159267083 0.002787745516191116
0 0.013888888888888888 0.0 1.0 0.0 0.0024300978118075825 0.0040010164522492914 0.004577464788732394 0.0008809020436927414 0.03951735234189148
0 0.003448275862068966 0.0 1.0 0.0 0.006747482641252122 0.0033094185076780673 0.010174842156386593 0.000850526111151612 0.0002639094427070346
0 0.0021645021645021645 0.0 1.0 0.0 0.0070851779355960084 0.004007144979808984 0.013430583501006031 0.001426222356454914 0.0014221290684266236
0 0.004166666666666667 0.0 1.0 0.0 0.005991482285958077 0.006423901274055068 0.0066901408450704206 0.0014446793516560954 0.009541560972943314
0 0.004524886877828055 0.0 1.0 0.0 0.00903399184072333 0.0046514500262305625 0.008823529411764706 0.0012436264146250462 0.0017900876845011932
0 0.006493506493506493 0.0 1.0 0.0 0.014633671321320253 0.005229594282778637 0.00672215108834827 0.0012172464603754246 0.009145107764602704
0 0.006666666666666666 0.0 1.0 0.0 0.007204669336061738 0.00925220599000887 0.016901408450704224 0.001620859760394644 0.017526708423529536
0 0.0026041666666666665 0.0 1.0 0.08333333333333333 0.0032843821499674384 0.005775792335965763 0.01050469483568075 0.0009689922480620155 0.00011778373953264008
0 0.0021786492374727667 0.0 1.0 0.0 0.00945422335316989 0.0050263183875907235 0.01429316640584246 0.0010179312504893902 3.1032341728998875e-05
0 0.0023148148148148147 0.0 1.0 0.0 0.00289485261676776 0.0031799067998981583 0.012969483568075113 0.0008515386422363167 0.00010233058962765819
0 0.0010964912280701754 0.0 1.0 0.041666666666666664 0.006834266978952403 0.0037969092648010433 0.013218896713615022 0.0008368569415081044 1.632594458156409e-05
0 0.004166666666666667 0.0 1.0 0.0 0.0033183159971067466 0.002655361495016991 0.01003521126760563 0.0007634484378670426 0.002472937289351704
1 0.0031746031746031746 0.0 1.0 0.0 0.0047265511061461395 0.0012783452691236667 0.01169014084507042 9.396288466055909e-05 0.001067996828674657
0 0.002066115702479339 0.0 1.0 0.0 0.006299860455773073 0.003179682642309722 0.009891165172855312 0.00019219680953296177 4.491078655973471e-05
0 0.0014992503748125937 0.0 1.0 0.0 0.005211127646284104 0.005498708085556773 0.010781932977173381 0.0010935335714806443 0.005079020025292743
0 0.004629629629629629 0.0 1.0 0.0 0.002205496816085208 0.002586385403157514 0.01791862284820031 0.001957560097094981 0.0007234880189561015
0 0.0026666666666666666 0.0 1.0 0.0 0.0007009030666083988 0.0011751164893568722 0.0053521126760563385 0.00018792576932111818 0.024035348628105264
0 0.0009615384615384616 0.0 1.0 0.0 0.004640834698721968 0.0029156516045229504 0.015158450704225345 0.00033474277660324174 0.0020581766028814463
0 0.0016835016835016834 0.0 1.0 0.0 0.0014181383613239386 0.002178997617824432 0.00905889884763124 6.406560317765392e-05 0.0002270220938958293
0 0.001984126984126984 0.0 1.0 0.0 0.003828849622619261 0.0034979503847861354 0.012597809076682315 0.0007438728368960927 0.00010452063965594993
0 0.002028397565922921 0.0 1.0 0.0 0.0032220438595457128 0.004319037387352777 0.006213753106876553 0.0006632674211333583 0.0044379330364297045
0 0.0015873015873015873 0.0 1.0 0.0 0.0028519755699556344 0.0015979315864045832 0.01606304493628437 0.00046981442330279536 9.01337696439323e-05
0 0.002150537634408602 0.0 1.0 0.0 0.010137960899100858 0.004410579574088172 0.01028169014084507 0.0008456659619450318 0.0005541371414779657
0 0.0020833333333333333 0.0 1.0 0.0 0.003854016794790529 0.0031136016048172567 0.014647887323943658 0.0009396288466055908 0.00023934747931160774
0 0.005050505050505051 0.0 1.0 0.0 0.0019767649993187586 0.0031958631728091665 0.0010563380281690142 0.0 0.04030980629522613
0 0.002262443438914027 0.0 1.0 0.0 0.004925137571704832 0.0025812741011150965 0.014788732394366197 0.0001626280696048138 0.0001459297961582309
0 0.002040816326530612 0.0 1.0 0.0 0.002462620303115267 0.003081725202351697 0.011519114688128771 0.0 0.0038325119198625484
0 0.004629629629629629 0.0 1.0 0.0 0.0018360808772075355 0.002396897379606875 0.00528169014084507 0.0 0.06550852530302491
0 0.0018018018018018018 0.0 1.0 0.0 0.002560168875977115 0.0034768202101823982 0.01812206572769953 0.0004698144233027954 0.0025432140432163587
0 0.0023923444976076554 0.0 1.0 0.0 0.015186549966354485 0.007880528917811673 0.0117797695262484 0.000832852841309501 0.006819235130961398
0 0.003205128205128205 0.0 1.0 0.0 0.00202043622984225 0.002396897379606875 0.0037852112676056335 0.0 0.03919869640420489
0 0.0019230769230769232 0.0 1.0 0.0 0.008393929425283091 0.007505602042344994 0.005904658721560129 0.000867349704559007 0.014025517251337771
0 0.0012836970474967909 0.0 1.0 0.0 0.006045799801006295 0.007793351580481291 0.00934025203854707 0.0011498089833463152 0.009570068009522491
0 0.0017006802721088435 0.0 1.0 0.0 0.007209916887298626 0.0029421606839665263 0.009205231388329979 0.00025168629819792614 0.0010603361770561137
0 0.0012239902080783353 0.0 1.0 0.0 0.008959039516494162 0.003126894504985077 0.0071905114899925866 0.0007418122473202034 0.0006487304322333884
0 0.0022727272727272726 0.0 1.0 0.0 0.007782940570584993 0.0019175179036854998 0.010211267605633801 0.00028188865398167724 0.0015941422994286071
0 0.0014814814814814816 0.0 1.0 0.0 0.01325294318019622 0.004117494085479316 0.008591549295774648 0.0009396288466055909 0.0019261466720442533
0 0.003105590062111801 0.0 1.0 0.0 0.0012026113510624715 0.0 0.01358148893360161 0.0 0.017099029369039894
0 0.0009671179883945841 0.0 1.0 0.0 0.0021204818728948727 0.0007827852627028466 0.008066581306017924 0.00028829521429944266 0.0016079532376111311
0 0.0010416666666666667 0.0 1.0 0.0 0.0006532266129864166 0.00034224697774975317 0.012464788732394365 0.000810429880197322 0.000481432048080227
0 0.0029154518950437317 0.0 1.0 0.0 0.0023846097742431854 0.00401018048394734 0.0193158953722334 0.0009060706735125341 0.008981601749535027
0 0.0009523809523809524 0.0 1.0 0.0 0.0006010153467533512 0.0 0.0090878604963112 0.00010067451927917045 0.0032405496307574937
0 0.0009337068160597572 0.0 1.0 0.0 0.0024330309248148355 0.002993524149392961 0.015090543259557346 0.0006711634618611364 0.00020603981145417828
0 0.0019230769230769232 0.0 1.0 0.0 0.0008116442242935765 0.0006844939554995063 0.012816901408450704 0.0012684989429175477 0.0011695019347055685
0 0.0005717552887364208 0.0 1.0 0.0 0.007214384178592745 0.0030134154823451397 0.00834400341442595 0.0005765904285988854 2.6667797174520647e-05
0 0.0007407407407407407 0.0 1.0 0.0 0.0072293405978683814 0.0010597742848506742 0.008873239436619716 0.00028188865398167724 0.0003243483270902307
0 0.0009090909090909091 0.0 1.0 0.0 0.0038673285010782004 0.0022552810605900144 0.007711267605633801 0.0004580690627202256 0.011595127608089482
0 0.0007142857142857143 0.0 1.0 0.0 0.0036653385270559837 0.0011132519447487961 0.007183098591549295 0.0003946441155743481 0.0027429202139388265
0 0.0010319917440660474 0.0 1.0 0.0 0.009184608141403176 0.001127951708050294 0.01188898094449047 0.00024872528292500936 0.00048405466772552704
0 0.0012315270935960591 0.0 1.0 0.0 0.010449251740329442 0.0010905266087193033 0.009406438631790744 0.0002013490385583409 0.001710097197683185
0 0.00048426150121065375 0.0 1.0 0.0 0.0076196169475126335 0.002058278960500029 0.011126760563380281 0.0005436424041075204 2.338961304841186e-05
0 0.0006172839506172839 0.0 1.0 0.0 0.0013572849676314596 0.00028272912077907864 0.00978090766823161 0.0001827056090621982 0.00020318314162021556
0 0.00048216007714561236 0.0 1.0 0.0 0.003419711427663656 0.0009488676665314935 0.009797017398508696 0.00041454213820834885 0.0006841444433040118
0 0.0016129032258064516 0.0 1.0 0.0 0.015103012809682032 0.007742069588493372 0.010915492957746478 0.0012684989429175477 0.008789183557991454
0 0.001443001443001443 0.0 1.0 0.0 0.005715390548592977 0.0013879429565518406 0.018309859154929574 0.00038439361906592354 0.0014849683609757319
0 0.0005387931034482759 0.0 1.0 0.0 0.009214480083021533 0.005532135206495118 0.0053666828557552195 0.0009477290952832252 0.003077263943772888
0 0.0004662004662004662 0.0 1.0 0.0 0.0009586518277682977 0.0007119616747470291 0.01327358087921468 0.00038439361906592354 0.00021818746770809063
0 0.000505050505050505 0.0 1.0 0.06666666666666667 0.006528916591621773 0.0039852217560652995 0.011830985915492954 0.0007282123561193329 3.1476941833358924e-05
0 0.0004664179104477612 0.0 1.0 0.0625 0.008552074285303121 0.006032814019687099 0.013622359154929577 0.0014314658210007045 0.004312840766079198
0 0.0005252100840336134 0.0 1.0 0.0 0.003312107300460395 0.002774202420575578 0.005533199195171026 0.0005537098560354374 0.009125546910421806
0 0.001610305958132045 0.0 1.0 0.0 0.0030566395227861237 0.0 0.006964006259780908 0.0 0.019770494967496364
0 0.0006211180124223603 0.0 1.0 0.0 0.0010292268637636698 0.0 0.009675443968156765 0.0 0.0030096488535946227
0 0.0007042253521126761 0.0 1.0 0.0 0.007167165212853455 0.0 0.011197183098591548 0.0006694855532064835 4.9078971087124524e-05
0 0.000992063492063492 0.0 1.0 0.0 0.0007920515701349884 0.0005227984346008467 0.007897384305835009 0.000453035336756267 0.0205075398018107
0 0.041666666666666664 0.0 1.0 0.0 0.02358216136085115 0.024004716095573333 0.018673355629877368 0.005732662192393735 0.041666666666666664
0 0.01020408163265306 0.0 1.0 0.0 0.015641254545443985 0.015799620449809825 0.016312879666916934 0.004519928776879877 0.015439115137930637
0 0.020833333333333332 0.0 1.0 0.0 0.013237231036386247 0.007594211072558257 0.014841137123745818 0.0010486577181208054 0.01682875323383062
0 0.01 0.0 1.0 0.0 0.010694627894782633 0.010956877471126407 0.011371237458193979 0.00026845637583892615 0.010081730526873603
0 0.008333333333333333 0.0 1.0 0.0 0.01432756326978242 0.015280285698520331 0.014910813823857302 0.0012583892617449666 0.016380359780320656
0 0.01282051282051282 0.0 1.0 0.0 0.02507799852520432 0.02211113660324632 0.026755852842809368 0.004130098089829634 0.06168492542280494
0 0.007518796992481203 0.0 1.0 0.0 0.014391227765026656 0.01802118005119475 0.014434078507305052 0.0012363122571529496 0.0391301646347453
0 0.007352941176470588 0.0 1.0 0.0 0.009413723633767045 0.010742036736398439 0.012984457997245721 0.0009869719699960521 0.024082181125573615
0 0.004115226337448559 0.0 1.0 0.0 0.013942095675409468 0.008955226656018845 0.011272141706924317 0.0013671389510315685 0.02209593647447068
0 0.005263157894736842 0.0 1.0 0.0 0.01105368425437719 0.004805648013651933 0.016370357331455726 0.001412928293889085 0.015467816271653728
0 0.0034965034965034965 0.0 1.0 0.0 0.013449123665247273 0.00826997748853886 0.012220221250321583 0.0016778523489932886 0.02890611691828299
0 0.005952380952380952 0.0 1.0 0.0 0.016056443323607075 0.010748843389508723 0.015766841853798376 0.0016778523489932886 0.04654020732828588
0 0.002958579881656805 0.0 1.0 0.0 0.010535028262773166 0.00718590286853888 0.014921533316182144 0.0011615900877645846 0.014899987129707783
0 0.038461538461538464 0.0 1.0 0.0 0.023985705279950774 0.01804920186135515 0.014254975793437336 0.007313109425785481 0.038461538461538464
0 0.03571428571428571 0.0 1.0 0.0 0.022335838146624924 0.03259812465210006 0.00999000999000999 0.0070422535211267625 0.05333685767194709
0 0.02222222222222222 0.0 1.0 0.0 0.024349253214575903 0.021913969992853853 0.013053613053613054 0.0028169014084507044 0.03148845813221737
0 0.009615384615384616 0.0 1.0 0.0 0.013268086604199841 0.02395209423705743 0.006993006993006993 0.0 0.009122521720165979
0 0.02 0.0 1.0 0.0 0.03970888496236186 0.023952094237057433 0.013986013986013988 0.0 0.08253850816201205
0 0.005208333333333333 0.0 1.0 0.0 0.01592091832088984 0.001595220481063541 0.013767482517482521 0.0013204225352112676 0.025423006698959787
0 0.007142857142857143 0.0 1.0 0.0 0.027884814019128644 0.004790418847411487 0.014685314685314688 0.0007042253521126761 0.026922715311392408
0 0.02564102564102564 0.0 1.0 0.0 0.006830041184084937 0.008655521951192466 0.014867485455720746 0.0030250648228176344 0.025641025641025637
0 0.022727272727272728 0.0 1.0 0.0 0.012281560158316877 0.0108800122699627 0.009931245225362872 0.0028089887640449437 0.0037325917330469065
0 0.037037037037037035 0.0 1.0 0.0 0.0016856832873340865 0.002123094495419573 0.014939309056956118 0.0024968789013732834 0.0034424945085441837
0 0.008064516129032258 0.0 1.0 0.0 0.003319491534762828 0.006401106766329344 0.015180265654648957 0.0030808263863718738 0.022459365414599065
0 0.005714285714285714 0.0 1.0 0.0 0.0027552832773119432 0.007296451774073473 0.014965986394557826 0.0009630818619582664 0.000395087259574591
1 0.004065040650406504 0.0 1.0 0.0 0.008155193131517044 0.006895699307258482 0.012912482065997127 0.00027404768429706766 0.009161706671588589
0 0.006493506493506493 0.0 1.0 0.0 0.0064913502520648255 0.003501059765655375 0.012350394703335878 0.0002553626149131767 0.00014918514115462141
0 0.020833333333333332 0.0 1.0 0.0 0.0 0.003184641743129359 0.003734827264239029 0.0 0.04769525184966663
0 0.004830917874396135 0.0 1.0 0.0 0.0038159142939483987 0.0049846566414198665 0.011813421020582145 0.0012212994626282364 0.00058735531188478
1 0.003703703703703704 0.0 1.0 0.0 0.0036637326893882724 0.007608379803973474 0.011411972196285923 0.0010403662089055346 0.022341201239389517
0 0.002331002331002331 0.0 1.0 0.0 0.007253335835529333 0.010505514672973183 0.013000071823601238 0.0010803802938634398 0.0037670749339335065
0 0.001937984496124031 0.0 1.0 0.0 0.008713198442359502 0.0007981771077559923 0.010162204416650382 0.0006532532009406846 0.008282171291653881
0 0.0038461538461538464 0.0 1.0 0.0 0.006450662438778382 0.0012013276873916643 0.017366946778711485 0.001544943820224719 0.043700405481652035
0 0.018518518518518517 0.0 1.0 0.0 0.002434452386181274 0.0027173971329927343 0.01508081422871441 0.0012856949519556102 0.01851851851851852
0 0.01 0.0 1.0 0.0 0.005051832044292926 0.00467308686411414 0.012331101643335361 0.0013641900121802689 0.00696747742662472
1 0.004901960784313725 0.0 1.0 0.0 0.0026471059010869224 0.001785736828181509 0.01261143532275966 0.001209070717202838 0.00023304547775399395
0 0.006097560975609756 0.0 1.0 0.0 0.0035759758324998814 0.003031280159527781 0.00951560945919867 0.0007129912955646003 0.0004075031691469828
0 0.007692307692307693 0.0 1.0 0.0 0.003302744837396677 0.0027364763937535435 0.01008942366215647 0.0008198257284737191 0.025121205971575515
0 0.005747126436781609 0.0 1.0 0.0 0.008113879613642362 0.003706067475754356 0.0071148235985476534 0.0007140157083455839 0.0004390691872648112
0 0.010989010989010988 0.0 1.0 0.0 0.00425929325840541 0.001593365212059475 0.008052811461210731 0.0007027077672631873 0.05299725784003906
0 0.010416666666666666 0.0 1.0 0.0 0.004909098502705919 0.00234624791829833 0.002333130452424427 0.0006597645148193259 0.02714642479991862
0 0.006172839506172839 0.0 1.0 0.0 0.007304364805016813 0.0036569782620333585 0.008487184689254076 0.0008796860197591011 0.024585792506193287
0 0.0033333333333333335 0.0 1.0 0.0 0.003963783150821834 0.0031761079893718866 0.006735646175694867 0.0007511165245635404 0.000937586371792996
0 0.005347593582887701 0.0 1.0 0.0 0.008093599980511793 0.002903110864644616 0.011241989187640977 0.0005731890807480117 0.018194987489775966
0 0.0024509803921568627 0.0 1.0 0.0 0.004304038175487905 0.0032612026999596067 0.015019154344634996 0.0007164863509350146 0.012748530367545885
0 0.007692307692307693 0.0 1.0 0.0 0.006242189263154547 0.0033193658387627722 0.005903834449178332 0.0005481120584652861 0.01673898470594137
0 0.0021645021645021645 0.0 1.0 0.0 0.0069329542627719455 0.003435259185044661 0.011601099245651893 0.000682833204148673 0.006376485801961497
0 0.0015151515151515152 0.0 1.0 0.0 0.00475103734580674 0.003133587204048009 0.009821280362972388 0.0008443140294541024 0.0062715825219874614
0 0.003472222222222222 0.0 1.0 0.0 0.008126736230117336 0.0030679398885566376 0.005207276661932779 0.00033834077683042357 0.006282863239504052
0 0.004201680672268907 0.0 1.0 0.0 0.001585237048560739 0.002972905763598242 0.01004260499087036 0.0004350095702105446 0.016505181308013973
0 0.006172839506172839 0.0 1.0 0.0 0.0005096237212773219 0.0010675005853623494 0.005613038479745723 0.0005413452429286778 0.13817834506056392
0 0.0014619883040935672 0.0 1.0 0.0 0.003556754254121002 0.002186451152103835 0.009231081355244473 0.0005582622817701989 8.09813153473454e-05
0 0.005 0.0 1.0 0.0 0.000776380077610781 0.0012428248654063904 0.005295191722458916 0.0 0.11331670564544913
0 0.0015873015873015873 0.0 1.0 0.0 0.0053939152265781495 0.0025588973149809294 0.007851491174680463 0.0007308160779537149 0.0001667182988690335
0 0.0010570824524312897 0.0 1.0 0.0 0.0055627931378900005 0.002789107468940376 0.012371017282622545 0.0006656658074384612 0.0071248618434617385
0 0.0024154589371980675 0.0 1.0 0.0 0.0034265633185729715 0.001678960872952962 0.012477175897748024 0.00020300446609825416 0.00038750598447215615
0 0.0012254901960784314 0.0 1.0 0.0 0.002462149799831203 0.0022861837906754997 0.014177795281228742 0.0008060471448018912 0.0005164687139893312
0 0.0012903225806451613 0.0 1.0 0.0 0.0054175274483123075 0.0034477762451086006 0.012251389079771467 0.0012376723900829046 0.00804262404575713
0 0.0008741258741258741 0.0 1.0 0.045454545454545456 0.006105690606173495 0.0032991740172324964 0.006183256791899517 0.0003460303399402059 0.0009826736202942442
0 0.0013717421124828531 0.0 1.0 0.0 0.0037776076963330573 0.0030357911215187906 0.0105948919095602 0.0002706726214643389 0.0008983267170036527
0 0.0017857142857142857 0.0 1.0 0.0 0.0018730618792511026 0.0017314309603830736 0.012903225806451615 0.0007308160779537149 0.008890565406512462
0 0.0008019246190858059 0.0 1.0 0.0 0.0018470609256853983 0.0017136604390866424 0.011550057325652167 0.00043905617086366594 0.0012652639310487942
0 0.001388888888888889 0.0 1.0 0.0 0.002090734986603457 0.0005565231525087983 0.010600527490363157 0.00020300446609825416 0.0017291624038361262
0 0.0006325110689437065 0.0 1.0 0.0 0.00288577604288051 0.0015476215478431995 0.011122647476519516 0.0007403692292995152 0.0001467624453166964
0 0.000625 0.0 1.0 0.0 0.00231333665680304 0.0007898883013124095 0.011625076080340841 0.0002801461632155908 0.00018151685401144566
0 0.0008912655971479501 0.0 1.0 0.0 0.0028609822021175004 0.0005227423529289829 0.013927177687873691 0.00012538511141362758 0.0001580685857739126
0 0.001547987616099071 0.0 1.0 0.0 0.0059138077426942074 0.0018403238713007766 0.014287087164045236 0.000769280082056542 0.0004370093887584293
0 0.0009216589861751152 0.0 1.0 0.0 0.0039141482812570455 0.0014442162441020757 0.007971256356389768 0.00037326627637420924 0.014359320424603635
0 0.0012626262626262625 0.0 1.0 0.0 0.0045064675181461684 0.0019169806275835782 0.007276047142145745 0.0004429188351234636 0.00767234197981246
0 0.0007722007722007722 0.0 1.0 0.0 0.0033404035432335753 0.0009579891193800411 0.012555429962611945 0.0006786149295284497 0.004388345754385928
0 0.0013850415512465374 0.0 1.0 0.0 0.0030652215376606017 0.0023121801930690473 0.01691386103725534 0.001538560164113084 0.03172071591773817
0 0.001282051282051282 0.0 1.0 0.0 0.004106415779521389 0.003273986891041755 0.00970785149117468 0.0008830694275274057 0.027506698070948504
0 0.0007575757575757576 0.0 1.0 0.0 0.003432307423065367 0.001984528583787502 0.006676626274922076 0.0006643782526851953 0.016265974159681104
0 0.0007621951219512195 0.0 1.0 0.0 0.00320591355968524 0.001984981228626352 0.009757303712720634 0.0005899817295980511 0.016527017432287284
0 0.0026455026455026454 0.0 1.0 0.0 0.001909192554326721 0.0 0.006695069993913573 0.0 0.061724329809909356
0 0.0008613264427217916 0.0 1.0 0.0 0.0018574395126481527 0.0006729934841799181 0.015148441198349903 0.0006992376054495419 0.001082421472255777
0 0.001893939393939394 0.0 1.0 0.0 0.006612021350301242 0.003891156434242503 0.01653479407587746 0.001218026796589525 0.009602670825279935
0 0.0005847953216374269 0.0 1.0 0.0 0.0025421519763985136 0.00014251828983252406 0.01347022455713233 0.0005288800564138726 0.001810265569813146
0 0.0006587615283267457 0.0 1.0 0.0 0.004349425903617662 0.00317605449807768 0.014201663623453032 0.0007012881556121507 0.01912705679849513
0 0.0014184397163120566 0.0 1.0 0.0 0.001853477520227973 0.002749291298845296 0.016311625076080343 0.002111246447421843 0.001807385466852797
0 0.000992063492063492 0.0 1.0 0.0 0.0009444430367363869 0.0007609823309805872 0.0072457467466597114 0.0004930108462386172 0.008946821228135185
0 0.0018552875695732837 0.0 1.0 0.0 0.0025776853658929315 0.0 0.003485862889393017 0.0003321891263425977 0.03942093996533686
0 0.0005714285714285715 0.0 1.0 0.0 0.0034567262695521877 0.002057636977555099 0.010242587601078167 0.0005394118670610752 0.004273541324886448
0 0.0005027652086475615 0.0 1.0 0.0 0.0020693543463552407 0.0004894662447393734 0.011813911387861479 0.0007964021362316125 0.000158371346267526
0 0.0006009615384615385 0.0 1.0 0.0 0.003651659293438422 0.0011030289298702121 0.006828210590383445 0.0003045066991473812 0.006551782864537711
0 0.0005099439061703213 0.0 1.0 0.0 0.0016617529878246188 0.0013571274702960288 0.01014952871313188 0.0004279553609638871 0.006279218249050357
0 0.0005446623093681917 0.0 1.0 0.0 0.0017833933395618575 0.0011624602450703613 0.007285811463964771 0.00023285806405387975 0.0015365645309501528
0 0.0009569377990430621 0.0 1.0 0.0 0.002718921837485494 0.0003916435401477252 0.008328795207739374 0.0003205333675235592 0.003387360787295884
0 0.0006613756613756613 0.0 1.0 0.0 0.005127289894165959 0.0018978996748538072 0.014314375239512182 0.0005413452429286777 0.011495531088783316
0 0.0021929824561403508 0.0 1.0 0.0 0.000982534638674758 0.0036868467853890838 0.014227023737066344 0.0011419001218026797 0.04000411643506593
0 0.0008620689655172414 0.0 1.0 0.0 0.0003538029255123707 0.0008277432582155054 0.009129640900791236 0.0004263093788063338 0.0331922313583135
0 0.037037037037037035 0.0 1.0 0.0 0.016014468881615913 0.01997432325542803 0.011924119241192414 0.005809731299927379 0.03703703703703704
0 0.009259259259259259 0.0 1.0 0.0 0.010257325591250475 0.019179773576531053 0.00984643179765131 0.002995642701525055 0.01109537128768552
0 0.01075268817204301 0.0 1.0 0.0 0.013846143354358333 0.01949634059939503 0.014948859166011018 0.001739405439595193 0.008941824251568274
0 0.004545454545454545 0.0 1.0 0.0 0.010698371780891688 0.004672135521742884 0.015432372505543244 0.0012477718360071302 0.011986416856365643
0 0.005263157894736842 0.0 1.0 0.0 0.015733515879570722 0.00838405635016164 0.010911424903722725 0.0018059855521155833 0.0059014819955336755
1 0.02702702702702703 0.0 1.0 0.05405405405405406 0.02427654796478363 0.01627235138058203 0.02498725140234574 0.008381799521040024 0.027027027027027032
0 0.05 0.0 1.0 0.0 0.02934186384234324 0.029193106624362315 0.03144654088050315 0.006329113924050634 0.07474540777472614
0 0.013888888888888888 0.0 1.0 0.0 0.01960983916160072 0.018270349407196167 0.018081761006289308 0.0010548523206751054 0.02877789572447671
0 0.019230769230769232 0.0 1.0 0.0 0.018012022081030362 0.016558896697478846 0.014029995162070635 0.0 0.042714815155801555
0 0.018181818181818184 0.0 1.0 0.0 0.014804046634456435 0.023483526225515458 0.013722126929674101 0.0011507479861910242 0.00042358086922386645
0 0.006944444444444444 0.0 1.0 0.0 0.007643720040229424 0.012557163328921461 0.024633123689727462 0.0015822784810126582 0.02496297930070541
0 0.008403361344537815 0.0 1.0 0.0 0.03246326268628678 0.01364686727348704 0.024787273399926008 0.0029784065524944155 0.04340996813126243
0 0.005434782608695652 0.0 1.0 0.0 0.020463318584360693 0.003714757570443257 0.01503964998632759 0.001375894331315355 0.0352540098568972
0 0.025 0.0 1.0 0.0 0.01688537791191068 0.018551985718157214 0.016265060240963858 0.0062121212121212166 0.025
0 0.015151515151515152 0.0 1.0 0.06060606060606061 0.011968366921157539 0.013973105549203335 0.011683096020445418 0.002387511478420569 0.01682190629621792
0 0.01282051282051282 0.0 1.0 0.0 0.01413809664787998 0.017442037854677718 0.008572752548656163 0.0 0.004078191399647297
0 0.008333333333333333 0.0 1.0 0.0 0.021852197265671888 0.013742211643079415 0.012650602409638556 0.00040404040404040404 0.018239789578540715
0 0.005405405405405406 0.0 1.0 0.0 0.012847538744744879 0.0 0.016118528166720936 0.0 0.00024345625590955304
0 0.02857142857142857 0.0 1.0 0.0 0.00568601898697984 0.006080948117559947 0.01298076923076923 0.003580034423407919 0.02857142857142857
0 0.016129032258064516 0.0 1.0 0.0 0.0053730788389838215 0.004543254111751187 0.015818858560794045 0.003031480761756706 0.019416722850243078
0 0.013888888888888888 0.0 1.0 0.0 0.004584528125252907 0.006136163890990059 0.018028846153846156 0.004116465863453816 0.01933535516737001
0 0.0078125 0.0 1.0 0.0 0.010341563493047186 0.013670371291542534 0.012169471153846152 0.0027861445783132527 0.0016262354944174182
0 0.0064516129032258064 0.0 1.0 0.0 0.006386689397283011 0.005693698225871658 0.017834987593052107 0.0013991449669646329 0.009426730426067568
0 0.005747126436781609 0.0 1.0 0.0 0.008972874103025255 0.017157275476949195 0.016412466843501332 0.0029912754466140425 0.00010575522555829826
0 0.005291005291005291 0.0 1.0 0.07407407407407407 0.010288149671577738 0.007285027858981861 0.015758547008547008 0.0002677376171352075 0.007516096378303041
0 0.004807692307692308 0.0 1.0 0.0 0.0071611419484921895 0.008368520724215055 0.01368343195266272 0.0008341056533827618 0.012297521686112884
1 0.004830917874396135 0.0 1.0 0.0 0.005228771344266041 0.0074638893093883 0.006061872909698995 0.00041906757464641174 0.008117852905262185
0 0.0032258064516129032 0.0 1.0 0.0 0.009099321206137604 0.005816272242251647 0.01008064516129032 0.0006995724834823163 0.020932182825568454
0 0.001893939393939394 0.0 1.0 0.0 0.00912432503369953 0.008030202683422647 0.015174278846153843 0.0012550200803212851 0.005252923894672596
0 0.003333333333333333 0.0 1.0 0.0 0.007320882959768518 0.008053819791468258 0.013846153846153847 0.002024096385542169 0.00017534498339327718
0 0.004273504273504274 0.0 1.0 0.0 0.007295297230939721 0.0036425139294909304 0.01108440170940171 0.0008032128514056226 0.0002441507494263846
0 0.001984126984126984 0.0 1.0 0.0 0.008209890009809186 0.0014679695042882684 0.009415064102564104 0.0004016064257028113 0.005219160785692011
0 0.03125 0.0 1.0 0.0 0.011632855554289941 0.011370861526213517 0.017658730158730155 0.0035828025477707003 0.03125
0 0.017857142857142856 0.0 1.0 0.0 0.013484705574687712 0.017352509014825813 0.016666666666666666 0.004094631483166514 0.00037417162072688533
0 0.015873015873015872 0.0 1.0 0.0 0.016135322470883114 0.01341084803203155 0.008616780045351475 0.0037913254473764028 0.012792372502301488
0 0.025 0.0 1.0 0.0 0.005398726002638342 0.008310446441966808 0.026666666666666665 0.002547770700636943 0.046716436317468725
0 0.009523809523809525 0.0 1.0 0.0 0.007650551450568567 0.011712812860967441 0.012547241118669691 0.001213224143160449 0.01919245176422868
0 0.027777777777777776 0.0 1.0 0.0 0.004082492893288751 0.010831838795102406 0.019576719576719578 0.0010615711252653928 0.003040963559053428
0 0.005494505494505494 0.0 1.0 0.0 0.002404568720660592 0.00452260513006311 0.021001221001221 0.0004899559039686428 0.0005026483680721836
0 0.005952380952380952 0.0 1.0 0.0 0.007753826156724879 0.011347640642488237 0.013303099017384731 0.00030330603579011223 0.016695755568241225
0 0.006944444444444444 0.0 1.0 0.0 0.007603613314725591 0.010831838795102407 0.012896825396825396 0.0013933121019108281 0.01929345661547359
0 0.005 0.0 1.0 0.0 0.0056124423355985355 0.0075822871565716845 0.00761904761904762 0.00047770700636942675 0.02062548422531826
0 0.003787878787878788 0.0 1.0 0.0 0.01229471499258547 0.008123879096326806 0.0164021164021164 0.0011942675159235668 0.0010179030797686634
0 0.004629629629629629 0.0 1.0 0.0 0.0033439390310717426 0.003610612931700802 0.007054673721340388 0.0 0.0030578302753248745
0 0.0027472527472527475 0.0 1.0 0.0 0.012481635275666276 0.013799855381519125 0.01587301587301587 0.0017060964513193812 0.0071191623455163664
0 0.006493506493506493 0.0 1.0 0.0 0.0 0.005908275706419494 0.023376623376623374 0.0014475969889982628 0.0024409944273559806
0 0.00202020202020202 0.0 1.0 0.0 0.011950947129900797 0.00960575659749308 0.021548821548821546 0.0030882069098629606 0.005886099310986062
0 0.03333333333333333 0.0 1.0 0.0 0.02077211634069132 0.016160128974261792 0.01491628614916286 0.005657492354740061 0.03333333333333333
0 0.0125 0.0 1.0 0.0 0.011931811912925968 0.014871324165149219 0.028538812785388133 0.005733944954128441 0.001978555340304119
0 0.007407407407407407 0.0 1.0 0.0 0.01499525711287225 0.015927049798689454 0.02191780821917809 0.0012232415902140674 0.007215119255031397
0 0.008928571428571428 0.0 1.0 0.14285714285714285 0.019418896897450418 0.013578957155756303 0.017938682322243965 0.0009829619921363042 0.017874585892681455
0 0.02 0.0 1.0 0.0 0.01230901519090297 0.0 0.02054794520547945 0.0 0.037771582127302285
0 0.008771929824561403 0.0 1.0 0.0 0.009951445975999076 0.004895728451882615 0.024993991828887285 0.0026557218734910674 0.0317868680521408
0 0.007518796992481203 0.0 1.0 0.0 0.017156561793290236 0.004699946168875292 0.023792357606344627 0.0026557218734910674 0.010139097928480246
0 0.004464285714285714 0.0 1.0 0.07142857142857142 0.013686832378747505 0.005418081021974129 0.02038486627527723 0.0021297509829619923 0.015225121052185991
1 0.045454545454545456 0.0 1.0 0.0 0.015528089387004047 0.028648440743422578 0.01970756516211062 0.007682458386683738 0.045454545454545456
0 0.01282051282051282 0.0 1.0 0.0 0.008597662504700527 0.023595633235608888 0.01649632418863188 0.0041531238714337315 3.2564628400707353e-05
0 0.011904761904761904 0.0 1.0 0.0 0.010116629194054354 0.028001013462793062 0.01673326673326674 0.0022635814889336017 0.020285472921459845
0 0.007352941176470588 0.0 1.0 0.0 0.012736529702107306 0.003113485062611592 0.020773344302756073 0.00227837613918807 0.003091810662733934
0 0.01 0.0 1.0 0.0 0.012155818853381498 0.0 0.024825174825174826 0.0014084507042253522 7.793475861055075e-05
0 0.025 0.0 1.0 0.0 0.007707726358232042 0.008714665539862691 0.015888382687927104 0.003139269406392694 0.025
0 0.021739130434782608 0.0 1.0 0.0 0.009121136921934881 0.010921041541681319 0.012082796870357532 0.003474290252134207 0.005997575880304701
0 0.01282051282051282 0.0 1.0 0.0 0.010175189127735684 0.0140978143922885 0.02128964429647801 0.0036002809975412713 0.02924392945155609
0 0.007575757575757576 0.0 1.0 0.0 0.0038940130135555456 0.0032943658048478056 0.018361289431904463 0.0012453300124533001 0.0030604179103142807
0 0.007692307692307693 0.0 1.0 0.0 0.007892348876018354 0.014136800221032992 0.024180830558962675 0.003424657534246575 0.032504609195237726
0 0.008771929824561403 0.0 1.0 0.0 0.006313151218547564 0.008173990342855455 0.01366742596810934 0.0021629416005767843 0.04241477192872826
0 0.01020408163265306 0.0 1.0 0.0 0.0019946144777357256 0.0048799105630019605 0.006833712984054671 0.002446183953033268 0.013800772342601538
0 0.004464285714285714 0.0 1.0 0.0 0.006042232633034216 0.008899576249475528 0.019687601692157497 0.0014677103718199608 0.03046870541730459
0 0.0044444444444444444 0.0 1.0 0.0 0.006523958343184666 0.012876709986974745 0.019863325740318905 0.0027397260273972603 0.03171111183325723
0 0.005263157894736842 0.0 1.0 0.0 0.013483071226088657 0.015672405284891913 0.023018822683131514 0.0026435952895938475 0.03776513856290242
0 0.002840909090909091 0.0 1.0 0.0 0.006902816970592897 0.009782259850118638 0.01722665148063781 0.0019263698630136985 0.00028420413459638566
0 0.003472222222222222 0.0 1.0 0.0 0.0008283897326055324 0.004529752981665733 0.01233864844343204 0.0001902587519025875 0.00025444152642642773
0 0.002564102564102564 0.0 1.0 0.0 0.0053822531635964255 0.007106789270479704 0.01943811693242217 0.0015220700152207 0.00013331923057166903
0 0.003105590062111801 0.0 1.0 0.0 0.005520323784993348 0.006299589829303558 0.0238684757848866 0.00228310502283105 0.0019705966395342106
0 0.0017094017094017094 0.0 1.0 0.0 0.005593289930865952 0.0018323621236517706 0.01676303954208282 0.0009366584709050462 0.0014190735650637806
0 0.001644736842105263 0.0 1.0 0.0 0.007119127500227171 0.0010190850212984093 0.016544778803500776 0.0009012256669069935 0.0026957137101099125
0 0.024390243902439025 0.0 1.0 0.0 0.0059341285327807955 0.0048269923410258824 0.01566550522648084 0.0018418261985823517 0.02439024390243903
0 0.03125 0.0 1.0 0.0 0.008386454631690745 0.005202152521087499 0.006428571428571428 0.0014302059496567505 0.044450734112159565
0 0.015873015873015872 0.0 1.0 0.0 0.005757056699665379 0.0043719321564112375 0.011972789115646258 0.0016890051214994012 0.024461849325770696
0 0.013157894736842105 0.0 1.0 0.0 0.010668894080574183 0.0076578380682573825 0.016481203007518794 0.0016861375406479586 0.00817180829066224
0 0.008333333333333333 0.0 1.0 0.0 0.005462477354531846 0.007240348268785151 0.011857142857142853 0.0020499618611746775 0.0006405183787691958
0 0.0035460992907801418 0.0 1.0 0.0 0.003861547694906686 0.007378086117698126 0.009823708206686928 0.0016066994498271584 0.0001128497791716484
0 0.002976190476190476 0.0 1.0 0.0 0.0045892900808486075 0.008758698450971564 0.012952380952380951 0.0020976353928299015 0.00019516256311787633
0 0.0078125 0.0 1.0 0.0 0.004022862467370092 0.007823397193326214 0.013642857142857142 0.001072654462242563 0.004276103947555205
0 0.007407407407407407 0.0 1.0 0.0 0.008617996921131887 0.007126207562041061 0.013180952380952382 0.001983218916857361 0.04326906230277215
0 0.002631578947368421 0.0 1.0 0.0 0.00788973810616765 0.00746815157113667 0.01004511278195489 0.0007527399735035529 0.012623238685306421
0 0.0030303030303030303 0.0 1.0 0.0 0.007074752227757681 0.004803572221096781 0.02019047619047619 0.0016018306636155606 0.0062067120013618434
0 0.001984126984126984 0.0 1.0 0.0 0.005134766121814548 0.0038159992728443596 0.006149659863945578 0.0002724201808870001 0.007322902057068521
0 0.006993006993006993 0.0 1.0 0.0 0.0054449988961444455 0.0038725660122206945 0.0024935064935064934 0.00020802995631370917 0.006837203916229845
0 0.004464285714285714 0.0 1.0 0.0 0.0010241970501234873 0.003405088911847124 0.0044285714285714275 0.0002860411899313501 0.01911129185927239
0 0.0015151515151515152 0.0 1.0 0.0 0.0058548946686120314 0.004558614272116622 0.014155844155844156 0.0009881422924901185 0.007767368651976163
0 0.004166666666666667 0.0 1.0 0.0 0.016144937002886755 0.0026624369200517464 0.02125714285714286 0.0022120518688024406 0.023998824161317826
0 0.0032679738562091504 0.0 1.0 0.0 0.008738206705546914 0.005071799176037951 0.022920634920634918 0.0024154589371980675 0.010588210819288433
0 0.0023148148148148147 0.0 1.0 0.0 0.0045423921115233185 0.003199255162581898 0.016523809523809524 0.0015732265446224258 0.013181657265140279
0 0.005263157894736842 0.0 1.0 0.0 0.002795160026683998 0.0011113237103590383 0.016114285714285713 0.0006864988558352404 0.012854052282008088
0 0.00625 0.0 1.0 0.0 0.011458483456409917 0.007783060369936283 0.015428571428571427 0.0011441647597254005 0.0011509246611229361
0 0.003401360544217687 0.0 1.0 0.0 0.009372030622751276 0.0 0.023183673469387756 0.0 0.0005528397801069197
0 0.0015151515151515152 0.0 1.0 0.06666666666666667 0.007885573733364026 0.005381047870970537 0.013600000000000001 0.0013729977116704807 0.00010808414343217822
0 0.0011148272017837235 0.0 1.0 0.0 0.003358887553541175 0.0012976785609784356 0.015062271062271062 0.0005574136008918618 0.0002795946895999664
0 0.0013020833333333333 0.0 1.0 0.0 0.0056001907987897935 0.00305329582577023 0.01292857142857143 0.0006435926773455377 0.008846675016721414
0 0.0012903225806451613 0.0 1.0 0.0 0.006760480735619253 0.006776989802276924 0.01780645161290322 0.0028788661696316532 0.012156276670932822
0 0.0008361204013377927 0.0 1.0 0.0 0.0040563577217459365 0.003848308053067955 0.01371428571428571 0.0016665008456869961 0.0022021073582704745
0 0.0009259259259259259 0.0 1.0 0.0 0.00473999558704289 0.006089435777077369 0.013142857142857145 0.0017734553775743706 0.00011254177594240686
0 0.001488095238095238 0.0 1.0 0.0 0.008470917727262758 0.007564642450865828 0.01761904761904762 0.0015732265446224258 0.00031112356473270494
0 0.0012315270935960591 0.0 1.0 0.0 0.00894601781421171 0.009604980136873194 0.015673469387755105 0.0018796992481203009 0.010865555907904698
0 0.0016666666666666666 0.0 1.0 0.0 0.013863666363786215 0.00942043794381243 0.015885714285714288 0.002574370709382151 0.02413192694065802
0 0.0012903225806451613 0.0 1.0 0.0 0.006280238657145533 0.0029575629405757873 0.015908571428571428 0.0009610983981693363 0.013155673306637049
0 0.0007267441860465116 0.0 1.0 0.0 0.0020098657727728067 0.001361099708064809 0.013767441860465118 0.001037730828588154 0.008408411129800597
0 0.03225806451612903 0.0 1.0 0.0 0.02543468754757415 0.017017234670185007 0.025234131113423517 0.009441384736428008 0.03225806451612903
0 0.019230769230769232 0.0 1.0 0.0 0.02188316947229342 0.014661500036302177 0.029466501240694783 0.0037523452157598508 0.033847542045051644
0 0.0196078431372549 0.0 1.0 0.0 0.06678008875708441 0.03533540657009849 0.028462998102466795 0.003825920612147298 0.03737796202992457
0 0.008333333333333333 0.0 1.0 0.0 0.028665695651964626 0.02580854381749061 0.022043010752688167 0.0016260162601626016 0.025593927378450246
0 0.01 0.0 1.0 0.0 0.0414855185437744 0.019953130769687227 0.02661290322580645 0.006504065040650407 0.04200381164717541
0 0.02702702702702703 0.0 1.0 0.0 0.022369925136730175 0.03277209514552485 0.029142185663924795 0.01090564248458986 0.02702702702702703
0 0.013888888888888888 0.0 1.0 0.0 0.01530541352127232 0.039585518183130025 0.014492753623188406 0.0026803118908382065 0.020111552690168937
0 0.017543859649122806 0.0 1.0 0.0 0.01945707582105784 0.021983731922100725 0.03157894736842106 0.007386888273314866 0.04239543068023609
0 0.010869565217391304 0.0 1.0 0.0 0.02238062157472666 0.024182438950135946 0.026843100189035917 0.006102212051868802 0.03725976800775289
0 0.030303030303030304 0.0 1.0 0.0 0.01523629868121564 0.013738564626274293 0.012332628611698376 0.0026841845023663205 0.030303030303030304
0 0.020833333333333332 0.0 1.0 0.0 0.009843437402952597 0.006614762201076496 0.014147286821705426 0.0032051282051282063 0.022448577659282532
0 0.016666666666666666 0.0 1.0 0.0 0.009880683438753191 0.00951383882982421 0.017093023255813952 0.002797202797202796 0.033880910149639606
0 0.0125 0.0 1.0 0.0 0.006878313107410361 0.008721018927338859 0.021627906976744188 0.0027972027972027968 0.024000570279936392
0 0.01 0.0 1.0 0.0 0.0044170058776643725 0.009853066622972657 0.011744186046511626 0.0017482517482517485 0.0005342566420367314
0 0.00641025641025641 0.0 1.0 0.0 0.01077658642756753 0.01050430258926009 0.019946332737030406 0.0012551551013089473 0.03396715528532656
0 0.006802721088435374 0.0 1.0 0.0 0.005212713826624385 0.00639782816422052 0.01971207087486157 0.000999000999000999 0.026074179547905453
0 0.020833333333333332 0.0 1.0 0.0 0.0017430371098633875 0.005285466016569006 0.016666666666666666 0.0 0.0018477415456975277
0 0.008547008547008546 0.0 1.0 0.0 0.0 0.005850041143177633 0.019499105545617172 0.0007172314864622557 0.0007112110485505793
0 0.007692307692307693 0.0 1.0 0.0 0.009274758053705416 0.01201118164719612 0.020214669051878353 0.0032275416890801506 0.042393039216985055
0 0.007575757575757576 0.0 1.0 0.0 0.013183085746668877 0.012457678192527674 0.02170542635658915 0.0011655011655011655 0.06333511598045535
0 0.004901960784313725 0.0 1.0 0.0 0.0024517479671935616 0.005596375782249535 0.009028727770177838 0.0002742355683532154 0.002685985105812601
0 0.006410256410256411 0.0 1.0 0.0 0.00876139878577874 0.01321366504142251 0.015697674418604656 0.0005827505827505828 0.030607673538907726
0 0.005494505494505494 0.0 1.0 0.0 0.009380322167514001 0.011824369032017798 0.013953488372093025 0.0008965393580778197 0.00020547169480938468
0 0.0044444444444444444 0.0 1.0 0.0 0.008441641427233746 0.008900293833391575 0.01550387596899225 0.001864801864801865 0.03651374830620335
0 0.0078125 0.0 1.0 0.0 0.004216721488257826 0.0 0.0029069767441860465 0.0 0.00784170169569243
0 0.0021786492374727667 0.0 1.0 0.0 0.005528838879879815 0.002756844709914678 0.012661498708010336 0.000777000777000777 0.00015205160878832517
0 0.0018518518518518517 0.0 1.0 0.0 0.010616374271603002 0.0010570932033138012 0.013255813953488372 0.0004662004662004662 0.01878591051545615
0 0.002105263157894737 0.0 1.0 0.0 0.01299336588752394 0.005081659869056876 0.012186046511627904 0.0009324009324009325 0.02873692176657913
0 0.005 0.0 1.0 0.0 0.015219953090084221 0.01251512165021414 0.01674418604651163 0.003263403263403264 0.05253461137115364
0 0.0022675736961451248 0.0 1.0 0.0 0.0034825054772048745 0.0 0.012292358803986709 0.000333000333000333 0.01250214959260946
0 0.0010330578512396695 0.0 1.0 0.0 0.008369900373168879 0.006020497638476052 0.020454545454545454 0.001748251748251748 0.016019965867376133
0 0.029411764705882353 0.0 1.0 0.0 0.01077884700012482 0.010234627835558686 0.015393073117097304 0.004136029411764706 0.029411764705882353
0 0.011111111111111112 0.0 1.0 0.0 0.0136724108761478 0.014368297749845289 0.011630321910695742 0.004166666666666666 0.015369068751090852
0 0.009259259259259259 0.0 1.0 0.0 0.009604533788355834 0.011514974769627455 0.017999307718933887 0.0019965277777777776 0.018744039564666446
0 0.009259259259259259 0.0 1.0 0.0 0.012349422860505764 0.010338391913017698 0.012230298834660204 0.000462962962962963 0.013225997122419645
0 0.006666666666666667 0.0 1.0 0.0 0.008372265208315315 0.008764913728914714 0.01889927310488058 0.0017708333333333332 0.023646554550495042
0 0.006944444444444444 0.0 1.0 0.0 0.00733546654926272 0.010070413676335538 0.0157061266874351 0.0015624999999999999 0.032094178645052374
0 0.004081632653061224 0.0 1.0 0.0 0.013876749010780455 0.012047997534938765 0.013529149977748109 0.0010714285714285715 0.010854880119463013
0 0.0029069767441860465 0.0 1.0 0.0 0.009207572622636304 0.007672384254003354 0.014996739839165397 0.0010174418604651165 0.009980202605243795
0 0.005555555555555555 0.0 1.0 0.0 0.013313565121576481 0.010817770609195818 0.019003115264797508 0.0032812500000000003 0.03511834378762274
0 0.003703703703703704 0.0 1.0 0.0 0.011556819155741681 0.008164164614691273 0.022960655359409252 0.0021990740740740738 0.026579383567137453
0 0.02631578947368421 0.0 1.0 0.0 0.007048603770140616 0.007983310636744248 0.00955299206921413 0.002211790195901419 0.02631578947368421
0 0.022727272727272728 0.0 1.0 0.0 0.009821764492245004 0.009546476355827036 0.006070983810709838 0.0021830656479026977 0.05334648568577014
0 0.03333333333333333 0.0 1.0 0.0 0.003962536029624112 0.002333583109202165 0.00684931506849315 0.0018867924528301887 0.002324355743029683
0 0.017857142857142856 0.0 1.0 0.0 0.00915339591918943 0.005833957773005412 0.014921722113502936 0.0017152658662092622 0.07975997713240923
0 0.0064516129032258064 0.0 1.0 0.0 0.0048278712775464815 0.0067749187041353165 0.005357931948740609 0.0017705970231837553 0.0005330799111146435
0 0.0047619047619047615 0.0 1.0 0.0 0.005498026883941728 0.005599334310972476 0.016095890410958907 0.0017642734623866704 0.030723481873633076
0 0.004608294930875576 0.0 1.0 0.0 0.003353834815438004 0.005269381214327468 0.010826336721166596 0.00044264925579593867 0.009158361773887782
0 0.004629629629629629 0.0 1.0 0.0 0.0037976165084958684 0.007346465343784592 0.006785895484525622 0.0 0.0007902780746090044
0 0.004629629629629629 0.0 1.0 0.0 0.012174511266263692 0.010672445945830986 0.013341894977168948 0.0011435105774728416 0.03611717518844963
0 0.009090909090909092 0.0 1.0 0.0 0.002940817697163434 0.005303597975459465 0.004669987546699875 0.0 0.0030113647766850035
0 0.0025974025974025974 0.0 1.0 0.0 0.008544014881404272 0.009955002971881295 0.011399217221135028 0.0010781671159029648 0.024156778778929223
0 0.002032520325203252 0.0 1.0 0.0 0.006039177456700296 0.00579903969816821 0.010524557300367525 0.0005438647868468394 0.00011471489168896245
0 0.003076923076923077 0.0 1.0 0.0 0.006240368371678216 0.0023761429621426576 0.009931506849315068 0.0004116638078902229 0.00018654686720310498
0 0.0012531328320802004 0.0 1.0 0.03508771929824561 0.006691393623660631 0.001286892753132634 0.012827445325642877 0.00048147813788330175 0.016097554644078176
0 0.0020833333333333333 0.0 1.0 0.0 0.004257045025676384 0.0018905012401086141 0.012574914383561644 0.0004288164665523156 0.006948979900845671
0 0.003125 0.0 1.0 0.0 0.009472553958252711 0.005311741231371892 0.010188356164383563 0.0010291595197255573 0.05677335768332452
0 0.0034602076124567475 0.0 1.0 0.0 0.005134319387137566 0.0 0.012691377921031428 0.0 0.0004108770384214734
0 0.003472222222222222 0.0 1.0 0.0 0.0026966974117047056 0.0 0.011879280821917807 0.0008576329331046312 0.0006419543206276088
0 0.002288329519450801 0.0 1.0 0.0 0.006732195619106947 0.0 0.01235854675402025 0.0005220374375419494 0.048794455775449504
0 0.0025 0.0 1.0 0.0 0.004959247436390543 0.006751848437382596 0.013184931506849318 0.001286449399656947 0.00029938306631693276
0 0.005952380952380952 0.0 1.0 0.0 0.018180105648204242 0.011196812506273215 0.009631849315068492 0.0017152658662092624 0.14467253635652041
0 0.0034965034965034965 0.0 1.0 0.0 0.007236044823311642 0.0023620079631854066 0.012118018967334037 0.0011874917535294896 0.000582816950332634
0 0.001278772378516624 0.0 1.0 0.0 0.00835778342120524 0.0024441477281204734 0.01178485092667204 0.0005044899606497831 0.025421911225550063
0 0.038461538461538464 0.0 1.0 0.0 0.01092499824310067 0.013192842249253989 0.02437530622243998 0.004669451953797001 0.038461538461538464
0 0.016129032258064516 0.0 1.0 0.0 0.010171576542144173 0.010515914814991718 0.017978220669817135 0.0034010099969081727 0.01944616122724115
0 0.01111111111111111 0.0 1.0 0.0 0.0066167256369593095 0.012992219332631064 0.013694267515923566 0.0035143769968051116 0.00016582443821506126
0 0.019230769230769232 0.0 1.0 0.0 0.005395026323525159 0.01003056490045364 0.01592356687898089 0.0009830425165888424 0.04701697070839554
0 0.011764705882352941 0.0 1.0 0.0 0.007231515594887829 0.0038611482865902715 0.017047583364556012 0.0015034767900770532 0.0002553960133974607
0 0.01111111111111111 0.0 1.0 0.0 0.009677805867961575 0.007244296872549851 0.010615711252653927 0.0006389776357827476 0.0365975958295214
0 0.005494505494505494 0.0 1.0 0.0 0.008146800350756739 0.007748111862087379 0.015066144047035766 0.0009830425165888424 0.009831989756523832
0 0.004629629629629629 0.0 1.0 0.0 0.009065053486365908 0.009866263818577217 0.01969804199103562 0.0013016211099278192 0.02976031578399266
0 0.004115226337448559 0.0 1.0 0.0 0.009301628762232485 0.010861199087807138 0.008256664307619722 0.0009466335344929593 0.004065332065421261
0 0.003703703703703704 0.0 1.0 0.0 0.006092807871382109 0.0010121231965718434 0.013918376975701816 0.0007099751508697196 0.017948997621044637
0 0.005681818181818182 0.0 1.0 0.0 0.008563396772067097 0.0 0.007762738853503185 0.0 0.0035761631452138477
0 0.003205128205128205 0.0 1.0 0.0 0.009442122644561478 0.00339836153304567 0.014453699167074962 0.0011059228311624477 0.01915898560255138
0 0.002331002331002331 0.0 1.0 0.0 0.008892462065377303 0.003146151845602335 0.015248021617448369 0.0008713331397037467 0.00878130243119626
0 0.043478260869565216 0.0 1.0 0.0 0.030357154830356232 0.03487047191248645 0.016781083142639205 0.010003847633705275 0.043478260869565216
0 0.017857142857142856 0.0 1.0 0.0 0.011697311147298503 0.012899610802764182 0.013784461152882205 0.0028445006321112516 0.0063083559849139844
0 0.02222222222222222 0.0 1.0 0.0 0.010174005328216345 0.008026424499497713 0.029824561403508767 0.002359882005899705 0.00896505804403743
0 0.027777777777777776 0.0 1.0 0.0 0.05572103492714986 0.04682080958040333 0.018518518518518517 0.0019665683382497543 0.09698241528970779
0 0.008 0.0 1.0 0.0 0.028586232351022926 0.02004119741024096 0.012280701754385965 0.0007079646017699115 0.02952441889110208
1 0.011904761904761904 0.0 1.0 0.0 0.029649820238827833 0.0 0.013157894736842105 0.0 0.05037278150814189
0 0.029411764705882353 0.0 1.0 0.0 0.010971570062284696 0.011025244261680351 0.01283846872082166 0.0027482165828558052 0.029411764705882346
0 0.008928571428571428 0.0 1.0 0.0 0.006981763526661964 0.007675851215000063 0.019238945578231286 0.0031241124680488476 0.008945805403893291
0 0.012345679012345678 0.0 1.0 0.0 0.011546550790522477 0.015584442499192965 0.02101704879482657 0.004123407701936527 0.021566226572407192
0 0.015625 0.0 1.0 0.0 0.0074960799096365615 0.011443030909388448 0.023189484126984128 0.003354870775347913 0.02749344682962566
0 0.008 0.0 1.0 0.0 0.009087327981932623 0.011024624144145704 0.014285714285714285 0.0013518886679920478 0.0231155477013486
0 0.005555555555555555 0.0 1.0 0.0 0.00592650413571045 0.00715088276138912 0.014616402116402112 0.0009940357852882703 0.014732576821434288
0 0.007936507936507936 0.0 1.0 0.0 0.004764595064433212 0.00704752664193338 0.016534391534391533 0.0009940357852882703 0.016691106162979936
0 0.008928571428571428 0.0 1.0 0.0 0.00289217464427054 0.003863899325943942 0.007794784580498866 0.000710025560920193 0.0031893211147330527
0 0.012345679012345678 0.0 1.0 0.0 0.011021541894040766 0.0080755257716473 0.016313932980599646 0.0008835873647006847 0.056082822904423985
0 0.005 0.0 1.0 0.0 0.0037492267048359106 0.004057094292241139 0.005853174603174603 0.0003976143141153081 0.0029801218693977236
0 0.0023923444976076554 0.0 1.0 0.0 0.007268654843282605 0.009139613228889676 0.020989974937343354 0.001412577168567542 0.009611498265277484
0 0.0037878787878787876 0.0 1.0 0.0 0.007001566978085652 0.010148991059451752 0.010371572871572872 0.0009940357852882705 0.0273000263013584
0 0.0014792899408284025 0.0 1.0 0.0 0.006550370236456409 0.004859339906097871 0.01594932844932844 0.001452821532344395 0.013710893019421664
0 0.007142857142857143 0.0 1.0 0.0 0.008098089003957512 0.0 0.013690476190476189 0.0 0.05655834535472689
0 0.011111111111111112 0.0 1.0 0.0 0.002730714945744429 0.0 0.0026455026455026454 0.0 0.017062310703888844
0 0.0026041666666666665 0.0 1.0 0.0 0.008931884219681057 0.004639237863851165 0.01479828042328042 0.0008283631544068918 0.019587218368443862
0 0.003676470588235294 0.0 1.0 0.0 0.005693958029244777 0.001345949404126347 0.015749007936507936 0.00024850894632206757 0.02415736256223905
0 0.0021367521367521365 0.0 1.0 0.0 0.00851741332968256 0.0059869063501507514 0.013812576312576312 0.0012234286588163326 0.022058788365121613
0 0.005263157894736842 0.0 1.0 0.0 0.010522393600292577 0.0 0.0067460317460317455 0.0 0.0562650459820462
0 0.0015151515151515152 0.0 1.0 0.0 0.009543223432052989 0.008347745693121614 0.0214045214045214 0.0029519850593409244 0.01905655531117931
0 0.0026455026455026454 0.0 1.0 0.0 0.012040487877974383 0.005843139684470891 0.01840828924162257 0.0014358294676386125 0.03326548810585438
0 0.02857142857142857 0.0 1.0 0.0 0.016845869289546997 0.010444067546639726 0.023711340206185563 0.006069578090303477 0.028571428571428577
0 0.021739130434782608 0.0 1.0 0.08695652173913043 0.015887173420645023 0.010726912219704928 0.012326311071268489 0.0018022077044379365 0.035910665107036284
0 0.0101010101010101 0.0 1.0 0.0 0.01954900210588442 0.027512813535465655 0.018275538894095597 0.003611241953210865 0.020760898977570646
0 0.0078125 0.0 1.0 0.0 0.014304866484483758 0.014634309653921748 0.017396907216494843 0.0008095854922279793 0.022511320815769623
0 0.0071428571428571435 0.0 1.0 0.0 0.008848367157184824 0.01007016249196789 0.01527982326951399 0.0012953367875647669 0.009583996763008615
0 0.003875968992248062 0.0 1.0 0.0 0.013050257292295999 0.013811189267258866 0.02361543994245984 0.003373900469936136 0.0015752885398718304
0 0.03333333333333333 0.0 1.0 0.0 0.006252148144915961 0.00514601967911059 0.011142587346553351 0.0015602836879432629 0.03333333333333333
0 0.017241379310344827 0.0 1.0 0.0 0.009035954507790852 0.006032559547326702 0.013773566474553094 0.0017119100024455855 0.0018176534599792446
0 0.008771929824561403 0.0 1.0 0.0 0.009008376707854891 0.007367944425982133 0.015245266139853886 0.001903695408734603 0.013987992539721628
0 0.0125 0.0 1.0 0.0 0.007996672035313764 0.00866204286384277 0.013456090651558075 0.0017021276595744679 0.042700670053349106
0 0.015384615384615385 0.0 1.0 0.0 0.009616090083489561 0.008906572521537561 0.005774678579211157 0.0016366612111292959 0.002202551552360521
0 0.00980392156862745 0.0 1.0 0.0 0.006260601118937171 0.0071612051763665354 0.013831028161973005 0.0015018773466833537 0.0004268505629433101
0 0.00510204081632653 0.0 1.0 0.0 0.008005751903982927 0.004976782243165801 0.012849048968029141 0.0016717325227963524 7.002915685614059e-05
0 0.004464285714285714 0.0 1.0 0.0 0.004848506043094766 0.0064225327538344175 0.013304330230675843 0.00045592705167173255 0.004390458217749466
0 0.007936507936507936 0.0 1.0 0.0 0.011634499987904388 0.008950646086672865 0.014872521246458924 0.001519756838905775 0.00404355726396839
0 0.0033333333333333335 0.0 1.0 0.0 0.007078133101117957 0.0054423720485167835 0.012370160528800756 0.0008037825059101655 1.8021694784623987e-05
0 0.0030303030303030303 0.0 1.0 0.0 0.010787327901159974 0.005640939664492193 0.010859301227573183 0.00047281323877068556 0.01901724446474939
0 0.0026881720430107525 0.0 1.0 0.0 0.00246586800965207 0.0047526196711788135 0.013204788449236955 0.0008693662777396478 0.00030819726555506596
0 0.004807692307692308 0.0 1.0 0.0 0.006473789112983145 0.007413113799097224 0.016023371104815866 0.0010638297872340426 0.00028349354616327694
0 0.002857142857142857 0.0 1.0 0.0 0.00850726055950234 0.006599861795770466 0.014957507082152979 0.0010780141843971633 0.0011030131063199757
0 0.0020833333333333333 0.0 1.0 0.0 0.009699884162666437 0.005387585127476345 0.0141643059490085 0.001285460992907801 0.01664488194327905
0 0.004807692307692308 0.0 1.0 0.0 0.004376453433114139 0.0 0.010786663761168009 0.0002182214948172395 0.0007796324678103849
0 0.004201680672268907 0.0 1.0 0.0 0.012325704075670043 0.0073705066722277186 0.016187778227438283 0.001114488348530902 0.00022677852763926089
0 0.0027777777777777775 0.0 1.0 0.0 0.006123629999274492 0.0017450702956619934 0.009985835694050992 0.0007092198581560283 0.0011918977084271422
0 0.001644736842105263 0.0 1.0 0.0 0.006756101049426341 0.002412196724583089 0.01473973087818697 0.0004432624113475178 0.0022134176101911733
0 0.0015151515151515152 0.0 1.0 0.0 0.004960831496763726 0.0011695499270705887 0.010344235556700146 0.0003438641736514077 0.00014305915575853876
0 0.001287001287001287 0.0 1.0 0.0 0.01156251400474039 0.004013012579253568 0.014240869764949085 0.001073413839371286 0.012238185758230342
0 0.0025252525252525255 0.0 1.0 0.0 0.00830222130578085 0.0 0.00960025180988354 0.00015760441292356187 0.04775516284438248
0 0.002717391304347826 0.0 1.0 0.0 0.008053137658374922 0.002412196724583089 0.015403682719546742 0.0008865248226950354 0.00032657131057344625
0 0.0021929824561403508 0.0 1.0 0.0 0.0010142231643543032 0.0 0.014089756970329506 0.00022396416573348266 0.0007188444037991462
0 0.0019047619047619048 0.0 1.0 0.0 0.00790053327831786 0.0014085424783925264 0.013152569809793608 0.0004052684903748734 0.00010271132751525122
0 0.0019230769230769232 0.0 1.0 0.0 0.004208847944654252 0.0012248193229890242 0.009206798866855525 0.0005673758865248227 0.007281117435872947
0 0.0028490028490028487 0.0 1.0 0.0 0.008813358016459175 0.0030662469458324145 0.010023970363913707 0.0006546644844517185 0.010041819199786955
0 0.0018796992481203006 0.0 1.0 0.0 0.009272088190602781 0.0025442162687549772 0.011033248844490832 0.0004479283314669653 0.04321884334711281
0 0.0024630541871921183 0.0 1.0 0.0 0.005379540883386968 0.002627204821786243 0.010319708619991905 0.0007092198581560284 0.014995015585048743
0 0.0020833333333333333 0.0 1.0 0.0 0.009173397721721726 0.004047438372096341 0.018325070821529746 0.0012411347517730497 6.667746740873338e-05
0 0.0016129032258064516 0.0 1.0 0.0 0.008776515636413278 0.004916452974936746 0.011402266288951841 0.0011347517730496454 8.231504955759217e-05