0 0.03333333333333333 0.0 1.0 0.06666666666666667 0.016597140484963517 0.013268721336134095 0.01781045751633987 0.006075533661740555 0.033333333333333326
0 0.029411764705882353 0.0 1.0 0.0 0.007989354166355904 0.013961412194017671 0.019031141868512107 0.00579542161692263 0.016973435003338828
0 0.013888888888888888 0.0 1.0 0.0 0.01049085967283826 0.017415355702947437 0.013071895424836602 0.0030788177339901475 0.007239570052772437
0 0.011363636363636364 0.0 1.0 0.0 0.006484790166631518 0.009138909220767101 0.014705882352941178 0.0006717420510523958 0.0013019641179867563
0 0.008 0.0 1.0 0.0 0.009512563559053082 0.018765226933308444 0.008823529411764704 0.0009852216748768472 0.009741543546697349
0 0.007575757575757575 0.0 1.0 0.0 0.00678686859711331 0.009265212431310047 0.015597147950089126 0.0020152261531571876 0.00847269571696107
0 0.007518796992481203 0.0 1.0 0.0 0.010490642750386315 0.022568015961134603 0.010061919504643963 0.0018148820326678765 0.033400484455537345
0 0.002777777777777778 0.0 1.0 0.044444444444444446 0.006180044251700784 0.007798885983372885 0.013071895424836603 0.0006568144499178982 0.0049739554376724785
1 0.038461538461538464 0.0 1.0 0.0 0.023281635190654865 0.02617698932630179 0.01513911620294599 0.011166253101736969 0.038461538461538464
0 0.019230769230769232 0.0 1.0 0.0 0.030983240614402243 0.03180345315039138 0.023322422258592473 0.0020678246484698098 0.02451372796680523
0 0.0196078431372549 0.0 1.0 0.0 0.018637884790677104 0.034420719865018656 0.011889862327909888 0.0 0.044649178776721685
0 0.01 0.0 1.0 0.0 0.010808966692241686 0.0 0.013617021276595743 0.0 0.00011753162044909139
0 0.045454545454545456 0.0 1.0 0.0 0.017436119435396528 0.038649970246160854 0.0186799501867995 0.013257575757575761 0.04545454545454546
0 0.016666666666666666 0.0 1.0 0.0 0.03069146297450846 0.040940338853340745 0.01278538812785388 0.0009259259259259259 0.004931465911404919
0 0.015873015873015872 0.0 1.0 0.0 0.022761514234695027 0.017995753342127805 0.020221787345075015 0.003968253968253968 0.014034561305771161
0 0.08333333333333333 0.0 1.0 0.0 0.04426885443790907 0.07589971637948478 0.03225806451612903 0.021857923497267756 0.08333333333333333
0 0.0625 0.0 1.0 0.0 0.06857252785609184 0.0696966676570114 0.024193548387096774 0.006147540983606557 0.00018502862943076988
0 0.02222222222222222 0.0 1.0 0.0 0.08719068085533101 0.06463618724397703 0.03225806451612903 0.005464480874316941 0.02072679244146599
0 0.013888888888888888 0.0 1.0 0.0 0.047320537808387436 0.0 0.017921146953405014 0.0036429872495446266 0.0009328857062689041
1 0.022222222222222223 0.0 1.0 0.0 0.058109681143437925 0.07641858445015343 0.03225806451612903 0.012750455373406194 0.0993709537910698
0 0.041666666666666664 0.0 1.0 0.08333333333333333 0.0252215209257951 0.03361598103148186 0.01711886304909561 0.0087890625 0.041666666666666664
0 0.019230769230769232 0.0 1.0 0.0 0.015817365253501126 0.024527865733140544 0.01580202742993441 0.0030048076923076925 0.023887450292127226
0 0.011904761904761904 0.0 1.0 0.0 0.017295331651389082 0.023468185431451575 0.026301218161683276 0.0033482142857142855 0.008043209969386716
0 0.008064516129032258 0.0 1.0 0.0 0.032549134907063855 0.009196878337462768 0.028257064266066518 0.0020161290322580645 0.003618624514079752
0 0.01 0.0 1.0 0.0 0.012760343579708172 0.011110137239119092 0.01744186046511628 0.003125 0.031026521838622145
0 0.029411764705882353 0.0 1.0 0.058823529411764705 0.01484966193773097 0.009869776173448285 0.013101604278074866 0.0037546933667083854 0.029411764705882353
0 0.0125 0.0 1.0 0.05 0.011609555107849626 0.012139426455723192 0.016136363636363636 0.0038753799392097265 0.01117073783463491
0 0.041666666666666664 0.0 1.0 0.0 0.0 0.0025844964906247382 0.012121212121212121 0.0026595744680851063 0.004519023105270754
0 0.008620689655172414 0.0 1.0 0.13793103448275862 0.011043194960609485 0.014802690217780325 0.011912225705329153 0.0018865946965726864 0.0154002487385986
0 0.011764705882352941 0.0 1.0 0.0 0.00989911634641624 0.01094610278382242 0.014081996434937611 0.0 0.024284130073378672
0 0.006172839506172839 0.0 1.0 0.0 0.0064549709332100795 0.004594660427777312 0.01986531986531986 0.002026342451874367 0.025066014449235643
0 0.007142857142857143 0.0 1.0 0.0 0.006658142366273262 0.008100969738764896 0.02181818181818182 0.0019756838905775074 0.02987038817808505
0 0.005434782608695652 0.0 1.0 0.08695652173913043 0.004876276952641196 0.014825817568259094 0.015151515151515152 0.0034359719836130564 0.009876766864062496
0 0.002525252525252525 0.0 1.0 0.045454545454545456 0.004392925309148171 0.007023437298720416 0.013842975206611569 0.0005526388505111909 0.0009829130789162142
0 0.004347826086956522 0.0 1.0 0.0 0.007491865209601488 0.010596219365682905 0.016073781291172595 0.0031716664464120524 0.02007833806299983
1 0.0027548209366391185 0.0 1.0 0.0 0.010366257799844725 0.00417333676134527 0.01910009182736455 0.0020263424518743665 0.02348012574992554
0 0.008333333333333333 0.0 1.0 0.0 0.004875216906444299 0.0 0.025454545454545452 0.0012158054711246201 0.01027085228969884
0 0.0034965034965034965 0.0 1.0 0.0 0.006314057549889309 0.01048967151446002 0.0221763085399449 0.0033158331030671453 0.024915437014816934
0 0.01694915254237288 0.0 1.0 0.0 0.008812882172779334 0.010636935118343923 0.015977545071790996 0.0028849621348719817 0.01694915254237288
1 0.011111111111111112 0.0 1.0 0.0 0.004495772079408942 0.005605866337038026 0.023779193205944796 0.0034988179669030745 0.023706174850741852
0 0.007751937984496124 0.0 1.0 0.0 0.01614625973928541 0.01500916257433718 0.013825112329037673 0.0016823354774863927 0.004271585970797403
0 0.01 0.0 1.0 0.0 0.013533857264992184 0.013627254679485602 0.017834394904458598 0.0020425531914893616 8.12908219334467e-05
0 0.009523809523809525 0.0 1.0 0.0 0.01316929739413375 0.010337985962498953 0.010716813264583964 0.0002026342451874367 0.003369712190642634
0 0.005952380952380952 0.0 1.0 0.0 0.014232760250128294 0.015138811524571296 0.019563239308462238 0.002811550151975684 0.008936489773138517
0 0.01020408163265306 0.0 1.0 0.0 0.013514119141271434 0.01431754587939458 0.01835001516530179 0.0036474164133738604 0.006086082157677761
0 0.004032258064516129 0.0 1.0 0.0 0.011472725453794089 0.009571319052832065 0.01540990343127183 0.002608098833218943 0.0007967124628578107
0 0.0030864197530864196 0.0 1.0 0.05555555555555555 0.009933224115012122 0.006486337304500341 0.01716206652512385 0.002304964539007092 0.002813879591068367
0 0.0033333333333333335 0.0 1.0 0.0 0.008234897243209055 0.0068885209091879345 0.016772823779193206 0.002765957446808511 0.0029733847300179844
0 0.0025974025974025974 0.0 1.0 0.0 0.014146186019997994 0.0051579096039367734 0.011101000909918106 0.000851063829787234 0.017690336874535164
0 0.0027777777777777775 0.0 1.0 0.0 0.003673589677017274 0.0006382708752241511 0.010261854210898796 0.0004964539007092199 0.0012455200603963374
1 0.003076923076923077 0.0 1.0 0.0 0.013425897054414736 0.01490554668696898 0.019617834394904457 0.0038297872340425543 0.0025622099687326633
0 0.005952380952380952 0.0 1.0 0.0 0.007983850477141601 0.0038885575166784972 0.01840056617126681 0.0015957446808510637 0.03704388846431351
0 0.0018018018018018018 0.0 1.0 0.0 0.00912237205202973 0.0033913789514150193 0.017788489126068743 0.0013801035077630824 0.005144108671592064
0 0.03333333333333333 0.0 1.0 0.0 0.022522271127433692 0.026451612805310845 0.01799410029498525 0.00982142857142857 0.03333333333333333
0 0.01282051282051282 0.0 1.0 0.0 0.01477013129617189 0.021904719274077094 0.021556614476968466 0.0018315018315018315 0.017661714372397653
0 0.013333333333333332 0.0 1.0 0.0 0.011917285950610151 0.014576560207123524 0.01486725663716814 0.0 0.03488189745289909
0 0.013157894736842105 0.0 1.0 0.0 0.023111883989035565 0.023507851951091185 0.01583605030274802 0.005639097744360901 0.04018186887230181
0 0.04 0.0 1.0 0.0 0.0051393331779259034 0.003875278395525348 0.009444444444444443 0.0015577190542420028 0.04
0 0.03571428571428571 0.0 1.0 0.0 0.0070524323799524185 0.004054675996418226 0.00972222222222222 0.0012914762567057421 0.023112321621726207
0 0.027777777777777776 0.0 1.0 0.0 0.007119997132202303 0.004730455329154597 0.0076388888888888895 0.0016226240148354198 0.01606374452138256
0 0.017857142857142856 0.0 1.0 0.0 0.006333511479624084 0.0054062346618909685 0.010615079365079366 0.0015895092390224522 0.008897561285479586
0 0.0125 0.0 1.0 0.0 0.0018054779447407767 0.0029565345807216234 0.005555555555555555 0.0013038942976356053 0.02646370204440071
0 0.007936507936507936 0.0 1.0 0.0 0.0032557471045882866 0.0037149251046424085 0.01197089947089947 0.0015895092390224522 0.026155101419536447
0 0.005714285714285714 0.0 1.0 0.0 0.003208656498173282 0.004541237115988414 0.009722222222222222 0.0014464534075104315 0.010333170734284197
0 0.005434782608695652 0.0 1.0 0.0 0.0036195795435633197 0.0037148378727238584 0.013164251207729467 0.0015117615045050499 0.006197825633503159
0 0.0035842293906810036 0.0 1.0 0.06451612903225806 0.007301660166965017 0.006391652709580936 0.00918458781362007 0.0016151464848131363 0.003595049565315926
0 0.002857142857142857 0.0 1.0 0.0 0.004120392890456942 0.004430034885481965 0.010555555555555552 0.0011126564673157164 0.00012485420002323583
0 0.006493506493506494 0.0 1.0 0.0 0.0057423681583259846 0.006802129419418988 0.009623015873015872 0.0005960659646334195 0.0019509037240427716
0 0.002976190476190476 0.0 1.0 0.0 0.0030420135253458255 0.005019604391862097 0.01066468253968254 0.0005463938009139678 0.00023871014427799818
0 0.007692307692307693 0.0 1.0 0.0 0.009977702970831582 0.006622637460816436 0.004305555555555555 0.0 0.0028797344388126565
0 0.0021008403361344537 0.0 1.0 0.0 0.0037309627600524177 0.004395484817641704 0.008251633986928105 8.181297553792031e-05 0.0006895580213253453
0 0.00196078431372549 0.0 1.0 0.058823529411764705 0.005084924371559454 0.004675267231828638 0.007883986928104575 0.0002045324388448008 0.00396184906585681
0 0.0025 0.0 1.0 0.0 0.0017126019396638452 0.0031122914164499736 0.005888888888888888 0.00011126564673157162 0.0011207520293756237
0 0.002352941176470588 0.0 1.0 0.0 0.0032636931464459624 0.004162800689656046 0.005666666666666666 0.0 0.000907209686978033
0 0.0020576131687242796 0.0 1.0 0.0 0.00303113761091058 0.004004374226640968 0.00874485596707819 0.0003090712409210323 0.00020303157117084435
0 0.003095975232198142 0.0 1.0 0.0 0.003256223489714661 0.0050200064315546675 0.013398692810457516 0.00032725190215168124 0.0007102419493416432
0 0.002272727272727273 0.0 1.0 0.0 0.0037740668066847116 0.0017201655742380354 0.012689393939393938 0.0007586294095334429 0.0006484308206483237
0 0.0015873015873015873 0.0 1.0 0.06666666666666667 0.005545922046900905 0.006622637460816439 0.007546296296296297 0.00018544274455261936 0.004309308636036081
0 0.0012285012285012285 0.0 1.0 0.0 0.0018211586391896272 0.0005114005761248213 0.007394894894894894 0.00015035898206969137 0.0008990425604124514
0 0.0036231884057971015 0.0 1.0 0.0 0.004461189798858365 0.0 0.006712962962962963 0.0 0.003747154224459426
0 0.0018115942028985505 0.0 1.0 0.0 0.0016983376561686382 0.0 0.00821256038647343 0.0 0.001119813633307256
0 0.0019047619047619048 0.0 1.0 0.0 0.0028717035088259265 0.0009010391103151614 0.00958994708994709 0.00013245910325187097 0.0016966396901574481
0 0.0013262599469496023 0.0 1.0 0.06896551724137931 0.007184667787180377 0.0018294925468776999 0.008045977011494254 0.0004316339743897175 0.0039312317438824195
0 0.0011574074074074073 0.0 1.0 0.0 0.003491343077674702 0.0007091491789796863 0.007682291666666667 0.0003477051460361613 0.0002312290836398885
0 0.0009652509652509652 0.0 1.0 0.0 0.0029087244457227336 0.0 0.009647147147147145 0.0005262564372439198 0.0001139270586299558
0 0.001567398119122257 0.0 1.0 0.0 0.004438920335187189 0.0 0.003914141414141414 0.0 0.00788191558848556
0 0.0013333333333333333 0.0 1.0 0.0 0.001496621015371193 0.0 0.009277777777777777 0.0005006954102920722 0.001932619234938198
0 0.038461538461538464 0.0 1.0 0.0 0.019297823398938194 0.01371490543194376 0.020952927669345582 0.007807981492192018 0.038461538461538464
1 0.03125 0.0 1.0 0.0 0.02310051468570034 0.015657343344013912 0.01819029850746268 0.0042293233082706765 0.04913028427638814
0 0.020833333333333332 0.0 1.0 0.0 0.01834285383597615 0.015983070402547723 0.013992537313432835 0.0 0.041821137182059515
0 0.017857142857142856 0.0 1.0 0.0 0.02761111486897249 0.03287945911381245 0.01759061833688699 0.0010741138560687433 0.05489901180951815
0 0.015384615384615385 0.0 1.0 0.0 0.02457819235870839 0.01967147126467412 0.020665901262916182 0.001735106998264893 0.044455701962717094
0 0.011904761904761904 0.0 1.0 0.0 0.024528777963672276 0.028712434609276916 0.02611940298507462 0.004296455424274973 0.05780915564544236
0 0.004081632653061224 0.0 1.0 0.0 0.010648458737892316 0.008603304849717218 0.02281449893390192 0.0021482277121374865 0.017508661302177295
0 0.037037037037037035 0.0 1.0 0.0 0.028203273452463356 0.020571333871502534 0.018006957233476572 0.005761316872427981 0.03703703703703703
0 0.017241379310344827 0.0 1.0 0.0 0.013750062914186883 0.01736175411887974 0.023814059820918273 0.004406130268199233 0.017569008391369025
0 0.007407407407407407 0.0 1.0 0.0 0.02152496207131753 0.016182479255174097 0.014119091467157766 0.0009876543209876543 0.016097521788504165
0 0.00641025641025641 0.0 1.0 0.0 0.019188003227323787 0.010143111225248677 0.01770789063606744 0.003988603988603989 0.013318401476943865
0 0.011764705882352941 0.0 1.0 0.0 0.0014966428943737704 0.0 0.02469938251543711 0.004575163398692811 0.00031095758230489316
0 0.01515151515151515 0.0 1.0 0.0 0.033313739979633133 0.02860510775253443 0.023103967855349072 0.007070707070707071 0.06961052377056619
0 0.010989010989010988 0.0 1.0 0.0 0.03043507368257845 0.024933638893549534 0.025074373140671482 0.007264957264957266 0.0397642305720424
0 0.03225806451612903 0.0 1.0 0.06451612903225806 0.034426903279562056 0.035900722263825804 0.020192070918492986 0.010669975186104212 0.03225806451612903
0 0.021739130434782608 0.0 1.0 0.0 0.028133949129569062 0.031850677821585405 0.023896448722203784 0.0026755852842809368 0.03935513830705926
0 0.023809523809523808 0.0 1.0 0.0 0.005603620156391929 0.014950318161152332 0.01853871319520175 0.002197802197802198 0.003661228941303858
0 0.01 0.0 1.0 0.0 0.031391177922735596 0.045079855820500135 0.02229007633587787 0.007692307692307693 0.034448944651057294
0 0.005263157894736842 0.0 1.0 0.0 0.033756492949966466 0.012763395458163207 0.015267175572519089 0.0024291497975708503 0.017032315326311456
0 0.030303030303030304 0.0 1.0 0.0 0.011818194390801656 0.010381791241169565 0.01456554495228528 0.0060606060606060615 0.0303030303030303
0 0.018518518518518517 0.0 1.0 0.0 0.01929601250041099 0.016796036452652617 0.01596071209330878 0.003909465020576131 0.02559304992466754
0 0.014492753623188404 0.0 1.0 0.0 0.005555631712898427 0.014787814702878937 0.013932260389142446 0.0 0.0034663405974760327
0 0.005434782608695652 0.0 1.0 0.0 0.011095155954410105 0.012392309761404268 0.01657458563535911 0.001207729468599034 0.00834172279499652
0 0.018181818181818184 0.0 1.0 0.0 0.020594932314414935 0.0263095234782743 0.0155700652938222 0.0030303030303030303 0.07040679548613839
0 0.008771929824561403 0.0 1.0 0.0 0.008065709642054298 0.007956017267045978 0.013666763594068043 0.0005847953216374269 0.02378239879657613
0 0.006493506493506493 0.0 1.0 0.0 0.017288367998702796 0.012632502260586377 0.009040683073832247 0.00101010101010101 0.03093636392106923
1 0.045454545454545456 0.0 1.0 0.0 0.023951200687671093 0.021748972546478562 0.017444717444717445 0.00568181818181818 0.045454545454545456
0 0.03125 0.0 1.0 0.0 0.005873142097648844 0.006931788141974502 0.019594594594594596 0.005774456521739129 0.006846128408818545
0 0.017543859649122806 0.0 1.0 0.0 0.01329208101621312 0.01912662244669911 0.012233285917496445 0.004290617848970252 0.014549664586868332
0 0.022727272727272728 0.0 1.0 0.0 0.02065227196085817 0.023526068845489214 0.01031941031941032 0.0 0.06451601237505279
0 0.0064516129032258064 0.0 1.0 0.0 0.00654926089235731 0.015503354123985978 0.016913687881429818 0.0017531556802244039 6.655619235178876e-05
0 0.004065040650406504 0.0 1.0 0.0 0.019365257337760754 0.012590167202338739 0.022676334871456823 0.002916224814422057 0.01876701507335233
0 0.005494505494505494 0.0 1.0 0.0 0.01556828308565885 0.004874113452171115 0.02328482328482329 0.0022993311036789295 0.03153349620755846
0 0.006578947368421052 0.0 1.0 0.0 0.01836830116507278 0.006411266735612271 0.021621621621621623 0.0031464530892448515 0.039970997982774314
0 0.037037037037037035 0.0 1.0 0.07407407407407407 0.00794572843147546 0.006279064232991865 0.00480936090039169 0.0014894250819183802 0.037037037037037035
0 0.020833333333333332 0.0 1.0 0.0 0.0014818147071403644 0.0022796229099612303 0.006637661758143686 0.0012846291331546028 0.00026856909500649326
0 0.0303030303030303 0.0 1.0 0.0 0.004448695110210955 0.002486861356321342 0.008884020932213703 0.0012186205215695834 0.042425306444622175
0 0.009259259259259259 0.0 1.0 0.0 0.0032835864925107555 0.0043839765108202216 0.009321235559522039 0.0015887200873796054 0.009852637998274258
0 0.007407407407407408 0.0 1.0 0.0 0.0062415794433490135 0.004287145784010337 0.012692746293817244 0.0017376625955714434 0.007168364130546755
0 0.008771929824561403 0.0 1.0 0.0 0.007137189458284452 0.004765850859116315 0.008454872120059185 0.0014110342881332022 0.0019334178863753724
0 0.004464285714285714 0.0 1.0 0.0 0.0054734084823616445 0.004225452275183322 0.010249330655957161 0.001717493297587132 0.0011531166952084778
0 0.010416666666666666 0.0 1.0 0.0 0.009852620978567 0.003939811342210266 0.01751450245426149 0.0020107238605898124 0.0001263880512188866
0 0.004273504273504273 0.0 1.0 0.0 0.002887725277366379 0.0024549785184197867 0.009164864586551332 0.0012373685295937313 0.016116549671988636
0 0.004166666666666667 0.0 1.0 0.0 0.0062621500736028185 0.004024450048834207 0.009761267291387772 0.0003909740840035746 0.02969434794429184
0 0.010101010101010102 0.0 1.0 0.0 0.0013132678347105287 0.00420483025034692 0.011750706529822996 0.0002978850163836759 0.0012768960076216486
0 0.0037878787878787876 0.0 1.0 0.0 0.002732188971314407 0.002901338249041566 0.009979311184130462 0.0 0.00032040352608216376
0 0.0038461538461538464 0.0 1.0 0.0 0.0049052880059393105 0.005015170401914707 0.007095046854082998 0.0 0.0223156230418217
0 0.011904761904761904 0.0 1.0 0.0 0.0 0.0015197486066408203 0.006247211066488175 0.0 0.003508043387443915
0 0.002777777777777778 0.0 1.0 0.0 0.006663717628839155 0.0034194343649418452 0.00892458723784025 0.0 0.0035105051162390645
0 0.002976190476190476 0.0 1.0 0.0 0.007116516772633851 0.005556289899278447 0.011793204564288904 0.00044682752457551384 0.014265546582359387
0 0.0029411764705882353 0.0 1.0 0.0 0.0016582599620669936 0.0018236983279689843 0.0142570281124498 0.0004691689008042895 0.000326364619550997
0 0.0029239766081871343 0.0 1.0 0.0 0.005418315288710745 0.004936807685385057 0.012118650038751497 0.0004938620008466205 0.00010859222852737322
0 0.0023923444976076554 0.0 1.0 0.0 0.006260590978017108 0.005675973991278364 0.008944870390653524 0.000365586156470875 9.110308713173172e-05
0 0.0035714285714285718 0.0 1.0 0.14285714285714285 0.004206280989804601 0.006513208314174943 0.004016064257028112 0.00028724626579854464 0.04164726105411326
0 0.006802721088435374 0.0 1.0 0.0 0.006504489159805231 0.005210566651339955 0.011474469305794604 0.00038299502106472615 0.04726534862799521
0 0.0022727272727272726 0.0 1.0 0.0 0.003213469326158483 0.0037946637187621117 0.013587684069611777 0.0007372654155495978 0.0002809951881553715
0 0.007246376811594203 0.0 1.0 0.0 0.013195473299473216 0.009118491639844921 0.004239178937974119 0.0008936550491510277 0.11663600767112964
0 0.005208333333333333 0.0 1.0 0.0 0.0017731985831820737 0.007514104326580159 0.0068607764390896915 0.0006702412868632708 0.0016619681533994802
0 0.0033333333333333335 0.0 1.0 0.0 0.002754924633601935 0.005334534080232806 0.00892458723784025 0.0008936550491510277 0.02393664114184148
0 0.004273504273504274 0.0 1.0 0.0 0.0008483984046788935 0.0020263314755210936 0.002082403688829391 0.0 0.0017723708748085083
0 0.0028490028490028487 0.0 1.0 0.0 0.0038168832606703127 0.004415443678869193 0.012974976830398516 0.00020622808826562179 0.03425058293932266
0 0.004464285714285714 0.0 1.0 0.0 0.0023463949972639046 0.004730434031640285 0.014725568942436412 0.0003351206434316354 0.0013427881068262277
0 0.0034482758620689655 0.0 1.0 0.0 0.0036204126848965053 0.0027355474919534767 0.012449799196787148 0.0005361930294906167 0.046951138633160236
1 0.0047619047619047615 0.0 1.0 0.0 0.002223739639270202 0.0026052833256699774 0.008605851979345954 0.0005744925315970893 0.0020161685862974516
0 0.002304147465437788 0.0 1.0 0.0 0.009274248059447019 0.0034487340132467563 0.009562057754828839 0.0007659900421294523 0.014491342802533847
0 0.002840909090909091 0.0 1.0 0.0 0.0027154465564798403 0.002486861356321342 0.004867956675185591 0.0 0.015153028931644918
0 0.0030303030303030303 0.0 1.0 0.0 0.013615187317011343 0.007294793311875937 0.006157965194109772 0.0 0.02001296402581757
0 0.001547987616099071 0.0 1.0 0.0 0.003382976368228071 0.0 0.007257098569717468 0.0003527585720333004 0.0053509119037637234
0 0.0014285714285714286 0.0 1.0 0.0 0.005026998535237259 0.0 0.012717536813922356 0.00013404825737265417 0.025068019141588637
0 0.0023148148148148147 0.0 1.0 0.0 0.011128655469215333 0.0 0.004239178937974117 0.0 0.0001515983701419395
0 0.0013513513513513514 0.0 1.0 0.0 0.00436496125121004 0.0006716669295035195 0.012382864792503348 0.0006702412868632708 0.0002085094199328166
0 0.001547987616099071 0.0 1.0 0.0 0.006756712755703197 0.001445177633519405 0.010945743759351131 0.00039425958050780637 0.00011845917680382524
0 0.003205128205128205 0.0 1.0 0.0 0.006200675188867015 0.0 0.01890896921017403 0.0003351206434316354 0.000685928990791688
0 0.0020833333333333333 0.0 1.0 0.0 0.002068394184368319 0.0011194448825058657 0.013052208835341366 0.0005585344057193923 0.0008315005507930536
0 0.0006775067750677507 0.0 1.0 0.0 0.004237673010618028 0.0007900697984133623 0.014204968020229065 0.0006330056598153113 5.4767253873662414e-05
0 0.0010351966873706003 0.0 1.0 0.0 0.0069548049485326 0.0016342645982533566 0.011175135323904312 0.0008159459144422426 6.367622972444974e-05
0 0.0016611295681063123 0.0 1.0 0.0 0.002109518679317791 0.0 0.011570089883342894 0.00019149751053236308 0.0006800764228322555
0 0.0009090909090909091 0.0 1.0 0.0 0.00258643714894918 0.0 0.01606425702811245 0.0009651474530831101 0.0003763686636772758
0 0.02857142857142857 0.0 1.0 0.0 0.02490099194758486 0.028731354024025973 0.017726798748696555 0.00966386554621848 0.028571428571428567
0 0.020833333333333332 0.0 1.0 0.0 0.043775076626558135 0.04793354153077792 0.021289537712895375 0.003370098039215686 0.03190051214256332
0 0.011494252873563218 0.0 1.0 0.0 0.011383419295516627 0.006898980490186927 0.016360432922225016 0.0 0.0254346665806291
1 0.008064516129032258 0.0 1.0 0.0 0.032578563676509624 0.027598211779978826 0.03155168354132329 0.006404174573055029 0.026271538180590484
0 0.011111111111111112 0.0 1.0 0.0 0.012311777851673894 0.0 0.01581508515815085 0.0 0.007801295248603955
0 0.043478260869565216 0.0 1.0 0.0 0.027562293817397266 0.03676907337144226 0.022733731173628872 0.01001144164759725 0.043478260869565216
0 0.017241379310344827 0.0 1.0 0.0 0.010254446679580906 0.016155841183020412 0.017354068064007213 0.004990925589836659 0.02047103476237971
0 0.01075268817204301 0.0 1.0 0.0 0.01935888316147505 0.03058385580204462 0.020451191229179842 0.002758913412563667 0.026503492617628667
0 0.015625 0.0 1.0 0.0 0.03416845192340661 0.030992529201526994 0.029003267973856207 0.004523026315789474 0.058631665501178015
0 0.016666666666666666 0.0 1.0 0.0 0.02487356692764593 0.03594478150287104 0.02178649237472767 0.0060307017543859654 0.045277189105569354
0 0.013888888888888888 0.0 1.0 0.0 0.034035481369822804 0.030135222986919247 0.01797385620915033 0.004934210526315789 0.06097014692348234
0 0.015873015873015872 0.0 1.0 0.0 0.02261482544954269 0.009945021583807471 0.018155410312273062 0.0014619883040935672 0.04431660700874021
0 0.010416666666666666 0.0 1.0 0.0 0.03172961695590174 0.049097579325474684 0.021241830065359475 0.00932017543859649 0.054162019724406464
0 0.012345679012345678 0.0 1.0 0.0 0.021974259870275997 0.0 0.008714596949891067 0.0 0.0011116030986424385
0 0.045454545454545456 0.0 1.0 0.0 0.021658525210709736 0.016523001245416568 0.025649350649350647 0.008175277959450623 0.04545454545454544
0 0.010416666666666666 0.0 1.0 0.0 0.02369477018230233 0.021034886704559327 0.021130952380952375 0.004496402877697842 0.013057467959006669
1 0.009523809523809523 0.0 1.0 0.0 0.026746936180932584 0.0306227626556819 0.017959183673469385 0.002672147995889003 0.01782560712630051
0 0.007142857142857143 0.0 1.0 0.0 0.021344791707935653 0.013633988060116899 0.013469387755102043 0.0018499486125385406 0.02410380657199469
0 0.037037037037037035 0.0 1.0 0.0 0.012988189095734733 0.017722493001635958 0.012002743484224962 0.009691934925579784 0.03703703703703704
0 0.027777777777777776 0.0 1.0 0.0 0.03495007288796451 0.04424312362323356 0.018518518518518514 0.004153686396677051 0.01989326549025762
0 0.015873015873015872 0.0 1.0 0.0 0.0211359750864396 0.02449464528847448 0.018959435626102295 0.0026702269692923893 0.001819713275252625
0 0.005952380952380952 0.0 1.0 0.0 0.019078351319554 0.013760984140304064 0.017636684303350962 0.0013351134846461947 0.009665301125155354
0 0.0625 0.0 1.0 0.125 0.010537081641291034 0.006849959920643895 0.013372956909361067 0.0017671130952380952 0.0625
0 0.025 0.0 1.0 0.0 0.0019486441159201717 0.004555175064726099 0.010401188707280828 0.0014136904761904768 0.0002806267414154787
0 0.007751937984496124 0.0 1.0 0.0 0.004932654418035647 0.003900780230468757 0.012301738138843773 0.0020764119601328897 0.010570657197091224
0 0.01 0.0 1.0 0.0 0.003392142123077491 0.004403062759935329 0.01604754829123328 0.002738095238095238 0.020125956020751578
0 0.006060606060606061 0.0 1.0 0.06060606060606061 0.004737526600724068 0.0052146785252756706 0.011346751317033634 0.0018037518037518046 0.01211244395217112
0 0.005555555555555555 0.0 1.0 0.0 0.0027912268761578437 0.004317700275897626 0.007776126795443289 0.0014880952380952389 0.01408866722027698
0 0.004329004329004329 0.0 1.0 0.0 0.004858603666293249 0.0029789993293298897 0.01139177810797424 0.0008116883116883117 0.010418928811167332
0 0.003289473684210526 0.0 1.0 0.0 0.00201997898536124 0.0032683787054996875 0.00969734886994604 0.00023496240601503758 0.003174039505787513
0 0.005847953216374269 0.0 1.0 0.0 0.006098259117259498 0.0045777697484084435 0.009384531164463908 0.00046992481203007516 0.0029887785100160655
0 0.0020833333333333333 0.0 1.0 0.041666666666666664 0.0037114660468925403 0.005483081096429567 0.012196631996037639 0.00031001984126984125 6.43963512120941e-05
0 0.003787878787878788 0.0 1.0 0.0 0.005395625724944713 0.0044311711576093 0.012444279346210995 0.0017361111111111112 0.01593369689043997
0 0.006944444444444444 0.0 1.0 0.0 0.0008806942854035731 0.0025306528137367225 0.011639425458147596 0.0003720238095238095 0.00024245670893995722
0 0.004048582995951417 0.0 1.0 0.0 0.002938437710946812 0.003729383093927801 0.008055055916164856 0.00015664160401002505 0.00024112706108500126
0 0.002857142857142857 0.0 1.0 0.0 0.002405487842821665 0.0008098089003957512 0.01164933135215453 0.0 6.2296102366887e-05
0 0.002564102564102564 0.0 1.0 0.0 0.0030546789122919 0.003830348841541011 0.01074408503829009 0.0004578754578754579 0.018937851867954263
0 0.002840909090909091 0.0 1.0 0.0 0.003966136777347491 0.005061305627473444 0.006213697149804134 0.00027056277056277056 0.022554480488042507
0 0.0053475935828877 0.0 1.0 0.0 0.0016597180840205823 0.0055214243208801216 0.005268134540051331 0.0 0.007344593210505044
0 0.0013550135501355014 0.0 1.0 0.0 0.001979271347232429 0.004444073233879123 0.006160982857971223 7.259001161440186e-05 9.71722962796526e-05
0 0.003508771929824561 0.0 1.0 0.0 0.0024274777752880733 0.0033742037516489632 0.01050024764735017 0.0003968253968253968 0.00045103133562843386
0 0.0014705882352941176 0.0 1.0 0.0 0.003237836356877464 0.001358927027957507 0.013504064330041074 0.0006127450980392157 0.006032019017668833
0 0.0014005602240896359 0.0 1.0 0.0 0.0037751393680711363 0.0004740984245627118 0.0054628091950004376 0.0002626050420168067 0.000861335812783054
0 0.003246753246753247 0.0 1.0 0.0 0.004532748690898612 0.0 0.011568669072383781 0.0011692176870748297 0.016800325615579103
0 0.001976284584980237 0.0 1.0 0.0 0.004736855894013859 0.0015432311890303573 0.01749290828042685 0.0005411255411255411 0.026368720698357054
0 0.0010683760683760683 0.0 1.0 0.0 0.0014250587013279702 0.000718493191744673 0.01303006057835181 0.0006486568986568986 0.00094447916099416
0 0.003076923076923077 0.0 1.0 0.0 0.005118766767658269 0.0015573248084533677 0.011544176477311692 0.00022893772893772894 0.04114291909357632
0 0.0022624434389140274 0.0 1.0 0.0 0.0016848589043923707 0.0 0.014072196486321124 0.0011379551820728292 0.0004366615930768471
0 0.043478260869565216 0.0 1.0 0.0 0.02545678143830097 0.03881135483652898 0.02532250358337314 0.014492753623188403 0.04347826086956523
0 0.017241379310344827 0.0 1.0 0.0 0.021393725744344012 0.05163167150122967 0.0189465706707086 0.00574712643678161 0.03387943004437513
0 0.014492753623188404 0.0 1.0 0.0 0.022216233949839265 0.0444143429084715 0.02054467271858576 0.002898550724637681 0.03838763229465078
0 0.015625 0.0 1.0 0.0 0.010075290682805342 0.0 0.012362637362637364 0.0 0.007912202119976591
0 0.03571428571428571 0.0 1.0 0.0 0.025533651059058755 0.017228907823320826 0.02056277056277056 0.008178844056706658 0.035714285714285705
0 0.013888888888888888 0.0 1.0 0.0 0.021242141933330055 0.029338449735495358 0.0183080808080808 0.0029686174724342664 0.021837880961386696
0 0.008547008547008546 0.0 1.0 0.0 0.023433048320044163 0.020245574149732454 0.01981351981351981 0.002153063221765512 0.02004070417447449
0 0.03571428571428571 0.0 1.0 0.0 0.003951647231393369 0.022254290392555 0.0021645021645021645 0.0 0.012103467894613642
0 0.009090909090909092 0.0 1.0 0.0 0.015012194731724963 0.00503758026774464 0.026170798898071626 0.002081887578070784 0.027923347796470908
0 0.045454545454545456 0.0 1.0 0.0 0.01812294138044496 0.015212198746722689 0.011697860962566847 0.007744107744107747 0.045454545454545456
0 0.021739130434782608 0.0 1.0 0.0 0.019464330147901273 0.022946980691747266 0.015345268542199487 0.006763285024154591 0.03337741875780361
0 0.01282051282051282 0.0 1.0 0.0 0.010170518391845391 0.015504033648602415 0.00904977375565611 0.0 0.018165827717114533
0 0.013888888888888888 0.0 1.0 0.0 0.02032993439058356 0.015324444951133213 0.013888888888888888 0.0020576131687242796 0.04929297128104285
0 0.005714285714285714 0.0 1.0 0.0 0.008173424721255613 0.01295694240633202 0.013655462184873948 0.0 0.013303482631957717
0 0.013888888888888888 0.0 1.0 0.0 0.025112176161922448 0.012597027339489466 0.01593137254901961 0.0 0.07297003955397105
0 0.03571428571428571 0.0 1.0 0.0 0.017404598220327378 0.020296336360397856 0.02261904761904762 0.01150121065375303 0.03571428571428572
0 0.029411764705882353 0.0 1.0 0.0 0.021279854269411744 0.03391024308735947 0.026470588235294114 0.0019940179461615153 0.02439643551030095
0 0.02222222222222222 0.0 1.0 0.0 0.03966008157713647 0.06172867699198884 0.025555555555555554 0.0022598870056497176 0.02450389297973565
0 0.030303030303030304 0.0 1.0 0.0 0.02883584224422705 0.019956609510206485 0.014979338842975204 0.005887445887445893 0.03030303030303031
0 0.016129032258064516 0.0 1.0 0.0 0.022251713500474748 0.022570157740062224 0.00971407624633431 0.0031336405529953917 0.028828268407208972
0 0.02564102564102564 0.0 1.0 0.0 0.015438713034437803 0.015660345924957506 0.011800699300699298 0.002197802197802198 0.036291121311615604
0 0.013157894736842105 0.0 1.0 0.0 0.023793852718865163 0.01636666409220887 0.014952153110047842 0.0015037593984962407 0.035310715417170804
0 0.01 0.0 1.0 0.0 0.031049408112349807 0.020008729100277334 0.013636363636363632 0.0005714285714285715 0.048912329434917495
0 0.003968253968253968 0.0 1.0 0.0 0.018457758751477434 0.005499738438758513 0.012987012987012986 0.0010884353741496598 0.016525837620443344
0 0.007936507936507936 0.0 1.0 0.0 0.022205293235510844 0.0 0.012626262626262628 0.0 0.03776980780274815