0 0.030303030303030304 0.0 1.0 0.0 0.013518938781010232 0.01941656563873054 0.015295815295815298 0.008158508158508156 0.0303030303030303
0 0.045454545454545456 0.0 1.0 0.0 0.023915635492491285 0.032863192967725226 0.012987012987012986 0.0034965034965034965 0.009279019345964746
0 0.012345679012345678 0.0 1.0 0.0 0.01617246975541635 0.014535031545564767 0.010229276895943563 0.0 0.00974660023648034
0 0.022727272727272728 0.0 1.0 0.0 0.021218669523330416 0.050701640773645626 0.015584415584415584 0.0034965034965034965 0.01949359124583057
0 0.008695652173913044 0.0 1.0 0.0 0.008989615786384884 0.008531431559353233 0.007867494824016564 0.0 0.006297556643440292
1 0.03333333333333333 0.0 1.0 0.0 0.019643924276939118 0.02154539574799234 0.026881720430107524 0.010382513661202184 0.03333333333333334
0 0.015625 0.0 1.0 0.0 0.03184966969228095 0.04181800059420684 0.02167338709677419 0.0010245901639344263 0.010275260541554294
0 0.03571428571428571 0.0 1.0 0.0 0.01695477103245785 0.01542493143610955 0.011529808773903262 0.007653061224489796 0.03571428571428571
0 0.015625 0.0 1.0 0.0625 0.02105650166779164 0.025559913863441627 0.009104330708661415 0.002232142857142857 0.008684891982323915
0 0.0101010101010101 0.0 1.0 0.0 0.014960700289829635 0.021267708495241955 0.009305654974946315 0.0 0.01680075011627548
0 0.007352941176470588 0.0 1.0 0.0 0.013994457513312922 0.005002062450397972 0.012737378415933302 0.0018674136321195143 0.005660583932066544
0 0.03125 0.0 1.0 0.0 0.0036368480813781215 0.004759649466573785 0.004532113259668508 0.0014263485477178427 0.031249999999999997
0 0.013513513513513514 0.0 1.0 0.0 0.0021072263812229445 0.0004567490996795907 0.005188890548006568 0.0013831258644536656 0.011531977995701154
0 0.03333333333333333 0.0 1.0 0.0 0.00548351446027559 0.002681263214722123 0.00897790055248619 0.001521438450899032 0.058371581543912435
0 0.03125 0.0 1.0 0.0 0.0020926124065679696 0.0035282130515167593 0.0051795580110497235 0.0012102351313969572 0.030185941642955634
0 0.005263157894736842 0.0 1.0 0.05263157894736842 0.003298539806302038 0.0028845159432831606 0.004034603082291363 0.0016015141588410866 0.0036401857940770873
0 0.011904761904761904 0.0 1.0 0.0 0.00442283575896077 0.0007080653899340269 0.014305445935280188 0.0018770993874728315 0.027827917428949512
0 0.0037593984962406013 0.0 1.0 0.0 0.002383870249114565 0.0004447293865301278 0.01232189589997092 0.0015651161097765165 0.006418291402257095
0 0.004032258064516129 0.0 1.0 0.06451612903225806 0.002772420550757808 0.00646162365840506 0.0037426483692746385 0.0008031053406505152 0.0050438139466787895
0 0.006944444444444444 0.0 1.0 0.0 0.0008154270064993913 0.005880355085861266 0.006733425414364639 0.00017289073305670817 0.0013613511612186333
0 0.0058823529411764705 0.0 1.0 0.0 0.0011119949232766598 0.003320671107309891 0.007068573285667859 0.00016272068993572535 0.0013683690618002068
0 0.0025974025974025974 0.0 1.0 0.05714285714285714 0.0030979878465048206 0.0019364970442359245 0.008918705603788477 0.00031614305473226637 0.0040524725567294495
0 0.003472222222222222 0.0 1.0 0.0 0.0013150186646583271 0.0 0.010531767955801102 0.00011526048870447212 0.00047541561185526125
0 0.004524886877828055 0.0 1.0 0.0 0.0007282645672769463 0.0 0.010074748131296718 0.000488162069807176 0.0024640322048192003
0 0.0037593984962406013 0.0 1.0 0.0 0.0022300307396309637 0.0 0.006833381797034022 0.00021838829438742082 0.001690095430855875
0 0.0015873015873015873 0.0 1.0 0.047619047619047616 0.0031084211759260516 0.0015491470459845426 0.012529597474348855 0.00039517881841533294 7.681522431052082e-05
0 0.002232142857142857 0.0 1.0 0.0 0.0024556350744207056 0.0 0.012085635359116022 0.0002963841138114997 0.000368514306359106
0 0.0015898251192368838 0.0 1.0 0.0 0.0029204544663398876 0.002130692897420087 0.01593997312229356 0.001270980524092557 0.00030607740705896995
0 0.001633986928104575 0.0 1.0 0.058823529411764705 0.0036954365391998305 0.006145952369570217 0.005849853753656157 0.000122040517451794 0.0005331591446511745
0 0.0013157894736842105 0.0 1.0 0.0 0.0013971736183134155 0.0037634272549512114 0.006457182320441987 0.0002074688796680498 0.00010342804109758181
0 0.004166666666666667 0.0 1.0 0.0 0.0022559749864665955 0.00392023672390751 0.0024171270718232043 0.0 0.003054623907841928
0 0.001763668430335097 0.0 1.0 0.07407407407407407 0.005684944873094196 0.007083957883220261 0.009412727644771844 0.0006659494902925056 0.003809555432180353
0 0.0012987012987012987 0.0 1.0 0.0 0.002793988936061557 0.005099975504586181 0.00927387529597474 0.00023710729104919976 0.00019335931581927667
0 0.002173913043478261 0.0 1.0 0.1 0.00306533954072708 0.006115569289295716 0.004143646408839779 0.0005532503457814661 0.0005220237430627972
0 0.004629629629629629 0.0 1.0 0.0 0.004923911124795179 0.007442399501995776 0.011203192142418661 0.00030736130321192565 0.0022148445692394547
0 0.004 0.0 1.0 0.0 0.001687637453802311 0.0 0.010082872928176796 0.0 0.0032517808410172885
0 0.0009615384615384616 0.0 1.0 0.05 0.0057294239883509184 0.006856538706221891 0.007596685082872927 0.00027662517289073305 0.0023008916253751737
0 0.0011574074074074073 0.0 1.0 0.0 0.003957642210428133 0.004998301822982078 0.010315953038674032 0.00047544951590594743 0.0005240368692127767
0 0.002551020408163265 0.0 1.0 0.0 0.002431700016019447 0.0047042840686890115 0.007498026835043408 0.0 0.0014850965486261285
0 0.004310344827586207 0.0 1.0 0.0 0.0035233398290699124 0.00823249712020577 0.0008632596685082873 0.0 0.002994852310264998
0 0.027777777777777776 0.0 1.0 0.0 0.0033671031374688126 0.0028411803660398343 0.010001896094046264 0.0018043684710351382 0.027777777777777776
0 0.019230769230769232 0.0 1.0 0.0 0.004230724954678484 0.004125301313215818 0.006694670517196114 0.0019066403681788303 0.0006655189496612412
0 0.012345679012345678 0.0 1.0 0.0 0.003659277701284327 0.006561122940316569 0.005372266464416635 0.0018360240582462812 0.002175732146103768
0 0.008620689655172414 0.0 1.0 0.06896551724137931 0.002619583678721926 0.00280676471224699 0.005825585500764974 0.0016504568228706165 0.006876314343497008
0 0.014285714285714287 0.0 1.0 0.0 0.00203493284297834 0.003558577180197882 0.007435397367137981 0.001831501831501832 0.022784282509402228
0 0.010416666666666666 0.0 1.0 0.0 0.0030683463321679975 0.0029070063091129533 0.008425767918088738 0.0016025641025641032 0.040386523032748325
0 0.0047619047619047615 0.0 1.0 0.0 0.004372126082132155 0.001990056445675953 0.011262798634812285 0.00011396011396011396 0.00358278695556704
0 0.007352941176470588 0.0 1.0 0.0 0.006280198784903997 0.00745842304781576 0.0069263200160610315 0.001005530417295123 0.009397564700880422
0 0.0038314176245210726 0.0 1.0 0.0 0.0030114682220648563 0.005894329614070445 0.009532776273979051 0.0007662835249042146 0.004158249564805158
0 0.005 0.0 1.0 0.0 0.0028542333045594843 0.0031263696115769284 0.010665529010238907 0.0005982905982905983 0.0007358677766795016
0 0.003246753246753247 0.0 1.0 0.0 0.004393775829324061 0.005510605212879388 0.005119453924914676 0.0002442002442002442 0.00518843060819497
0 0.003205128205128205 0.0 1.0 0.0 0.00433160891934545 0.005366780878362376 0.006629036492517721 0.00013149243918474687 0.0002000782902007449
0 0.003076923076923077 0.0 1.0 0.0 0.0025538816649300407 0.0018604840378322902 0.007918088737201364 0.00013675213675213676 0.0008431558363231974
0 0.01020408163265306 0.0 1.0 0.0 0.0013203560219903511 0.004983439387050777 0.008288639687957094 0.0009768009768009768 0.02765638792061897
0 0.004166666666666667 0.0 1.0 0.0 0.0040871957284672215 0.004539194938925973 0.009918941979522184 0.000641025641025641 0.000951138683503848
0 0.002232142857142857 0.0 1.0 0.0 0.0017100579123778788 0.0033495387795618383 0.008898098488542174 0.0004884004884004884 0.0011337778542384615
0 0.0034602076124567475 0.0 1.0 0.0 0.004490981080732017 0.003573278423400236 0.007628990162617947 0.00020110608345902463 0.001138050248497828
0 0.00505050505050505 0.0 1.0 0.0 0.006403943472032511 0.006602465365710505 0.009618367980142723 0.0006216006216006216 0.029840268001879135
0 0.0020242914979757085 0.0 1.0 0.0 0.002956311283113327 0.0054579244918482326 0.006235232344447361 0.00013149243918474687 0.020607990813863244
0 0.002777777777777778 0.0 1.0 0.0 0.004863848002787743 0.007153206563643345 0.007489571482745543 0.0004748338081671415 0.007698511341452808
0 0.0026455026455026454 0.0 1.0 0.0 0.0024985540201403647 0.004522009814175706 0.009480470231323472 0.0 0.00071091409585936
0 0.004132231404958678 0.0 1.0 0.0 0.005021242425035411 0.0037975120949584242 0.008997828110456099 0.0006216006216006216 0.00461819471073922
0 0.002173913043478261 0.0 1.0 0.0 0.0010114208235444387 0.0023256050472903627 0.0071672354948805455 0.0005128205128205128 0.005527774182411878
0 0.004629629629629629 0.0 1.0 0.0 0.008066206474810607 0.010646163133979746 0.007584376185058778 0.001329534662867996 0.0036279437386413133
0 0.0017391304347826088 0.0 1.0 0.0 0.004449857299299158 0.0026037625465740273 0.005861403769105205 0.00014864362690449647 0.026278450399121748
0 0.0013736263736263737 0.0 1.0 0.0 0.003019768535112229 0.003003603084316879 0.008410531448074108 0.0006105006105006104 0.0008112116687568725
0 0.0030864197530864196 0.0 1.0 0.0 0.003166657655103518 0.0 0.003555176336746303 0.0002849002849002849 0.008910927143696663
0 0.004464285714285714 0.0 1.0 0.0 0.003415685822376385 0.002610789565283917 0.00895904436860068 0.00042735042735042735 0.006896189252707063
0 0.003134796238244514 0.0 1.0 0.0 0.003390597191308598 0.0 0.0048091839900713616 0.0 0.010069123988626104
0 0.03125 0.0 1.0 0.0 0.022460278752153447 0.03158338821974406 0.02252252252252253 0.011931818181818184 0.031249999999999997
0 0.016666666666666666 0.0 1.0 0.0 0.02549416060086011 0.03040646234214855 0.009609609609609607 0.002727272727272727 0.027964087765826436
0 0.0303030303030303 0.0 1.0 0.0 0.0034950796309185534 0.0168654415619611 0.013104013104013103 0.0 0.01139803281877122
0 0.014705882352941176 0.0 1.0 0.0 0.006925090935116723 0.010912932775386594 0.010598834128245893 0.0 0.00027662720438510595
0 0.009523809523809525 0.0 1.0 0.0 0.012079994989206831 0.007634024055295736 0.01758901758901759 0.003463203463203463 0.011397853153488983
0 0.04 0.0 1.0 0.0 0.007701316780762969 0.025401822632221002 0.01936305732484076 0.00794871794871795 0.04
0 0.013513513513513514 0.0 1.0 0.05405405405405406 0.01627707291898076 0.013224258453455248 0.012566706834222757 0.003811503811503812 0.0064236674323035585
0 0.014492753623188404 0.0 1.0 0.0 0.00782346737339459 0.0 0.012461921905289393 0.0 0.00032313622200985393
0 0.009615384615384616 0.0 1.0 0.0 0.00405444665626231 0.015094071220394183 0.009064184223419891 0.0 0.0011245392884666335
0 0.011764705882352941 0.0 1.0 0.0 0.01943123767837195 0.021778211526062997 0.01049082053203447 0.0018853695324283558 0.0002757606249917456
0 0.005747126436781609 0.0 1.0 0.0 0.013846895316583023 0.026507643602622297 0.016692290797276518 0.004199823165340406 0.005432848172126275
0 0.03125 0.0 1.0 0.0 0.004419864131235019 0.004695508543012295 0.010168650793650794 0.0014900662251655632 0.031249999999999997
0 0.011363636363636364 0.0 1.0 0.0 0.0035777869950660585 0.004438755575430421 0.009499759499759498 0.0014449127031908495 0.018195347697931737
0 0.0303030303030303 0.0 1.0 0.0 0.002473385344337973 0.002543110677646044 0.008056758056758056 0.001324503311258278 0.012470850597805517
0 0.011904761904761904 0.0 1.0 0.09523809523809523 0.003248056107449339 0.007155060636971116 0.004787100025195263 0.0014506464837590659 0.002529467392984216
0 0.011764705882352941 0.0 1.0 0.0 0.002147456257555793 0.001589963715619239 0.015250544662309367 0.0012465913517724966 0.0013521433742324852
0 0.00641025641025641 0.0 1.0 0.0 0.0024072869743014327 0.004482168401262565 0.007987382987382986 0.0014263881813550686 0.00031622446109454063
0 0.011904761904761904 0.0 1.0 0.0 0.0030524838190738213 0.005255713393296928 0.004629629629629629 0.001214128035320088 0.007432285648138464
0 0.004166666666666667 0.0 1.0 0.13333333333333333 0.001874115999047014 0.0050010229926047 0.007671957671957672 0.0014128035320088305 0.0018191241115005114
1 0.0018832391713747645 0.0 1.0 0.0 0.0015154395199380975 0.0027487508303925823 0.01049233252623083 0.0005163317993040744 0.000555514735178755
0 0.0024390243902439024 0.0 1.0 0.04878048780487805 0.0037792557118694822 0.005493777066164036 0.005194218608852754 0.0 0.00022790867507087024
0 0.0023923444976076554 0.0 1.0 0.0 0.0006020447441519737 0.0017207327192113805 0.010442773600668339 0.0001742767514813524 0.0001591847903316321
0 0.0026881720430107525 0.0 1.0 0.0 0.004386862277037371 0.006103409101893207 0.005120327700972862 0.0 0.0004250569510796344
0 0.003344481605351171 0.0 1.0 0.08695652173913043 0.0038166792085765587 0.00274211133563318 0.006843800322061191 0.00011517420097898071 0.004573278874857265
0 0.003401360544217687 0.0 1.0 0.0 0.0019226509442901718 0.0030482569051496463 0.011904761904761904 0.0006307158625039421 0.0003036311528081685
0 0.005128205128205128 0.0 1.0 0.0 0.0012899068771017202 0.003465305534041931 0.016687016687016686 0.0 0.0026804477330080343
0 0.010416666666666666 0.0 1.0 0.0 0.0029142993322224518 0.003003264796169674 0.0006613756613756613 0.0 0.023571926593071002
0 0.002262443438914027 0.0 1.0 0.0 0.0012119778401015514 0.0020791833204251587 0.007682132682132682 0.0 0.003020558219823328
0 0.0020576131687242796 0.0 1.0 0.07407407407407407 0.0047606677017787815 0.006006529592339347 0.0030864197530864196 9.811135638950208e-05 0.002284460330061421
0 0.0021929824561403508 0.0 1.0 0.0 0.0019429126192548444 0.004880305293775719 0.004905202821869488 0.0 0.0007084620177469338
0 0.0025 0.0 1.0 0.0 0.004001051411013627 0.00045048971942545106 0.010846560846560846 0.0005298013245033113 0.00029410686125693587
0 0.0015360983102918587 0.0 1.0 0.0 0.002596457817817121 0.00036545409674123696 0.007595152756443078 0.0001281777397991882 0.00021628510641762982
0 0.0013774104683195593 0.0 1.0 0.06060606060606061 0.0017155322363510584 0.0009358923843141327 0.008377425044091712 0.0005217740317078065 0.0005384871623027041
0 0.002717391304347826 0.0 1.0 0.0 0.0038323751823336745 0.0019302780426478988 0.012566137566137565 0.0005794701986754967 0.0012071944112342305
0 0.0011574074074074073 0.0 1.0 0.05555555555555555 0.0052334984141872674 0.0004495399251482241 0.006650499706055262 0.00014716703458425313 0.0001599958609300956
0 0.002857142857142857 0.0 1.0 0.0 0.0019281164295136936 0.000685778795265159 0.008597883597883597 0.0001892147587511826 0.0017157783536495906
0 0.0016722408026755855 0.0 1.0 0.0 0.001375301483051122 0.0 0.007936507936507936 0.00028793550244745177 0.0008502758257706767
0 0.001949317738791423 0.0 1.0 0.0 0.002155770500373546 0.0005053106912480119 0.007797270955165692 0.0004879749041477867 0.0013517559597378541
0 0.0009398496240601503 0.0 1.0 0.05263157894736842 0.00448794889692197 0.0 0.006961849067112225 0.0001394214011850819 0.0003262253092960286
0 0.0014367816091954023 0.0 1.0 0.0 0.002963686774588758 0.0 0.010085978835978835 0.00011037527593818985 0.0010083537309364826
0 0.029411764705882353 0.0 1.0 0.0 0.005897819733012305 0.009627345345863117 0.0158288770053476 0.0037569772434521234 0.02941176470588236
0 0.017857142857142856 0.0 1.0 0.0 0.011981167831081463 0.012861776076997232 0.013116883116883119 0.004562043795620437 0.003589410250825687
0 0.014492753623188404 0.0 1.0 0.0 0.0051773916739304374 0.012952830396682281 0.012806324110671934 0.0026975563313233904 0.009643532265402762
0 0.008064516129032258 0.0 1.0 0.0 0.007151271735039544 0.014932180249540818 0.009149560117302055 0.0012950317871438662 0.0003364493569596462
0 0.015384615384615385 0.0 1.0 0.0 0.00565950498164177 0.010452231791546815 0.003356643356643356 0.0005614823133071308 0.011549126908870331
0 0.011904761904761904 0.0 1.0 0.0 0.010135467618851647 0.007093216645802201 0.009090909090909092 0.0 0.016052806777034405
0 0.008928571428571428 0.0 1.0 0.0 0.004310412965154656 0.006493338588536037 0.00909090909090909 0.0009124087591240876 0.015644362299102706
0 0.004310344827586207 0.0 1.0 0.0 0.007286022496390574 0.012409100017464198 0.01780564263322884 0.0016360432922225016 5.5771374052758025e-05
0 0.003472222222222222 0.0 1.0 0.0 0.005506974368099001 0.0069823851357115425 0.012386363636363636 0.0002281021897810219 0.0069289880973325375
0 0.0032258064516129032 0.0 1.0 0.0 0.006065091646172424 0.0012752767605849822 0.006686217008797654 0.0002354603249352484 0.0013166655425980096
0 0.003787878787878788 0.0 1.0 0.0 0.010078601869377823 0.0034140034648778733 0.009393939393939392 0.0010644768856447689 0.0036934317048355997
0 0.029411764705882353 0.0 1.0 0.0 0.016419203962540683 0.014004930395079463 0.0157251019219569 0.008235294117647061 0.029411764705882353
0 0.013157894736842105 0.0 1.0 0.0 0.014943992791283885 0.028641662161365527 0.016675351745700888 0.0010526315789473684 0.017376170768802813
0 0.05555555555555555 0.0 1.0 0.0 0.005786399170495019 0.011337324605540518 0.009900990099009901 0.0 0.006044925970679839
0 0.010869565217391304 0.0 1.0 0.0 0.014735825844952416 0.01731874902045605 0.02023245802841154 0.002608695652173913 0.0007552788202555509
0 0.08333333333333333 0.0 1.0 0.0 0.005396471197788071 0.005928430453919811 0.003512596899224806 0.0013343037360504613 0.08333333333333333
0 0.013513513513513514 0.0 1.0 0.0 0.0018978757775137802 0.0033647848522247578 0.004949717159019485 0.0014556040756914111 0.014423641106537377
0 0.03333333333333333 0.0 1.0 0.0 0.005350330368386498 0.0028217660906027587 0.009738372093023256 0.001601164483260553 0.06373307529934971
0 0.00641025641025641 0.0 1.0 0.05128205128205128 0.00295648244724531 0.0013378328399346795 0.0040995825879546815 0.0014929272571193959 0.0031894482646366044
0 0.014285714285714287 0.0 1.0 0.0 0.004354183087098235 0.0007451692531620108 0.01650747508305648 0.0019754626741526307 0.026072337361119812
0 0.0043859649122807015 0.0 1.0 0.0 0.0027061969251046636 0.0004680339832041956 0.013922888616891064 0.0017237416685819344 0.008022428913484144
0 0.003401360544217687 0.0 1.0 0.047619047619047616 0.0031269910604876223 0.0018660772843172846 0.013289036544850499 0.001109031676717266 4.6162208277293696e-05
0 0.004464285714285714 0.0 1.0 0.0 0.002584127607384579 0.0 0.013392857142857146 0.0004158868787689749 0.0001029083874229653
0 0.003003003003003003 0.0 1.0 0.0 0.0026614094930134716 0.0019822334196927137 0.01787397862979259 0.0012589008222195993 6.763831854232338e-05
0 0.004 0.0 1.0 0.08 0.00447368852579403 0.00849579294162483 0.010988372093023257 0.0009315866084425037 8.587471806503004e-05
0 0.0034965034965034965 0.0 1.0 0.0 0.0025105578670852613 0.005311212830195524 0.011124776386404293 0.0005598477214197739 7.292773619723606e-05
0 0.005952380952380952 0.0 1.0 0.0 0.0027043468715515356 0.005201155016835314 0.006125415282392027 0.0004158868787689749 0.00027796758030939706
0 0.002079002079002079 0.0 1.0 0.0 0.0017616130455494405 0.00473055120824979 0.006128221244500315 0.0003147252055548999 6.192975813234112e-05
0 0.0035714285714285713 0.0 1.0 0.1 0.005071669958359433 0.0035664525257925817 0.003270348837209302 0.00043668122270742354 0.007122070889819414
0 0.00392156862745098 0.0 1.0 0.0 0.0015196200397730294 0.0 0.02034883720930233 0.0003424950766332734 0.00021492204182651698
0 0.0026041666666666665 0.0 1.0 0.0 0.0016286512430570069 0.0 0.011022286821705427 0.000121300339640951 0.00014210475523385155
0 0.0034602076124567475 0.0 1.0 0.0 0.00040380926997644277 0.0 0.011114911080711354 0.0005137426149499101 0.0004135810591870025
0 0.0029239766081871343 0.0 1.0 0.0 0.002346718394611654 0.0 0.007726438188494493 0.00038305370412931893 0.00019479294138437944
0 0.0012239902080783353 0.0 1.0 0.046511627906976744 0.0035051821589944378 0.004917173949374173 0.012777176852352622 0.001083240242375004 3.9376938811378935e-05
0 0.0014705882352941176 0.0 1.0 0.0 0.0026756527758080963 0.006406913468324983 0.008421682626538987 8.562376915831835e-05 6.654041704232618e-05
0 0.007936507936507936 0.0 1.0 0.0 0.006601356842979044 0.004950796770978393 0.0012112403100775194 0.0 0.0005188597031907422
0 0.003246753246753247 0.0 1.0 0.0 0.0023308229635628 0.006615668379971998 0.014638704318936878 0.0011436889166146808 0.0002765347481380025
0 0.003952569169960474 0.0 1.0 0.0 0.001280921213085215 0.0027004346023518505 0.005021141649048626 0.0 0.0005681846143871859
0 0.0021929824561403508 0.0 1.0 0.10526315789473684 0.002435969968786282 0.006774774528707275 0.0016064871481028151 0.0 0.0001983139841064527
0 0.002857142857142857 0.0 1.0 0.0 0.0031579743109314095 0.004950796770978393 0.012769933554817274 0.0 0.00028598133319790366
0 0.0032051282051282055 0.0 1.0 0.0 0.002478683504077203 0.0 0.01174903100775194 0.000485201358563804 0.021621225060179407
0 0.0009259259259259259 0.0 1.0 0.05 0.006445686464494352 0.007777600814204297 0.007194767441860467 0.0005822416302765649 0.0019230989615998278
0 0.0009157509157509158 0.0 1.0 0.10256410256410256 0.0026535973311763083 0.006669460131757568 0.0073047107930828865 0.00029858545142387937 3.828839767907957e-05
0 0.034482758620689655 0.0 1.0 0.0 0.005444033819077216 0.009751056100129768 0.014166731532653538 0.003042596348884382 0.034482758620689655
0 0.027777777777777776 0.0 1.0 0.0 0.011979641724271572 0.009405020411836025 0.009280160521695509 0.002262443438914027 0.0002234778041143142
0 0.00980392156862745 0.0 1.0 0.0 0.008560565169143323 0.005884424535747674 0.012083388660204487 0.002595155709342562 9.125939627116271e-05
0 0.010869565217391304 0.0 1.0 0.0 0.006429754856142158 0.009690826385259308 0.01619393463539111 0.003147747393271691 0.0062740923361151385
0 0.014285714285714287 0.0 1.0 0.0 0.0 0.0 0.007255723960012899 0.0024240465416936 0.018859724082021762
0 0.01515151515151515 0.0 1.0 0.0 0.01830207700120584 0.008394563673374305 0.005130309870716191 0.0008227067050596463 0.0018807463654555564
0 0.02857142857142857 0.0 1.0 0.0 0.010223580524527948 0.009234020040711735 0.008126410835214447 0.0 0.02007882214941923
0 0.005208333333333333 0.0 1.0 0.0 0.00790002486606338 0.004364159832512053 0.014578630549285175 0.0008484162895927602 0.0001512387415033162
0 0.005847953216374269 0.0 1.0 0.0 0.006554692019469696 0.009587808321590813 0.009742188428181062 0.001428911645629912 0.01119988326337789
0 0.005263157894736842 0.0 1.0 0.0 0.01267011289844206 0.0068633048263232535 0.014019246762504455 0.0005953798523457967 0.0046926123851921036
0 0.003787878787878788 0.0 1.0 0.0 0.0042900115386771175 0.00476313516294154 0.0118510158013544 0.0007541478129713424 0.014223657762780811
0 0.003333333333333333 0.0 1.0 0.0 0.012239999076415355 0.011445512378363993 0.00785553047404063 0.0004524886877828055 0.00015060743180857647
0 0.004048582995951417 0.0 1.0 0.0 0.005235758993873107 0.007290015821614527 0.014850896994178447 0.0 0.00021826892468791267
0 0.005494505494505494 0.0 1.0 0.0 0.020553315764417088 0.013482397159159774 0.009897551658274006 0.001218238774799861 0.0015349676618493504
0 0.001851851851851852 0.0 1.0 0.0 0.00353429873809783 0.005130011133728741 0.01022071733132681 0.0003770739064856712 0.005068776871631837
0 0.0025 0.0 1.0 0.0 0.011503147693047201 0.005038586011351967 0.012821670428893905 0.0008144796380090498 0.000227534502396305
0 0.004901960784313725 0.0 1.0 0.0 0.001468340269410853 0.0 0.006395786305492851 0.0 0.01522443661667592
0 0.00505050505050505 0.0 1.0 0.0 0.018907609272528107 0.005324521434248237 0.015596142006977221 0.002056766762649116 0.004147139473149596
0 0.004048582995951417 0.0 1.0 0.0 0.005764000740984617 0.0 0.01128668171557562 0.0005221023320570832 0.002430700411988199
0 0.002631578947368421 0.0 1.0 0.0 0.01191468401449926 0.0 0.009266959724367354 0.0 0.0002050215472115486
0 0.001984126984126984 0.0 1.0 0.0 0.003430980653553085 0.0011518189258605516 0.013544018058690745 0.0001885369532428356 0.005747440795688528
0 0.0017482517482517483 0.0 1.0 0.0 0.003974267154262174 0.0035515461695045133 0.01041847542976211 0.0007831534980856249 0.0032333341857256398
0 0.03125 0.0 1.0 0.0 0.00822010518165716 0.00431923476951753 0.014937106918238994 0.0025603991596638664 0.03125000000000001
0 0.017857142857142856 0.0 1.0 0.0 0.006373478114403544 0.008041163552611781 0.013477088948787063 0.002926170468187275 0.014517848218808149
0 0.0196078431372549 0.0 1.0 0.0 0.007216439317054318 0.011795133959787667 0.020717721050684427 0.0028423133959466136 0.03385278237258621
0 0.014705882352941176 0.0 1.0 0.0 0.00465712043670776 0.007708982677312674 0.00949562214823036 0.0025951557093425604 0.019993643590125756
0 0.008333333333333333 0.0 1.0 0.0 0.0045113005294644785 0.0036940356215918904 0.009084556254367574 0.0021008403361344537 0.00455699636123328
0 0.008771929824561403 0.0 1.0 0.0 0.004667988346626205 0.00700059895307355 0.01886792452830189 0.0008845643520566123 0.000467465909317727
0 0.007142857142857143 0.0 1.0 0.0 0.0041614623777364275 0.004406473506040272 0.01467505241090147 0.0007352941176470588 0.013177905036358925
0 0.005434782608695652 0.0 1.0 0.0 0.0020573325661256687 0.0037280205133308243 0.013125512715340442 0.0 0.00018451523240503421
0 0.00326797385620915 0.0 1.0 0.0 0.005439718006907938 0.004607922967018223 0.015661610556172153 0.0017301038062283735 0.0071620341943056404
0 0.0058823529411764705 0.0 1.0 0.0 0.003108533549482493 0.0050437924592122915 0.006289308176100629 0.00024715768660405336 0.012214254150448819
0 0.003134796238244514 0.0 1.0 0.0 0.0033072275223069124 0.004239424623387324 0.020024578905515796 0.0013764126340191248 0.009404845167971583
0 0.0026041666666666665 0.0 1.0 0.0 0.0055564035889010014 0.0022329289532971083 0.007468553459119497 0.00013130252100840336 0.01716796361894818
0 0.007692307692307693 0.0 1.0 0.0 0.004872211982464908 0.0057162981204405975 0.006708595387840671 0.0 0.04431795314256968
0 0.0037593984962406013 0.0 1.0 0.0 0.005249526607699611 0.006076778328713199 0.010040825333774688 0.0009951348960636887 0.02477752946260536
0 0.0031746031746031746 0.0 1.0 0.0 0.008848919671332207 0.008739180278016139 0.009683537985424779 0.0006002400960384154 0.023396043433404217
0 0.003472222222222222 0.0 1.0 0.0 0.008213260635273889 0.007046508357503105 0.015373864430468207 0.0005835667600373484 0.04039579696476342
0 0.004524886877828054 0.0 1.0 0.0 0.0056391529408055885 0.006796216595533488 0.020803096274794392 0.0006464124111182935 0.022330042212532
0 0.0030864197530864196 0.0 1.0 0.0 0.00630199856227388 0.008033949328835135 0.010132774283717678 0.0004668534080298786 0.013205288321979727
0 0.002506265664160401 0.0 1.0 0.0 0.005169601064290463 0.00974390779524873 0.02565638414695019 0.0017006802721088435 0.027015924522042704
0 0.005555555555555556 0.0 1.0 0.0 0.010596742804371234 0.01005749410139347 0.026088982063824834 0.0014005602240896359 0.0658570373176236
0 0.0008503401360544217 0.0 1.0 0.0 0.0038110975938364764 0.0032031762479363783 0.014263252470799638 0.000862845138055222 0.008436234929472273
0 0.023809523809523808 0.0 1.0 0.0 0.006604705152560273 0.006721962165432159 0.02023809523809524 0.0023451784720566007 0.023809523809523808
0 0.019230769230769232 0.0 1.0 0.0 0.006113378876546992 0.006166343452023401 0.012243589743589745 0.0023115448824964687 0.015457875825394315
0 0.01282051282051282 0.0 1.0 0.0 0.007709772052946202 0.007863662573076422 0.017179487179487182 0.002632592782843199 0.033200237109534673
0 0.005555555555555556 0.0 1.0 0.0 0.009395896520989782 0.009433487616833134 0.019407407407407408 0.002634019662400295 0.013646528693540303
0 0.004761904761904762 0.0 1.0 0.0 0.006324053230434416 0.00795929620638012 0.016428571428571428 0.0012322124175212657 0.014865305004242062
0 0.008771929824561403 0.0 1.0 0.0 0.003609276552047062 0.006178433664726476 0.01587719298245614 0.0007907916703277392 0.0002658649126313874
0 0.017857142857142856 0.0 1.0 0.0 0.0019188209108283716 0.0014195314614616676 0.002916666666666667 0.0 0.04883313077472355
0 0.004310344827586207 0.0 1.0 0.0 0.00852506436554031 0.010788774498287383 0.01103448275862069 0.00126647861378159 0.021340348720785066
0 0.012345679012345678 0.0 1.0 0.0 0.011323224252962064 0.017127037826382013 0.014629629629629631 0.0024114264514932295 0.0008761413129637617
0 0.004761904761904762 0.0 1.0 0.0 0.007354343776178009 0.0037764808628309734 0.02023809523809524 0.001271961205183242 0.04204490084816228
0 0.004132231404958678 0.0 1.0 0.0 0.0010832580177076113 0.004645739328420003 0.012651515151515153 0.000531188344210047 0.0011406000705818354
0 0.003968253968253968 0.0 1.0 0.0 0.007626278944516045 0.005289021793771593 0.019523809523809527 0.001033468479211384 0.03642576767507725
0 0.0027472527472527475 0.0 1.0 0.0 0.005775283763871634 0.004110270953865641 0.007738095238095238 0.00023849272597185786 0.00010568692168050441
0 0.0032467532467532465 0.0 1.0 0.0 0.005249303088897109 0.006402786594544064 0.028636363636363637 0.0013659128851115495 0.004689139655406876
0 0.0026666666666666666 0.0 1.0 0.0 0.005476362016022332 0.006351994398452155 0.012533333333333332 0.0007345575959933222 0.017084576757285787
0 0.0125 0.0 1.0 0.2 0.0 0.0 0.0 0.0 0.17470293910098247
0 0.004201680672268907 0.0 1.0 0.07142857142857142 0.010063507089118625 0.008909364634730271 0.012142857142857141 0.0011924636298592892 0.06353537668695013
0 0.0019157088122605363 0.0 1.0 0.0 0.005368189451296299 0.006318567348101214 0.014080459770114944 0.0010362097749122099 0.02342366194797738
0 0.0037593984962406013 0.0 1.0 0.0 0.00430198710752036 0.001622321670241906 0.018214285714285714 0.0007154781779155735 0.0006583932721125737
0 0.002 0.0 1.0 0.0 0.004544596602618084 0.0005938277938157044 0.019066666666666666 0.0008013355592654424 0.028871203877369474
0 0.0026455026455026454 0.0 1.0 0.0 0.0052751536946027645 0.0022087820919688894 0.015555555555555557 0.0013912075681691708 0.03986959611255375
0 0.001567398119122257 0.0 1.0 0.0 0.009196025124711448 0.00640201272150433 0.015057471264367817 0.00161188187208566 0.029035866694059886
0 0.0010604453870625662 0.0 1.0 0.0 0.004539214161949164 0.0007337163301855965 0.016097560975609753 0.000244309621727269 0.0006157655577137646
0 0.003472222222222222 0.0 1.0 0.0 0.004146076184671697 0.0 0.005833333333333334 0.0 0.019517720492304675
0 0.0023529411764705885 0.0 1.0 0.0 0.004310198327036482 0.0 0.005294117647058824 0.0 0.010412814710183021
0 0.0034965034965034965 0.0 1.0 0.0 0.002009752507680869 0.0 0.02121212121212121 0.001062376688420094 0.0015739052697699076
0 0.030303030303030304 0.0 1.0 0.0 0.010428809840783282 0.014190130949194513 0.0207020702070207 0.0054184226369656825 0.03030303030303031
0 0.011111111111111112 0.0 1.0 0.0 0.01169310888349147 0.013992403320795451 0.018188485515218185 0.0037527593818984547 0.013669995542257328
0 0.01282051282051282 0.0 1.0 0.0 0.0067537901647960925 0.008559609863306915 0.01383599898451384 0.0014009169638308711 0.013177191142822316
1 0.013157894736842105 0.0 1.0 0.0 0.006829591451590409 0.012813727302942682 0.0099009900990099 0.0010456605088881143 0.0017941120233093185
0 0.03333333333333333 0.0 1.0 0.0 0.0 0.011262242985636278 0.0 0.0 0.03393196271026825
0 0.009259259259259259 0.0 1.0 0.0 0.01661288716033743 0.019027619646058373 0.020718738540520722 0.0042310522442972785 0.04337640978061156
0 0.0037593984962406013 0.0 1.0 0.0 0.00846077856762512 0.013776880886081491 0.020844189682126105 0.002178459393516905 0.009431043246576646
1 0.004166666666666667 0.0 1.0 0.0 0.006713611616985565 0.004533391022571319 0.011991199119911993 0.0011037527593818985 0.019100528064746373
0 0.003968253968253968 0.0 1.0 0.0 0.013400549256163213 0.005803548782773975 0.018741159830268743 0.0016556291390728477 0.029844805500669213
0 0.005 0.0 1.0 0.0 0.012928100679877912 0.01128558762591176 0.025742574257425748 0.0034768211920529805 0.039232673164512656
0 0.00909090909090909 0.0 1.0 0.0 0.014573442507533452 0.012932615460028177 0.023102310231023104 0.004966887417218543 0.06078364866718163
0 0.0027777777777777775 0.0 1.0 0.0 0.008746013846623117 0.0032149315392807003 0.019691969196919692 0.0014348785871964682 0.024343827186378623
0 0.027777777777777776 0.0 1.0 0.05555555555555555 0.013452622394494872 0.01167477897350785 0.012578616352201257 0.004419191919191916 0.027777777777777783
0 0.014285714285714285 0.0 1.0 0.0 0.007790033691268179 0.008834278913408196 0.012614555256064688 0.0038961038961038944 0.0026565522261690964
0 0.009259259259259259 0.0 1.0 0.0 0.011147587891950647 0.010210859477895148 0.010062893081761006 0.0008417508417508418 0.011246103171313478
0 0.013157894736842105 0.0 1.0 0.0 0.011249144295646918 0.004372301513968646 0.009930486593843097 0.00039872408293460925 0.009168483430609836
0 0.010526315789473684 0.0 1.0 0.0 0.010756691124084412 0.002159529665950726 0.01628599801390268 0.0013955342902711324 0.018359921926015006
0 0.007575757575757575 0.0 1.0 0.0 0.01440110510756193 0.016712484185655758 0.006346483704974271 0.0003443526170798898 0.016649595380142077
0 0.017857142857142856 0.0 1.0 0.0 0.006745120062732434 0.019324985123080427 0.010849056603773584 0.0 0.012084968126722847
0 0.005208333333333333 0.0 1.0 0.0 0.006188825020421704 0.005368051423077897 0.011635220125786163 0.0 0.013083728630703437
0 0.009259259259259259 0.0 1.0 0.0 0.008333377669344909 0.014014484696465268 0.00880503144654088 0.0006313131313131314 0.014103480756847066
1 0.0032258064516129032 0.0 1.0 0.0 0.007257174969635725 0.0038171291659801774 0.012416311625076079 0.0012218963831867058 0.01621551008398293
0 0.003952569169960474 0.0 1.0 0.0 0.010331290632409292 0.0011202889926423436 0.00951599671862182 0.0004940711462450593 0.017191809395327634
0 0.023809523809523808 0.0 1.0 0.0 0.005209645801766524 0.007954349383538463 0.02121126228269085 0.003266117580232887 0.023809523809523808
0 0.015625 0.0 1.0 0.0 0.00962561631018762 0.009314376362371597 0.009486607142857144 0.002298707753479124 0.009494046795068573
0 0.008333333333333333 0.0 1.0 0.0 0.00430199331104369 0.008038871914333416 0.012549603174603175 0.0026341948310139155 0.0071265322213446055
0 0.008620689655172414 0.0 1.0 0.0 0.006018027170244437 0.011018406372750299 0.011015325670498084 0.0025365051072873093 0.0026866772774859246
0 0.007692307692307693 0.0 1.0 0.0 0.005019792343550031 0.008327937586405671 0.015415140415140412 0.0014528215323443953 0.003455776485745392
0 0.01282051282051282 0.0 1.0 0.0 0.0010818981151718037 0.0031208417632624147 0.005036630036630036 0.0006117143294081663 0.032877413761127315
0 0.015873015873015872 0.0 1.0 0.0 0.004293195992099684 0.006010510062579465 0.0068342151675485005 0.0 0.0244589754151748
0 0.003676470588235294 0.0 1.0 0.0 0.003157905816788623 0.0050821986036616185 0.010854341736694674 0.0009355630920360193 0.010269505040468786
0 0.0065359477124183 0.0 1.0 0.0 0.001964225610507139 0.0023865260542594935 0.006419234360410831 0.0 0.019006246764927178
0 0.004347826086956522 0.0 1.0 0.0 0.007611793143098159 0.005282754979191025 0.010438233264320222 0.0006050652606102514 0.00863431285848206
0 0.0036363636363636364 0.0 1.0 0.0 0.0031942132064011687 0.006753245687998753 0.013968253968253968 0.0005566600397614314 0.0053048259169980695
0 0.010416666666666666 0.0 1.0 0.0 0.007568234421028842 0.0059619043808223264 0.017857142857142856 0.0017395626242544733 0.002913552316617177
0 0.0032051282051282055 0.0 1.0 0.0 0.004109837964200153 0.0067618238204018985 0.011904761904761904 0.00016567263088137837 0.00047225545628256505
0 0.002551020408163265 0.0 1.0 0.0 0.0029674340884254047 0.0009659748314859855 0.014668367346938771 0.0 0.0118064336148279
0 0.004166666666666667 0.0 1.0 0.0 0.004644011687115523 0.0009863770922634428 0.023065476190476185 0.0008697813121272366 0.000316553150928296
0 0.0026041666666666665 0.0 1.0 0.0 0.004148179137111029 0.0021757874077890393 0.019014550264550262 0.0009940357852882703 0.005118695223172214
0 0.006535947712418301 0.0 1.0 0.0 0.0027535300487493727 0.0030052550312897326 0.014329805996472662 0.00044179368235034236 0.03819334554701793
0 0.006944444444444444 0.0 1.0 0.0 0.0015202009648020546 0.0 0.016865079365079364 0.0 0.006139797540270271
0 0.005263157894736842 0.0 1.0 0.0 0.009788343183113602 0.005148655314910886 0.01607142857142857 0.001988071570576541 0.05753137325722062
0 0.0010416666666666667 0.0 1.0 0.0 0.004877755266008128 0.001845760608778271 0.014343584656084653 0.0008283631544068921 0.0046838822611444016
0 0.001221001221001221 0.0 1.0 0.0 0.0030060410350251994 0.0005294343529479747 0.01200651200651201 0.00035683335882143034 0.0002090019919694308
0 0.03333333333333333 0.0 1.0 0.06666666666666667 0.02080313577463238 0.007723098902419597 0.010493827160493826 0.004806201550387597 0.03333333333333334
0 0.05555555555555555 0.0 1.0 0.0 0.017738490827592678 0.01054634847027025 0.0051440329218107 0.004134366925064599 0.019898272025114537
0 0.0196078431372549 0.0 1.0 0.0 0.011959640738027633 0.011889980919264161 0.008986928104575163 0.004103967168262654 0.029615343168542398
0 0.010416666666666666 0.0 1.0 0.0 0.005021725970283358 0.015819522705405376 0.008873456790123456 0.0003875968992248062 0.00805682588057067
0 0.008 0.0 1.0 0.0 0.01173139925522464 0.007536012506100717 0.013703703703703697 0.0018604651162790697 0.037573362573150054
0 0.018518518518518517 0.0 1.0 0.0 0.006941020400304944 0.007030898980180167 0.0154320987654321 0.0 0.0005841505917440456
0 0.007936507936507936 0.0 1.0 0.0 0.014559814294017688 0.004198527443569317 0.016718106995884774 0.0012919896640826874 0.058374366332423974
0 0.005681818181818182 0.0 1.0 0.0 0.009852593330178787 0.009016268508180587 0.008838383838383838 0.0012684989429175475 0.00010990446213990173
0 0.01111111111111111 0.0 1.0 0.0 0.014631494540726703 0.02816214344031459 0.012037037037037037 0.004651162790697674 0.0005995301482035296
0 0.0033333333333333335 0.0 1.0 0.0 0.013333154349875831 0.015174734630465892 0.01574074074074074 0.0010852713178294573 0.03013627423790684
0 0.004132231404958678 0.0 1.0 0.0 0.014862845902597215 0.00862883056658475 0.01515151515151515 0.00042283298097251583 0.03434264397931723
0 0.029411764705882353 0.0 1.0 0.058823529411764705 0.011950580907188714 0.009497014282377576 0.01039153831879755 0.004095309009679823 0.02941176470588236
0 0.017857142857142856 0.0 1.0 0.0 0.0085155507095837 0.005210374315085345 0.008900405588102747 0.0033905967450271264 0.023274724872855198
0 0.0196078431372549 0.0 1.0 0.0 0.012072985621612162 0.001548355578317078 0.018556318426424197 0.004467609828741624 0.04650204021648314
1 0.005555555555555556 0.0 1.0 0.0 0.0102869805436631 0.008884939151803587 0.011917280056081316 0.0011251758087201128 0.016432164232863956
0 0.006666666666666667 0.0 1.0 0.0 0.005955794471506548 0.005770910168928323 0.012513144058885381 0.001371308016877637 0.019844566375202658
0 0.007575757575757575 0.0 1.0 0.0 0.00827977518010709 0.004892401296982387 0.00802982506452538 0.0 0.016853448483411377
0 0.010989010989010988 0.0 1.0 0.0 0.012858615418185346 0.010304221028077142 0.013588934724581411 0.0014605647517039922 0.03208011507076708
0 0.0033783783783783786 0.0 1.0 0.05405405405405406 0.006967173962474186 0.010497107084731751 0.011168897604228836 0.0006842285323297981 0.01451376136233688
0 0.005555555555555555 0.0 1.0 0.0 0.009532100240024207 0.0063420550043132755 0.016403785488958992 0.0017405063291139242 0.03304282548465238
0 0.005263157894736842 0.0 1.0 0.0 0.00167854409861957 0.013338122059885377 0.011788145442470529 0.0044970019986675545 0.00535158777916047
0 0.003787878787878788 0.0 1.0 0.0 0.007175681196823215 0.0017938804755602085 0.00801787592008412 0.00026371308016877635 0.003888743421517387
0 0.002976190476190476 0.0 1.0 0.07142857142857142 0.00957212995910087 0.01230089468955572 0.00743578188373141 0.0 0.01921804890910045
0 0.029411764705882353 0.0 1.0 0.0 0.005378786924881113 0.005895766478378097 0.016136889538424064 0.0023187698315840864 0.029411764705882353
0 0.016666666666666666 0.0 1.0 0.0 0.005827977105272512 0.0037634272549512096 0.008350586611456177 0.002074688796680498 0.013303449071696031
0 0.011494252873563218 0.0 1.0 0.0 0.0050031773212770685 0.005912890857592196 0.00870993074891126 0.002360852768636429 0.00021627626799308397
0 0.006756756756756757 0.0 1.0 0.0 0.004533478462078483 0.007891346218765624 0.013821274690839911 0.0019064707861388363 0.004259277559621443
0 0.03333333333333333 0.0 1.0 0.0 0.004037479626762069 0.0023521420343445057 0.006556245686680469 0.0 0.04441378169942897
0 0.00980392156862745 0.0 1.0 0.0 0.0017766763140435512 0.005543024013416397 0.005724028741931555 0.000732243104710764 0.011404558758401753
0 0.005291005291005291 0.0 1.0 0.07407407407407407 0.003435081166249271 0.004181585838834677 0.008434935971167854 0.0002305209774089442 0.007350634996600851
0 0.008333333333333333 0.0 1.0 0.0 0.004421447017601933 0.005303407466555356 0.02318840579710145 0.0019363762102351312 0.00479155171071848
0 0.005847953216374269 0.0 1.0 0.0 0.0029550655165354717 0.005199471865393118 0.011332679524899206 0.0009827473247433938 0.010222101735574952
0 0.005555555555555556 0.0 1.0 0.0 0.005980042693251595 0.00878884976408354 0.017253278122843344 0.0005763024435223605 0.0005599605023294614
0 0.003787878787878788 0.0 1.0 0.0 0.0042007097786547635 0.00625480720952773 0.013112491373360942 0.0004322268326417704 0.010364196115925895
0 0.005952380952380952 0.0 1.0 0.0 0.004356934294505682 0.008215887574707538 0.01375332741792369 0.0008891523414344992 0.0008068142645146317
0 0.005128205128205128 0.0 1.0 0.0 0.002240887992984746 0.0056249922450956205 0.01352657004830918 0.0019363762102351315 0.0008093376453819842
0 0.004464285714285714 0.0 1.0 0.0 0.005485087652645079 0.005007409751375732 0.011645962732919256 0.00025933609958506224 0.03993005575764374
0 0.002777777777777778 0.0 1.0 0.0 0.004442682846674618 0.009132499742134315 0.013975155279503104 0.0017289073305670815 0.00017948921684530196
0 0.001953125 0.0 1.0 0.0 0.003629635898289723 0.004703706189640013 0.01953933747412008 0.0015560165975103733 0.015657293045259212
0 0.0018975332068311196 0.0 1.0 0.0 0.0026659370089744143 0.00045525329696990437 0.012355573365391039 0.00033462722527104807 0.0016573534932737063
0 0.0029239766081871343 0.0 1.0 0.0 0.0046767066084915645 0.006093628790971214 0.012422360248447204 0.0006551648831622626 0.00547162767094633
0 0.0018148820326678765 0.0 1.0 0.0 0.004611093410461486 0.005499032036485946 0.012993503248375813 0.0006438689369008441 8.843040117201128e-05
0 0.005 0.0 1.0 0.0 0.00576025316270523 0.004146866901005696 0.014906832298136646 0.0012448132780082987 0.0008453378474357516
0 0.0026455026455026454 0.0 1.0 0.0 0.0033497113908037067 0.0013057182341042826 0.019438693351736827 0.0014983863531581373 0.03268357944762543
0 0.0023923444976076554 0.0 1.0 0.0 0.0032516097892364725 0.0019237822627324484 0.008608477716029204 0.0006551648831622626 0.0005721971042692966
0 0.02702702702702703 0.0 1.0 0.0 0.004211940690468059 0.002946881022124926 0.013362430753735104 0.001781632378647304 0.027027027027027025
1 0.010869565217391304 0.0 1.0 0.0 0.0029640427962919426 0.002959585098887766 0.012719416689170945 0.0018386329223447973 0.016162063125301947
0 0.01515151515151515 0.0 1.0 0.0 0.003153406304406929 0.004576876565278681 0.009429700734048557 0.001413387607417458 0.0007960628453429073
0 0.010869565217391304 0.0 1.0 0.0 0.0034967454247531683 0.0032357375356261574 0.0142587091547394 0.001784555483452304 0.01869605726639557
0 0.011111111111111112 0.0 1.0 0.0 0.0014436169712725275 0.002820230001378238 0.007177363699102828 0.0016583747927031516 0.0015216711104517958
0 0.010416666666666666 0.0 1.0 0.0 0.00434679603260869 0.0010575862505168394 0.011024844720496892 0.0011660447761194029 0.023068210674694077
0 0.0032467532467532465 0.0 1.0 0.0 0.0027682307612937225 0.004438605078340373 0.018944099378881987 0.0018374038896426948 0.008872804966093002
0 0.0035714285714285713 0.0 1.0 0.0 0.002424409940986165 0.0037369302397439234 0.011038154392191657 0.0007107320540156361 0.0003708285589053422
0 0.004830917874396135 0.0 1.0 0.0 0.0033055194775875748 0.0038087764028712405 0.008965703483661895 0.0005407743889249405 0.01608685913125985
0 0.0025 0.0 1.0 0.0 0.0020161157448808148 0.0030374716179839807 0.011149068322981365 0.0003420398009950249 0.00884286425105659
0 0.003246753246753247 0.0 1.0 0.0 0.0016089831909831195 0.0033238425016243523 0.011268855368234252 8.884150675195451e-05 0.00015053270104369
0 0.002525252525252525 0.0 1.0 0.0 0.002262634397976551 0.004275723141835408 0.005119518162996423 0.00015076134479119553 0.004048477224979429
0 0.0020242914979757085 0.0 1.0 0.0 0.0025487461187685707 0.0034066255546258387 0.013108859104282446 0.00032731081434930607 0.0009622368728329009
0 0.003401360544217687 0.0 1.0 0.0 0.004556875906863483 0.004431790002165803 0.010292812777284823 0.0007699597251836057 0.03586152302618535
0 0.0022222222222222222 0.0 1.0 0.0 0.0024878823171880613 0.004991039258104281 0.0036024844720496884 0.0002487562189054726 0.0043088679005728265
0 0.002232142857142857 0.0 1.0 0.0 0.005468510510467787 0.0042980546726472165 0.01637089618456078 0.0007995735607675906 0.02516710183223596
0 0.0021008403361344537 0.0 1.0 0.0 0.006081009170910436 0.004154952088561478 0.010248447204968942 0.00013326226012793177 0.02364502980340658
0 0.0013888888888888887 0.0 1.0 0.0 0.0025825164718100207 0.0022573628092513827 0.01745341614906832 0.000808457711442786 0.018369300529329884
0 0.001349527665317139 0.0 1.0 0.0 0.007406728489475646 0.0037811282821040818 0.019493549928332528 0.0013075647404005612 0.010838978769914865
0 0.001282051282051282 0.0 1.0 0.0 0.004173622475694886 0.0008677630773471503 0.010001592610288263 0.00025513458349279245 0.016919273221747425
0 0.0015873015873015873 0.0 1.0 0.0 0.004858167417499682 0.0026128801298171745 0.012505175983436851 0.0004975124378109452 0.0228869659571095
0 0.0022727272727272726 0.0 1.0 0.0 0.0050625517826137474 0.002402336226530361 0.00670807453416149 0.00043532338308457713 0.0042010499169185265
0 0.0015527950310559005 0.0 1.0 0.0 0.004096454498067648 0.0010357924109446791 0.008917480035492456 0.00017768301350390902 0.026136501156605648
0 0.0015432098765432098 0.0 1.0 0.0 0.004478593019355657 0.0 0.00924775707384403 0.00046065966463976416 0.026532147109665675
0 0.0010526315789473684 0.0 1.0 0.0 0.002710602935528861 0.000328007023703604 0.008957175547564564 0.00022911757004451423 0.004117976868992378
0 0.0032051282051282055 0.0 1.0 0.0 0.003378216430544487 0.001266427774204885 0.016873706004140784 0.0008291873963515755 0.015342814116789246
0 0.0024691358024691358 0.0 1.0 0.0 0.0028225020128628355 0.001844093346079705 0.003146997929606625 0.0007462686567164177 0.03386605381052872
0 0.00510204081632653 0.0 1.0 0.0 0.0 0.0 0.014729370008873114 0.000888415067519545 0.017927502989084944
0 0.03225806451612903 0.0 1.0 0.0 0.011252697849428075 0.01454754316845639 0.018275481417882985 0.0046786505786752045 0.03225806451612904
0 0.017857142857142856 0.0 1.0 0.0 0.010680772065472719 0.010956983170903182 0.009641499185225421 0.004089422028353329 0.016746813752100725
0 0.02564102564102564 0.0 1.0 0.0 0.005371126585232222 0.012650118828646393 0.0076045627376425855 0.0032295948326482677 0.0005133039580326314
0 0.01 0.0 1.0 0.0 0.008297119367729838 0.010385335516525665 0.01536121673003802 0.0006106870229007634 0.008926634252000928
0 0.011111111111111112 0.0 1.0 0.0 0.008592992037154171 0.009244246395861832 0.009928179129700041 0.0008481764206955047 0.012961451481981261
0 0.01515151515151515 0.0 1.0 0.0 0.007329510411510582 0.010229533380888618 0.020048392671966817 0.002081887578070784 0.0005916018290577013
0 0.01020408163265306 0.0 1.0 0.0 0.00447235699563709 0.010371259503191408 0.006518196632265072 0.0010905125408942203 0.010067194017916985
0 0.013888888888888888 0.0 1.0 0.0 0.005295481016569519 0.0201937079487999 0.005069708491761724 0.0 0.008744017785545552
0 0.003968253968253968 0.0 1.0 0.0 0.010063745106887656 0.01798350947094843 0.017517653449212387 0.0027262813522355507 0.013165333341617153
0 0.003125 0.0 1.0 0.0 0.007949708526166487 0.01184414909629962 0.019605513307984792 0.0016698473282442748 0.0033407839020145207
0 0.002932551319648094 0.0 1.0 0.0 0.006924841797870914 0.0 0.006500674598307373 0.0 0.008058261391639085
0 0.003623188405797101 0.0 1.0 0.0 0.011852544591850492 0.004090227574240477 0.009918994875185983 0.0009956853634251576 0.013618370329810435
0 0.047619047619047616 0.0 1.0 0.0 0.006186976904004417 0.01554547882296988 0.017726798748696555 0.007352941176470588 0.047619047619047616
0 0.017857142857142856 0.0 1.0 0.0 0.017336967633556816 0.011295061228277859 0.012252346193952034 0.005777310924369748 0.011892411311155053
0 0.010416666666666666 0.0 1.0 0.0625 0.012359371426533587 0.029697955078851524 0.007299270072992701 0.0 0.0057573637633157645
0 0.014705882352941176 0.0 1.0 0.0 0.010643078806129832 0.029422122678738366 0.0068699012451696 0.0 0.001537134786029448
0 0.008695652173913044 0.0 1.0 0.0 0.006427024190725244 0.0 0.010790225325293558 0.0 0.0002456597417628442
0 0.010416666666666666 0.0 1.0 0.0 0.014050082545464294 0.0056151172635701884 0.010948905109489052 0.0009191176470588235 0.00032886869288843126
0 0.029411764705882353 0.0 1.0 0.0 0.004550914869090094 0.0036478754227010483 0.011242603550295856 0.0014287705603568434 0.029411764705882353
0 0.023809523809523808 0.0 1.0 0.0 0.004226790311742814 0.0030207067491162384 0.010143702451394761 0.0013540961408259982 0.022666524396069126
0 0.012345679012345678 0.0 1.0 0.0 0.00390724327567975 0.0027922370755911305 0.015472277010738548 0.0012287168685272945 0.004843684942508408
0 0.006756756756756757 0.0 1.0 0.0 0.004579926357308746 0.003485279755770109 0.01436110666879897 0.0017932624567695643 0.002889147688578759
0 0.0125 0.0 1.0 0.0 0.004684751610807124 0.001511195519103446 0.0036982248520710066 0.0011107819905213272 0.007307050639095589
1 0.005952380952380952 0.0 1.0 0.0 0.004927031211635153 0.0040298547176091885 0.004564666103127642 0.0011848341232227483 0.006595209757060838
0 0.007142857142857143 0.0 1.0 0.0 0.00429912469974166 0.005864927552113418 0.020887573964497037 0.0018364928909952601 8.550639030494788e-05
0 0.004310344827586207 0.0 1.0 0.0 0.002449879448659682 0.003852488945417915 0.016568047337278104 0.0008579833306095767 0.0014594696630696328
0 0.0065359477124183 0.0 1.0 0.0 0.002248419776557358 0.005293733110756693 0.005012182387747997 0.0006969612489545582 0.009288726041315145
0 0.016666666666666666 0.0 1.0 0.0 0.0 0.005099384812831231 0.007889546351084813 0.0003949447077409163 0.08670422626985347
0 0.004545454545454545 0.0 1.0 0.0 0.0015597639545813793 0.004541405441961832 0.007218934911242604 0.00023696682464454977 0.0018989668133387566
0 0.0037878787878787876 0.0 1.0 0.0 0.003509592225091421 0.0037438997750646606 0.0074771382463690176 0.0005924170616113745 0.028386169624083135
0 0.004807692307692308 0.0 1.0 0.0 0.0 0.0005037318397011487 0.013535502958579882 0.0 0.0009709357234515742
0 0.007936507936507936 0.0 1.0 0.0 0.005291189057973757 0.0037476035245052656 0.02222222222222222 0.0007898894154818326 0.002427539727399099
0 0.003333333333333333 0.0 1.0 0.0 0.001435871383929053 0.0028208983023264326 0.011065088757396452 0.0 0.007861223766802473
0 0.006944444444444444 0.0 1.0 0.0 0.0009643393944497466 0.0018022141248734667 0.008547008547008548 0.0011848341232227487 0.04034041519993245
0 0.002352941176470588 0.0 1.0 0.0 0.0028716759812693815 0.00394894195240597 0.0165207100591716 0.002180094786729857 0.000565653504453876
0 0.006172839506172839 0.0 1.0 0.0 0.0 0.0 0.018277449046679814 0.0 0.00816553863767493
0 0.003095975232198142 0.0 1.0 0.0 0.002437660620674179 0.004306218497923307 0.011834319526627219 0.0005575689991636464 0.0018009225206748753
0 0.0010638297872340426 0.0 1.0 0.0 0.0023178414832718936 0.002249724264884349 0.015309077174870955 0.0010083694665725524 0.004367994163480233
0 0.0014005602240896359 0.0 1.0 0.0 0.0037016392918466155 0.0034067206346127888 0.019491820396797768 0.001184834123222749 0.0030924268258066276
0 0.004545454545454545 0.0 1.0 0.0 0.005428337282642342 0.007864869571987315 0.009230769230769232 0.0016587677725118486 0.056988862723834
0 0.004347826086956522 0.0 1.0 0.0 0.0 0.0024179128305655134 0.006035502958579882 0.00035545023696682463 0.04249950939320557
0 0.0011574074074074073 0.0 1.0 0.0 0.0037417201215291743 0.003679641355001204 0.011275476660092041 0.0010860979462875198 0.015249619264972949
0 0.00125 0.0 1.0 0.0 0.0035569716926411037 0.0040298547176091885 0.008616863905325445 0.0001481042654028436 4.783879116882939e-05
0 0.002958579881656805 0.0 1.0 0.0 0.0033673374032291287 0.005631208804976632 0.010559854346836595 0.00045570543200874956 0.0015176230813645458
0 0.0012345679012345679 0.0 1.0 0.0 0.0037152864401953237 0.0040298547176091885 0.008323471400394479 0.00015797788309636652 0.00031111427919810623
0 0.0011904761904761904 0.0 1.0 0.0 0.002524590983006711 0.002383151705555313 0.013846153846153843 0.0010268562401263821 0.0001644354626879724
0 0.001277139208173691 0.0 1.0 0.0 0.0026111859754544492 0.002412815001091772 0.011921981152750383 0.000877654906090925 0.002465399700316898
0 0.0011494252873563218 0.0 1.0 0.0 0.003538835461152681 0.002593253376904661 0.01171189553152418 0.0009396960287628696 0.00029958760265265096
0 0.001152073732718894 0.0 1.0 0.0 0.0058513182504260864 0.0030859505230829247 0.013778529163144548 0.0009732566012186865 0.0029357859772298064
0 0.0010080645161290322 0.0 1.0 0.0 0.0038662816905532696 0.0009750930203505927 0.017751479289940825 0.0010319523008714263 0.00021078748310535107
0 0.003787878787878788 0.0 1.0 0.0 0.0029488767357758097 0.0020149273588045947 0.009319526627218936 0.0008886255924170617 0.02852569826515913
0 0.0016339869281045752 0.0 1.0 0.0 0.0007609380244887319 0.001257617094177414 0.017554240631163707 0.0009873617693522906 0.0004905528249900727
0 0.0013605442176870747 0.0 1.0 0.0 0.005983496808456582 0.0019580862670492837 0.013074105381797688 0.0011284134506883321 0.001024920926299342
0 0.0010683760683760683 0.0 1.0 0.0 0.0031627180903956503 0.0 0.011788802913063267 0.00018228217280349984 0.005719949425063439
0 0.0018018018018018018 0.0 1.0 0.0 0.0028187638311914136 0.0017678724578195058 0.015069033530571992 0.0014218009478672985 0.0012808995988702531
0 0.0014619883040935672 0.0 1.0 0.0 0.002946139680161675 0.0 0.017882971729125573 0.00013164823591363877 0.0008231342025683393
0 0.047619047619047616 0.0 1.0 0.0 0.008767675255858812 0.0079449161006022 0.01713679102214134 0.0033470257112429634 0.04761904761904763
0 0.014705882352941176 0.0 1.0 0.0 0.009444998216249558 0.00938157271871156 0.01611090295991008 0.003288855478293554 0.0012980599150933577
0 0.014492753623188404 0.0 1.0 0.0 0.0046485043167096805 0.00850417458951504 0.012877319302132373 0.0033337963606056395 0.02485967088768992
0 0.006944444444444444 0.0 1.0 0.0 0.0031120828792976073 0.008451679684641493 0.005484784147204529 0.0010649627263045792 0.00024021425301076462
0 0.02 0.0 1.0 0.0 0.003093302302082164 0.0043465781235299105 0.01592356687898089 0.0 0.0017508580527059703
0 0.005208333333333333 0.0 1.0 0.0 0.005370846464729465 0.006791528318015484 0.01572452229299363 0.0005990415335463259 0.006860646438332342
0 0.0035714285714285713 0.0 1.0 0.0 0.007801343083749014 0.005566808600770314 0.01568471337579618 0.0003194888178913738 0.012987025674901018
0 0.00625 0.0 1.0 0.0 0.009385834994958379 0.011953089839707252 0.005732484076433121 0.0 0.0012054519703812256
1 0.0031746031746031746 0.0 1.0 0.0 0.005318717511348966 0.006335941761238063 0.012010919017288443 0.00018256503879507074 3.8424385155259096e-05
0 0.003448275862068966 0.0 1.0 0.0 0.009039499583593421 0.004527990554944057 0.009663957830002196 0.00022033711578715433 0.013070231065587
0 0.0026737967914438505 0.0 1.0 0.0 0.00590954227990661 0.0 0.015548894717122518 0.0013155421913174214 3.550344995607598e-05