0 0.02564102564102564 0.0 1.0 0.0 0.00900052849694724 0.007486708398149817 0.0067658478453081145 0.002117502117502117 0.02564102564102564
0 0.03333333333333333 0.0 1.0 0.0 0.008103092598862039 0.0068302971636194955 0.01149425287356322 0.0017017017017017016 0.07427018639891629
0 0.013888888888888888 0.0 1.0 0.0 0.005522785783321213 0.005548588491759698 0.00893303348325837 0.0020020020020020024 0.046069639660906415
0 0.03571428571428571 0.0 1.0 0.0 0.010591476083482132 0.0049895789363477525 0.008781323623902335 0.001716001716001716 0.16300663737647164
0 0.007692307692307693 0.0 1.0 0.0 0.011078412626243098 0.004321225594627363 0.008534194441240917 0.0017902517902517907 0.0017706868517279675
0 0.0047619047619047615 0.0 1.0 0.0 0.007530502500274164 0.0013941056376330554 0.009338188048832725 0.0016731016731016738 0.022556541140851406
0 0.0035714285714285713 0.0 1.0 0.0 0.008592890978201827 0.005357600020918764 0.010569715142428786 0.0011261261261261263 0.015017452652235516
0 0.013888888888888888 0.0 1.0 0.0 0.01102233785448079 0.003404601983645801 0.015658837248042644 0.0005005005005005005 0.004364026917645602
0 0.0025839793281653744 0.0 1.0 0.0 0.00601569831523199 0.005655172286741535 0.011087479516055923 0.0006285355122564425 7.778595891810113e-05
0 0.003448275862068966 0.0 1.0 0.0 0.007910265759584187 0.0035317428109827714 0.012045701287287392 0.0006730868799834316 0.0271892164420905
0 0.003246753246753247 0.0 1.0 0.0 0.004428752098433254 0.004087384462590415 0.008781323623902333 0.0005362505362505362 0.011390307779891137
0 0.00641025641025641 0.0 1.0 0.0 0.00867441247262743 0.003928386904206694 0.0032291546534425094 0.0 0.0003189610445263477
0 0.003076923076923077 0.0 1.0 0.0 0.005149097599117387 0.0035104482971578988 0.008455772113943029 0.0006606606606606606 0.00014246763449444387
0 0.0024630541871921183 0.0 1.0 0.0 0.010331012763793744 0.006360080667488996 0.010701545778834719 0.001294397846121984 0.025617981147639787
0 0.0024691358024691358 0.0 1.0 0.0 0.010403453350130711 0.006650476756120415 0.007607307457382418 0.0004448893337782227 0.0007285373167929741
0 0.003676470588235294 0.0 1.0 0.0 0.016692962975637084 0.010109430693661388 0.01155304700590881 0.0013248542660307366 0.0024027691934193837
0 0.002262443438914027 0.0 1.0 0.0 0.013500432325220387 0.009131128807205997 0.01014877176796217 0.0020212520212520213 0.026189100620474262
0 0.0037037037037037034 0.0 1.0 0.0 0.00936679675889224 0.0041820853749854085 0.01519240379810095 0.0013013013013013013 0.005286069955240918
0 0.003095975232198142 0.0 1.0 0.0 0.013871437407256163 0.009386176045680095 0.010847517417761706 0.001854795972443031 0.007395589710290351
0 0.002777777777777778 0.0 1.0 0.0 0.0071175802726988514 0.0028371683197048344 0.009495252373813094 0.0001668335001668335 0.0018577696825012868
0 0.0019047619047619048 0.0 1.0 0.0 0.004693495888334494 0.002451313428224977 0.006656671664167917 0.00012012012012012012 0.0001734954507191445
0 0.0034965034965034965 0.0 1.0 0.0 0.008898942318254026 0.005179507348236358 0.017760350593933803 0.0012705012705012705 0.00026633427153648174
0 0.0017391304347826085 0.0 1.0 0.0 0.0019295606972217268 0.003870296017704925 0.010074962518740632 0.00024024024024024023 0.0005897226009685514
0 0.003472222222222222 0.0 1.0 0.0 0.0023504221048833603 0.0025534514877343507 0.007996001999000501 0.0 0.010862801957716287
0 0.004 0.0 1.0 0.0 0.0010627580885465755 0.0035474564736998697 0.008095952023988006 0.0003003003003003003 0.002631966576169274
0 0.002958579881656805 0.0 1.0 0.0 0.016762876928946853 0.008938347203452478 0.022027447814554266 0.0016170016170016168 0.00029117121638057796
0 0.001949317738791423 0.0 1.0 0.0 0.003720699674306501 0.003286641358427874 0.013651069202240988 0.0009483167377904218 0.0005198254645160205
0 0.002747252747252747 0.0 1.0 0.0 0.0027277749881979394 0.0 0.006919617114519662 0.000231000231000231 0.0012374281219105603
0 0.0021551724137931034 0.0 1.0 0.0 0.008901726574770986 0.005018093049239675 0.006371814092953523 0.0010322822822822822 0.06987393663389085
0 0.0008547008547008547 0.0 1.0 0.05128205128205128 0.0038103538630548262 0.0006112545498218364 0.010148771767962176 0.0002695002695002695 0.0069714910500927795
0 0.034482758620689655 0.0 1.0 0.0 0.013509905876459288 0.030250583012426675 0.01536360532604985 0.009655172413793104 0.034482758620689655
0 0.013157894736842105 0.0 1.0 0.0 0.02132542072577112 0.01790103885085345 0.011464304325169358 0.0005263157894736842 0.014375366640311027
0 0.015873015873015872 0.0 1.0 0.0 0.0158542387689192 0.02129290360893107 0.021687883074021693 0.002857142857142857 0.022870426744049217
0 0.019230769230769232 0.0 1.0 0.0 0.01904322368979303 0.012941281039628326 0.021325209444021328 0.003076923076923077 0.03702551904046383
0 0.05555555555555555 0.0 1.0 0.0 0.011871091930085979 0.005868167300720709 0.007525453740593182 0.0013297872340425527 0.05555555555555555
0 0.019230769230769232 0.0 1.0 0.0 0.006897523273782479 0.0013916519564902438 0.008376749412605985 0.0014832242225859245 0.03213017975148889
0 0.027777777777777776 0.0 1.0 0.0 0.00483278698515192 0.0015076229528644307 0.007746790615316512 0.0017730496453900702 0.00037475016207797704
0 0.006756756756756757 0.0 1.0 0.0 0.005343498888413854 0.0031383013507932027 0.010624169986719783 0.0019767107533064975 0.01167221769676108
0 0.006060606060606061 0.0 1.0 0.0 0.004973845267809693 0.006234835248458445 0.015815525775685138 0.0018133462282398456 0.007096646921726787
0 0.018518518518518517 0.0 1.0 0.0 0.018622333377420794 0.0074920048555761065 0.015641139147115242 0.002364066193853427 0.08398153952721031
0 0.0031746031746031746 0.0 1.0 0.0 0.009489413022307252 0.00401589548620921 0.012601446067581522 0.0018321513002364058 0.012235891665158151
0 0.007352941176470588 0.0 1.0 0.0 0.008202479854188698 0.01176075217563993 0.021482696664323092 0.002816020025031289 0.01925595241788616
0 0.004115226337448559 0.0 1.0 0.0 0.007058877574845445 0.003911555288412961 0.00988638040430869 0.0006402679275019701 0.023831263444351845
0 0.0125 0.0 1.0 0.0 0.007012542656357406 0.003392151643944969 0.009296148738379813 0.0003324468085106383 0.05044383082518282
0 0.003787878787878788 0.0 1.0 0.0 0.006465252970220867 0.00430131094828685 0.013280212483399731 0.0010527482269503546 0.03452714145678714
0 0.002976190476190476 0.0 1.0 0.0 0.008389056599036557 0.003274005719900957 0.008584708783911972 0.00018996960486322188 0.017084087926034143
0 0.005494505494505495 0.0 1.0 0.14285714285714285 0.007964183676687771 0.004195677330585257 0.006640106241699867 0.0009498480243161093 0.04760775822717098
0 0.003105590062111801 0.0 1.0 0.0 0.0065166105544387015 0.006115961470181708 0.012067671343611064 0.0008672525439407956 0.03642495658931648
0 0.003703703703703704 0.0 1.0 0.0 0.004886918220153869 0.006342337531748533 0.013501549358123062 0.0014036643026004729 0.023423357700847112
0 0.006944444444444444 0.0 1.0 0.0 0.009138398631496543 0.00539849722186845 0.01239486498450642 0.0010342789598108747 0.0407811835290044
0 0.003095975232198142 0.0 1.0 0.0 0.008911814585649887 0.008236466121548098 0.011532816104005032 0.0014697648376259798 0.04170641009906745
0 0.004273504273504273 0.0 1.0 0.0 0.014204688892967545 0.009946818095271176 0.01562978853815507 0.002250409165302782 0.05956083299136594
0 0.002770083102493075 0.0 1.0 0.0 0.007663042625791094 0.007389144881396786 0.016914796952540712 0.0020996640537514 0.019648143740239734
0 0.002173913043478261 0.0 1.0 0.0 0.0029779020217617345 0.0026992722903880213 0.011143830475200647 0.000751618871415356 0.016764353927165385
0 0.003663003663003663 0.0 1.0 0.0 0.0031238133088440506 0.005634603602620162 0.00735519460619062 0.0013297872340425532 0.0006147780332744456
0 0.0026737967914438505 0.0 1.0 0.0 0.011451280218454945 0.009310104775068623 0.018357940785876097 0.002424906132665832 0.04692100674612115
0 0.0008873114463176574 0.0 1.0 0.0 0.0064796747733960516 0.005317274092066581 0.009404558636203484 0.0006241858445505861 0.0098988196068352
0 0.0008503401360544217 0.0 1.0 0.0 0.005321476748875864 0.0033231658282820336 0.00880830419817329 0.00040707772470690407 0.009484295725343915
0 0.004 0.0 1.0 0.0 0.013326564579870973 0.009531624541771404 0.0071713147410358575 0.0014627659574468085 0.041672600588736175
0 0.0019230769230769232 0.0 1.0 0.0 0.006953391992322357 0.006047618836715437 0.011155378486055776 0.0004654255319148936 0.015882182076381014
0 0.0013717421124828531 0.0 1.0 0.0 0.0064858419389419945 0.003350273228587624 0.008115685406522062 0.0001970055161544523 0.0012864948631080128
0 0.002976190476190476 0.0 1.0 0.0 0.007704218457203082 0.002261434429296646 0.007525453740593183 0.0 0.0003211411853070777
0 0.0038314176245210726 0.0 1.0 0.0 0.016628838137056637 0.010165159710535037 0.018887413309724065 0.0023640661938534274 0.08935163994202794
0 0.0016666666666666666 0.0 1.0 0.0 0.005792354781791647 0.0017560552764015608 0.010624169986719783 0.0004654255319148936 0.0001639601824521055
0 0.0018975332068311196 0.0 1.0 0.0 0.005226617712185487 0.0017938235036731105 0.006640106241699867 0.0005475594493116395 0.022022140233872403
0 0.002840909090909091 0.0 1.0 0.0 0.00406916049598314 0.0029541816164237746 0.0053120849933598925 0.00048355899419729207 0.000688697283838027
0 0.004329004329004329 0.0 1.0 0.0 0.005193030782422646 0.0025844964906247382 0.004553215708594195 0.00037993920972644377 0.001566972966970305
0 0.00196078431372549 0.0 1.0 0.0 0.0027107112243411136 0.0 0.007436918990703851 0.0 0.0009315492098308751
0 0.0006644518272425248 0.0 1.0 0.0 0.005688982093069552 0.0007091860363358809 0.009079959232836096 0.0004638792676892628 0.005177417735941634
0 0.0023148148148148147 0.0 1.0 0.0 0.0018157762204664175 0.0 0.012726870296591412 0.00022163120567375886 0.0009296976576758107
0 0.05555555555555555 0.0 1.0 0.0 0.01769346069377749 0.02706843259138087 0.021287642782969886 0.00890985324947589 0.05555555555555555
0 0.027777777777777776 0.0 1.0 0.0 0.01807852017730116 0.020664609129363718 0.017653167185877464 0.00681341719077568 0.04345515793886799
0 0.017543859649122806 0.0 1.0 0.0 0.022161374594182298 0.03308721612319921 0.01278898180029513 0.0 0.038592398562428826
0 0.010869565217391304 0.0 1.0 0.0 0.01137830922227721 0.013950768587621638 0.019910605444941082 0.0 0.03832989584119144
0 0.006896551724137932 0.0 1.0 0.0 0.026224348443352273 0.0022128805345882595 0.01643570737995488 0.0 0.01853576462507712
0 0.02564102564102564 0.0 1.0 0.0 0.009807568253555221 0.003200675883660212 0.011222551142137587 0.0011494252873563218 0.025641025641025647
0 0.022727272727272728 0.0 1.0 0.0 0.0064160409501228845 0.0033780917875392115 0.014490104955354815 0.0016980146290491113 0.05676838249932356
0 0.011494252873563218 0.0 1.0 0.0 0.005571264896912726 0.003281431965149565 0.008457287726039334 0.0008521601268331352 0.042181480872508885
0 0.009259259259259259 0.0 1.0 0.0 0.009898011623615303 0.004385935480493034 0.011764205331120896 0.0014261387824606212 0.03405685477480528
0 0.007407407407407408 0.0 1.0 0.0 0.012409784688343129 0.0033103087269649167 0.01691237475269641 0.001277139208173691 0.02799214629295539
0 0.016666666666666666 0.0 1.0 0.0 0.010184375059254316 0.0019034207188253593 0.007581849511774844 0.0007471264367816092 0.12471012082702604
0 0.004329004329004329 0.0 1.0 0.0 0.005708991355677069 0.00208885596215071 0.011696517153151273 0.0009230233368164402 0.03696153346444086
0 0.005952380952380952 0.0 1.0 0.0 0.001309375624009055 0.0016373262243304268 0.008670441180492877 0.0011220580186097426 0.0032050621467420424
0 0.003472222222222222 0.0 1.0 0.0 0.0076218771608492115 0.0045652690660626764 0.009351665709362435 0.001454741379310345 0.038226068350631526
0 0.003125 0.0 1.0 0.0 0.004407061744221239 0.00421344811190816 0.014503159103963242 0.0015624999999999997 0.011357988754741217
0 0.007575757575757576 0.0 1.0 0.0 0.01072310337011072 0.005071012017547165 0.02216159295424086 0.0016283524904214558 0.10373336820872793
0 0.003623188405797101 0.0 1.0 0.0 0.005314827150632714 0.0027767300442111363 0.01428464400769173 0.0010744627686156921 0.053507065140983696
0 0.0016025641025641027 0.0 1.0 0.0 0.0034267881110541507 0.001514712490209476 0.012289393069117365 0.0009937739463601522 0.024656068095503133
0 0.005494505494505494 0.0 1.0 0.0 0.013568783713306701 0.0007598721691027733 0.017629125613042904 0.000618921308576481 0.0678526960625386
0 0.002777777777777778 0.0 1.0 0.0 0.0008739436135583516 0.0013889484928812353 0.009788435764886083 0.0009818007662835248 0.0015095743273668676
0 0.001838235294117647 0.0 1.0 0.0 0.0035886967104163895 0.002745737288161681 0.009730715950940976 0.000828262339418526 0.03607747462277203
0 0.0015898251192368838 0.0 1.0 0.0 0.003602481997968639 0.002454333914672465 0.01153422233261406 0.0009474992233612922 0.03339609941299508
0 0.0019157088122605363 0.0 1.0 0.0 0.002735461160437384 0.002756226498386663 0.01376537463605934 0.0006143479984145858 0.01030238513285054
0 0.002506265664160401 0.0 1.0 0.0 0.016910364198627924 0.002934328075027994 0.01523481305215941 0.0010399562123700056 0.029791774551333316
0 0.0035714285714285718 0.0 1.0 0.0 0.013680753887431106 0.002735535848609327 0.014564700090260115 8.210180623973728e-05 0.06292615379380029
0 0.002506265664160401 0.0 1.0 0.0 0.0005945877965523124 0.0 0.01045980833761601 0.00024198427102238354 0.0009839032369252788
0 0.004545454545454545 0.0 1.0 0.0 0.006578853173060478 0.006017389205654113 0.02096496266513498 0.002011494252873563 0.030647409913699138
0 0.001610305958132045 0.0 1.0 0.0 0.0053854172399797956 0.001965486258341696 0.00776480098708703 0.0003618561089825458 0.044396251573310994
0 0.0021929824561403508 0.0 1.0 0.0 0.001199968282666749 0.0017189081583559092 0.011578342755222347 0.0004839685420447671 0.0013454168626712568
0 0.0015384615384615385 0.0 1.0 0.0 0.005841808941467116 0.0030560865247898045 0.010515618786727347 0.0007073386383731211 0.047375156835324866
0 0.002958579881656805 0.0 1.0 0.0 0.004408885758358127 0.002502934689828943 0.007511156276233818 0.00017683465959328028 0.013204952424023872
0 0.007407407407407407 0.0 1.0 0.0 0.0005549377983790795 0.0031517586304152753 0.0052843193566915565 0.0004597701149425287 0.054709200837167196
0 0.004464285714285714 0.0 1.0 0.0 0.007660078900273721 0.002964127563403325 0.011846639862148192 0.00028735632183908046 0.03214629321966433
0 0.0034482758620689655 0.0 1.0 0.0 0.005669096111458794 0.0012431727814689022 0.010511200459506032 0.0004597701149425287 0.026720922307892785
0 0.000980392156862745 0.0 1.0 0.0 0.006335349337101768 0.0032573584314122125 0.010524715342771229 0.0007944557133198107 0.025927744379215304
0 0.0013440860215053762 0.0 1.0 0.0 0.00956975740722131 0.005232322539916261 0.016154508902929358 0.0011733716475095786 0.052204797347723486
0 0.000625 0.0 1.0 0.0 0.005901491479283044 0.0036047715083010446 0.01163699023549684 0.000781609195402299 0.018461458199753693
0 0.0013175230566534915 0.0 1.0 0.0 0.003948646997978946 0.004214279842485893 0.009015308543315935 0.0009745127436281859 0.011543740368598152
0 0.0008169934640522876 0.0 1.0 0.0 0.0029482097296414374 0.0029584081663652085 0.01040270597996043 0.0007822477650063857 0.0029632277050338713
0 0.0013605442176870747 0.0 1.0 0.0 0.0028481887355217366 0.003225875673847847 0.013785180930499715 0.0007389162561576354 0.012469937900844339
0 0.0015432098765432098 0.0 1.0 0.0 0.00354533961529798 0.004173343724029128 0.008583827940519494 0.0011174968071519795 0.014840869392069102
0 0.0012870012870012872 0.0 1.0 0.0 0.0012899066047133423 0.001149278184391201 0.01195262711632614 0.0006568144499178982 0.0030870305352766157
0 0.0013157894736842105 0.0 1.0 0.0 0.00036332399145514084 0.0007818844555545184 0.007294658242389433 5.747126436781609e-05 0.0016163400325849588
0 0.0007122507122507122 0.0 1.0 0.0 0.0007250136495131538 0.0011608089065701817 0.011774842044801836 0.00020753512132822477 0.0005075222198261162
0 0.0008333333333333334 0.0 1.0 0.0 0.0018135146852169852 0.001964891336807101 0.009879379666858127 0.0003065134099616858 0.00254385588325406
0 0.0011086474501108647 0.0 1.0 0.0 0.0050089500297226435 0.0029526971537565225 0.011278784397681584 0.0010188087774294671 0.009191955434509853
0 0.0011904761904761904 0.0 1.0 0.0 0.005733908770557362 0.005924111560003215 0.014187248707639289 0.0014367816091954023 0.012915803949227334
0 0.0005537098560354374 0.0 1.0 0.0 0.007516678493614885 0.002387578084473079 0.009149093296135224 0.0005473453749315818 0.021237492615691574
0 0.0010330578512396695 0.0 1.0 0.0 0.006702737434086775 0.0024255151548182013 0.013315231580596314 0.0008620689655172414 0.055500086867302366
0 0.0022222222222222222 0.0 1.0 0.0 0.011163558025333293 0.0036007219141566396 0.006375646180356118 0.0005747126436781609 0.1222723722410169
0 0.0007496251874062968 0.0 1.0 0.0 0.0027411312648107727 0.0018779379534366208 0.009843728336865455 0.0003170828378913991 0.008572609401517951
0 0.0017730496453900709 0.0 1.0 0.0 0.007366397760997915 0.0014071031215102212 0.013354394026421598 0.0008620689655172414 0.10369509901832245
0 0.0013020833333333333 0.0 1.0 0.0 0.003355255736657432 0.00309074444551424 0.01450315910396324 0.0007902298850574713 0.015309480187696133
0 0.0014577259475218659 0.0 1.0 0.0 0.00024401028693158414 0.0016754666904739682 0.0030360219906457706 0.0001231527093596059 0.01738457970807411
0 0.0011111111111111111 0.0 1.0 0.0 0.010117743144914945 0.005912434609477108 0.007084051311506797 0.0013729246487867177 0.07036568857492137
0 0.0009337068160597572 0.0 1.0 0.0 0.004416465839837424 0.0033836800188291995 0.00793194934493039 0.000875752599890531 0.01099978055176171
0 0.000641025641025641 0.0 1.0 0.0 0.0009553160553264519 0.0009121985314802715 0.010147424851617846 0.0 0.0006044111298399715
0 0.0005717552887364208 0.0 1.0 0.0 0.0038206408366514228 0.0029129978576964573 0.010669590795954953 0.0005921281783350749 0.005424416648979694
0 0.0011574074074074073 0.0 1.0 0.0 0.002206025140645402 0.002981072296869073 0.009441412981045377 0.000610632183908046 0.0021572919819076108
0 0.0002797202797202797 0.0 1.0 0.0 0.0020591304845415256 0.0029069107045619834 0.008394821720496621 0.000698496905393457 0.0036836348436984716
0 0.0004464285714285714 0.0 1.0 0.0 0.00398725676608427 0.0013039878511354015 0.010970706490522692 0.0003160919540229885 0.029664347064811573
0 0.0010319917440660474 0.0 1.0 0.0 0.005974597845854726 0.0 0.006656080008108932 0.00010141987829614604 0.07317312083376007
0 0.0010775862068965517 0.0 1.0 0.0 0.0007736701312394098 0.00032326218896050756 0.006820792647903503 0.00014367816091954023 0.008935243144947907
0 0.0008071025020177562 0.0 1.0 0.0 0.0007063059040103974 0.0 0.008178113290117885 0.00013683634373289546 0.001685018711286278
0 0.0015151515151515152 0.0 1.0 0.0 0.007789108190556507 0.0006641763959032561 0.013941830713800845 0.00015673981191222572 0.11310800329938121
0 0.0009643201542912247 0.0 1.0 0.0 0.0007242376832149362 0.0 0.010068588032570868 0.00023664638269100743 0.001612257616813544
0 0.0008064516129032258 0.0 1.0 0.0 0.0008817392589535109 0.00035110618291749225 0.018667432510051696 0.0005747126436781609 0.0009657028325122604
0 0.001221001221001221 0.0 1.0 0.0 0.0007823876923041511 0.0014516534255887407 0.0037555781381169093 0.0002652519893899204 0.013796082249874346
0 0.0007102272727272727 0.0 1.0 0.0 0.006123925959950616 0.0006383748780318041 0.006265991332045324 0.0001044932079414838 0.056564074657218244
0 0.0004807692307692308 0.0 1.0 0.0 0.004315438289254979 0.0010702758617983953 0.00863368753589891 0.00021551724137931034 0.038528915298638076
0 0.0011655011655011655 0.0 1.0 0.0 0.0011434999862059841 0.0 0.014050280563778553 0.0004862953138815208 0.00227079842672087
0 0.0014925373134328358 0.0 1.0 0.0 0.0011721530321638675 0.0 0.0034462952326249283 0.00011494252873563218 0.0182634968903105
0 0.000588235294117647 0.0 1.0 0.0 0.004003049515091144 0.0 0.006410109132682366 4.597701149425287e-05 0.0499063769006125
0 0.0005797101449275362 0.0 1.0 0.0 0.006804250104655069 0.00223883988961968 0.0065020103388856955 0.0005977011494252873 0.047838641508494276
0 0.0006493506493506494 0.0 1.0 0.0 0.0019849838190761204 0.0006383748780318041 0.008485196595478042 0.00018286311389759666 0.006244815284402489
0 0.002347417840375587 0.0 1.0 0.0 0.0004971239566236082 0.0 0.0013402259237985832 0.0 0.05606667350219646
0 0.0007309941520467836 0.0 1.0 0.0 0.0021749849043867066 0.0 0.004383445690619426 0.0 0.004569749574655324
0 0.001141552511415525 0.0 1.0 0.0 0.001997326676953863 0.0 0.009573042312847025 0.0 0.009455144175921906
0 0.0011261261261261261 0.0 1.0 0.0 0.0036858306736763068 0.00036061567768126164 0.002584721424468696 0.00019157088122605365 0.01586066473765116
0 0.001904761904761905 0.0 1.0 0.0 0.014621599630573622 0.0025301933538111865 0.007713136949208173 0.0004926108374384236 0.1775005213528747
0 0.0006925207756232687 0.0 1.0 0.0 0.0017311683569335627 0.00044069733341823935 0.016687324284289123 0.0005747126436781609 0.0009148755117642798
0 0.0008658008658008659 0.0 1.0 0.0 0.0009599090975361816 0.0002638783038013234 0.004709936817920735 0.0003065134099616858 0.008718286960331244
0 0.038461538461538464 0.0 1.0 0.0 0.015451069734382464 0.008170458341569976 0.01185770750988142 0.004426129426129426 0.03846153846153847
0 0.020833333333333332 0.0 1.0 0.0 0.0031371219138063428 0.008090314216342228 0.019104084321475628 0.004794973544973545 0.002643811948500502
0 0.008130081300813007 0.0 1.0 0.0 0.012226584347318877 0.013097191758036664 0.019377229345415987 0.0023228803716608595 0.017574656926440748
1 0.0047169811320754715 0.0 1.0 0.0 0.013026859979800891 0.013840087845893452 0.01879334775151018 0.0014974543276430068 0.011416067722719726
0 0.00625 0.0 1.0 0.0 0.012884451817742308 0.011764310911183285 0.015686758893280632 0.0016121031746031745 0.021356282704831232
0 0.010416666666666666 0.0 1.0 0.0 0.01587418343074783 0.006404584497067795 0.011610671936758892 0.001488095238095238 0.03777829867092611
0 0.004464285714285714 0.0 1.0 0.0 0.0156512113381764 0.007222401497903933 0.008769762845849804 0.001488095238095238 0.017830992334346117
0 0.004310344827586207 0.0 1.0 0.0 0.010267553630164232 0.008651909836842686 0.014856208259506613 0.0008210180623973727 0.022702032933411397
0 0.029411764705882353 0.0 1.0 0.0 0.0076417605725580375 0.004364952352567416 0.015243902439024393 0.0037776578521316793 0.02941176470588236
0 0.011904761904761904 0.0 1.0 0.047619047619047616 0.01116998188832096 0.009822662969024431 0.01430023228803717 0.003931847968545216 0.014915442679388087
0 0.018518518518518517 0.0 1.0 0.0 0.008987704283026957 0.008873291315305317 0.021680216802168025 0.0022086306489976213 0.021437217940979525
0 0.011363636363636364 0.0 1.0 0.0 0.010535513018034202 0.010462973380390558 0.018292682926829274 0.0013900472616068945 0.042205382900452657
0 0.008695652173913044 0.0 1.0 0.0 0.015739742622094554 0.012343796349065442 0.011134676564156946 0.0018614545938040155 0.033109206779563895
0 0.01515151515151515 0.0 1.0 0.0 0.0048969539369085125 0.009455650213128037 0.003048780487804878 0.0 0.0033577699359995635
0 0.0033222591362126242 0.0 1.0 0.0 0.010754544908183963 0.00693085095514809 0.018009075439591612 0.0020624422160586023 0.011463902835082793
0 0.0125 0.0 1.0 0.0 0.0 0.004160486093776337 0.01707317073170732 0.0006116207951070336 0.004616110332343016
0 0.006944444444444444 0.0 1.0 0.0 0.010502379365055804 0.003900455712915316 0.013338414634146343 0.00038226299694189603 0.05018052057345537
0 0.0038461538461538464 0.0 1.0 0.07692307692307693 0.010354106416864097 0.01316266406465458 0.021927767354596624 0.0017642907551164435 0.03321595447008659
1 0.00909090909090909 0.0 1.0 0.0 0.010997191764743298 0.011140314411612288 0.016768292682926834 0.0024464831804281344 0.014941976592338688
0 0.0037878787878787876 0.0 1.0 0.0 0.007596180867735375 0.004430375045939996 0.016075388026607542 0.0019460661662496527 0.03585522343728135
0 0.003076923076923077 0.0 1.0 0.0 0.004372067651702767 0.009803652901582017 0.014146341463414636 0.0011009174311926607 0.000544625004359019
0 0.008928571428571428 0.0 1.0 0.0 0.018460286238185457 0.010401215234440842 0.0064786585365853655 0.0 0.10094750659033978
0 0.003703703703703704 0.0 1.0 0.0 0.0013337889132240934 0.001155690581604538 0.009993224932249323 0.0 0.0015658638116333905
0 0.022727272727272728 0.0 1.0 0.0 0.0038982589372133195 0.003360986935720525 0.015177261141577197 0.0016233766233766237 0.022727272727272724
0 0.03125 0.0 1.0 0.0 0.005979496990185568 0.004022371782441085 0.004301189464740867 0.0010629251700680269 0.05798353137902541
0 0.009009009009009009 0.0 1.0 0.0 0.005310783054301602 0.0030297080625039927 0.009162093274242809 0.0010341974627688915 0.021165879364164066
1 0.004629629629629629 0.0 1.0 0.0 0.004241614119951819 0.002373844509919724 0.010069542779823151 0.0010235575711766195 0.01533240929051816
1 0.04 0.0 1.0 0.0 0.003258219885946488 0.0023137397154164322 0.02175021240441801 0.0006802721088435374 0.008911719592452265
0 0.01282051282051282 0.0 1.0 0.0 0.012173960362308927 0.0024629002346723402 0.008496176720475786 0.0011119832548403977 0.05067700859943085
0 0.006211180124223602 0.0 1.0 0.0 0.006391515139064194 0.005225447123639189 0.01702929333973625 0.0018855368234250228 0.03914394960630096
0 0.006944444444444444 0.0 1.0 0.0 0.002918222676753133 0.0033732512718637813 0.01916359860285094 0.0018424036281179139 0.01331960812114548
0 0.006944444444444444 0.0 1.0 0.0 0.0020405954629253626 0.0036600144429477953 0.014018691588785048 0.001381802721088435 0.017002134092228692
0 0.0038461538461538464 0.0 1.0 0.0 0.004173852957665833 0.0022499227915703155 0.009476504803607608 0.0013736263736263735 0.033950644364805896
0 0.0033670033670033673 0.0 1.0 0.0 0.004926677122088229 0.0023510277242711525 0.009943673495075363 0.0011337868480725626 0.030908395887062533
0 0.002525252525252525 0.0 1.0 0.0 0.006541243437989045 0.004216812918789469 0.008135732859607118 0.0006957328385899814 0.01913687487485034
0 0.0038461538461538464 0.0 1.0 0.0 0.0019305247340149969 0.003069900506024217 0.01308411214953271 0.0010204081632653062 0.001295742006966726
0 0.0026455026455026454 0.0 1.0 0.0 0.007537205663530035 0.0026657442704847265 0.01261839579596589 0.0006613756613756613 0.02267833962636673
0 0.011111111111111112 0.0 1.0 0.0 0.0028316898005046926 0.004820291073784234 0.014443500424808834 0.0 0.008022165976255323
0 0.004464285714285714 0.0 1.0 0.0 0.007121456664176206 0.004161384744129693 0.013775943682485739 0.0013969873663751214 0.062319089287250364
0 0.004901960784313725 0.0 1.0 0.0 0.0021930639279145758 0.0009640582147568467 0.011045029736618521 0.0 0.0033411898699760704
0 0.0011111111111111111 0.0 1.0 0.0 0.004844456702431918 0.003004176187994029 0.010518266779949024 0.0006972789115646256 0.01638044874771005
0 0.0017543859649122805 0.0 1.0 0.0 0.0022266351437923845 0.0024279632426580573 0.015717926932880204 0.00022675736961451246 0.002116627212812256
0 0.0013157894736842105 0.0 1.0 0.0 0.002475528082756761 0.003494154542535011 0.014286991906273755 0.0006265664160401001 9.295987676729499e-05
0 0.0014005602240896359 0.0 1.0 0.0 0.002804368368798847 0.003566061522824635 0.011794692388425208 0.00042517006802721087 0.006360382635387525
0 0.0012285012285012285 0.0 1.0 0.0 0.003602692610690609 0.0023420310059103808 0.0088635789570369 0.0006664828093399522 0.023525699901082803
0 0.0009250693802035152 0.0 1.0 0.0 0.002537105032595457 0.0024470003674590445 0.011677723747717781 0.0009588941959762628 0.01810175775413415
0 0.0023148148148148147 0.0 1.0 0.0 0.0016356317869261978 0.0035106288310598316 0.009487397337864627 0.0005668934240362811 0.0023500922781711786
0 0.0025 0.0 1.0 0.0 0.0005280816466088586 0.001225058246701614 0.0159303313508921 0.0005314625850340135 0.0042740309546653935
0 0.0015384615384615385 0.0 1.0 0.0 0.0011347875251826324 0.0013954112112673984 0.014613423959218353 0.0009523809523809524 0.003279076977936823
0 0.004629629629629629 0.0 1.0 0.0 0.011797668746098373 0.004820586087151223 0.008602378929481734 0.001062925170068027 0.12125526198377767
0 0.0021008403361344537 0.0 1.0 0.0 0.0054396791297846815 0.0026814839881141536 0.009245839372282474 0.0002000800320128051 0.010176515865562563
0 0.0034482758620689655 0.0 1.0 0.0 0.006318428653228426 0.006741560685067248 0.014103653355989804 0.001360544217687075 0.019669784971511086
0 0.0006944444444444445 0.0 1.0 0.0 0.0030110355577493736 0.001976393705396012 0.009929906542056074 0.00021258503401360543 0.0179870020450598
0 0.0006325110689437065 0.0 1.0 0.0 0.0032888101313323886 0.0024311147682514983 0.009145884352041583 0.00033346672002134185 0.016858764521886362
0 0.00625 0.0 1.0 0.2 0.0 0.0 0.0006796941376380628 0.0 0.22250618649335108
0 0.000819000819000819 0.0 1.0 0.02702702702702703 0.00343114057027729 0.002466513715981658 0.009162093274242807 0.00018385732671446958 0.0231621731374138
0 0.000639386189258312 0.0 1.0 0.0 0.007521555455727119 0.003317290367743657 0.01093421004026449 0.0004066844128955929 0.009630259678567782
0 0.0015873015873015873 0.0 1.0 0.0 0.00427290798600538 0.0007231809310337202 0.012319456244689893 0.0009448223733938019 0.050022565283393806
0 0.0010683760683760683 0.0 1.0 0.0 0.0007730090945193147 0.0005648205276735099 0.008953663159270637 0.0006868131868131868 0.001843572691378529
0 0.0010395010395010396 0.0 1.0 0.0 0.0026385070320651847 0.0027568013550872054 0.0146395660414352 0.0008830455259026687 0.000758135026445994
0 0.0009746588693957114 0.0 1.0 0.0 0.0022016168442673726 0.0022095835916079503 0.01154850687560968 0.0008188460569412949 0.0003695104033000646
0 0.0011655011655011655 0.0 1.0 0.0 0.0029161625786979033 0.0019721964892125 0.013130454931644399 0.0010822510822510823 0.0008598608611658658
0 0.0008928571428571429 0.0 1.0 0.0 0.0013713815947461012 0.0006992787575905145 0.019389489015657235 0.001214771622934888 0.0004766793267600042
0 0.0008130081300813008 0.0 1.0 0.0 0.002531603254409321 0.0015224245269904962 0.01263098272444067 0.0006235827664399093 0.006543587673527433
0 0.0017006802721088435 0.0 1.0 0.0 0.00360730242565013 0.0022938187808004035 0.01662823158150261 0.0008503401360544217 0.017287327078970256
0 0.0029069767441860465 0.0 1.0 0.0 0.003199114491727846 0.0039774530231991055 0.01338147833474936 0.001062925170068027 0.0050204737345843934
0 0.0011363636363636363 0.0 1.0 0.0 0.0030809012904438327 0.0011927067677959121 0.017884451996601526 0.0009778911564625851 0.01138588104142178
0 0.001388888888888889 0.0 1.0 0.0 0.0014150381984828647 0.0005162079734554631 0.02012531860662702 0.0006909013605442177 0.0010998601240857903
0 0.0015527950310559005 0.0 1.0 0.0 0.0008280841452312273 0.0 0.010984342760043694 0.00012147716229348882 0.003887709121904853
0 0.0010638297872340426 0.0 1.0 0.0 0.0014891997556369927 0.0 0.01112999150382328 0.00017006802721088434 0.0015588904478199485
0 0.02702702702702703 0.0 1.0 0.0 0.012876152900287912 0.012041085350993519 0.02282282282282281 0.005550193050193052 0.027027027027027032
0 0.022727272727272728 0.0 1.0 0.0 0.008997491690916808 0.010067914324696843 0.01878787878787879 0.005681818181818181 0.04761111872014305
0 0.011494252873563218 0.0 1.0 0.0 0.009561573367485234 0.00929986194192399 0.01701149425287356 0.0018472906403940886 0.03406239979773179
0 0.00510204081632653 0.0 1.0 0.0 0.005152278445414704 0.010728816884798004 0.018684807256235822 0.000911078717201166 0.0045539196887612035
0 0.0044444444444444444 0.0 1.0 0.0 0.009339160713802643 0.017166482537963615 0.017185185185185182 0.0014880952380952378 0.007387778031923949
0 0.008771929824561403 0.0 1.0 0.0 0.023003352165316 0.003907541700998299 0.014502923976608188 0.0007048872180451127 0.039288763577150124
0 0.005952380952380952 0.0 1.0 0.0 0.00736521820220148 0.0027568393361398617 0.018518518518518517 0.000744047619047619 0.04070292389895676
0 0.041666666666666664 0.0 1.0 0.0 0.00678315491130983 0.007567592211520053 0.01718073593073593 0.003664495114006515 0.04166666666666668
0 0.025 0.0 1.0 0.0 0.01715412349743697 0.003323645649832725 0.012987012987012988 0.0030944625407166135 0.0001317973167607632
0 0.013888888888888888 0.0 1.0 0.0 0.0022651004658878907 0.005539409416387877 0.018262987012987016 0.003664495114006516 0.0009396208728310213
0 0.011904761904761904 0.0 1.0 0.0 0.004710154281380162 0.006330753618729002 0.012987012987012988 0.0024817744687451533 0.012582347556867133
0 0.01 0.0 1.0 0.0 0.007798345001916719 0.008863055066220604 0.017694805194805194 0.0003257328990228013 0.025796516910251248
0 0.00641025641025641 0.0 1.0 0.0 0.007980190333358736 0.012435897360013142 0.014735264735264736 0.00025056376847907793 0.00035566623414855637
0 0.005714285714285714 0.0 1.0 0.0 0.007032239834400449 0.011568566436248125 0.006753246753246754 0.0018241042345276872 0.026107862116446494
0 0.004464285714285714 0.0 1.0 0.0 0.006990029606426793 0.007590897965449435 0.011015769944341374 0.00023266635644485808 0.00017530953532290638
0 0.004115226337448559 0.0 1.0 0.0 0.014527042483572453 0.0042705113014527025 0.01370851370851371 0.00024128362890577876 0.00022977885133937878
0 0.0071428571428571435 0.0 1.0 0.0 0.003450314286285137 0.009496130428093502 0.006261595547309834 0.00046533271288971617 0.004530054126036767
0 0.005681818181818182 0.0 1.0 0.0 0.0009131107285572778 0.005539409416387876 0.006696428571428572 0.00040716612377850165 0.0061298992466169745
0 0.0021367521367521365 0.0 1.0 0.0 0.011413492587080225 0.007579340610865025 0.013070263070263067 0.0016704251231938528 0.007433720304250715
0 0.0032051282051282055 0.0 1.0 0.0 0.007571693401962545 0.0036929396109252506 0.019480519480519477 0.0005428881650380022 0.007617893835058482
0 0.03333333333333333 0.0 1.0 0.0 0.004927780214106696 0.0026771595472923782 0.013999146393512591 0.0014102564102564104 0.03333333333333334
0 0.05555555555555555 0.0 1.0 0.0 0.0027387396532807216 0.0 0.013088632806942665 0.0011396011396011395 0.002609785186040791
0 0.011494252873563218 0.0 1.0 0.0 0.0009877046765624548 0.0027191757098673805 0.019956730981500283 0.0020335985853227245 0.0005429182894462378
0 0.007575757575757576 0.0 1.0 0.0 0.004297102028150679 0.005879337106420482 0.018779342723004692 0.001748251748251748 0.01081192838068714
0 0.008333333333333333 0.0 1.0 0.0 0.006119802353284691 0.006161441377606165 0.01344430217669654 0.001976495726495727 0.016550633695603157
0 0.007246376811594202 0.0 1.0 0.0 0.002999442580889833 0.0043093516533547925 0.005344318877693037 0.001337792642140468 0.006325144722303497
0 0.007518796992481203 0.0 1.0 0.0 0.0023905962119769755 0.0018502226777741496 0.02163218545724105 0.0020242914979757094 0.007333295257347719
0 0.004629629629629629 0.0 1.0 0.0 0.004151197818634431 0.0009690021030376512 0.012140181154265663 0.00047483380816714147 0.028766832759224828
0 0.004629629629629629 0.0 1.0 0.0 0.008765298778929979 0.006906153134549405 0.012590695689287239 0.0007478632478632478 0.010705644993007206
0 0.004545454545454546 0.0 1.0 0.0 0.0018492696577028039 0.003712366553126935 0.02392038179490164 0.0017482517482517483 0.0003502074666673556
0 0.006993006993006993 0.0 1.0 0.0 0.014408139060440627 0.0067768338080673625 0.02107751403526052 0.001183431952662722 0.016837951917120855
0 0.0021929824561403508 0.0 1.0 0.0 0.003335094154580265 0.003301621248137604 0.015904036660152297 0.001147098515519568 0.0002950587803960146
0 0.0038461538461538464 0.0 1.0 0.0 0.010001962400557668 0.0070589262858109635 0.006145966709346992 0.0008974358974358973 0.002873847553019481
0 0.004464285714285714 0.0 1.0 0.0 0.003622285339327081 0.0036751463035707035 0.01896606914212548 0.0008012820512820513 0.0014874696901599068
0 0.00392156862745098 0.0 1.0 0.0 0.0014221994981592932 0.0018429102813768824 0.018151690894027267 0.0008295625942684766 0.001127104772802493
0 0.00125 0.0 1.0 0.0 0.004938266069899147 0.0027102842148041357 0.01492957746478873 0.0006153846153846154 0.005066525895471912
0 0.0058823529411764705 0.0 1.0 0.0 0.0020641413128408316 0.00436050946366943 0.008322663252240717 0.0015384615384615385 0.03321102907405051
0 0.0027777777777777775 0.0 1.0 0.0 0.00293006268046612 0.004554465101669439 0.0051216389244558265 0.0003205128205128205 0.009917909842685514
0 0.0017543859649122805 0.0 1.0 0.0 0.007388234451214101 0.005287352119029901 0.011822449850618866 0.0010256410256410256 0.00016974487313915635
0 0.001724137931034483 0.0 1.0 0.0 0.008570283695725853 0.00617112029798366 0.009271932535652788 0.0007073386383731211 0.007989056291618083
0 0.0015873015873015873 0.0 1.0 0.0 0.0028495901474446398 0.003847237218701456 0.018395219803670506 0.000641025641025641 0.0002840463532790742
0 0.0022727272727272726 0.0 1.0 0.0 0.005360556672739365 0.004707695386887662 0.012740076824583868 0.0003205128205128205 0.0002536556682449584
0 0.0018115942028985507 0.0 1.0 0.0 0.006573307835817097 0.00548076878141824 0.011737089201877935 0.00026709401709401707 0.01124077428738661
0 0.0018115942028985505 0.0 1.0 0.0 0.01157863889220581 0.005995251679841181 0.015698936703223292 0.0013377926421404684 0.009054003430090817
0 0.0022222222222222222 0.0 1.0 0.0 0.009668813904934655 0.0025310722165751676 0.012306160193484137 0.0008547008547008547 0.0004752449066975139
0 0.0016722408026755855 0.0 1.0 0.0 0.006494610670732783 0.003398991690501582 0.0203752157212047 0.0013377926421404684 0.00046024554981336863
0 0.001610305958132045 0.0 1.0 0.0 0.01226226789748185 0.0031879457541156226 0.01480821689027445 0.0010033444816053513 0.007798539972460828
0 0.002551020408163265 0.0 1.0 0.0 0.0037718370655892403 0.0016351978777933414 0.007956831900493873 0.0013736263736263737 0.011256357715551762
0 0.0014992503748125937 0.0 1.0 0.0 0.004719367376929623 0.002209520359539667 0.02210098535879307 0.0014492753623188406 0.0003068750695666026
0 0.003333333333333333 0.0 1.0 0.0 0.0017975232974300637 0.0011354796775439433 0.007810499359795134 0.0016666666666666666 0.033347936968507734
0 0.001152073732718894 0.0 1.0 0.0 0.00465898646034541 0.001958092173962938 0.020349368940918235 0.001053113553113553 0.009911354013188762
0 0.0020833333333333333 0.0 1.0 0.0 0.0023921117386566148 0.0006784925503022384 0.010584720443875373 0.00042735042735042735 0.0036972419916798836
0 0.0025252525252525255 0.0 1.0 0.0 0.007374887043728709 0.0029070063091129537 0.008536064874093044 0.00042735042735042735 0.008003243055308347
0 0.00196078431372549 0.0 1.0 0.0 0.001872783952618115 0.0019197889753411435 0.00938967136150235 0.0017948717948717949 0.015392494955938994
0 0.0014285714285714286 0.0 1.0 0.0 0.003693566809804745 0.0031081823665371025 0.011843790012804098 0.0012820512820512823 0.0008406895983849843
0 0.05 0.0 1.0 0.0 0.00925284361942663 0.009805033637478863 0.009573091849935319 0.0023963730569948184 0.049999999999999996
0 0.05 0.0 1.0 0.0 0.006216021621579923 0.003988743263180486 0.010478654592496767 0.0012953367875647667 0.0003228697778932542
0 0.01515151515151515 0.0 1.0 0.0 0.0055014683729570375 0.0020814198730868356 0.008467599670704458 0.00170748940178992 0.0002440357862790235
0 0.005208333333333333 0.0 1.0 0.0 0.008317752472397221 0.0038911148353221025 0.008085381630012937 0.0015382124352331607 0.009417833857225324
0 0.009090909090909092 0.0 1.0 0.0 0.00474386793186067 0.004405696090235952 0.0021757026931671173 0.0012364578426754596 0.00032381109806443946
0 0.007246376811594202 0.0 1.0 0.0 0.004120999251180647 0.0038310400784660453 0.005512121041678385 0.0012953367875647673 0.000363571727432618
0 0.014285714285714285 0.0 1.0 0.0 0.000513477544536623 0.0017622784360943812 0.004527813712807244 0.00116580310880829 0.0036768063147829488
0 0.005952380952380952 0.0 1.0 0.0 0.009443345268038904 0.0034737403214582015 0.007946775087784144 0.0015420676042437705 0.039456633206603295
0 0.003968253968253968 0.0 1.0 0.0 0.007787338754462056 0.005349773823857942 0.006837922749953798 0.0006939304219096965 0.027208305502979157
0 0.005 0.0 1.0 0.0 0.006800624591006774 0.005855259906038733 0.010802069857697282 0.000582901554404145 0.038698315534975936
0 0.007575757575757576 0.0 1.0 0.0 0.008409501231799815 0.00388450505641662 0.013799051315222079 0.0008635578583765111 0.06400879843466604
0 0.005208333333333333 0.0 1.0 0.0 0.005209971539235297 0.0033472939533202616 0.010349288486416558 0.0003238341968911917 0.05031675383170184
0 0.002849002849002849 0.0 1.0 0.0 0.00503043040226191 0.004242522160967954 0.0071870058933448345 0.000623680675494147 0.007019823802876217
0 0.005494505494505494 0.0 1.0 0.0 0.003100122534331185 0.0006777993984978389 0.006368792914717884 0.0004982064567556796 0.0011536579909564955
0 0.0035087719298245615 0.0 1.0 0.0 0.005463853004876135 0.0013912724495481956 0.009736501668141894 0.0002727024815925825 0.0003302279633887021
0 0.00625 0.0 1.0 0.0 0.008683185634843708 0.0035245568721887625 0.009055627425614488 0.0 0.08046500811627957
0 0.001336898395721925 0.0 1.0 0.0 0.0076419654240247655 0.006328643875704432 0.008526402446195463 0.0008243052284503061 0.016070063765195406
0 0.006172839506172839 0.0 1.0 0.0 0.004205485531832014 0.003998558207809432 0.010061808250682766 0.0005757052389176742 0.03355825361299146
0 0.001949317738791423 0.0 1.0 0.0 0.004456119136773336 0.0016317392926799826 0.006947439030233338 0.0003838034926117828 0.005895507822026828
0 0.004166666666666667 0.0 1.0 0.0 0.0007667622950538223 0.002502134392510008 0.012613195342820183 0.0014032815198618308 0.010589540091739654
0 0.003401360544217687 0.0 1.0 0.0 0.003883471713028798 0.00531809294190559 0.007946775087784142 0.0012028127313101406 0.002838243832461219
0 0.0034965034965034965 0.0 1.0 0.0 0.0005309526049790132 0.0027111975939913555 0.006667330082595283 0.00019928258270227183 0.002060821836331507
0 0.005434782608695652 0.0 1.0 0.0 0.0016265355674447896 0.0022028480451179765 0.005336351875808538 0.0003238341968911917 0.0048514022341628734
0 0.0009689922480620155 0.0 1.0 0.046511627906976744 0.0063670246577716425 0.00398108431643498 0.007250518968681368 0.00012049644535486203 0.017547466735235717
0 0.003076923076923077 0.0 1.0 0.0 0.006869544019046347 0.005712408586270244 0.00905562742561449 0.00019928258270227183 0.061688770927969205
0 0.0015384615384615385 0.0 1.0 0.0 0.004437000594732862 0.00553145208722704 0.014851228978007764 0.0010362694300518134 0.00041384681791389427
0 0.0012771392081736908 0.0 1.0 0.0 0.0040998510397226365 0.003002189450465731 0.013962617656243029 0.0008933357155619081 0.00016572699280365268
0 0.002976190476190476 0.0 1.0 0.0 0.002373122124138543 0.0024627730892297934 0.010349288486416558 0.0009715025906735751 0.001727332822991026
0 0.003134796238244514 0.0 1.0 0.0 0.01061744111010825 0.005607249569391212 0.005997883100082324 0.0 0.07101150195058362
0 0.0023809523809523807 0.0 1.0 0.0 0.004315953081596653 0.0 0.007207540195897247 0.0 0.0005401762397197769
0 0.0008960573476702509 0.0 1.0 0.0 0.006471111138590327 0.0027464739210369344 0.01243352019548656 0.0007196315486470927 0.019533367215770328
0 0.004464285714285714 0.0 1.0 0.0 0.003802370421291925 0.0037882536660086047 0.01071890593236001 0.000925240562546262 0.045023440152055914
0 0.0016835016835016836 0.0 1.0 0.0 0.0029052368477684044 0.0 0.005390254420008626 0.00035981577432354635 0.015450048626950695
0 0.0029411764705882353 0.0 1.0 0.0 0.01509251282182208 0.0012581566358209838 0.016170763260025877 0.0006476683937823834 0.08013540083917621
0 0.0007326007326007326 0.0 1.0 0.0 0.005178674069764922 0.0020432015024221904 0.009752214150661758 0.0006310615118905275 0.00040619735285838353
0 0.001736111111111111 0.0 1.0 0.0 0.007697216072415026 0.0 0.008247089262613196 0.0 0.04690713098983183
0 0.0006435006435006436 0.0 1.0 0.0 0.0063802154996776125 0.0014528515691004126 0.012597794615905872 0.0004934616333580064 0.011731960926085456
0 0.002631578947368421 0.0 1.0 0.2 0.000790329570862143 0.0 0.010349288486416561 0.0006476683937823833 0.0025068834097980936
0 0.02702702702702703 0.0 1.0 0.0 0.014165233944915498 0.015587195195385067 0.01884779516358464 0.006801503490245217 0.027027027027027025
0 0.021739130434782608 0.0 1.0 0.0 0.014179937454926527 0.019551743111789765 0.014874141876430201 0.0020155485171321624 0.027976605447933373
0 0.007936507936507936 0.0 1.0 0.0 0.008748276807407473 0.013223794283597884 0.007988721804511276 0.000630715862503942 0.01390379589622586
0 0.0125 0.0 1.0 0.0 0.009059324000503664 0.011586530690219485 0.020065789473684207 0.0013245033112582781 0.03286059345305371
0 0.013333333333333334 0.0 1.0 0.0 0.011426106093332975 0.008703769143228691 0.014912280701754385 0.0008830022075055188 0.01187284415430759
0 0.01111111111111111 0.0 1.0 0.0 0.003190385445630132 0.008397743897948362 0.009210526315789473 0.0008830022075055188 0.00228297466338376
0 0.045454545454545456 0.0 1.0 0.0 0.00867290379939893 0.003302446175365306 0.009197028652281568 0.0014167650531286898 0.045454545454545456
0 0.045454545454545456 0.0 1.0 0.0 0.008662903653035877 0.0065227439766302716 0.01591793420587195 0.0016528925619834713 0.05235317538964304
0 0.00980392156862745 0.0 1.0 0.0 0.013970479368909295 0.006053539650111728 0.015182726787212938 0.002177234530175707 0.017695539336988406
0 0.010416666666666666 0.0 1.0 0.0 0.006922336479718513 0.00402899230207239 0.0099978383052313 0.0018939393939393942 0.03993335362685273
0 0.022222222222222223 0.0 1.0 0.0 0.017556071532014775 0.0072422346966862505 0.017005332180429458 0.002453102453102453 0.0648243584604355
0 0.007936507936507936 0.0 1.0 0.0 0.015884206162902852 0.006451682048048246 0.007596813044283862 0.0019171304885590604 0.03985004116023684
0 0.010989010989010988 0.0 1.0 0.0 0.012896348337033122 0.002832605974267995 0.007782101167315175 0.001898101898101898 0.0419985117280584
0 0.006944444444444444 0.0 1.0 0.0 0.01166599107563861 0.011232233834991157 0.01325839458135178 0.0030303030303030307 0.00012671997481207624
0 0.004830917874396135 0.0 1.0 0.0 0.014604269798142992 0.009286697245342203 0.01353408898663509 0.0027667984189723325 0.033017099041852765
0 0.01 0.0 1.0 0.0 0.00999422899204846 0.004685705632383431 0.02529182879377432 0.001948051948051948 0.00024329875322153666
0 0.0033670033670033673 0.0 1.0 0.0 0.007595870766404443 0.006863384169736598 0.011384925781812941 0.0015873015873015875 0.02427150860492711
0 0.003623188405797101 0.0 1.0 0.0 0.010418642863515282 0.0041342125626275174 0.009924998590199064 0.00028232636928289106 0.0157625624271699
0 0.0022624434389140274 0.0 1.0 0.0 0.009470235173154056 0.00565563169329225 0.011749446860456245 0.0004965622612681436 0.008804861439560946
0 0.006493506493506493 0.0 1.0 0.0 0.015178055027158676 0.004818697589131744 0.007664190543567976 0.0004722550177095632 0.06342803420208093
0 0.0023809523809523807 0.0 1.0 0.0 0.008499939841275141 0.004359403148779878 0.007874745228830832 0.00023191094619666049 0.0007387900440349972
0 0.0025 0.0 1.0 0.0 0.008377978324990648 0.009171948060653383 0.013644617380025943 0.002337662337662338 0.025714021048847516
0 0.004524886877828054 0.0 1.0 0.0 0.009590150512704673 0.008424686996336578 0.013768332834480692 0.002197802197802198 0.0002713771143723773
0 0.002525252525252525 0.0 1.0 0.0 0.011555420409969541 0.00857131534849477 0.012026883622214359 0.0021251475796930344 0.03951904979212387
0 0.002631578947368421 0.0 1.0 0.0 0.005768063137287068 0.0037680087079686687 0.007782101167315175 0.00045454545454545455 0.0003103658572376073
0 0.008333333333333333 0.0 1.0 0.0 0.008589987066396616 0.003153561437837011 0.012105490704712495 0.0006493506493506494 0.0008570437475691595
0 0.0022675736961451248 0.0 1.0 0.0 0.010329294152888906 0.006108232164963776 0.010499660305107777 0.0011131725417439704 0.025829558037269728
0 0.0030303030303030303 0.0 1.0 0.0 0.015335846129916215 0.008739070258995757 0.012019022913964549 0.0021645021645021645 0.035645158024927064
0 0.002070393374741201 0.0 1.0 0.0 0.007246199146434211 0.004771895653486552 0.007102711382867025 0.000494743351886209 0.018767089485061318
0 0.002976190476190476 0.0 1.0 0.0 0.011066126471955493 0.00841678269190908 0.012692236427644988 0.0022263450834879408 0.04760725390147175
0 0.006666666666666667 0.0 1.0 0.0 0.006498698358151124 0.002944759637802732 0.005836575875486381 0.0 0.002149460374833668
0 0.0038461538461538464 0.0 1.0 0.0 0.019424499963898514 0.008511563764085078 0.009987029831387809 0.0011688311688311688 0.05772467823407366
0 0.0018518518518518517 0.0 1.0 0.0 0.007061710005604331 0.001766855782681639 0.00616083009079118 0.00012987012987012987 0.035758018422124796
0 0.0017857142857142857 0.0 1.0 0.0 0.008860361477109304 0.004228719601865466 0.009857328145265886 0.0005844155844155844 0.02409490052249798
0 0.0049261083743842365 0.0 1.0 0.0 0.01640309712551771 0.0025240796895451985 0.01686121919584955 0.00037105751391465676 0.0003903482257681776
0 0.0011111111111111111 0.0 1.0 0.0 0.005963000430462403 0.004301315776643637 0.0054907047124945945 0.00030303030303030303 0.00046974392299617103
0 0.0032258064516129032 0.0 1.0 0.0 0.004330226126937672 0.0053005673480449175 0.002853437094682231 0.0 0.0018159242084422682
0 0.0015625 0.0 1.0 0.0 0.010484887525924188 0.006083677097093754 0.010765239948119325 0.0007792207792207791 0.018660374427768984
0 0.0017825311942959003 0.0 1.0 0.0 0.010838396923523742 0.005364489855659231 0.0066376745250629424 0.0008403361344537816 0.0562324982011037
0 0.0016339869281045752 0.0 1.0 0.0 0.010367266298846042 0.0023895757941963386 0.012249603689292406 0.0004329004329004329 0.05215478094031503
0 0.0007936507936507937 0.0 1.0 0.0 0.004564170997421228 0.0019101274319950781 0.008430609597924774 0.0003968253968253969 9.695254547636223e-05
0 0.0010683760683760683 0.0 1.0 0.0 0.005176807055694233 0.0009278023389722588 0.009378429611892648 0.0005494505494505495 0.02056559283627366
0 0.002457002457002457 0.0 1.0 0.0 0.004126147864911862 0.0 0.005305978068623983 0.0 0.0014365538864577526
0 0.0009398496240601503 0.0 1.0 0.0 0.004299135518769578 0.0009582701076314141 0.010746711135816196 0.0005102040816326531 0.01852735659562995
0 0.002564102564102564 0.0 1.0 0.0 0.005144839625363949 0.0 0.007522697795071337 0.0 0.0008317349978050036
0 0.002272727272727273 0.0 1.0 0.0 0.0063437974603424985 0.0 0.004952246197382385 0.0 0.0006551241255565503
0 0.0009380863039399625 0.0 1.0 0.0 0.0019658236436375137 0.0 0.008929462236855232 0.00044955044955044955 0.00024324348538955234
0 0.02631578947368421 0.0 1.0 0.0 0.0066541249447256996 0.0024492479269504473 0.008550256507695232 0.0009347571215817991 0.02631578947368421
0 0.0125 0.0 1.0 0.0 0.0026037134443677966 0.0031811191423790066 0.009867629362214199 0.0009181216134858518 0.002020758935552756
0 0.0303030303030303 0.0 1.0 0.0 0.00033246337584156194 0.0004282221011907554 0.01099442074171316 0.0008209731268129825 0.00429047604100441
0 0.014705882352941176 0.0 1.0 0.0 0.0033866980047300545 0.0027048172516828395 0.008388192822255256 0.001062435811169742 0.0005389403428982332
0 0.006666666666666667 0.0 1.0 0.0 0.0021522330693401347 0.003012220989278815 0.007240272763738467 0.0007425245835841869 0.0005358367704756149
0 0.005952380952380952 0.0 1.0 0.0 0.0013959781843822009 0.0016020178247760305 0.00947653429602888 0.0007740603767093837 0.005950957045050556
0 0.010989010989010988 0.0 1.0 0.0 0.0024963147417902025 0.0006472278907069833 0.013375914097935758 0.0009262260917890062 0.0009975262233859084
0 0.0029069767441860465 0.0 1.0 0.0 0.005302819205869675 0.0021599418315164545 0.01302717376094926 0.0011060862747294291 0.018993420951143154
0 0.007407407407407407 0.0 1.0 0.0 0.002609833189403214 0.0031051372089453836 0.008102687525070196 0.0008830022075055189 0.000769099793821526
0 0.0071428571428571435 0.0 1.0 0.0 0.0004873855219030545 0.0011296797021934193 0.010572460030943785 0.0007740603767093834 0.0028800967501923258
0 0.0014903129657228018 0.0 1.0 0.0 0.002168874904875822 0.001779113580218039 0.013720384289124301 0.0008882660060599473 0.004266936786819783
0 0.003968253968253968 0.0 1.0 0.0 0.005028082167536548 0.0037946410498268268 0.007821901323706377 0.0009460737937559133 0.057051345957188755
0 0.002197802197802198 0.0 1.0 0.0 0.0039565366433634615 0.0036949685857318782 0.0064122399862472056 0.0009976778188698718 0.006972099156295442
0 0.0024630541871921183 0.0 1.0 0.0 0.003712936197220801 0.0033863910813370503 0.007780405825967882 0.0007266083995930993 0.040779897006801985
0 0.0047619047619047615 0.0 1.0 0.0 0.0061225838537927475 0.002719022838550201 0.008079766202509884 0.0005160402511395889 0.0871100518732225
0 0.002976190476190476 0.0 1.0 0.0 0.0066163589331812355 0.0012705898939851326 0.014669646438599505 0.00025802012556979444 0.041513975210017234
0 0.002028397565922921 0.0 1.0 0.0 0.0019695701545126903 0.0017319267490922417 0.01607950537366696 0.0006435674396396022 0.001157729216303765
0 0.006944444444444444 0.0 1.0 0.0 0.0 0.001128167059585228 0.00473826714801444 0.00015051173991571343 0.03528049854153067
0 0.007518796992481203 0.0 1.0 0.0 0.0 0.001573399140015627 0.0034381983840467596 0.0004300335426163241 0.03970671961697495
0 0.0035714285714285718 0.0 1.0 0.0 0.0019469089382951267 0.002189713221659214 0.003653085783049682 0.00012901006278489722 0.004075745970500696
0 0.0021645021645021645 0.0 1.0 0.0 0.006144204050467372 0.0035826785163361684 0.005169018706924843 0.00043785233430025726 0.05249993359795421
0 0.0016233766233766235 0.0 1.0 0.0 0.0011176102294709646 0.001608891855090897 0.006768953068592056 0.0 0.0005435781194324067
0 0.002557544757033248 0.0 1.0 0.0 0.0049831447473267804 0.0032746262319724114 0.009520775819353011 0.0006020469596628537 0.010938143715949042
0 0.0016666666666666666 0.0 1.0 0.0 0.006250110822008663 0.0033551336454399738 0.0049578820697954275 0.000313064419024684 0.04491733082381863
0 0.0010526315789473684 0.0 1.0 0.0 0.003346355022419188 0.0021134773289052233 0.004845145354360631 0.0002534934567001489 0.03173306440464901
0 0.0015384615384615385 0.0 1.0 0.0 0.005468635515220739 0.0025530189771345605 0.008640192539109505 0.00045755568934376887 0.045335288987410065
0 0.0009259259259259259 0.0 1.0 0.0 0.00395527941477901 0.002822409348166429 0.012996389891696752 0.0005117399157134256 0.02973266202724348
0 0.0035714285714285713 0.0 1.0 0.0 0.0012385333697489873 0.0016381444342743676 0.009626955475330927 0.00030102347983142685 0.003213374785095045
0 0.0007836990595611285 0.0 1.0 0.0 0.002712188602386513 0.0024798987474466184 0.013182365167924736 0.0007662415850254504 0.006139930095724061
0 0.0007751937984496124 0.0 1.0 0.0 0.003772273207390977 0.002206492668430581 0.010312596199591411 0.0005460425913221232 0.025417025546550794
0 0.0012903225806451613 0.0 1.0 0.0 0.0019768236992110423 0.0009741053694487166 0.013261131167268353 9.632751354605659e-05 0.000604621904884025
0 0.0011574074074074073 0.0 1.0 0.0 0.0034393263641158745 0.0029761669739490513 0.014886125596113561 0.0010480076705242267 0.007243109527421009
0 0.0015151515151515152 0.0 1.0 0.0 0.006067203850075474 0.002705890529324191 0.010709987966305654 0.00039133052378085496 0.058775169077882404
0 0.0008169934640522876 0.0 1.0 0.0 0.0037495622632161708 0.0025281546067607943 0.011799705843027147 0.0007692822262358687 0.031930199935786344
0 0.0012422360248447205 0.0 1.0 0.0 0.0056836121101088025 0.003671010348311346 0.003950190969497201 0.00044499123105515276 0.0012128279929931147
0 0.0021367521367521365 0.0 1.0 0.0 0.007367453843649726 0.002091276841442024 0.00860871980005554 0.0006020469596628538 0.08861934474829643
0 0.0012870012870012872 0.0 1.0 0.0 0.0033939801578196055 0.0033295966964686217 0.009483697209328975 0.0007167225710272068 0.00044588424048516847
0 0.0010526315789473684 0.0 1.0 0.08 0.005953087977793089 0.004217612938319931 0.012009626955475328 0.0007947019867549668 0.044268166081006546
0 0.0015082956259426846 0.0 1.0 0.0 0.0019966103365473106 0.002067362921830462 0.011148863877681036 0.00035414527038991396 0.0007047569934712229
0 0.0011363636363636365 0.0 1.0 0.0 0.004830308629683894 0.0033876980202052886 0.011377311016300186 0.0004925838760877893 0.007051169795759319
0 0.0006418485237483954 0.0 1.0 0.0 0.0049124135625588 0.001946045643810589 0.00733105326493128 0.0003643968440064641 0.026562779613668385
0 0.0009523809523809524 0.0 1.0 0.0 0.0018339203925938925 0.0018922446095698748 0.005126353790613718 0.00036122817579771217 0.006855039989944558
0 0.0008305647840531562 0.0 1.0 0.0 0.0024481260700113566 0.002314929536496619 0.014225545813993467 0.00034402683409305926 0.0003036881089143674
0 0.0009090909090909091 0.0 1.0 0.0 0.005391415911031775 0.002229876905130155 0.007484957882069796 0.0005298013245033111 0.04584545179565308
0 0.0022222222222222222 0.0 1.0 0.0 0.001498854879802934 0.0018619420819947548 0.010469314079422382 0.0001806140878988561 0.016795034461290007
0 0.0012077294685990338 0.0 1.0 0.0 0.0021146503688376037 0.0025176476519899607 0.018886214734590186 0.0006689410662920597 0.0006274870010757027
0 0.0004342162396873643 0.0 1.0 0.0 0.004122744864928288 0.003213014323306442 0.007723667084162186 0.0005774736143704925 0.005396330415468574
0 0.0005952380952380952 0.0 1.0 0.05714285714285714 0.0017406088160182864 0.001092094941899829 0.01177582946536015 0.00039563085920701815 0.00018252327941419073
0 0.0006002400960384153 0.0 1.0 0.0 0.004007037864386614 0.0019221134517259527 0.011343526580307215 0.0006728760137408366 0.0041407191498896365
0 0.0008695652173913044 0.0 1.0 0.0 0.00499562264581344 0.0017171975792325798 0.009025270758122744 0.0005496950501269534 0.05188194038925719
0 0.000676132521974307 0.0 1.0 0.0 0.0055613689766848065 0.0015840443508582653 0.018175028009460976 0.0006020469596628537 0.0297785892440628
0 0.0007122507122507123 0.0 1.0 0.0 0.00541353439562391 0.0022053640426606086 0.0075544858938360725 0.000579748924119785 0.04415056117809266
0 0.0008203445447087776 0.0 1.0 0.0 0.004011032357928953 0.0007430035442444642 0.007429498247266257 0.00015705572860770097 0.004383469335514769
0 0.0007716049382716049 0.0 1.0 0.0 0.004824353463724754 0.0013988719263795435 0.01100581628559968 0.0006271322496488059 0.049143506101121136
0 0.00047846889952153106 0.0 1.0 0.0 0.004140210997759321 0.002437646478990201 0.012746215719804927 0.0008872270984505213 0.03134172160314849
0 0.0007142857142857143 0.0 1.0 0.0 0.003019654231838028 0.0004093362578084547 0.006161251504211793 0.00019265502709211318 0.04937556922184583
0 0.002506265664160401 0.0 1.0 0.0 0.00048365320900120963 0.0009316419372502658 0.004813477737665463 0.00034402683409305926 0.03143815912371713
0 0.0010775862068965517 0.0 1.0 0.0 0.007744238566527416 0.0020571760816774374 0.011131167268351384 0.0005644190246839253 0.0693955903499045
0 0.00036845983787767134 0.0 1.0 0.0 0.005664837898772593 0.0014436609742235816 0.008436666143462565 0.00044499123105515276 0.018074062456283475
0 0.001282051282051282 0.0 1.0 0.0 0.0030828993718343026 0.0 0.01050634083125058 9.262260917890057e-05 0.0007474340541286458
0 0.001366120218579235 0.0 1.0 0.0 0.0015364693255390431 0.0 0.004011231448054553 0.0 0.008665261843181659
0 0.0008064516129032258 0.0 1.0 0.0 0.002596158819415308 0.00182908018211504 0.005294825511432009 0.000571944611679711 0.012109428859206711
0 0.0003968253968253968 0.0 1.0 0.0 0.003523668596658315 0.0014841525777355051 0.007761732851985561 0.00040638169777242625 0.007220107798986739
0 0.001201923076923077 0.0 1.0 0.0 0.003259554838080986 0.001213739355794248 0.013746181616217715 0.0003704904367156023 0.02119365729267712
0 0.0017094017094017094 0.0 1.0 0.0 0.0049244011716047704 0.0 0.0034764005883139455 0.0 0.035428419314029014
0 0.0005827505827505828 0.0 1.0 0.07692307692307693 0.0017035250057593557 0.0 0.005692863093585115 0.00023155652294725142 0.0010456998512697404
0 0.030303030303030304 0.0 1.0 0.0 0.011489111644857901 0.005695784764760055 0.011564813537499422 0.001610639423851269 0.030303030303030304
0 0.025 0.0 1.0 0.0 0.007322471846657691 0.003476056636823205 0.014946889226100152 0.0013667425968109342 0.05248379626967018
0 0.01282051282051282 0.0 1.0 0.0 0.007733748240143249 0.003949274093498866 0.01648768530407377 0.0016646223935517792 0.03768671992620979
0 0.006097560975609756 0.0 1.0 0.0 0.006274735957519499 0.003896488023863136 0.014582330952292825 0.0014815637905809594 0.028032059871514685
0 0.005555555555555556 0.0 1.0 0.0 0.004027260707121116 0.004803555077503646 0.015617096611026806 0.001602969712309121 0.00021613572164201042
0 0.008333333333333333 0.0 1.0 0.0 0.008220339295956695 0.004864088870088765 0.013163884673748103 0.0017843583902809428 0.04094598495051076
0 0.003968253968253968 0.0 1.0 0.0 0.008005704689990787 0.00585115664743478 0.016143989209239585 0.00162406141905003 0.02713847014216858
0 0.013888888888888888 0.0 1.0 0.0 0.015967331154856577 0.011449656638893092 0.016860563142808968 0.0020248038471273096 0.11683184109154848
0 0.009259259259259259 0.0 1.0 0.0 0.0028138677763056143 0.0030707593108239436 0.003224582701062216 0.0008225765628954695 0.0048136459789464205
0 0.004545454545454546 0.0 1.0 0.0 0.010833864732435933 0.004937124203400878 0.014105393847427228 0.0012079795678884523 0.039710666669718744
0 0.0033670033670033673 0.0 1.0 0.0 0.004987016106677363 0.0016660004071128844 0.011043668858539872 0.0009561573722545633 0.03575475876993708
0 0.001937984496124031 0.0 1.0 0.0 0.0066466268847158345 0.005762340866707835 0.017556551505099337 0.001677526443114196 0.01317821685181961
0 0.002849002849002849 0.0 1.0 0.0 0.008917963823136886 0.008326304702634114 0.024644523127072437 0.002587249360218229 0.02104988871658045
0 0.003968253968253968 0.0 1.0 0.0 0.006105357215564772 0.006352623092426988 0.01846231664137582 0.0018982536066818527 0.0003346000638820884
0 0.0016260162601626016 0.0 1.0 0.0 0.0045700990006947 0.0047930479085760225 0.01358303416114586 0.001092653295553457 0.0017028184962364695
0 0.005681818181818182 0.0 1.0 0.0 0.00523796859349493 0.00478229895437895 0.020140709063319075 0.0013115206737074618 0.012434711808061527
0 0.0024509803921568627 0.0 1.0 0.0 0.004722115682337743 0.0031326183050610352 0.012835103692463328 0.0006960263224500126 0.00017417543557645475
0 0.0017921146953405018 0.0 1.0 0.0 0.0042689160853288475 0.004625200008774319 0.012947280826276369 0.0011022117716217212 0.0010981530765611523
0 0.0043859649122807015 0.0 1.0 0.0 0.006372198848591771 0.004210612964700944 0.01688163884673748 0.000442925841559099 0.002861165367541976
0 0.0017857142857142859 0.0 1.0 0.0 0.0017996091190114313 0.0017328147165009574 0.013657056145675263 0.00043388653867013776 0.0007288757665560432
0 0.003401360544217687 0.0 1.0 0.0 0.010651939849659274 0.004334507002586313 0.012844136137004117 0.0016813103373467839 0.05181662867708602
0 0.0012285012285012285 0.0 1.0 0.0 0.006826869830603662 0.0030123123826244253 0.01394414140999877 0.0006977364608344108 0.027675707260059978
0 0.0015527950310559005 0.0 1.0 0.0 0.005532363844162982 0.001973291668353539 0.0075601560806416645 0.00021694326933506888 0.029838448582219988
0 0.001016260162601626 0.0 1.0 0.0 0.004604337236984044 0.002600758586492881 0.012731781339057696 0.0008148600848195268 0.02383058655585764
0 0.0015384615384615385 0.0 1.0 0.0 0.0022686578640671914 0.002888227603937766 0.007324617719154896 0.00011681560656503709 0.0003188695716362205
0 0.0012406947890818859 0.0 1.0 0.06451612903225806 0.004739129745035952 0.0015232787158983405 0.009373929218268148 0.0003184167340240527 0.014001730774674736
0 0.0008230452674897119 0.0 1.0 0.0 0.004906191918318929 0.004456031452243118 0.007789580171977743 0.0006074411541381929 0.022631031380136758
0 0.003968253968253968 0.0 1.0 0.0 0.0011946861518416598 0.0011477929238714775 0.007502950598549992 0.0 0.01956718470090225
0 0.0014992503748125937 0.0 1.0 0.0 0.009508846689772265 0.00611281652082008 0.018011479844296362 0.0016836684163612956 0.026028104343343093
0 0.0011904761904761904 0.0 1.0 0.07142857142857142 0.0072547951243452855 0.006650686158519894 0.015364188163884669 0.0012745417073435298 0.009685309217362948
0 0.0012903225806451613 0.0 1.0 0.0 0.006812144963083063 0.004283009523296483 0.006160849772382397 0.0006681852695520122 0.038421242276370345
0 0.0008012820512820513 0.0 1.0 0.0 0.006367212344704982 0.0034244878156022692 0.014007237072487447 0.0009150555847594573 0.01430604682131817
0 0.0012121212121212121 0.0 1.0 0.0 0.004443699288521402 0.0034084354454942387 0.012837632776934749 0.0006985573272589218 0.040141059678482416
0 0.001176470588235294 0.0 1.0 0.0 0.010371749004715802 0.003123740615500849 0.006737481031866463 0.00030372057706909645 0.0481924592263613
0 0.0025974025974025974 0.0 1.0 0.0 0.005604123887016416 0.002029875311012181 0.0170368326665747 0.0008973562504314212 0.05791705821535029
0 0.0006775067750677507 0.0 1.0 0.0 0.006258745019721587 0.0009928001164949565 0.01374958362633702 0.0003889104950275015 0.028651251437664883
0 0.0006285355122564425 0.0 1.0 0.0 0.004811924497003591 0.0015976439203007542 0.011345590570632034 0.0006003778849040278 0.026578037199380997
0 0.0029239766081871343 0.0 1.0 0.0 0.009740219862663055 0.0008194523942072046 0.0069128308885516776 0.0001687336539272758 0.011019337190528247
0 0.0005827505827505828 0.0 1.0 0.0 0.007153750621296252 0.0008547233452558942 0.013450131052558972 0.00043142127424587555 0.018912753852044342
0 0.00125 0.0 1.0 0.0 0.007366793530381272 0.0002691190755734874 0.013505311077389984 0.00037965072133637056 0.03630204926831348
0 0.0012195121951219512 0.0 1.0 0.0 0.0071643362075981525 0.0033010619383305575 0.008801213960546282 0.000797266514806378 0.0028455825273554624
0 0.0023809523809523807 0.0 1.0 0.0 0.0 0.0 0.009863429438543247 0.00030372057706909645 0.01715211411546663
0 0.003875968992248062 0.0 1.0 0.0 0.0017070598142375816 0.003267942886886529 0.0053110773899848265 0.0007593014426727412 0.013308812358584348
0 0.0008741258741258741 0.0 1.0 0.0 0.002408817691661797 0.0019856789921123595 0.009221431072720904 0.0007885053443140004 0.00034955763950563363
0 0.001388888888888889 0.0 1.0 0.0 0.00441596599622863 0.003278129448220601 0.017261001517450678 0.0011389521640091116 0.0005515924553783706
0 0.0006587615283267457 0.0 1.0 0.0 0.0035156408791423713 0.0009174271828359247 0.015243481859566838 0.0005292100964082742 0.00010651336731160954
0 0.0006863417982155113 0.0 1.0 0.0 0.007583426352866693 0.00131954112155454 0.010891379901120954 0.0005388590883483969 0.032987191066621166
0 0.0016025641025641025 0.0 1.0 0.0 0.008744237778822961 0.001656117388144538 0.009805065950741217 0.00046726242626014835 0.07422771731308928
0 0.0007037297677691766 0.0 1.0 0.0 0.0032162666656836685 0.002004925490703023 0.009994244152582283 0.00047129055062446 0.00031654586828437935
0 0.0009523809523809524 0.0 1.0 0.0 0.004473408377286472 0.001627505514312153 0.015282896163017558 0.0009762447120078099 0.0005106119411723374
0 0.0017825311942959 0.0 1.0 0.0 0.003552712184656127 0.0 0.012484480618016276 0.0002761096155173604 0.0015628853592056435
0 0.0009157509157509158 0.0 1.0 0.0 0.007489676793314324 0.003230191699413812 0.01835392730688633 0.0008677730773402755 0.056728222936254354
0 0.2 0.0 1.0 0.0 0.0 0.008050171317543563 0.0029498525073746312 0.002366863905325444 0.19999999999999998
0 0.016129032258064516 0.0 1.0 0.06451612903225806 0.011683436757229493 0.010509657433641972 0.011704253497002567 0.003435770185149839 1.0938072082614162e-05
0 0.016666666666666666 0.0 1.0 0.0 0.008282091570452885 0.009475397323790817 0.006784660766961652 0.003254437869822486 2.9162309980798594e-05
0 0.007575757575757576 0.0 1.0 0.0 0.006020787290344875 0.00566976086414693 0.019486904442656654 0.0036758113681190615 1.4705000911454728e-05
0 0.009090909090909092 0.0 1.0 0.0 0.0052721625028452545 0.003659168780701619 0.011665325824617857 0.0 2.5243912480762816e-05
0 0.009259259259259259 0.0 1.0 0.0 0.0034126004385951316 0.003354238048976484 0.015404785316289742 0.0003287310979618672 6.943746934070991e-05
0 0.006802721088435374 0.0 1.0 0.0 0.003965001562486051 0.008486567693568883 0.0134850400337126 0.0009861932938856016 4.832640778896941e-05
0 0.005208333333333333 0.0 1.0 0.0 0.012077822694224062 0.009340804833294837 0.012905604719764012 0.0008629191321499013 1.583043564069674e-05
0 0.004830917874396135 0.0 1.0 0.0 0.009707077994520308 0.010500223457665518 0.009619084263178146 0.00025726781579624386 1.9038133496423876e-05
0 0.004166666666666667 0.0 1.0 0.0 0.006487741986798901 0.007867846322985747 0.023967551622418874 0.0019723865877712033 2.1294188471863014e-05
0 0.015151515151515152 0.0 1.0 0.0 0.002599323185805938 0.0033542380489764846 0.0058997050147492625 0.0 0.0003632355477683217
0 0.013888888888888888 0.0 1.0 0.0 0.0 0.006708476097952969 0.004424778761061947 0.0 0.0005134672739944107
0 0.002564102564102564 0.0 1.0 0.0 0.007283043700329807 0.00937631964548155 0.012684365781710914 0.0018737672583826433 1.3580512496735712e-05
0 0.002747252747252747 0.0 1.0 0.0 0.007128244263221946 0.00878875746070792 0.01599727705922396 0.0013654984069185253 1.8138175610776685e-05
0 0.0044444444444444444 0.0 1.0 0.0 0.007942864925082888 0.013835701008697347 0.015535889872173057 0.002761341222879685 3.9440919959242494e-05
0 0.004166666666666667 0.0 1.0 0.0 0.002248915600054886 0.0013416952195905937 0.015142576204523106 0.001183431952662722 8.589848698122201e-05
0 0.0053475935828877 0.0 1.0 0.0 0.005725898229114718 0.0 0.011531241619737197 0.0 9.277280541484762e-05
0 0.006172839506172839 0.0 1.0 0.0 0.0022080678851780825 0.0 0.017699115044247787 0.0 0.0001965925049303899
0 0.022727272727272728 0.0 1.0 0.0 0.011189359413108887 0.019644154947748047 0.01631016042780748 0.007934373318988702 0.022727272727272728
0 0.027777777777777776 0.0 1.0 0.0 0.019721349326898556 0.002008299665603013 0.006862745098039216 0.0013149243918474688 0.01777065138092535
0 0.012345679012345678 0.0 1.0 0.0 0.009351150527793546 0.01870394553526162 0.0215686274509804 0.003287310979618672 0.012368572778615725
0 0.006944444444444444 0.0 1.0 0.0 0.011894874436291926 0.014012425658727429 0.014215686274509802 0.0011505588428665351 0.018132579630263792
0 0.009523809523809525 0.0 1.0 0.0 0.009486750792007038 0.009583537282789956 0.015126050420168066 0.0014088475626937165 0.029643371875001972
0 0.006944444444444444 0.0 1.0 0.0 0.011120041180907508 0.011810395717591599 0.005147058823529412 0.0004930966469428008 0.017426381295185166
0 0.022222222222222223 0.0 1.0 0.0 0.004264442115452557 0.003547469423602867 0.011674436674436671 0.001497035092835618 0.022222222222222223
0 0.014285714285714285 0.0 1.0 0.0 0.010112051250437617 0.0032659367586585324 0.01123876123876124 0.0012248468941382332 0.018505507986276058
0 0.01111111111111111 0.0 1.0 0.0 0.008625905547645312 0.004607315240340979 0.015996503496503493 0.001749781277340333 0.021394603163793997
0 0.010416666666666666 0.0 1.0 0.0 0.005127382348151475 0.003303745862516487 0.014969405594405594 0.0012029746281714785 0.0002869163328446106
0 0.010526315789473684 0.0 1.0 0.0 0.007816651206292501 0.005104298994356324 0.013894000736106001 0.0016576875259013675 0.04665059627046398
0 0.010416666666666666 0.0 1.0 0.0 0.0017465807656850592 0.0015122411502584026 0.01999562937062937 0.0012576552930883642 0.006878699467612424
0 0.005714285714285714 0.0 1.0 0.0 0.0030707850326275503 0.002856648719506272 0.006818181818181817 0.0008398950131233594 0.0007616259211114245
0 0.003676470588235294 0.0 1.0 0.0 0.005822594111381239 0.005161150260879601 0.015734265734265736 0.0016983171221244407 0.02457670264899807
0 0.004629629629629629 0.0 1.0 0.0 0.003815899849229247 0.005753914184805302 0.006483100233100233 0.0011665208515602217 0.0006265404125936699
0 0.007692307692307693 0.0 1.0 0.0 0.000868184665551955 0.001831185076606585 0.011834319526627217 0.0011440877582609868 0.003168236223889288
0 0.001976284584980237 0.0 1.0 0.0 0.006609420354580549 0.004938043087297759 0.010850562480997264 0.0008558712769599453 0.01403533014967832
0 0.006944444444444444 0.0 1.0 0.0 0.005956272657724252 0.006943243415466634 0.016535547785547784 0.0011665208515602217 0.0012244021640388373
0 0.003344481605351171 0.0 1.0 0.0 0.00713690572678197 0.006765276642175337 0.017064457281848584 0.0011411617026132605 0.039672355630198004
0 0.0017006802721088435 0.0 1.0 0.0 0.01267160455563537 0.004407668116578788 0.014672827172827172 0.00091655209765446 0.011364717607900823
0 0.00392156862745098 0.0 1.0 0.0 0.0015043725995207615 0.0024820829009860428 0.02298436857260386 0.0006690340178065978 0.002646146164725567
0 0.0023148148148148147 0.0 1.0 0.0 0.00929951219974321 0.005094795799162653 0.014083139083139084 0.0010369074236090858 0.025617946266830584
0 0.0018975332068311196 0.0 1.0 0.0 0.0037275876270218677 0.005232982785323531 0.01266072637040379 0.0006773346880027094 0.00019182700208693131
0 0.0020576131687242796 0.0 1.0 0.0 0.003127154314599038 0.0033063063883174448 0.01621989121989122 0.0006156637827678947 0.0003323515823405397
0 0.001594896331738437 0.0 1.0 0.0 0.005468201233418565 0.004711398125995735 0.01380059334604789 0.0011134971764893027 0.027968240420341316
0 0.0011627906976744186 0.0 1.0 0.0 0.005394659111679092 0.004159569037861558 0.016466092047487394 0.0009155832265152902 0.020566827266117912
0 0.001984126984126984 0.0 1.0 0.0 0.00914321615573214 0.005681498628301199 0.011618589743589744 0.0007290755322251386 0.031687046042648194
0 0.0012285012285012285 0.0 1.0 0.0 0.0016564960746007675 0.0029017776175967796 0.008812133812133813 0.0003546853940554728 0.0004906213306401316
0 0.002717391304347826 0.0 1.0 0.0 0.007209624638908074 0.0024206183772308406 0.006938374125874125 0.0006014873140857392 0.0586126609595978
0 0.004629629629629629 0.0 1.0 0.0 0.0005260392776033819 0.001322522555326978 0.006507381507381508 0.0 0.036717158946749734
0 0.0018181818181818182 0.0 1.0 0.0 0.006443287905885389 0.007470487620245264 0.016807056579783854 0.001352103714308439 0.0005183450747712935
0 0.0020242914979757085 0.0 1.0 0.0 0.004784052128425015 0.0059681421751047485 0.009891424365108575 0.0005525625086337892 0.000310889200806375
0 0.0023148148148148147 0.0 1.0 0.0 0.004023787870049882 0.005916316261588825 0.015898164335664332 0.0011482939632545932 0.0015073105709499034
0 0.002976190476190476 0.0 1.0 0.0 0.0026530624458516957 0.003151233172105405 0.009542540792540792 0.00014581510644502772 0.0029955324193189675
0 0.0022988505747126436 0.0 1.0 0.0 0.0058387460799912356 0.0025130536442326988 0.011188811188811189 0.00023330417031204432 0.0007381383819759958
0 0.001282051282051282 0.0 1.0 0.0 0.006622090709073904 0.004309555214508858 0.01586874663797741 0.0012113870381586917 0.033077601644422944
0 0.0011947431302270011 0.0 1.0 0.0 0.013874269696763022 0.004962490103707167 0.018324268324268325 0.0010693107805968699 0.018781110515996142
0 0.0008445945945945946 0.0 1.0 0.0 0.005514422131280136 0.0025431249027021564 0.01103288603288603 0.0006620794022368826 0.02257871480285885
0 0.0010822510822510823 0.0 1.0 0.0 0.003218962851267352 0.001619134047716988 0.007461288711288711 0.0005936757905261843 0.0007706529542468025
0 0.0008169934640522876 0.0 1.0 0.0 0.005040028837393174 0.001881723312380917 0.016001359751359752 0.0009721007096335181 0.02395923355958239
0 0.0015037593984962405 0.0 1.0 0.0 0.0021507831974857668 0.0019546258384338295 0.012835848362164151 0.0005065156329143067 0.003630520360780314
0 0.0009259259259259259 0.0 1.0 0.0 0.004053739076856231 0.0019440035909477345 0.010693473193473193 0.0008165645960921552 0.03058859791705305
0 0.0006006006006006007 0.0 1.0 0.0 0.004422606157253938 0.0024503580232735577 0.007070707070707072 0.0005832604257801108 0.01919838574358376
0 0.0010526315789473684 0.0 1.0 0.0 0.0011384896472755616 0.0 0.009720279720279718 0.0001399825021872266 0.0023314483713120725
0 0.0017094017094017094 0.0 1.0 0.0 0.01130187676697257 0.00652066614750782 0.014335664335664335 0.0015748031496062992 0.05779936609783363
0 0.0007352941176470588 0.0 1.0 0.0 0.003113751343952037 0.0006937175844626944 0.006838749485808308 0.0001543924656476764 0.0010524436059136733
0 0.0006968641114982578 0.0 1.0 0.0 0.0034924067875913363 0.000974560191934286 0.015709290709290707 0.0004999375078115235 0.026279449849122987
1 0.0008818342151675485 0.0 1.0 0.0 0.008784013852594173 0.0030519208870054904 0.006960631960631961 0.0007452772107190304 0.024022752722586055
0 0.0033222591362126247 0.0 1.0 0.0 0.001002220421433274 0.0 0.008116883116883118 0.0 0.02946039546446507
0 0.0013368983957219253 0.0 1.0 0.0 0.004017809192218993 0.0016724101905834245 0.004422048539695599 0.0003087849312953528 0.003902378915852639
0 0.038461538461538464 0.0 1.0 0.0 0.019991010622001044 0.01830048771972594 0.0199055330634278 0.009530292716133428 0.03846153846153847
0 0.017241379310344827 0.0 1.0 0.0 0.008504554299735885 0.0020757994395252705 0.013914095583787051 0.00274641440341776 0.0073947543218312465
0 0.015873015873015872 0.0 1.0 0.0 0.021192199433309272 0.02866580178392041 0.013366750208855471 0.0 0.023681593834500858
0 0.016666666666666666 0.0 1.0 0.0 0.03528384281441478 0.039747269880356005 0.011695906432748537 0.0017699115044247787 0.02664044158441992
0 0.008695652173913044 0.0 1.0 0.0 0.01779097603874526 0.023304820193874226 0.018688024408848206 0.0011542901115813775 0.01837881917655839
1 0.02857142857142857 0.0 1.0 0.0 0.00825988744175445 0.004667390628355442 0.010159460792372189 0.0018433179723502308 0.02857142857142857
0 0.010869565217391304 0.0 1.0 0.0 0.005575282014894966 0.005412543486475958 0.013633862010306698 0.002354237627729913 0.022864417236770705
1 0.006802721088435374 0.0 1.0 0.0 0.008062591944280042 0.0021296184045695235 0.009957492778469273 0.0014577259475218659 0.015577801615399203
0 0.006756756756756757 0.0 1.0 0.0 0.007796748180332 0.0015668348040011881 0.015115230305103727 0.0017436791630340016 0.020802305156200497
0 0.0125 0.0 1.0 0.0 0.008021588954216218 0.005449878184673987 0.012658227848101267 0.0014400921658986171 0.08127224931874605
0 0.005555555555555555 0.0 1.0 0.0 0.0073458534740900895 0.0027578812147724275 0.013156885308784044 0.001804915514592934 0.031552063451870505
0 0.0037593984962406013 0.0 1.0 0.0 0.0038802702766169077 0.0039429316272282175 0.009841923566107446 0.0006669900557846228 0.033664050242230494
0 0.008333333333333333 0.0 1.0 0.0 0.0020997254955055287 0.0032532862969333306 0.00928270042194093 0.00030721966205837174 0.001445519934522036
0 0.003968253968253968 0.0 1.0 0.0 0.0021802859782713104 0.004567521820977006 0.01130198915009042 0.00041145490454246215 0.0016973883584043658
0 0.002777777777777778 0.0 1.0 0.0 0.007079521316512428 0.007319458316237099 0.010516557984912418 0.0013760880696364565 0.030374308392109726
1 0.002066115702479339 0.0 1.0 0.0 0.00695612475351384 0.005979186100220957 0.012553614394811174 0.0017281105990783407 0.02327845867118423
0 0.0020833333333333333 0.0 1.0 0.0 0.0050622474637268275 0.005305033335546353 0.012773302646720368 0.0013824884792626728 0.001408943608557564
0 0.0016025641025641027 0.0 1.0 0.041666666666666664 0.0036228909683857675 0.004426422936949725 0.009877253548139626 0.0010080645161290322 0.0007670221709395104
0 0.002232142857142857 0.0 1.0 0.0 0.004221969011984125 0.002485394040688232 0.012010932105868817 0.0006480414746543779 0.0029711865844903474
0 0.0022988505747126436 0.0 1.0 0.0 0.004514054567437515 0.0020517467576813405 0.005872782826078331 7.94533608771651e-05 0.04430050753056087
0 0.001736111111111111 0.0 1.0 0.0 0.005477405966294573 0.00488917099999137 0.011028001534330652 0.0011840757808499742 0.030034895613896512
0 0.00196078431372549 0.0 1.0 0.0 0.008040478642522228 0.006606038861093141 0.013885692366705029 0.0016513056835637482 0.034997935462168304
0 0.0026455026455026454 0.0 1.0 0.0 0.005525525019291874 0.0017698615504670703 0.01161707490821415 0.0008229098090849244 0.06160798553165471
0 0.003095975232198142 0.0 1.0 0.0 0.012198222636413463 0.009850896976575573 0.008190618019359644 0.0016942260775277853 0.06198990299083934
0 0.002272727272727273 0.0 1.0 0.0 0.005321033727795097 0.006442531367197828 0.007061408097081285 0.0012044407205697527 0.002016140019562649
0 0.0015873015873015873 0.0 1.0 0.0 0.00695662276427259 0.0034768824329251646 0.011277330264672038 0.0008064516129032258 0.03138555096146469
0 0.0012285012285012285 0.0 1.0 0.0 0.0021456793976968045 0.0028987574309151665 0.008583957951046559 0.00028023415120189316 0.001789500344322946
0 0.001402524544179523 0.0 1.0 0.0 0.00034642058528464107 0.0020224155681059348 0.00950295111177104 0.0006689460383529063 0.0004964944968848841
0 0.003472222222222222 0.0 1.0 0.0 0.0016716201307764155 0.0013061433877350828 0.007383966244725739 0.0 0.002962552988064611
0 0.0025 0.0 1.0 0.0 0.0017340684166248987 0.0 0.01086018411967779 0.0004320276497695853 0.00141097655088947
0 0.0011312217194570137 0.0 1.0 0.0 0.0014747127398776001 0.000619075333921932 0.008529073309415828 0.0004404987801572242 0.000581363964718085
0 0.0016835016835016834 0.0 1.0 0.0 0.001739108220177514 0.0 0.010827492415524637 0.0009949727691663174 0.005192580215106029
0 0.0016233766233766233 0.0 1.0 0.0 0.0011559569079442663 0.0 0.008735223349722775 0.0 0.004943696112255904
0 0.0021551724137931034 0.0 1.0 0.0 0.00033559494199449606 0.0 0.008342922899884926 0.0010800691244239632 0.0024326305660311736
0 0.030303030303030304 0.0 1.0 0.0 0.015426368665303 0.02016601549001555 0.017724413950829045 0.00863060989643268 0.030303030303030304
0 0.025 0.0 1.0 0.0 0.015561970481269944 0.020968897516429292 0.013836477987421384 0.005379746835443038 0.012922882952211407
0 0.009259259259259259 0.0 1.0 0.0 0.01761242614738456 0.02074469160149556 0.01904262753319357 0.0038677918424753874 0.022100752361724596
0 0.006578947368421052 0.0 1.0 0.0 0.014663435235626368 0.012624107742878246 0.019860973187686193 0.002831445702864757 0.022323532950524236
1 0.00625 0.0 1.0 0.0 0.004003563907121087 0.004036231070010469 0.022209119496855344 0.0009889240506329115 0.004200605033245392
0 0.03333333333333333 0.0 1.0 0.0 0.006600653367069142 0.0032222756714975695 0.0076559546313799635 0.0011037527593818987 0.03333333333333334
0 0.013888888888888888 0.0 1.0 0.0 0.007925155984280768 0.004528576055417719 0.012208569628229367 0.0016819089666771792 0.019052107552751763
0 0.0196078431372549 0.0 1.0 0.0 0.008174748926715623 0.0011356883682994564 0.008228622261759147 0.0008904223941232126 0.025706317186126416
0 0.013888888888888888 0.0 1.0 0.0 0.0056961139837919846 0.0025027206634747282 0.00955681579500105 0.0009986334489645752 0.00034593045292784463
0 0.03333333333333333 0.0 1.0 0.0 0.0 0.0 0.003308128544423441 0.000946073793755913 0.039025162653420785
0 0.0028735632183908046 0.0 1.0 0.0 0.004682444863714389 0.0035470212082514357 0.008066618864480806 0.0010928783479594174 0.011374312402590212
0 0.0047619047619047615 0.0 1.0 0.0 0.007294272557160538 0.005161091435864914 0.0075929426591052306 0.0016083254493850527 0.019348268687226288
0 0.00390625 0.0 1.0 0.0 0.002095427436844697 0.0031027227978677363 0.007768194706994329 0.0010347682119205303 0.0003356367033784019
0 0.0027777777777777775 0.0 1.0 0.0 0.004143004132074062 0.004067139570907691 0.011436672967863893 0.0009933774834437088 0.011485412181255181
0 0.003703703703703704 0.0 1.0 0.0 0.0048817897679864315 0.003270940561976831 0.008821676118462508 0.0006307158625039421 0.016112104652608043
0 0.00909090909090909 0.0 1.0 0.0 0.0005119187525713063 0.0012871134840727173 0.0076559546313799635 0.0 0.009257796775634763
0 0.0016666666666666666 0.0 1.0 0.0 0.0031369794273953537 0.0032583826137352638 0.011134215500945186 0.0004541154210028382 0.000105500824065007
0 0.0034965034965034965 0.0 1.0 0.0 0.006634571337543133 0.003054350735683631 0.01052586355043822 0.0005160402511395889 0.019491695129696413
0 0.002040816326530612 0.0 1.0 0.0 0.0034092162102270407 0.003149953722630608 0.009883877936807993 0.0005406135964319504 0.014610836954144994
0 0.0017543859649122807 0.0 1.0 0.0 0.0039662912461650825 0.0022156849589578453 0.00684011541140185 0.0002240701090474531 0.021648497136004263
0 0.00390625 0.0 1.0 0.0 0.004880145650718724 0.0033871239008390853 0.008624763705103969 0.0004139072847682119 0.03714439642247459
0 0.0017301038062283738 0.0 1.0 0.0 0.007694536590036673 0.004216979374979705 0.0046147003224730355 0.0002504312983471535 0.01843721841441756
0 0.002525252525252525 0.0 1.0 0.0 0.0008419506021708841 0.003510309502016501 0.00807698917339749 0.00017201341704652963 0.0008032088095460255
0 0.0023923444976076554 0.0 1.0 0.0 0.009261842675500016 0.0036120452947901198 0.006358480838632067 0.0003870301883546917 0.029895934749044843
0 0.0019230769230769232 0.0 1.0 0.0 0.005575597394797757 0.002129157363685925 0.00945179584120983 0.0005458118040899498 0.03277334392698358
0 0.0012531328320802004 0.0 1.0 0.0 0.004378258264796589 0.003026953219117811 0.008929459755248231 0.0004481402180949062 0.011531739241526865
0 0.004132231404958678 0.0 1.0 0.0 0.0071911001718508415 0.004463584472011168 0.012716961677264134 0.0011180872108024426 0.0005698787533667075
0 0.0012422360248447205 0.0 1.0 0.0 0.006243157278103632 0.0025880541760724667 0.008236564947339995 0.0005946749560751454 0.02171968749623382
0 0.0016666666666666666 0.0 1.0 0.0 0.006118802216178483 0.0024870745869579507 0.009754253308128541 0.0005676442762535478 0.00012777650956916767
0 0.0022222222222222222 0.0 1.0 0.0 0.005045331562423857 0.0035830359548468297 0.004725897920604915 0.000630715862503942 0.0303097569942712
0 0.0032051282051282055 0.0 1.0 0.0 0.0055401761571208545 0.005588291349875595 0.006222432262129804 0.000630715862503942 0.04901460978586288
0 0.005291005291005291 0.0 1.0 0.0 0.0 0.0 0.005536051849851472 0.00027030679821597514 0.020336449715256926
0 0.0035714285714285713 0.0 1.0 0.0 0.010262507864672915 0.0045553402085789585 0.008601134215500945 0.0006622516556291391 0.08620259084013385
0 0.0010141987829614604 0.0 1.0 0.0 0.0069331340356508534 0.005660909481040018 0.008617813855220726 0.0011130279926540153 0.014082295524403076
0 0.003333333333333333 0.0 1.0 0.0 0.008850975474312281 0.005668189501091655 0.01436672967863894 0.0014191106906338694 0.0006356386180991491
0 0.004608294930875576 0.0 1.0 0.0 0.004529608148887631 0.003302742307211442 0.004590872265730489 0.00027030679821597514 0.004857040561219738
0 0.001201923076923077 0.0 1.0 0.0 0.007964527422321177 0.006671380612739168 0.011124036643885414 0.001382723237027873 0.018906909439973637
0 0.0012121212121212121 0.0 1.0 0.0 0.0064032574896886255 0.00594346193320969 0.01172022684310019 0.0012109744560075686 0.007415496611293672
0 0.0008169934640522876 0.0 1.0 0.0 0.003095949724987753 0.0009465620212958352 0.008611636210880066 0.00023651844843897827 9.558665889857106e-05
0 0.0012987012987012987 0.0 1.0 0.0 0.006586040254509701 0.003180693199269624 0.014822134387351782 0.0009890771480175456 6.845694486242217e-05
0 0.0030864197530864196 0.0 1.0 0.0 0.011887456032681452 0.0028602521868282605 0.004515858013022474 0.00042047724166929465 0.0745567867282826
0 0.0007722007722007722 0.0 1.0 0.0 0.003687723759992103 0.0021067673389857495 0.008290575209289764 0.0005676442762535479 6.458170550596419e-05
0 0.0009746588693957114 0.0 1.0 0.0 0.003851578236538684 0.0026827869846121613 0.009206749282363648 0.0009460737937559131 0.002555211812278747
0 0.0021367521367521365 0.0 1.0 0.0 0.0023128551995024605 0.0 0.010318210459987398 0.00039419741406496373 0.0014893266102340506
0 0.0013157894736842105 0.0 1.0 0.0 0.0035344740422725307 0.0006219196485150205 0.013033529002089343 0.0008464870786237116 0.03001378417186726
0 0.000903342366757001 0.0 1.0 0.0 0.004519086695337386 0.0030263169711954667 0.00906672267730869 0.0008759942534776972 0.00018606690707733968
0 0.0010822510822510823 0.0 1.0 0.0 0.004013456700589332 0.001267924148463634 0.010139199175115998 0.0006450503139244861 0.00015048121019649674
0 0.0033222591362126247 0.0 1.0 0.0 0.0 0.0 0.004590872265730489 0.0 0.022080367761518206
0 0.0015151515151515152 0.0 1.0 0.13333333333333333 0.0020208265921811985 0.0005164736123900473 0.008506616257088847 0.0003784295175023652 0.0006902580879254848
0 0.03225806451612903 0.0 1.0 0.0 0.0061055786020895 0.003918581376257181 0.01500112790435371 0.00203378340206768 0.03225806451612903
0 0.012195121951219513 0.0 1.0 0.0 0.009136865563623768 0.005687611198718275 0.010105747910625958 0.0021357481525778503 0.008990130686477827
0 0.01111111111111111 0.0 1.0 0.0 0.008504344142528477 0.0030959056477218093 0.008857808857808857 0.0018096906012842965 0.004284300508500688
0 0.03125 0.0 1.0 0.0 0.005566592773133861 0.004467422130029101 0.011582167832167832 0.0024080560420315237 0.06354050977580904
0 0.006896551724137932 0.0 1.0 0.0 0.011791235054269312 0.007135792130287155 0.011574632264287435 0.0022344344465245487 0.007886132088978055
0 0.00980392156862745 0.0 1.0 0.0 0.012538655270764927 0.010122513097696559 0.010283833813245576 0.0018543319254146493 0.00033357837196899983
0 0.01020408163265306 0.0 1.0 0.0 0.008571746921223328 0.008036935304318106 0.013611388611388612 0.0008756567425569177 0.0007004212020849809
0 0.005208333333333333 0.0 1.0 0.0 0.01013683813086813 0.00944129350891242 0.012019230769230768 0.00043782837127845885 0.00022034047842749518
0 0.0024154589371980675 0.0 1.0 0.0 0.006384792459585429 0.004453650052706866 0.009653390088172696 0.00041879235513591717 0.008412906634132633
0 0.0058823529411764705 0.0 1.0 0.0 0.014414256133679255 0.006306948889452848 0.007507198683669273 0.00041207376120325537 0.0010678116555842554
0 0.0021141649048625794 0.0 1.0 0.0 0.00444464443727475 0.004986889819567368 0.0072776061148154166 0.0004072822058404268 0.009853780923321141
0 0.004901960784313725 0.0 1.0 0.0 0.008335490903541522 0.009247964688482671 0.00956396544631839 0.0009271659627073246 0.007902656273616474
0 0.006410256410256411 0.0 1.0 0.0 0.008254509937571354 0.005956562840038801 0.006701631701631703 0.00043782837127845885 0.0031374946965565444
0 0.0032467532467532465 0.0 1.0 0.0 0.007623640042156695 0.007350604775771984 0.01414494596312778 0.0014328928514567745 0.018790476409352067
0 0.003703703703703704 0.0 1.0 0.0 0.002078384982236279 0.005577907430609863 0.010101010101010102 0.0001945903872348706 0.001982405008411295
0 0.002976190476190476 0.0 1.0 0.0 0.003942249968728178 0.0035308688753264666 0.014735264735264734 0.0010841464431657077 0.0004154548269485542
0 0.00392156862745098 0.0 1.0 0.0 0.0033937362065641742 0.003971041893359201 0.004895104895104895 0.0 0.004561192726896778
0 0.0015015015015015015 0.0 1.0 0.0 0.0064940612759458805 0.002013138576401474 0.010631260631260632 0.0005679935627396223 0.01126385064030815
0 0.0023923444976076554 0.0 1.0 0.0 0.013398057704906463 0.0014896185773920177 0.012714558169103628 0.0008756567425569177 0.005523376835446529
0 0.0011627906976744186 0.0 1.0 0.0 0.008947485214520214 0.003057852874480828 0.0141079850382176 0.0008145644116808536 0.001244111014696907
0 0.0028011204481792717 0.0 1.0 0.0 0.012242875475146731 0.0042046325929685656 0.01192924722336487 0.0006181106418048831 0.0010356065874308588
0 0.0026737967914438505 0.0 1.0 0.0 0.011143216225038222 0.003906370566256638 0.01264911559029206 0.00133923972391058 0.021176371316741587
0 0.0036231884057971015 0.0 1.0 0.0 0.012872018809615198 0.004494030646782451 0.00713869463869464 0.0007297139521307647 0.005478997886921346
0 0.004166666666666667 0.0 1.0 0.0 0.0013878256710727604 0.0 0.007342657342657344 0.0005253940455341507 0.014561369089674292
0 0.0044444444444444444 0.0 1.0 0.0 0.004412888416916461 0.0 0.013403263403263406 0.0005837711617046118 0.008193743477308758
0 0.02564102564102564 0.0 1.0 0.0 0.003730958741484721 0.0023875049414986385 0.009643950820421408 0.0012122875637594632 0.02564102564102564
0 0.010638297872340425 0.0 1.0 0.0 0.0027233827480555727 0.0018840194493447131 0.008267910645883112 0.0012147208988934643 0.016354524111257564
0 0.013333333333333332 0.0 1.0 0.0 0.001726278058229498 0.00194422698340574 0.008698752228163993 0.0010347903657448709 0.0022406519918846176
0 0.010869565217391304 0.0 1.0 0.0 0.0019465976218561688 0.0029163008769404392 0.008525149190110826 0.0009308459062172752 0.0053481652455061365
0 0.0038461538461538464 0.0 1.0 0.0 0.004592240620089717 0.0037479079499916643 0.008107088989441928 0.0012180059013243661 0.01154231040275245
0 0.004065040650406504 0.0 1.0 0.0 0.00391519913669551 0.0034516823033377917 0.01530368244858919 0.0017188485890211257 0.00010128778077771918
0 0.007518796992481203 0.0 1.0 0.0 0.0036129988740393397 0.0044905853685137595 0.012806079369546863 0.0016432696370721634 0.00397977731009582
0 0.002976190476190476 0.0 1.0 0.0 0.002102909096788575 0.002098896567429812 0.01294457176810118 0.001083216515865936 0.00034098457072562617
0 0.005291005291005291 0.0 1.0 0.0 0.002901974553832736 0.0026784815570140234 0.007384772090654442 0.00016991631621426448 0.0003436419538626648
0 0.0033333333333333335 0.0 1.0 0.0 0.0026302441775477867 0.0036650025559338073 0.011378490790255498 0.00020814748736247397 0.003376701155812892
0 0.007575757575757576 0.0 1.0 0.0 0.0022305756180903205 0.0026646264704408167 0.009581105169340463 0.00014867677668748143 0.0016890177548173331
0 0.002525252525252525 0.0 1.0 0.0 0.002988335583820179 0.0026337618269368962 0.00920974450386215 0.0004325142594544915 0.00019193365888307362
0 0.002849002849002849 0.0 1.0 0.0 0.0024973562919297543 0.0031559034054852385 0.012213639664620057 0.00046254997191660886 0.0006293233539479795
0 0.005494505494505494 0.0 1.0 0.0 0.0025963702089560965 0.001400342022231039 0.010763746057863705 0.0005489604062307006 0.014428683504927679
0 0.002564102564102564 0.0 1.0 0.0 0.0019299310313374424 0.001463217938780422 0.006341697518168105 0.0002744802031153503 0.010739223619216361
0 0.003289473684210526 0.0 1.0 0.0 0.001499487707967715 0.0007247932292782259 0.017168589924007882 0.0008920606601248885 0.0050029576420835605
0 0.0014347202295552368 0.0 1.0 0.0 0.005807510456041641 0.0016126365264047544 0.009912612495108906 0.0007397576205913711 0.013036012355023505
0 0.0015873015873015873 0.0 1.0 0.0 0.003756300993472044 0.002790274618611882 0.009116373822256173 0.0007391359755320505 0.018758219135329525
0 0.002288329519450801 0.0 1.0 0.0 0.0051638484060656555 0.005158189909673843 0.016701542276989844 0.0016677655819726175 0.0025709881512425083
0 0.001851851851851852 0.0 1.0 0.0 0.0030148636520589338 0.004318053958681946 0.009902951079421664 0.0008920606601248884 0.0002110552278626894
0 0.0031746031746031746 0.0 1.0 0.0 0.0072438007403486755 0.004570368433287869 0.013368983957219251 0.0007731192387749034 0.04558391518991966
0 0.0022727272727272726 0.0 1.0 0.0 0.0053848820828973154 0.00493380280751229 0.010383244206773615 0.0010258697591436219 0.003472446874110007
0 0.003105590062111801 0.0 1.0 0.0 0.005890599769853082 0.005997240834706306 0.009803921568627453 0.0011469351344462852 0.0007490786947091123
0 0.0011904761904761904 0.0 1.0 0.0 0.0038643984989304324 0.003718525400446301 0.0061624649859943975 0.00033133681661781574 0.01902205370465422
0 0.0025 0.0 1.0 0.0 0.008942218743087146 0.0037819775984300583 0.006851604278074868 0.0006132917038358609 0.04356553432821038
0 0.0011655011655011655 0.0 1.0 0.0 0.0053196479573097855 0.0031245282146352433 0.016069788797061522 0.0011083177898521344 0.018515743646911657
0 0.001610305958132045 0.0 1.0 0.0 0.0026959492440048367 0.0033159625792545185 0.012516469038208166 0.0005429934452934104 0.004480257832749199
0 0.0013736263736263735 0.0 1.0 0.0 0.0019706308289707307 0.002456853996146958 0.021836007130124777 0.0013380909901873328 0.005221902334764255
1 0.001326259946949602 0.0 1.0 0.0 0.010099805885827592 0.0028216688824403936 0.010180995475113124 0.00024017017772593152 0.01662729672464979
0 0.0016666666666666666 0.0 1.0 0.0 0.0035501091809644223 0.0036465355424012643 0.013458110516934046 0.0006690454950936664 0.00044942574393901384
0 0.001075268817204301 0.0 1.0 0.0 0.0009551850054462568 0.0008131895568323267 0.014557338086749852 0.0007731192387749034 0.000645705398696978
0 0.001838235294117647 0.0 1.0 0.0 0.0018414216218924071 0.00302174525449063 0.013526266121421828 0.0007871123471690194 0.0006748578634633478
0 0.001122334455667789 0.0 1.0 0.0 0.00202563326994099 0.0016753084919504157 0.010596157654981184 0.00023127498595830443 0.0004522629793158806
0 0.0010141987829614604 0.0 1.0 0.0 0.0016953283334697324 0.0023266563909312425 0.010172721126067982 0.0003691285490171953 0.00028710893422106976
0 0.001680672268907563 0.0 1.0 0.0 0.0037065733725309526 0.0 0.013211701793016672 0.00041979325182347696 0.0007258054409121964
0 0.001736111111111111 0.0 1.0 0.0 0.0012373617319651486 0.0 0.005124777183600713 0.0 0.01079837203083331
0 0.0012870012870012872 0.0 1.0 0.0 0.006117167647473216 0.00040125340653706087 0.011374246668364315 8.495815810713224e-05 0.028278357767092026
0 0.0017543859649122805 0.0 1.0 0.0 0.002765969723592898 0.0006256124705298807 0.007011289364230539 0.00029735355337496286 0.018106615183088415
0 0.0028490028490028487 0.0 1.0 0.0 0.0 0.0 0.0053475935828877 0.0 0.04431394638455918
0 0.000641025641025641 0.0 1.0 0.0 0.0010626691681925092 0.00023756064186693246 0.011609305726952786 0.00048034035545186304 0.0002578642943180641
0 0.0017421602787456446 0.0 1.0 0.0 0.00028198931855296554 0.0006018801098055913 0.00967659791189203 0.0003823117114820951 0.003754766555613648
0 0.0017006802721088435 0.0 1.0 0.0 0.005359960388441737 0.0010952152711293953 0.013878278584160937 0.00044603033006244426 0.05834944415375901
0 0.0008019246190858059 0.0 1.0 0.0 0.002795549982088244 0.00022335674385404926 0.010111254533161227 0.00015380356209049803 0.028780927106071417
0 0.0010330578512396695 0.0 1.0 0.0 0.0018254071376667383 0.0 0.0067250040512072595 0.0 0.006436077096831764