1 0.037037037037037035 0.0 1.0 0.0 0.013264035878209457 0.01133933504590392 0.013401559454191029 0.006622516556291395 0.03703703703703704
0 0.05 0.0 1.0 0.0 0.016684298627657284 0.013514691582763532 0.009210526315789473 0.005960264900662251 0.07810793262504909
0 0.013888888888888888 0.0 1.0 0.0 0.018252142963744337 0.02248886868587654 0.007127192982456139 0.0019315673289183224 0.009920261285284284
1 0.01 0.0 1.0 0.0 0.01793166721775888 0.02368489557379002 0.010526315789473684 0.0005298013245033113 0.028434004315496517
0 0.011111111111111112 0.0 1.0 0.0 0.012512221063741209 0.015223855304720627 0.006578947368421052 0.0007358351729212656 0.012748376514934857
0 0.005747126436781609 0.0 1.0 0.0 0.01607931942655467 0.0034887612639985972 0.01406533575317604 0.0009134505594884677 0.018207140737281573
0 0.014285714285714285 0.0 1.0 0.0 0.006795442469491722 0.004504897194254511 0.011184210526315788 0.0 0.0007830376852831607
0 0.013888888888888888 0.0 1.0 0.0 0.017839636307757045 0.010010882653898913 0.005847953216374269 0.0 0.08798283986888794
0 0.047619047619047616 0.0 1.0 0.0 0.010968319923472882 0.011263274457046998 0.013756613756613753 0.005852620377760041 0.047619047619047616
0 0.041666666666666664 0.0 1.0 0.0 0.00885474557616244 0.012667401793900022 0.015277777777777774 0.006052141527001862 0.000585009553677231
0 0.037037037037037035 0.0 1.0 0.0 0.021953118326822847 0.029557270852433384 0.008024691358024692 0.00558659217877095 0.00042107736612267076
0 0.025 0.0 1.0 0.0 0.006711043781455581 0.019852655821628686 0.010555555555555556 0.006145251396648045 0.01771082976183605
0 0.014285714285714287 0.0 1.0 0.0 0.010232828484208126 0.01628665944930003 0.009523809523809526 0.0007980845969672786 0.0002298316042569094
0 0.007575757575757575 0.0 1.0 0.0 0.00897669495510333 0.008636864859477287 0.007070707070707071 0.0005078720162519046 0.03555426036254007
0 0.005714285714285714 0.0 1.0 0.0 0.007481664246823222 0.003040176430536005 0.011333333333333336 0.0 0.027875723410284728
0 0.004032258064516129 0.0 1.0 0.0 0.014370794141703768 0.01716228630141293 0.008064516129032256 0.0007208506037123806 0.01752012450710628
0 0.0101010101010101 0.0 1.0 0.0 0.010898710560945461 0.00690949188758183 0.011616161616161615 0.0010157440325038092 0.07020246480355
0 0.004 0.0 1.0 0.0 0.0036484889429797018 0.00608035286107201 0.010444444444444444 0.0 0.00013709834361700642
0 0.16666666666666666 0.0 1.0 0.0 0.0056555134940039125 0.009756918236112607 0.007082152974504249 0.003787878787878788 0.16666666666666666
1 0.05555555555555555 0.0 1.0 0.0 0.03128453165887249 0.00385684822144215 0.015423355366698144 0.002525252525252526 9.336081798438414e-05
0 0.0303030303030303 0.0 1.0 0.0 0.021424605045429677 0.013779188440388678 0.02060262683492145 0.004648760330578511 6.228428705922803e-05
0 0.006944444444444444 0.0 1.0 0.0 0.020217765296075326 0.007622617083692184 0.015344664778092543 0.0034722222222222207 1.423106675076819e-05
0 0.0064516129032258064 0.0 1.0 0.0 0.018547296482354075 0.011272575395743396 0.015443662615370553 0.0022910557184750726 0.0044547274943941
0 0.01282051282051282 0.0 1.0 0.0 0.0019014820168285324 0.004489766178528592 0.014600130747439528 0.0008741258741258741 0.0005255033114581088
0 0.017857142857142856 0.0 1.0 0.0 0.002703090540672153 0.0021694771245612094 0.015580736543909348 0.002840909090909091 0.0010549929004799211
0 0.006578947368421052 0.0 1.0 0.0 0.026099939577609005 0.015346983492873728 0.016102579394662298 0.0037380382775119613 0.00753421275608626
0 0.007407407407407407 0.0 1.0 0.0 0.015915609398357084 0.00991282510699141 0.016052880075542966 0.0003787878787878788 6.235747005866784e-05
0 0.0032258064516129032 0.0 1.0 0.0 0.0111355437140833 0.008001156177055909 0.015717810472448142 0.0021077712609970673 2.521158227652153e-05
0 0.003952569169960474 0.0 1.0 0.0 0.006484224862162518 0.010884875039985073 0.014164305949008494 0.001976284584980237 0.021886141134041616
0 0.004166666666666667 0.0 1.0 0.0 0.010875701228393264 0.011800916063562556 0.016572237960339943 0.0011363636363636363 3.310504493177771e-05
0 0.003344481605351171 0.0 1.0 0.0 0.0019269957048522537 0.008241019918622002 0.011577780514841731 0.0011116600790513833 0.03555595243759939
0 0.006493506493506493 0.0 1.0 0.0 0.01380046115414299 0.0126224123610834 0.010301313417460727 0.0010330578512396695 0.00016771928133904859
0 0.005128205128205128 0.0 1.0 0.0 0.02219300401240348 0.011693072323902478 0.015907605142732623 0.0021853146853146855 6.53369458456216e-05
0 0.003125 0.0 1.0 0.0 0.008504751733775554 0.005976077542441849 0.013881019830028329 0.0005681818181818182 7.12354699325942e-05
0 0.0021008403361344537 0.0 1.0 0.0 0.0041234061479852304 0.006244142248006258 0.014973694860380414 0.002232142857142857 8.6968867437789e-05
0 0.0037037037037037034 0.0 1.0 0.0 0.023449558936055572 0.006386750431083557 0.017563739376770537 0.0020833333333333333 4.5261821041415607e-05
0 0.002506265664160401 0.0 1.0 0.0 0.006010756343657303 0.007156897551839753 0.009173074328881693 0.0008116883116883116 9.332437813842148e-05
0 0.08333333333333333 0.0 1.0 0.0 0.0034084189094599746 0.00811789023201557 0.0033375052148518977 0.0013575605680868838 0.08333333333333333
0 0.029411764705882353 0.0 1.0 0.0 0.004820363678304526 0.0038221835885231398 0.01096959434587352 0.0016954150081085065 0.00023938251493808635
0 0.015873015873015872 0.0 1.0 0.0 0.004192497353273927 0.002650121055854387 0.009535729185291138 0.0014918248000954767 0.019419158352165195
0 0.010416666666666666 0.0 1.0 0.0 0.004635840466844812 0.0034032519223982653 0.008395911556111807 0.0015142021720969089 0.001564107080162016
0 0.004878048780487805 0.0 1.0 0.04878048780487805 0.0015065576669535076 0.0022870084478442275 0.010775664702829757 0.0013753896937465614 0.00018914644084388365
0 0.018518518518518517 0.0 1.0 0.0 0.002044695009778436 0.0029154261516901895 0.013350020859407594 0.001392369813422445 0.0013144015659035172
0 0.017857142857142856 0.0 1.0 0.0 0.0066603306759147425 0.008307152842336246 0.013923654568210262 0.0018796992481203006 0.09418070913282575
0 0.006944444444444444 0.0 1.0 0.0 0.004255535261802521 0.007596740846979547 0.013975803087192325 0.0021581732108047896 0.00026294968944184894
0 0.01111111111111111 0.0 1.0 0.0 0.0022330097530567734 0.003537748157998649 0.01376720901126408 0.0013784461152882206 0.000948719010351925
0 0.004545454545454546 0.0 1.0 0.0 0.0038944898707642924 0.005180672245154433 0.007907611787461598 0.0016518569150148097 0.0001911419315167129
0 0.012987012987012988 0.0 1.0 0.0 0.006230549274548846 0.005072290886073097 0.016806722689075633 0.0014321518080916576 0.0008917129627078227
0 0.008333333333333333 0.0 1.0 0.0 0.004278140664042066 0.0009669062115683885 0.012390488110137673 0.0012531328320802004 0.0006742039879010222
0 0.0026525198938992045 0.0 1.0 0.0 0.004086193636245886 0.0031649166914203527 0.010098830434594969 0.0008642295393656554 0.00012822842408918527
0 0.007142857142857143 0.0 1.0 0.0 0.00379296966535205 0.0025572912644076353 0.011639549436795993 0.0002506265664160401 0.0007924460849394474
0 0.00392156862745098 0.0 1.0 0.0 0.0033895775797066416 0.004263037109565825 0.011705808731502614 0.0008845643520566121 0.0003660500906059364
0 0.010416666666666666 0.0 1.0 0.0 0.005293815073140233 0.0038032497311271327 0.017313308302044222 0.000835421888053467 0.1462914627422239
0 0.004901960784313725 0.0 1.0 0.0 0.0030643154703590253 0.007010389967019926 0.008135168961201502 0.0003132832080200501 0.0006714834022718529
0 0.0017921146953405018 0.0 1.0 0.06451612903225806 0.0019823262538864283 0.0029209688273861205 0.010537365254955793 0.00048508367693427115 0.0002494488186203247
0 0.004784688995215311 0.0 1.0 0.0 0.0019476816889809573 0.0035588271923424207 0.008647172602116282 0.000227842333105491 0.0008622112708879926
0 0.004166666666666667 0.0 1.0 0.0 0.0033877857677218747 0.003551793422788383 0.013245723821443471 0.00020885547201336674 0.06800464883230427
0 0.003401360544217687 0.0 1.0 0.14285714285714285 0.006643651825915808 0.005479909852302077 0.008313963883425712 0.0 0.0001888857379563777
0 0.0025252525252525255 0.0 1.0 0.0 0.001958204036588641 0.002455387854042488 0.018773466833541926 0.0006961849067112225 0.00039366711964901
0 0.0005175983436853002 0.0 1.0 0.047619047619047616 0.0033524693933900535 0.004296157941481475 0.01080219321771262 0.0004027926960257787 0.00034793603242938174
0 0.003472222222222222 0.0 1.0 0.0 0.0067268163888624275 0.0049725107919037365 0.014601585314977057 0.0003132832080200501 0.05151150383224174
0 0.0025 0.0 1.0 0.0 0.0020625182327651025 0.0031966140805095447 0.009543178973717144 0.00015664160401002505 0.000675880623319703
0 0.007692307692307693 0.0 1.0 0.0 0.0014277302815159452 0.0017048608429384236 0.012265331664580726 0.0 0.0028504717302074976
0 0.003367003367003367 0.0 1.0 0.0 0.0022222277694784504 0.0030997469871607702 0.014108544771873933 0.00034176349965823647 0.0011735683003139981
0 0.0015527950310559005 0.0 1.0 0.0 0.001377686570129301 0.002594353456645428 0.008924198726669205 0.0 0.00032979442287008607
0 0.0021551724137931034 0.0 1.0 0.0 0.0016537197641624788 0.00426215210734606 0.004928035043804756 0.0 0.0003665636611273248
0 0.0017543859649122807 0.0 1.0 0.10526315789473684 0.002485149366565534 0.003314884251631369 0.007904617614122917 0.0006595435958316844 0.00033830639462499725
0 0.0020161290322580645 0.0 1.0 0.0 0.004046494567715769 0.0037458869340997675 0.009464956195244055 0.00015664160401002505 0.045727992555081434
0 0.004464285714285714 0.0 1.0 0.0 0.0033084427161761925 0.0016111026388579538 0.011264080100125156 0.0003580379520229144 0.0013522194300791648
0 0.004329004329004329 0.0 1.0 0.0 0.008101696047534326 0.0 0.013409619166815665 0.0 0.09470837553752474
0 0.001278772378516624 0.0 1.0 0.0 0.006027355590235457 0.001362774026150214 0.009794852260978397 0.0003813882532418001 0.0001266894765255706
0 0.002040816326530612 0.0 1.0 0.0 0.003424050992911115 0.0017516132946508675 0.01296263186125514 0.0009846043680630146 0.00044245290678826337
0 0.0012626262626262625 0.0 1.0 0.0 0.005738295889411668 0.0013665244491016769 0.007680054613721698 0.000227842333105491 0.0001095010216261288
0 0.003861003861003861 0.0 1.0 0.0 0.0008958761477018157 0.0 0.011621669944573575 0.0003580379520229144 0.002152119346600164
0 0.0017543859649122805 0.0 1.0 0.0 0.005122686739495882 0.0 0.010846891948268668 0.0 0.00018146389513389724
0 0.0019723865877712033 0.0 1.0 0.0 0.004037531988382599 0.0028546239446036567 0.011167805911235198 0.0006747638326585695 0.0003937461221499434
0 0.004166666666666667 0.0 1.0 0.0 0.0008540560204885482 0.0 0.0027117229870671673 0.0 0.003394843788562412
0 0.003048780487804878 0.0 1.0 0.0 0.00607661301285208 0.0012255711169887674 0.023623279098873594 0.0006265664160401002 0.09947743135845938
0 0.001984126984126984 0.0 1.0 0.0 0.004642355300019598 0.0038150296396550487 0.012619941593658741 0.001670843776106934 0.0006963392834583882
0 0.0014534883720930232 0.0 1.0 0.0 0.002856424263812823 0.000989085465346278 0.010794743429286609 0.0007048872180451127 0.000389378701057771
0 0.002840909090909091 0.0 1.0 0.0 0.0041460463269729535 0.0021310760536730295 0.008291614518147685 0.0003132832080200501 0.10699111119539506
0 0.0031746031746031746 0.0 1.0 0.0 0.009998858649286766 0.001859275635836094 0.006615412122295726 0.0003580379520229144 0.00039696837535207785
0 0.0016722408026755853 0.0 1.0 0.0 0.003933658537673544 0.0006756757214198169 0.013382112255704246 0.0006747638326585695 0.0004126923353773518
0 0.0010638297872340426 0.0 1.0 0.0 0.0021107862072118756 0.0009312034364344215 0.007634543178973717 0.0003759398496240601 0.0008458074073941323
0 0.0016025641025641025 0.0 1.0 0.0 0.005921079658809917 0.0 0.006739193222297102 0.000192789666473877 0.003098017018993603
0 0.0029154518950437317 0.0 1.0 0.0 0.0056199528862604054 0.0048710309798240675 0.014124798855712497 0.0007160759040458288 0.0007772812876411829
0 0.0033333333333333335 0.0 1.0 0.0 0.003881027425843463 0.0 0.01084689194826867 0.0 0.0016962027734338646
0 0.0014005602240896359 0.0 1.0 0.0 0.0016133056469440146 0.0007214117509997366 0.007956374038977294 0.0001790189760114572 0.0006719156963256722
0 0.027777777777777776 0.0 1.0 0.0 0.00897722085272705 0.009904768977921601 0.019219219219219215 0.0035098275170477333 0.027777777777777776
0 0.013513513513513514 0.0 1.0 0.0 0.007141022407533117 0.004038416696736211 0.012904796688580475 0.0021953361303541797 0.015550300293173308
0 0.02222222222222222 0.0 1.0 0.0 0.012041103505199756 0.009575573061952973 0.021021021021021016 0.003369434416365824 0.04364553401166605
0 0.011363636363636364 0.0 1.0 0.0 0.0068343745296687445 0.012667380786418795 0.01818181818181818 0.003938299967180833 0.01922213111240341
0 0.005555555555555556 0.0 1.0 0.0 0.003929416702315106 0.00656931940250216 0.019469469469469473 0.002807862013638187 0.008882317337678379
0 0.006172839506172839 0.0 1.0 0.0 0.010733462150875337 0.0098433327670384 0.016282949616282953 0.0020724695814948522 0.02759849262633268
0 0.0047619047619047615 0.0 1.0 0.0 0.006030560202156582 0.0034566727384707915 0.014474474474474475 0.001203369434416366 0.02355905483028851
0 0.010416666666666666 0.0 1.0 0.0 0.004591320356598775 0.002046448484754606 0.01066066066066066 0.0006016847172081829 0.016901241682727115
0 0.004273504273504273 0.0 1.0 0.0 0.00542081411294683 0.006533407033741005 0.014622314622314623 0.0018744793113024164 0.016433350761417893
0 0.004 0.0 1.0 0.0 0.01174674038240454 0.011336156083169483 0.021981981981981983 0.002671480144404332 0.02773614784503116
0 0.003952569169960474 0.0 1.0 0.0 0.007350510716768821 0.008751082794576226 0.018331374853113987 0.002668340919792811 0.003091353881827178
0 0.005208333333333333 0.0 1.0 0.0 0.007196871864531799 0.0029132767026373366 0.015427927927927926 0.0006768953068592059 0.006359923581595952
0 0.007692307692307693 0.0 1.0 0.0 0.005852984318681082 0.0065739926760421345 0.008648648648648649 0.0007220216606498196 0.008334923658087467
0 0.006493506493506493 0.0 1.0 0.0 0.00466753638882588 0.0051102403620024465 0.014578214578214581 0.0013127666557269447 0.011192354394621016
0 0.003703703703703704 0.0 1.0 0.0 0.004281960295076938 0.0013642989898364041 0.007907907907907907 0.0 0.037780659795236995
0 0.00390625 0.0 1.0 0.0 0.006904908395079634 0.004604509090697864 0.007770270270270271 0.0002256317689530686 0.041585444721468495
0 0.0029411764705882353 0.0 1.0 0.0 0.006344503630364466 0.005288872582700156 0.021711711711711712 0.0023465703971119133 0.00834751769057834
0 0.0037037037037037034 0.0 1.0 0.0 0.0010975219839076122 0.001637158787803685 0.013093093093093092 0.00024067388688327318 0.013866617415490954
0 0.002631578947368421 0.0 1.0 0.0 0.001410116125144766 0.0 0.013693693693693693 0.0007220216606498196 0.015766206322512043
0 0.0016129032258064516 0.0 1.0 0.0 0.010018447820979976 0.008033652903981534 0.014646904969485616 0.0016885990450681264 0.021790222693130207
0 0.001443001443001443 0.0 1.0 0.0 0.009684779968446681 0.006576961401560898 0.012394212394212395 0.0009845749917952082 0.01631581433526696
0 0.003246753246753247 0.0 1.0 0.0 0.008811645941875512 0.006969380478726995 0.015701415701415703 0.0005157297576070139 0.009181759644158795
0 0.0036231884057971015 0.0 1.0 0.0 0.00428216240057394 0.005261227155953659 0.02102102102102102 0.0016546329723225027 0.022821009877023443
0 0.0020833333333333333 0.0 1.0 0.0 0.0016203151921023694 0.0025428017481458134 0.013963963963963965 0.000631768953068592 0.006412116456227755
0 0.005 0.0 1.0 0.0 0.004611470909010162 0.004604509090697864 0.01509009009009009 0.0 0.03618306350207113
0 0.0038461538461538464 0.0 1.0 0.0 0.006693157979514061 0.0071169809059252655 0.012792792792792796 0.0010830324909747295 0.00481194017552613
0 0.0030864197530864196 0.0 1.0 0.0 0.008006354090823049 0.007585318528963603 0.013063063063063063 0.0016546329723225027 0.04371977148051879
0 0.16666666666666666 0.0 1.0 0.0 0.0013729412203588474 0.010901273659173575 0.009192645883293365 0.0020032051282051285 0.16666666666666666
0 0.03125 0.0 1.0 0.0 0.00807622336833537 0.01124193846102275 0.007943645083932853 0.0027043269230769226 0.0011818987729564883
0 0.008771929824561403 0.0 1.0 0.0 0.005764782080885068 0.004733936043474415 0.013946737346964534 0.0027834008097166003 5.399680286576549e-05
0 0.022727272727272728 0.0 1.0 0.0 0.0007274163637507268 0.005947836020973205 0.013516459559625028 0.0037150349650349646 0.0013445796545735994
0 0.015384615384615385 0.0 1.0 0.0 0.00958688787565322 0.008623431492302743 0.01180593986349382 0.002773668639053254 0.0007365043720666236
0 0.005952380952380952 0.0 1.0 0.0 0.0063957219184135605 0.008214233963709097 0.009934909215484755 0.0025755494505494505 0.0003251721483188313
0 0.0049261083743842365 0.0 1.0 0.0 0.003914844359490009 0.005713504281910906 0.016538493343256435 0.0013262599469496023 0.00018361547378855766
0 0.004032258064516129 0.0 1.0 0.0 0.006300321285412717 0.0056706806085393205 0.007967819292952736 0.0006203473945409429 0.000353428716053383
0 0.0044444444444444444 0.0 1.0 0.0 0.009176741282460212 0.002973887902563205 0.011990407673860913 0.0006730769230769232 6.658651687296353e-05
0 0.004761904761904762 0.0 1.0 0.0 0.007417351627303965 0.005876329953826724 0.015644627155418523 0.0012591575091575092 0.00010833424290644719
0 0.008264462809917356 0.0 1.0 0.0 0.01364699737032611 0.005946149268640132 0.006540222367560495 0.0 0.0010174429601376217
0 0.003333333333333333 0.0 1.0 0.0 0.003629327748133795 0.006540764195504145 0.010359712230215827 0.0003846153846153846 0.0009116587341273758
0 0.004807692307692308 0.0 1.0 0.0 0.001982387398974856 0.007551123050365808 0.006744604316546762 0.0006009615384615385 0.0026474042695762735
0 0.01020408163265306 0.0 1.0 0.0 0.0 0.0 0.01301815690304899 0.0006868131868131869 0.01449768073401698
0 0.00392156862745098 0.0 1.0 0.0 0.0030998269759544912 0.00710693934152076 0.008322753561856397 0.0007070135746606336 0.0019328845235392883
0 0.003125 0.0 1.0 0.0 0.005731207798502194 0.008058944757094028 0.007913669064748202 0.001201923076923077 0.000572502060777444
0 0.0053475935828877 0.0 1.0 0.0 0.007726832843476846 0.010503197960230196 0.012644429910616962 0.00152972027972028 0.0011058285208213735
0 0.0022222222222222222 0.0 1.0 0.0 0.0036784620521453115 0.0059728463764396845 0.01199040767386091 0.0007692307692307692 0.00020403908179219933
0 0.002631578947368421 0.0 1.0 0.0 0.002465774862193376 0.0042679815903539815 0.014028776978417267 0.0013221153846153847 0.00034830937379160454
0 0.002173913043478261 0.0 1.0 0.0 0.004205909562254309 0.0042657157796766165 0.010217912626420604 0.0 3.158948688547443e-05
0 0.001984126984126984 0.0 1.0 0.0 0.0014952631329205105 0.0008313329105015906 0.012490007993605112 0.0009014423076923076 0.0014211042711600342
0 0.1 0.0 1.0 0.0 0.01744106801894203 0.023322496331397637 0.013636363636363636 0.006285714285714286 0.1
0 0.02631578947368421 0.0 1.0 0.0 0.03382634418489356 0.030061848646139665 0.014653110047846892 0.007819548872180454 0.026894658220196998
0 0.0196078431372549 0.0 1.0 0.0 0.01924073548128924 0.01555323509135641 0.01370320855614973 0.006722689075630252 3.304493777160313e-05
0 0.041666666666666664 0.0 1.0 0.0 0.0032173688646130426 0.005818331031204158 0.005681818181818181 0.0 0.0018118311492505278
0 0.008695652173913044 0.0 1.0 0.0 0.028181151497170313 0.014875941347437005 0.01655138339920948 0.003229813664596273 0.02261049637542666
0 0.01282051282051282 0.0 1.0 0.0 0.007936528552929471 0.00769969781629748 0.013986013986013986 0.0008791208791208791 0.00012101720494613975
0 0.017857142857142856 0.0 1.0 0.0 0.005421539550325398 0.0043637482734031185 0.014914772727272728 0.0014285714285714286 0.001229603196492105
0 0.0125 0.0 1.0 0.0 0.013667112574880489 0.013125172560512604 0.007954545454545454 0.0017142857142857144 0.00032601737143180524
0 0.01111111111111111 0.0 1.0 0.0 0.018040867797417048 0.004470883434775024 0.015340909090909094 0.001142857142857143 0.00017021937317137167
0 0.01 0.0 1.0 0.0 0.025196937953764077 0.022884790900247802 0.014772727272727274 0.001142857142857143 8.160398028418794e-05
0 0.006060606060606061 0.0 1.0 0.0 0.02466042134347905 0.015020218750028945 0.010606060606060603 0.0 0.052604052883714184
0 0.004629629629629629 0.0 1.0 0.0 0.014058155594025743 0.009659826945449347 0.012626262626262624 0.0006349206349206349 0.05070103198147506
0 0.004524886877828055 0.0 1.0 0.0 0.031216659629676152 0.010476150511068741 0.020387700534759357 0.0020168067226890756 0.034169459345100066
0 0.043478260869565216 0.0 1.0 0.0 0.01723364733382878 0.003819419577482979 0.01543690695368928 0.0038363171355498735 0.043478260869565216
0 0.018518518518518517 0.0 1.0 0.0 0.011609494448656688 0.016599674117060557 0.017131137652310294 0.0038731541999515863 0.01579817277343063
0 0.012345679012345678 0.0 1.0 0.0 0.01165140941203641 0.0066286564928331815 0.01761370491012185 0.004115226337448561 0.02764419019049742
0 0.007575757575757576 0.0 1.0 0.0 0.02204045960207034 0.01916243935451998 0.016582765768433524 0.0024757377698554173 0.02117711349588957
0 0.015384615384615385 0.0 1.0 0.0 0.022489964622258492 0.023497057618203566 0.018040591330493613 0.0027652086475615885 0.04777072574738335
0 0.01515151515151515 0.0 1.0 0.0 0.00671932212696317 0.01761684278247878 0.014509920047379332 0.0020796197266785502 0.024897060962027116
0 0.017857142857142856 0.0 1.0 0.0 0.021390996463390786 0.002778756030769735 0.010993485342019544 0.0 0.0943807265219003
0 0.009615384615384616 0.0 1.0 0.0 0.010642810808991007 0.01637060881566822 0.017038336256577302 0.002262443438914027 0.0019862053675241157
0 0.01111111111111111 0.0 1.0 0.0 0.00773611780063585 0.008287305984690943 0.02214983713355049 0.0016339869281045752 0.030178879929608337
1 0.002380952380952381 0.0 1.0 0.0 0.016570004878176475 0.0035369510233798423 0.015511090429657207 0.0005446623093681918 0.016033372177665015
0 0.0033670033670033673 0.0 1.0 0.0 0.014239301592059309 0.009874280332444576 0.01773434672457474 0.0018155410312273054 0.022889610356451255
0 0.003968253968253968 0.0 1.0 0.0 0.016902726522997433 0.011865856293842372 0.012563983248022336 0.0010893246187363835 0.04340303369404569
0 0.008547008547008548 0.0 1.0 0.0 0.020434958606846614 0.01025099139463661 0.011219688744118711 0.0007262164124909223 0.08263175308969443
0 0.006493506493506493 0.0 1.0 0.0 0.023277560951934607 0.019455414433248986 0.028427598460171753 0.0041592394533571005 0.04753130155773286
0 0.0035087719298245615 0.0 1.0 0.0 0.02306888098595941 0.016908408013886954 0.020572604148808505 0.0027519779841761265 0.04717082841082667
0 0.004807692307692308 0.0 1.0 0.0 0.02932667265944459 0.016370608815668222 0.02630919569030318 0.002262443438914027 0.06544497918910407
0 0.023809523809523808 0.0 1.0 0.0 0.009571586103768362 0.0040900905775371026 0.012493458922030349 0.002886002886002886 0.023809523809523808
0 0.013157894736842105 0.0 1.0 0.0 0.008129112467127542 0.008101267991764728 0.00896471949103528 0.0028998115122517037 5.7964246106307814e-05
1 0.027777777777777776 0.0 1.0 0.0 0.02336927298321544 0.010365390913892212 0.014194139194139194 0.003443526170798898 0.08908644323347692
0 0.008620689655172414 0.0 1.0 0.0 0.007309219754727838 0.010750982279296818 0.01203107237589996 0.0018998765080269783 0.03687923430160925
0 0.010526315789473684 0.0 1.0 0.0 0.009654151936989708 0.007488265823452907 0.015037593984962405 0.0008699434536755111 0.0581210040364906
0 0.009259259259259259 0.0 1.0 0.0 0.005962656163920124 0.0010410766396272285 0.014346764346764344 0.0 0.06554899748645165
0 0.005291005291005291 0.0 1.0 0.07407407407407407 0.002939811170896182 0.005552408744678551 0.008852258852258854 0.0 0.0007715208421715089
0 0.003048780487804878 0.0 1.0 0.0 0.006262468811614615 0.007583694299151617 0.013535245242562312 0.0005375260364173889 0.0012428026746088925
0 0.006944444444444444 0.0 1.0 0.0 0.006572513319287065 0.005185976845473644 0.019574175824175824 0.0003443526170798898 0.01919875200953176
0 0.008333333333333333 0.0 1.0 0.0 0.005799290786678765 0.006246459837763371 0.009615384615384614 0.0 0.0007650210634396916
0 0.004784688995215311 0.0 1.0 0.0 0.010305880804998007 0.002137270929659345 0.016194331983805668 0.0002899811512251704 0.06231197425200299
0 0.004166666666666667 0.0 1.0 0.0 0.00791620211862673 0.005818328974614434 0.013186813186813185 0.0008264462809917355 0.05679786785004402
0 0.0034965034965034965 0.0 1.0 0.0 0.014306962456939593 0.008696549888429505 0.007492507492507492 0.0005008765339343852 0.049258221274210756
0 0.00510204081632653 0.0 1.0 0.0 0.011997093780009908 0.010708216864737205 0.008634222919937203 0.0 0.08277479306315978
0 0.005128205128205128 0.0 1.0 0.0 0.0 0.0028829814635830944 0.0061284868977176665 0.0 0.006037352562013708
0 0.002840909090909091 0.0 1.0 0.0 0.0048894125808865785 0.00255536993363047 0.008866133866133868 0.0 0.01077678023239008
0 0.047619047619047616 0.0 1.0 0.0 0.010808557847684848 0.010006595017781447 0.013143719026071966 0.004761904761904763 0.047619047619047616
0 0.013513513513513514 0.0 1.0 0.0 0.010756389684112683 0.015766762200117447 0.011617952794423384 0.005282555282555283 0.018381873880534385
0 0.041666666666666664 0.0 1.0 0.0 0.0 0.0 0.004524886877828055 0.0 0.0033939336247587213
0 0.011363636363636364 0.0 1.0 0.0 0.007233957327632757 0.011243627707974067 0.009872480460715755 0.0 0.00015807316731516273
0 0.015384615384615385 0.0 1.0 0.0 0.017324613119699232 0.02313119829471291 0.010790114862513052 0.001048951048951049 0.011739174877944654
0 0.01282051282051282 0.0 1.0 0.0 0.013151277607859318 0.013355074810366475 0.01392272885485555 0.0017482517482517483 0.05852335388871342
0 0.00510204081632653 0.0 1.0 0.0 0.004417013057137057 0.01306191741306091 0.01098901098901099 0.0019480519480519483 0.00013777501597226233
0 0.00390625 0.0 1.0 0.0 0.010207764289566108 0.002898747768462064 0.008908371040723981 0.0 0.01753287296004555
0 0.007407407407407407 0.0 1.0 0.0 0.0011061540112805917 0.008245326985847649 0.0027149321266968325 0.0 0.0009853655146876052
0 0.004347826086956522 0.0 1.0 0.0 0.006744598114019964 0.008256725868795304 0.011213850088530397 0.002173913043478261 0.036544650180161266
0 0.010101010101010102 0.0 1.0 0.0 0.004208877952764156 0.009362860494751893 0.01558572146807441 0.0025252525252525255 0.034563719091667104
0 0.03571428571428571 0.0 1.0 0.0 0.018338579064718304 0.00933708937863575 0.01241758241758242 0.003968253968253968 0.03571428571428572
0 0.011904761904761904 0.0 1.0 0.0 0.013333990253861835 0.005612122384089764 0.00835164835164835 0.0030864197530864204 0.016859243222820102
0 0.011904761904761904 0.0 1.0 0.0 0.027343318503312636 0.017401216665818627 0.015604395604395607 0.003196649029982363 0.02894530605307908
0 0.016666666666666666 0.0 1.0 0.0 0.027171385393713828 0.013207616687847694 0.017846153846153845 0.0034979423868312753 0.048638298097739625
0 0.008 0.0 1.0 0.0 0.013844317219075386 0.011207521110991426 0.013661538461538461 0.0013580246913580246 0.03290777642137583
0 0.007575757575757575 0.0 1.0 0.0 0.028655463915397306 0.013920123760815561 0.013986013986013986 0.0021043771043771043 0.04078019792724508
0 0.01020408163265306 0.0 1.0 0.0 0.024048339026369905 0.0191984703169307 0.013846153846153843 0.0026455026455026454 0.04141464461340135
0 0.010416666666666666 0.0 1.0 0.0 0.012476882288963794 0.016317638565298633 0.02 0.004115226337448559 0.0019017385880634678
0 0.012345679012345678 0.0 1.0 0.0 0.038121553647784925 0.011663914203230985 0.01401709401709402 0.0006858710562414266 0.09645950863671732
0 0.01 0.0 1.0 0.0 0.01310568520972934 0.008398018226326309 0.005230769230769231 0.0 0.0004455715453630238
0 0.004545454545454545 0.0 1.0 0.0 0.016105385010094866 0.00871482764518212 0.015692307692307693 0.0018518518518518517 0.03581652145458332
0 0.003968253968253968 0.0 1.0 0.0 0.024031758095652774 0.009766472281492668 0.016996336996337 0.002204585537918871 0.028214226851810426
0 0.004048582995951417 0.0 1.0 0.0 0.009115655389713302 0.0036293619789630185 0.01603238866396761 0.0014619883040935672 0.024221695355614102
0 0.007936507936507936 0.0 1.0 0.0 0.002581902654810406 0.0 0.013333333333333332 0.0006858710562414266 0.0018026514851316312
0 0.0022222222222222222 0.0 1.0 0.0 0.019704356384221088 0.013140959783926631 0.014564102564102567 0.0011316872427983538 0.032015263138743075
0 0.002976190476190476 0.0 1.0 0.0 0.022055880060992863 0.003472378029812042 0.011868131868131867 0.0008818342151675485 0.022418045668299476
0 0.03125 0.0 1.0 0.0625 0.02534948778380492 0.017489472176732884 0.016036184210526317 0.006057268722466964 0.03125
0 0.045454545454545456 0.0 1.0 0.0 0.016875998063852038 0.0054484539554059365 0.013556618819776713 0.004405286343612335 0.05245127658038247
0 0.015873015873015872 0.0 1.0 0.0 0.005620628200438467 0.011876732260107135 0.007309941520467837 0.0033564086427522555 0.009318258293003258
0 0.013888888888888888 0.0 1.0 0.0 0.022013959290380622 0.01602106704413093 0.013888888888888888 0.0014684287812041117 0.05308342460076555
0 0.015384615384615385 0.0 1.0 0.0 0.0017137077505283368 0.004610230269958869 0.0067476383265856945 0.0 0.0017196260962983754
0 0.008333333333333333 0.0 1.0 0.0 0.01165626076591528 0.010281223807219981 0.009649122807017544 0.000881057268722467 0.030375278447803404
0 0.004608294930875576 0.0 1.0 0.0 0.011069162993154615 0.012049257645784616 0.014431239388794568 0.000994742077589882 0.024592621265399257
0 0.005681818181818182 0.0 1.0 0.0 0.01943367159306855 0.01622426229941595 0.014354066985645932 0.0014016820184221067 0.041082291945378886
0 0.018518518518518517 0.0 1.0 0.0 0.03041787518732708 0.004994416125788775 0.008771929824561403 0.0 0.09492283706506482
0 0.004761904761904762 0.0 1.0 0.0 0.027026070518273094 0.01557599963694853 0.018796992481203006 0.0031466331025802393 0.03776021707001007
0 0.010101010101010102 0.0 1.0 0.0 0.007873946575397436 0.00998883225157755 0.01364522417153996 0.0 0.005191498017554431
0 0.003472222222222222 0.0 1.0 0.0 0.01568630416586363 0.0070979039831030105 0.013888888888888888 0.0016519823788546256 0.0389302214318357
0 0.14285714285714285 0.0 1.0 0.0 0.006864255927815366 0.013534410591572444 0.0011904761904761904 0.00238758456028651 0.14285714285714285
0 0.03125 0.0 1.0 0.0 0.0151904624361353 0.008008172124182047 0.015451388888888886 0.003307799442896936 1.1414926209277858e-05
0 0.009259259259259259 0.0 1.0 0.0 0.009043710392762614 0.006842396465739404 0.012577160493827157 0.002785515320334262 4.531034040595295e-06
0 0.019230769230769232 0.0 1.0 0.0 0.0019221891295507327 0.004372655729584943 0.010683760683760682 0.0029997857295907438 0.021109341877198637
0 0.010526315789473684 0.0 1.0 0.0 0.0185678086118485 0.005746451534669017 0.015789473684210527 0.0036651517372819236 8.699483240832977e-06
0 0.007246376811594202 0.0 1.0 0.0 0.008789005149131956 0.01113451493527141 0.01642512077294686 0.001089984255782972 1.2482714353804539e-05
0 0.006802721088435374 0.0 1.0 0.0 0.00896657151044132 0.008585768771354127 0.013359788359788358 0.0006632179334129196 1.0462550444619128e-05
0 0.004629629629629629 0.0 1.0 0.0 0.011942689964370456 0.004912489770274442 0.014917695473251027 0.0010316723408645414 6.5323078371178855e-06
0 0.003472222222222222 0.0 1.0 0.0 0.012540853856257457 0.00430932264786052 0.014756944444444442 0.0009575208913649026 4.920610213302514e-06
0 0.00625 0.0 1.0 0.0 0.00690934481824798 0.001184260926762589 0.010416666666666666 0.00034818941504178273 1.5867063999359932e-05
0 0.002932551319648094 0.0 1.0 0.0 0.009656700252615887 0.00999606989144046 0.009318996415770607 0.0005391319974840507 6.928971392644981e-06
1 0.0037878787878787876 0.0 1.0 0.0 0.011153147362992534 0.006497526051553209 0.01565656565656565 0.001392757660167131 8.295176177567465e-06
0 0.004524886877828055 0.0 1.0 0.0 0.006948395456548793 0.006687591115835796 0.011764705882352941 0.00032770768474520726 2.8382997546231745e-05
0 0.0035714285714285713 0.0 1.0 0.0 0.0 0.0009474087414100711 0.009583333333333334 0.0 5.5673469297629316e-05
0 0.0020833333333333333 0.0 1.0 0.0 0.012747697668937739 0.010319575682601586 0.010677083333333334 0.0006093314763231198 5.2630455422678594e-06
0 0.00625 0.0 1.0 0.0 0.006388647744134837 0.0 0.0030555555555555557 0.0 6.656001738010351e-05
0 0.0032679738562091504 0.0 1.0 0.0 0.009386292109143659 0.0029076697041170592 0.010339506172839507 0.0010832559579077685 1.3655537494408423e-05
0 0.037037037037037035 0.0 1.0 0.0 0.01100574067833372 0.0061874754060167346 0.010680695042244543 0.002181779480630055 0.037037037037037035
0 0.014705882352941176 0.0 1.0 0.0 0.004471725359633432 0.005628058170579239 0.013629842180774749 0.0019438810006761318 0.016507210905497557
0 0.0101010101010101 0.0 1.0 0.0 0.004410114724720939 0.004529853311092587 0.014303725924959786 0.0018721699756182506 0.01511577242548204
0 0.011363636363636364 0.0 1.0 0.0 0.009087185673902662 0.007325790001334912 0.01897743576366245 0.0022857889237199573 0.037609185742503014
0 0.008333333333333333 0.0 1.0 0.0 0.00703266387193869 0.002036157436339892 0.004961740793878526 0.0013769157088122598 0.016189400328451186
0 0.006172839506172839 0.0 1.0 0.0 0.009518558947651792 0.00427737486918613 0.016047611456506725 0.002501064282673477 0.027676185645732737
0 0.011904761904761904 0.0 1.0 0.0 0.0065697879486349385 0.006832216210076523 0.011477761836441893 0.0015565134099616857 0.030374815003706538
0 0.004032258064516129 0.0 1.0 0.0 0.004938546598025232 0.004814075960030263 0.01166288702735225 0.00027808676307007786 0.00738204613264092
0 0.006172839506172839 0.0 1.0 0.0 0.0009520704164207987 0.001318276180704207 0.008369201339072214 0.0003991060025542784 0.002255943962176991
0 0.005555555555555556 0.0 1.0 0.0 0.009688364864486512 0.005708299147670158 0.009325681492109038 0.0008780332056194126 0.023026253207069865
0 0.004784688995215311 0.0 1.0 0.0 0.006943070442638219 0.0047344107101511415 0.006493996828513177 0.0007562008469449486 0.01700189755435047
0 0.007575757575757575 0.0 1.0 0.0 0.004224584676426734 0.0026655151893904038 0.015390635189774356 0.0002612330198537095 0.0010197025562099578
0 0.007692307692307693 0.0 1.0 0.0 0.010937643399176253 0.00488677784721574 0.006025824964131994 0.0 0.02666416029981362
0 0.011904761904761904 0.0 1.0 0.0 0.0 0.0 0.011956001912960307 0.0 0.021145193782999384
0 0.0017543859649122807 0.0 1.0 0.0 0.006313640405990968 0.004888413423951826 0.010911424903722725 0.0009452510586811857 0.019439650949464336
0 0.0020833333333333333 0.0 1.0 0.0 0.009409535840096662 0.004141258305421101 0.01793400286944046 0.0009578544061302681 0.03179665864814079
0 0.003676470588235294 0.0 1.0 0.0 0.0094068904282344 0.00244338892360787 0.01685796269727403 0.00017959770114942528 0.03135240945595695
0 0.0024154589371980675 0.0 1.0 0.08695652173913043 0.008652368592058425 0.004095262664653508 0.01765329673757096 0.0016241879060469764 0.03406174933080119
0 0.007518796992481203 0.0 1.0 0.0 0.0 0.0027924444841232804 0.005124000819840131 0.0 0.014276296845376027
0 0.002 0.0 1.0 0.0 0.010391162695397884 0.006552952771910544 0.010559540889526542 0.0012643678160919542 0.031183211509419544
0 0.0047619047619047615 0.0 1.0 0.0 0.007775824190871075 0.007118691375802719 0.013629842180774749 0.0008620689655172414 0.0597201351289129
0 0.005681818181818182 0.0 1.0 0.0 0.0023428190743446033 0.001221694461803935 0.005200860832137733 0.0008979885057471264 0.006577662397391956
1 0.0009250693802035152 0.0 1.0 0.0 0.00878645573298573 0.004112471285462797 0.013553527274947347 0.0006419662509170946 0.01206557475478383
0 0.005208333333333333 0.0 1.0 0.0 0.003039327647043906 0.003965459830886166 0.007532281205164993 0.00035919540229885057 0.004902521264871443
0 0.0016 0.0 1.0 0.16 0.005423887688630344 0.0032261020577793865 0.01641319942611191 0.0014942528735632182 0.020211620690294155
0 0.0017482517482517483 0.0 1.0 0.0 0.0055356925211956206 0.0055190579226207645 0.01010825616277553 0.000522466039707419 0.0001839076014478422
0 0.001949317738791423 0.0 1.0 0.0 0.006683521917926299 0.006318668012114977 0.010949180699237332 0.0006049606775559588 0.028756943339942095
0 0.0018796992481203006 0.0 1.0 0.0 0.0026185068839994444 0.0010725831178314874 0.015253341387903045 0.0006049606775559588 0.00031247177086055273
0 0.0022988505747126436 0.0 1.0 0.0 0.002000162047693344 0.0 0.008034433285509325 0.00019157088122605365 0.0018514080918562727
0 0.006666666666666666 0.0 1.0 0.0 0.015013812065473767 0.0032780359049748285 0.01205164992826399 0.0005747126436781609 0.07430389154320251
0 0.0016129032258064516 0.0 1.0 0.0 0.007270397605562695 0.004189647062169818 0.013271162123385938 0.0014367816091954023 0.00016562505549664428
0 0.0026041666666666665 0.0 1.0 0.0 0.010124927492501467 0.0014629424288228844 0.01135820181731229 0.00023946360153256704 0.042136139699459514
0 0.001443001443001443 0.0 1.0 0.0 0.005090935788822632 0.003154172957024846 0.009086561453849831 0.0008894362342638203 0.00019122518479516493
0 0.002262443438914027 0.0 1.0 0.0 0.008602313521633154 0.005891781082164279 0.00971195232314314 0.0011052166224580018 0.0007745543796233242
0 0.0035714285714285713 0.0 1.0 0.0 0.004977888964459101 0.0 0.015961262553802008 0.0014367816091954023 0.0010773069904581275
0 0.001984126984126984 0.0 1.0 0.0 0.005412517963009673 0.0034773087822605104 0.0054314408690305386 0.0006157635467980296 0.0015206011368057311
0 0.16666666666666666 0.0 1.0 0.0 0.004783681268160556 0.014411853312127777 0.004219409282700422 0.0035310734463276836 0.16666666666666663
0 0.041666666666666664 0.0 1.0 0.0 0.008904315742344114 0.007205926656063889 0.013009845288326305 0.00459039548022599 3.9632506532538145e-05
0 0.0303030303030303 0.0 1.0 0.0 0.0016254105891303312 0.0026203369658414142 0.006904487917146144 0.0038520801232665644 0.00012890195020191588
0 0.006756756756756757 0.0 1.0 0.0 0.011842091169150117 0.00820058023038241 0.010605542251111872 0.0036646816307833265 5.8899173195042344e-06
0 0.014285714285714287 0.0 1.0 0.14285714285714285 0.01697417596803633 0.021469286349411858 0.012658227848101266 0.0006053268765133172 2.0288001779298523e-05
0 0.01515151515151515 0.0 1.0 0.0 0.011257671774812631 0.007861010897524242 0.004602991944764097 0.0 3.1241696517712756e-05
0 0.002695417789757412 0.0 1.0 0.07547169811320754 0.007791785029759664 0.013052244509096858 0.0074834806146007495 0.0 4.376651386900732e-06
0 0.005434782608695652 0.0 1.0 0.0 0.008963213913125032 0.012532046358371976 0.00733810310034856 0.00036845983787767134 1.8509762126969723e-05
0 0.006944444444444444 0.0 1.0 0.0 0.003053577249187518 0.002072046083383552 0.013449367088607595 0.001059322033898305 4.621105241520226e-05
0 0.0038461538461538464 0.0 1.0 0.0 0.01644194113084885 0.015686958594209963 0.016228497241155472 0.004074315514993481 7.456087893911253e-06
0 0.003246753246753247 0.0 1.0 0.0 0.008333863629412788 0.0030415985064041187 0.013713080168776374 0.0012106537530266344 1.0674085438808362e-05
1 0.1 0.0 1.0 0.0 0.0 0.006240729140664506 0.025454545454545452 0.009174311926605505 0.1
0 0.00641025641025641 0.0 1.0 0.0 0.02314139711533435 0.02900363240900706 0.014335664335664333 0.0038814396612561752 4.034927570637017e-06
0 0.01515151515151515 0.0 1.0 0.0 0.03570301490219471 0.005673390127876823 0.006611570247933885 0.0008340283569641369 0.0004531381059796764
0 0.043478260869565216 0.0 1.0 0.0 0.013343930359026979 0.011923001122226377 0.012295081967213116 0.004115226337448559 0.04347826086956521
0 0.03333333333333333 0.0 1.0 0.0 0.007769917749347135 0.008950803691495656 0.007377049180327868 0.0038408779149519904 0.00034386915901470837
0 0.00980392156862745 0.0 1.0 0.0 0.007842668332983098 0.011802097439474775 0.015429122468659595 0.003873154199951585 0.02083400328617195
0 0.004807692307692308 0.0 1.0 0.0 0.012763049364677058 0.014204249176476058 0.012137452711223204 0.0008705286483064261 0.012478566921111284
0 0.009523809523809525 0.0 1.0 0.0 0.006102143062707687 0.007998112596501248 0.010343481654957066 0.0 0.00015448499857728746
0 0.01282051282051282 0.0 1.0 0.0 0.01380343649327395 0.007594397983041799 0.01008827238335435 0.0006331117442228554 0.05580543931160754
0 0.007518796992481203 0.0 1.0 0.0 0.007995385079681335 0.017742347678653566 0.0073339085418464185 0.0010829542993285683 0.024484122535152905
0 0.013888888888888888 0.0 1.0 0.0 0.006741579243588979 0.0 0.013661202185792348 0.0009144947416552356 0.001124868708300292
1 0.0028490028490028487 0.0 1.0 0.0 0.012461182340313555 0.004928434358293188 0.01712904581757041 0.0011607048644085682 0.017773187967487242
0 0.005263157894736842 0.0 1.0 0.0 0.010301933965795176 0.0014733365309344403 0.012726488352027611 0.0004331817197314274 0.03863393425100481
0 0.027777777777777776 0.0 1.0 0.0 0.010465111852962913 0.007885302295449603 0.01428734061930783 0.002509696554871094 0.027777777777777776
0 0.00980392156862745 0.0 1.0 0.0 0.011876942860951416 0.003560459472690584 0.013982642237222759 0.0022949631598019097 0.009277959173882059
0 0.041666666666666664 0.0 1.0 0.0 0.01890317077533837 0.005237983647323648 0.015368852459016393 0.0017967145790554412 0.10130430704341366
0 0.007142857142857143 0.0 1.0 0.0 0.005280818858419 0.005857359746114897 0.007552693208430913 0.0017013787034320918 0.0028817221812051526
0 0.011764705882352941 0.0 1.0 0.0 0.01941498425127847 0.009210416979384267 0.01518804243008679 0.0009663002778113299 0.031512042863997364
0 0.0028735632183908046 0.0 1.0 0.0 0.007187847052084503 0.006973063328497861 0.012436404748445448 0.0006726616158040076 0.014266657759019618
0 0.0037593984962406013 0.0 1.0 0.0 0.013818212372649612 0.0069324187975324785 0.01590811044003451 0.0005944018156273642 0.014557797644212948
0 0.0033783783783783786 0.0 1.0 0.0 0.013632863209586425 0.009084782868630173 0.014455028799291092 0.0010544425328819578 0.016576673185681325
0 0.004629629629629629 0.0 1.0 0.0 0.011255103439778133 0.008926764077729724 0.01092896174863388 0.0008555783709787816 0.00039370443460827226
0 0.003703703703703704 0.0 1.0 0.0 0.0042516721909811855 0.004655985464287688 0.008652094717668488 0.0 0.00021951976609790175
0 0.006993006993006993 0.0 1.0 0.0 0.014360612880435702 0.008334381266854386 0.017812105926860024 0.001263623440214816 0.06360899037834523
0 0.002525252525252525 0.0 1.0 0.0 0.01840346804619155 0.008306963702504352 0.0179458519622454 0.0016178209196689689 0.014875010838659648
0 0.004807692307692308 0.0 1.0 0.0 0.010696954516987496 0.0013328944689143252 0.007300204918032786 0.0002566735112936345 0.04931165158163123
0 0.004201680672268907 0.0 1.0 0.0 0.009406605774213879 0.005314936215477554 0.01820154291224687 0.0016910254861698271 0.018687829320829224
0 0.0047619047619047615 0.0 1.0 0.0 0.007513764969541248 0.0016731541433429747 0.019613583138173303 0.001026694045174538 0.0006712550631047606
0 0.003125 0.0 1.0 0.0 0.013677732224696324 0.0008150269854759948 0.00973360655737705 0.0004106776180698152 0.02899674188476788
0 0.00267379679144385 0.0 1.0 0.0 0.0027060182511687574 0.0 0.010618479880774963 0.0 0.0009211169599596222
0 0.002525252525252525 0.0 1.0 0.0 0.017535958689167897 0.001402976414262045 0.015927719821162444 0.0007466865783087549 0.02385000623416146
1 0.02857142857142857 0.0 1.0 0.0 0.012168215481703682 0.012139482526529514 0.00889586603872318 0.004096638655462183 0.028571428571428577
0 0.022727272727272728 0.0 1.0 0.0 0.007905665673584108 0.004431221903866527 0.013653013653013652 0.0035093582887700536 0.027958312506877105
0 0.02222222222222222 0.0 1.0 0.0 0.010133111902443774 0.00816637907746608 0.015384615384615385 0.0036764705882352945 0.030331814080635854
0 0.03125 0.0 1.0 0.0 0.0 0.006252201069231903 0.010531135531135532 0.002297794117647059 0.0042878198670757576
0 0.009090909090909092 0.0 1.0 0.0 0.007702804395679441 0.013513160537329462 0.00849150849150849 0.0006684491978609625 0.027259522461654317
1 0.027777777777777776 0.0 1.0 0.0 0.0 0.004168134046154602 0.010378510378510378 0.0012254901960784314 0.005898273792957274
0 0.002695417789757412 0.0 1.0 0.0 0.008121998362077262 0.011084332576094875 0.009883198562443844 0.0008324084350721421 0.011351485635334215
0 0.004032258064516129 0.0 1.0 0.0 0.009363170845707713 0.014274628106992142 0.009807396904171097 0.0009487666034155598 0.027944395915121416
0 0.005847953216374269 0.0 1.0 0.0 0.015045585820546863 0.0011821299502253028 0.009446693657219974 0.0 0.020639667009379182
0 0.004347826086956522 0.0 1.0 0.0 0.0030837047031033733 0.001087339316388157 0.008281573498964804 0.0 0.000800036029477186
0 0.008264462809917356 0.0 1.0 0.0 0.01429010846242264 0.008862443807733053 0.012321012321012322 0.0 0.008764816425650591
0 0.002976190476190476 0.0 1.0 0.07142857142857142 0.008627398561680589 0.005359029487913059 0.01164311878597593 0.0002626050420168067 0.017375572995138398
0 0.041666666666666664 0.0 1.0 0.0 0.019160118106491528 0.007587648126977479 0.015771713615023473 0.0033068783068783067 0.041666666666666664
0 0.014285714285714285 0.0 1.0 0.0 0.012334825108419711 0.006974020703643993 0.016348088531187122 0.0026706979087931467 0.02544849043944119
0 0.0303030303030303 0.0 1.0 0.0 0.011223909292997242 0.004362606870818862 0.010563380281690139 0.001763668430335097 0.11044571735105739
0 0.008928571428571428 0.0 1.0 0.0 0.007692270948443101 0.006466121526817373 0.012009557344064383 0.002330561854371378 0.012049234949869385
0 0.018181818181818184 0.0 1.0 0.0 0.01715998082104507 0.008255892596543567 0.01504481434058899 0.0025653358986692317 0.10999620720396246
0 0.00505050505050505 0.0 1.0 0.0 0.006099335347236115 0.0047657549608765 0.00949637217242851 0.002458446902891347 0.03433513203009426
0 0.003968253968253968 0.0 1.0 0.0 0.0013916808255886408 0.0024559669792749202 0.012128325508607195 0.0010288065843621398 0.0001368943860476419
0 0.005208333333333333 0.0 1.0 0.0 0.011917689473798058 0.004380666884000932 0.011590375586854459 0.0005878894767783657 0.04586204050084316
0 0.004629629629629629 0.0 1.0 0.0 0.008242472637671904 0.003897182814923177 0.013497652582159625 0.00029394473838918284 0.05074692577518527
0 0.005 0.0 1.0 0.0 0.0054004151856323745 0.005876336267383 0.00977112676056338 0.0007054673721340387 0.017218622997697743
0 0.004784688995215311 0.0 1.0 0.0 0.020629741883134836 0.006452806775685593 0.013250555967383247 0.001206720504966119 0.05023667500226647
0 0.005208333333333333 0.0 1.0 0.0 0.0037964648096104423 0.005675926160123703 0.008912852112676055 0.0005511463844797178 0.0144716035210405
0 0.008547008547008548 0.0 1.0 0.0 0.01435733531733397 0.0013330187660835413 0.00958528951486698 0.0 0.1348533988892676
0 0.0021645021645021645 0.0 1.0 0.0 0.01032282427729826 0.006641740273432739 0.012910798122065723 0.0006413339746673079 0.03301558196316623
0 0.002898550724637681 0.0 1.0 0.0 0.008256907560398454 0.00457430771028978 0.012936313533374155 0.0009968560693198374 0.05137910723925766
0 0.0021551724137931034 0.0 1.0 0.0 0.0062668061253442885 0.005379258447254354 0.010866925692083534 0.0012163230554035152 0.04074044348479071
0 0.001336898395721925 0.0 1.0 0.0 0.00536602796694161 0.005792960801595787 0.007962548015364916 8.016674683341349e-05 0.026044048149598865
0 0.0037037037037037034 0.0 1.0 0.0 0.011076400118783759 0.010285485828017141 0.015258215962441313 0.0022339800117577896 0.02617942668914536
0 0.003095975232198142 0.0 1.0 0.0 0.0018844243015345397 0.0028228632693533813 0.015016570008285001 0.0008299616142753397 0.0008805420570958921
0 0.00625 0.0 1.0 0.0 0.003961100061910445 0.005998584447375935 0.010123239436619719 0.0008818342151675485 0.0038895515291604604
0 0.0047619047619047615 0.0 1.0 0.0 0.005147784842227859 0.0037085527595380266 0.010035211267605634 0.00035273368606701937 0.016866345578107518
0 0.003787878787878788 0.0 1.0 0.0 0.016217853379124684 0.009235013014817321 0.016872065727699528 0.0020576131687242796 0.10160982994905556
0 0.0033444816053511705 0.0 1.0 0.0 0.003703624701553513 0.0027685774372504315 0.006229685807150596 0.0 0.0020219713405597818
0 0.0010683760683760683 0.0 1.0 0.0 0.008420350546533338 0.004026031714669503 0.012549656915854098 0.001492334825668159 0.02880195673876503
0 0.001142857142857143 0.0 1.0 0.0 0.0024783050137671624 0.000374033994453615 0.008199195171026154 0.00010078105316200554 0.00015853598482972063
0 0.14285714285714285 0.0 1.0 0.0 0.004503522947775109 0.005980127264460933 0.01358457493426819 0.0030769230769230774 0.14285714285714288
0 0.025 0.0 1.0 0.0 0.0185680346752154 0.01395525651228036 0.012116564417177917 0.003999999999999999 0.0010694320915519105
0 0.0101010101010101 0.0 1.0 0.0 0.011096818971102112 0.0074062016393991155 0.013664249860568882 0.003449883449883448 1.6400398071829178e-05
0 0.019230769230769232 0.0 1.0 0.0 0.026947025263330402 0.004830102790526139 0.013213780084945729 0.002840236686390533 4.323690434076117e-05
0 0.013333333333333334 0.0 1.0 0.0 0.017000987668144285 0.016266995360104602 0.01820040899795501 0.0041025641025641026 4.003786943964708e-05
0 0.00980392156862745 0.0 1.0 0.0 0.00238757662321482 0.0068427536264965266 0.014976542764345 0.0016289592760180994 0.002615154582765063
0 0.011904761904761904 0.0 1.0 0.0 0.004575478795261299 0.00794969718540231 0.02044989775051125 0.0015384615384615382 0.014479346474836655
0 0.009615384615384616 0.0 1.0 0.0 0.0017377332896361141 0.008050171317543563 0.009438414346389807 0.0 0.000381757418114726
0 0.007407407407407407 0.0 1.0 0.0 0.0007438806305177809 0.0013953630283742176 0.014519427402862986 0.0006153846153846154 0.00039023164177366676
0 0.005263157894736842 0.0 1.0 0.0 0.016657493533609045 0.007711216735752255 0.012108492089118503 0.00032388663967611336 2.986356811925157e-05
0 0.005347593582887701 0.0 1.0 0.0 0.018948564824419586 0.011516651308338581 0.01461566221580657 0.0007239819004524887 3.347402272807893e-05
0 0.010416666666666666 0.0 1.0 0.0 0.004218060445623268 0.0 0.012269938650306749 0.0007692307692307692 0.006156522724521464
0 0.005128205128205128 0.0 1.0 0.0 0.008823474501103247 0.015531743647647873 0.015337423312883437 0.003487179487179487 0.0019347042620785839
0 0.0037593984962406013 0.0 1.0 0.0 0.014012562988659506 0.009914421517395756 0.008556667742977073 0.00032388663967611336 3.150047598013172e-05
0 0.005555555555555556 0.0 1.0 0.0 0.0059453822430255154 0.010465222712806631 0.006646216768916156 0.0 0.0028369879987584206
0 0.001893939393939394 0.0 1.0 0.0 0.006041941753577541 0.0031712796099414037 0.013199479457148172 0.0 2.852413602054964e-05
0 0.0034602076124567475 0.0 1.0 0.0 0.019709276235992723 0.00934779536368411 0.01515698303861422 0.00036199095022624434 3.328491447721329e-05
0 0.005555555555555555 0.0 1.0 0.0 0.028645423787509873 0.00627913362768398 0.009815950920245401 0.0006153846153846154 0.0009268169985640314
0 0.001697792869269949 0.0 1.0 0.0 0.0026063278229780415 0.0010751564073854928 0.01306154759548783 0.0008933002481389579 6.281718196078004e-05
0 0.16666666666666666 0.0 1.0 0.0 0.0010409070389756326 0.0011337324605540519 0.0014985014985014987 0.0008333333333333334 0.16666666666666666
0 0.041666666666666664 0.0 1.0 0.0 0.007694831291852355 0.0030144216122784916 0.012654012654012654 0.001416666666666667 9.52165565102111e-05
0 0.015873015873015872 0.0 1.0 0.0 0.002358483708374575 0.0032456930399974208 0.01393844250987108 0.001428571428571429 0.00012215548014073933
0 0.00641025641025641 0.0 1.0 0.0 0.0048154790833373 0.003238927090740498 0.012372243141473914 0.0011794871794871802 2.427367989680364e-05
0 0.022222222222222223 0.0 1.0 0.0 0.000693938025983755 0.0022674649211081037 0.005328005328005329 0.001 0.06352886793968054
0 0.027777777777777776 0.0 1.0 0.0 0.008851893669587484 0.0 0.010822510822510824 0.0008333333333333334 0.00020238484488968502
0 0.007518796992481203 0.0 1.0 0.0 0.006596567972161326 0.004955386483068791 0.008570376991429624 0.001315789473684211 0.0005438884411666731
0 0.0125 0.0 1.0 0.0 0.0022627964926392866 0.004081436857994587 0.0025974025974025974 0.0010000000000000002 0.0005378759514886063
0 0.0065359477124183 0.0 1.0 0.0 0.0020907323331064687 0.0017371040136979516 0.012575659634483163 0.0011764705882352944 0.00022133413186257149
0 0.005263157894736842 0.0 1.0 0.0 0.003947347029019238 0.0024315319788639814 0.008675534991324466 0.001210526315789474 6.139516396332846e-05
0 0.006993006993006993 0.0 1.0 0.0 0.0059403943875406436 0.001986406514782873 0.008222546684085147 0.001076923076923077 0.0008421738613909282
0 0.00641025641025641 0.0 1.0 0.0 0.000961052581109699 0.0020930445425613262 0.011296395911780527 0.0010769230769230773 0.00043150235620419884
0 0.004273504273504274 0.0 1.0 0.0 0.005945469673784827 0.005136718775794476 0.004606504606504606 0.0010555555555555559 8.621445614437794e-05
0 0.003105590062111801 0.0 1.0 0.0 0.0017666602166978966 0.00236605035246063 0.011814272683837904 0.0010000000000000007 0.0001634934889407561
0 0.0019047619047619048 0.0 1.0 0.0 0.005168785738900951 0.0051672650870364925 0.013700585129156558 0.0009714285714285715 3.227984925548045e-05
0 0.001644736842105263 0.0 1.0 0.0 0.006185631416950393 0.004917987748279595 0.0038119774961880228 0.0002105263157894737 2.3238293578958764e-05
0 0.001680672268907563 0.0 1.0 0.0 0.0071270706499366445 0.005228790013594637 0.008905380333951763 0.0007428571428571429 2.2792010519291812e-05
0 0.0018518518518518517 0.0 1.0 0.0 0.006160731653864402 0.002825940117779592 0.013752913752913754 0.0005666666666666667 2.6405695574288294e-05
0 0.002770083102493075 0.0 1.0 0.0 0.0037793042038409912 0.0034950592090144533 0.007255901992744099 0.0006842105263157895 7.631741833760393e-05
0 0.002631578947368421 0.0 1.0 0.0 0.0026435249975763535 0.002332680340908729 0.010358062989641937 0.0002631578947368421 0.00010972454452544535
0 0.002976190476190476 0.0 1.0 0.0 0.007918791324476005 0.004620868067969195 0.008054445554445556 0.000375 5.721055484138156e-05
0 0.003787878787878788 0.0 1.0 0.0 0.004858992198767137 0.0047346508090523 0.011571761571761574 0.0007500000000000001 0.00014492851195031922
0 0.006211180124223602 0.0 1.0 0.0 0.002506555479182357 0.001943541360949803 0.008420151277294135 0.0005714285714285715 0.0715431874555127
0 0.0037878787878787876 0.0 1.0 0.0 0.006091721691365844 0.004006733309030393 0.016165652529288893 0.001090909090909091 0.00013301356632605015
0 0.0014285714285714286 0.0 1.0 0.0 0.002273483331010959 0.002917264662368731 0.015306122448979591 0.0006071428571428572 8.581572908018242e-05
0 0.0038461538461538464 0.0 1.0 0.0 0.0010717911459250933 0.0 0.007492507492507493 0.0 0.0007204526100070091
0 0.001763668430335097 0.0 1.0 0.0 0.00419644449781156 0.0032392356015830052 0.00937158080015223 0.0002380952380952381 5.4621863190185106e-05
0 0.0023809523809523807 0.0 1.0 0.0 0.005412769460738599 0.0037709165378197306 0.006327006327006325 0.0004 7.582621804377427e-05
0 0.003134796238244514 0.0 1.0 0.0 0.004561153972528846 0.0034107756103583216 0.011715557170102624 0.0008181818181818183 0.00017969651628143917
0 0.0017543859649122807 0.0 1.0 0.0 0.005831672705043489 0.0043857250196520205 0.00941164099058836 0.0002631578947368421 8.031425743114857e-05
0 0.0032258064516129032 0.0 1.0 0.0 0.002859325232746199 0.0020407184289972934 0.012387612387612388 0.0008 0.0002874121881959281
0 0.005208333333333333 0.0 1.0 0.0 0.006436119849602541 0.0034237984161126097 0.020812520812520812 0.0006666666666666666 0.0004348139705495012
0 0.0030303030303030303 0.0 1.0 0.0 0.004514174854141874 0.003817454237863263 0.015484515484515488 0.0012000000000000001 0.00018303458606759007
0 0.0029411764705882353 0.0 1.0 0.0 0.0023118509683160244 0.0013604789526648622 0.008491508491508492 0.0002 0.00042322968605367736
0 0.002857142857142857 0.0 1.0 0.0 0.002892612325055906 0.0034011973816621558 0.016283716283716283 0.001 0.00039842361810544217
0 0.0006775067750677507 0.0 1.0 0.0 0.00416939255007953 0.004248038022625801 0.018274408518310963 0.001121951219512195 3.242141335551958e-05
0 0.001589825119236884 0.0 1.0 0.0 0.0026669107066928737 0.004627378948901388 0.0160427807486631 0.0011176470588235296 0.00017190593449411992
0 0.0012531328320802004 0.0 1.0 0.0 0.003928199952898008 0.002591388481266404 0.007706579135150564 0.0 7.595985912427726e-05
0 0.003205128205128205 0.0 1.0 0.0 0.005671824082489998 0.0026232792391909874 0.010989010989010988 0.00125 0.00022845050793517552
0 0.0016666666666666668 0.0 1.0 0.0 0.0019395763745842299 0.0 0.017915417915417915 0.00013333333333333334 0.00021815032150739348
0 0.0020325203252032522 0.0 1.0 0.0 0.00047942191734383805 0.0 0.005910755910755912 0.0 0.0005972325776226882
0 0.0011337868480725624 0.0 1.0 0.0 0.004205776044026786 0.0018115133265574326 0.008753151610294465 0.0005238095238095238 7.066021139988178e-05
0 0.0011627906976744186 0.0 1.0 0.0 0.006634909727464039 0.0014338758701728821 0.009340659340659342 0.00055 5.1456708423351966e-05
0 0.0006493506493506494 0.0 1.0 0.0 0.0037776947337969133 0.0017135246139096346 0.010646496360782076 0.0005428571428571429 3.5822420179956296e-05
0 0.001851851851851852 0.0 1.0 0.0 0.005586516960499722 0.00370329990628477 0.01332001332001332 0.0011666666666666668 0.00015607973868922559
0 0.002173913043478261 0.0 1.0 0.0 0.0010515408973216392 0.0 0.008291708291708291 0.0002 0.0006457646414435346
0 0.0006447453255963894 0.0 1.0 0.0 0.004684782090814939 0.0011016954391417286 0.011897193715375533 0.0007272727272727273 2.4089518924759143e-05
0 0.0016025641025641025 0.0 1.0 0.0 0.0059171497791857385 0.0009027745397141875 0.007761469299930839 0.00023076923076923076 8.842461840985862e-05
0 0.0013605442176870747 0.0 1.0 0.0 0.006295333012948371 0.002047643771029786 0.012787212787212787 0.0005333333333333334 9.40617332094921e-05
0 0.0014285714285714286 0.0 1.0 0.0 0.0016802312316042916 0.0006937835163241425 0.009205080633652064 0.00014285714285714287 0.0002785539242625283
0 0.000980392156862745 0.0 1.0 0.0 0.00288751577278798 0.0014810605070300258 0.01208791208791209 0.00075 0.0013457694102415683
1 0.0027472527472527475 0.0 1.0 0.0 0.0018927504416105052 0.0021474151260412523 0.011131725417439705 0.001 0.0008472581607984628
0 0.003144654088050314 0.0 1.0 0.0 0.0 0.0 0.004828504828504828 0.0 0.0021211155513091566
0 0.0011574074074074073 0.0 1.0 0.125 0.0018483723380511839 0.001333879944276311 0.009927572427572428 0.0005 0.0018449272378018014
0 0.001652892561983471 0.0 1.0 0.0 0.003158946162106504 0.0 0.008536917627826717 0.0 0.00028769242919263714
0 0.0005411255411255411 0.0 1.0 0.0 0.0022770980741667925 0.0005801471070025683 0.004631731904459177 0.0003333333333333333 6.322563128857097e-05
0 0.0010319917440660474 0.0 1.0 0.0 0.0030995360938098596 0.0007004437798708402 0.005817711700064641 0.00017647058823529413 0.0001481234061376758
0 0.0024630541871921183 0.0 1.0 0.0 0.0033518136793220213 0.0 0.0021407164264307123 0.0 0.0007121135757329104
0 0.125 0.0 1.0 0.0 0.013530423986620055 0.012234522955619265 0.005357142857142857 0.0062949640287769774 0.125
0 0.021739130434782608 0.0 1.0 0.0 0.015993379295450017 0.025075675190349506 0.014906832298136646 0.009696590553644045 3.658644687961692e-05
0 0.008130081300813007 0.0 1.0 0.0 0.01973300331358837 0.02206999215870088 0.015156794425087106 0.004386734514827162 0.0014146426491939727
0 0.009259259259259259 0.0 1.0 0.0 0.008395018393867006 0.005806948747959718 0.013756613756613755 0.0005329070077271516 0.01198087360614596
0 0.004878048780487805 0.0 1.0 0.0 0.01672282446969188 0.02261524229651354 0.013414634146341461 0.0029829794700824705 0.003663127780961806
0 0.05555555555555555 0.0 1.0 0.0 0.013003882560121149 0.010244570426693241 0.0046713380046713385 0.0030120481927710854 0.05555555555555555
0 0.041666666666666664 0.0 1.0 0.0 0.011079254894117473 0.00512228521334662 0.015015015015015015 0.002761044176706827 8.630231732273474e-05
0 0.011904761904761904 0.0 1.0 0.0 0.007423916239707661 0.011292520803569553 0.01051051051051051 0.0039802065404475045 0.0011015239897696758
0 0.020833333333333332 0.0 1.0 0.0 0.017489417514683706 0.009693058233586758 0.013013013013013013 0.0032630522088353407 0.02900180030610278
1 0.006060606060606061 0.0 1.0 0.0 0.007235180074417032 0.009051273493910736 0.010283010283010284 0.0019167579408543264 0.0024727302693061276
0 0.005208333333333333 0.0 1.0 0.0 0.009324811650753854 0.0 0.009009009009009007 0.00037650602409638556 2.2502221012805316e-05
0 0.014285714285714285 0.0 1.0 0.0 0.0022678874670631947 0.0 0.008408408408408407 0.0 0.0005797094105682686
0 0.007352941176470588 0.0 1.0 0.0 0.0074959981501335924 0.008191082385214439 0.011658717541070484 0.001948972360028349 0.03703942917698131
0 0.0024154589371980675 0.0 1.0 0.0 0.0050611856288878595 0.005555763029384491 0.007638072855464159 0.0005238344683080147 0.0006494245400024584
0 0.00625 0.0 1.0 0.0 0.00924863926677441 0.01239207888853669 0.006006006006006006 0.0009412650602409639 0.0033043863837900387
0 0.006493506493506494 0.0 1.0 0.0 0.01149677664764745 0.013171590548605592 0.010510510510510511 0.0004302925989672978 0.046899441788456585
0 0.0043859649122807015 0.0 1.0 0.0 0.0070953003453242845 0.008627006675110096 0.006954322743796428 0.0 0.00010252815799676455
0 0.0024813895781637717 0.0 1.0 0.0 0.010330185506242288 0.014576565376469794 0.009687106461300011 0.001748931208705791 0.001734094810261671
0 0.002976190476190476 0.0 1.0 0.0 0.009547185276640505 0.009914946331366381 0.01026026026026026 0.0017570281124497991 3.857282044527589e-05
0 0.0031746031746031746 0.0 1.0 0.0 0.012987460860037058 0.011959890645798036 0.009295009295009296 0.002008032128514056 4.236485210216827e-05
0 0.03125 0.0 1.0 0.0 0.00404894394149183 0.006136113815744115 0.013218390804597704 0.003096198156682026 0.03125
0 0.03125 0.0 1.0 0.0 0.0029555482455204144 0.00819973698623019 0.01738505747126437 0.003744239631336405 0.0048301338726201805
0 0.027777777777777776 0.0 1.0 0.0 0.0026795810048137712 0.003807953176856638 0.00996168582375479 0.0024961597542242707 0.00976136712211765
0 0.020833333333333332 0.0 1.0 0.0 0.0032766282492991522 0.00899592527625921 0.00842911877394636 0.002304147465437788 0.006725262444460582
0 0.015384615384615385 0.0 1.0 0.0 0.0032751767238832726 0.008599261772689045 0.01803713527851459 0.004608294930875575 0.009728074653417577
0 0.007936507936507936 0.0 1.0 0.0 0.004222004198252273 0.005937602709818889 0.012807881773399013 0.003072196620583716 0.03714074228533483
0 0.007142857142857143 0.0 1.0 0.0 0.0021054847059016274 0.007011774176230628 0.018275862068965514 0.0027649769585253456 0.004371058695967932
1 0.004310344827586207 0.0 1.0 0.0 0.0039334393353624075 0.0 0.012128418549346017 0.00023836008263149533 0.0251813484962792
0 0.003968253968253968 0.0 1.0 0.0 0.004902396402270955 0.009722958225809512 0.016912972085385877 0.0022218564845292955 0.006701045312463577
0 0.004347826086956522 0.0 1.0 0.0 0.003875358972477632 0.009004342916702079 0.016591704147926038 0.002805049088359046 0.0026572874110262017
0 0.005347593582887701 0.0 1.0 0.0 0.004769868769037029 0.004127099856366972 0.013387423935091276 0.0012198427758200055 0.005461872746420064
0 0.0030864197530864196 0.0 1.0 0.0 0.004485800484651237 0.006298389048952228 0.014644529587058322 0.0019627922853729307 0.025592618447512136
0 0.006993006993006993 0.0 1.0 0.0 0.0034800103448708332 0.00825891793440008 0.006478578892371995 0.0008378718056137411 0.013453667925337469
0 0.004464285714285714 0.0 1.0 0.0 0.0014431765077583406 0.004942117040178639 0.015086206896551723 0.0010080645161290322 0.006107501070489007
0 0.0047619047619047615 0.0 1.0 0.0 0.004587911573069461 0.0073345376458657146 0.012807881773399017 0.0016458196181698486 0.007286233864756003
0 0.0021551724137931034 0.0 1.0 0.0 0.005888806819212867 0.007717431050570143 0.01093935790725327 0.0009534403305259813 0.02202957910876679
0 0.0017301038062283738 0.0 1.0 0.0 0.0016076210150284883 0.004624199213498998 0.01568627450980392 0.000813228517213337 0.0019903493046446123
0 0.001984126984126984 0.0 1.0 0.0 0.004269538342079601 0.007832807183619842 0.012233169129720852 0.0013166556945358788 0.02829410551323836
0 0.0015037593984962405 0.0 1.0 0.0 0.0024360471453612155 0.004062079089291083 0.012413793103448274 0.0017774851876234364 0.0027239778978133985
0 0.002777777777777778 0.0 1.0 0.0 0.002404992366583819 0.006789318207734967 0.010217113665389528 0.0017921146953405018 0.00488089175074447