0 0.041666666666666664 0.0 1.0 0.0 0.017933932805061323 0.016217184371816056 0.012083333333333335 0.006281407035175876 0.04166666666666666
0 0.011627906976744186 0.0 1.0 0.0 0.01742898850303176 0.01983314364977761 0.020000000000000007 0.005492579174944487 0.01636684079559943
0 0.01515151515151515 0.0 1.0 0.0 0.009794930018468312 0.016589565513757697 0.014772727272727276 0.0009136592051164915 0.023950437567366343
0 0.009615384615384616 0.0 1.0 0.0 0.009978536079268805 0.01700383014727252 0.016153846153846158 0.002512562814070352 0.025119050330943957
0 0.008 0.0 1.0 0.0 0.015711295831471923 0.018495407208376308 0.015600000000000004 0.001407035175879397 0.032397576185833415
0 0.008771929824561403 0.0 1.0 0.0 0.015843564576398822 0.0074324658181841 0.017631578947368425 0.0010579211848717272 0.032664395672547905
0 0.007142857142857143 0.0 1.0 0.0 0.01839254684682706 0.013334992251283827 0.016750000000000004 0.003015075376884422 0.030670788964759433
0 0.005952380952380952 0.0 1.0 0.0 0.01521500591215191 0.01771340533167022 0.01428571428571429 0.0033500837520938024 0.030314233789013184
0 0.04 0.0 1.0 0.0 0.01873759117268045 0.015977599186120402 0.011836734693877552 0.004368600682593856 0.039999999999999994
0 0.02631578947368421 0.0 1.0 0.0 0.014065148595509275 0.00977531131787219 0.010383100608664519 0.003233339320998743 0.036319342450623494
0 0.011494252873563218 0.0 1.0 0.0 0.015735616625034542 0.011897836199996844 0.012667135819845177 0.003295280687301399 0.03212053202083948
0 0.005813953488372093 0.0 1.0 0.0 0.01079445578868535 0.011635901114130216 0.017956019617149186 0.0019842844670211923 0.017193311288304158
0 0.011764705882352941 0.0 1.0 0.11764705882352941 0.01870054047921983 0.01907872109891749 0.019007603041216486 0.0032122063842601883 0.024949562019193895
0 0.004065040650406504 0.0 1.0 0.0 0.008958204925989711 0.01158226038866888 0.018002322880371662 0.0015816199117622573 0.01231559548640361
0 0.006493506493506493 0.0 1.0 0.0 0.015738959017760675 0.01697526978882893 0.016388373531230672 0.0024821594787465093 0.02365492469600118
0 0.008333333333333333 0.0 1.0 0.0 0.011358078515620014 0.007738788126648817 0.014965986394557823 0.0011376564277588168 0.00024174232067635464
0 0.013888888888888888 0.0 1.0 0.0 0.016229585634932406 0.0 0.009778911564625849 0.0 0.07367044590891386
0 0.005555555555555556 0.0 1.0 0.0 0.015139343070098423 0.0 0.013983371126228265 0.0005688282138794084 0.01611759456438894
0 0.005347593582887701 0.0 1.0 0.0 0.014424580593412607 0.009243076224818698 0.016606642657062826 0.0026099176872114035 0.032542829507902424
0 0.0043859649122807015 0.0 1.0 0.0 0.005106402339838036 0.005826293003264472 0.01467955603293949 0.0026944494341656186 0.0005616968340404616
0 0.003663003663003663 0.0 1.0 0.0 0.00633504422376735 0.0024904316146927862 0.013119533527696792 0.0016252234682268812 0.0001626311997149947
0 0.03225806451612903 0.0 1.0 0.06451612903225806 0.012976592939068627 0.011095372175990569 0.01238073602907769 0.004331471560469621 0.03225806451612903
0 0.013513513513513514 0.0 1.0 0.0 0.007626421101266864 0.005846772311137313 0.00704225352112676 0.003533568904593638 0.015395499277046405
0 0.0196078431372549 0.0 1.0 0.0 0.005860080308615171 0.00764728574169381 0.011391880695940349 0.002702140927042195 0.016806796708546762
0 0.006756756756756757 0.0 1.0 0.0 0.008788580753103646 0.010489210914118587 0.009421393224210123 0.0013370260720084043 0.004941263430058148
0 0.0058823529411764705 0.0 1.0 0.0 0.006965527976568587 0.006506739475269039 0.014498757249378623 0.0004157139887757223 0.021052012011974954
0 0.008333333333333333 0.0 1.0 0.0 0.006528499898161273 0.0132441605306131 0.00880281690140845 0.0007067137809187279 0.01101534131703684
0 0.007518796992481203 0.0 1.0 0.0 0.014852037674263966 0.011927120575624417 0.01000741289844329 0.0003719546215361726 0.03159778332848185
0 0.0078125 0.0 1.0 0.0 0.007912324866386633 0.008154273030440645 0.01826584507042253 0.0013250883392226147 0.03289522465340216
0 0.004629629629629629 0.0 1.0 0.0 0.008300444004923848 0.01071364893436471 0.01026995305164319 0.0005889281507656066 0.007563646807595522
0 0.0020408163265306124 0.0 1.0 0.0 0.004107468987540314 0.005457917895609106 0.010778959471112386 0.0007211365111415591 0.0007332829143298306
0 0.03571428571428571 0.0 1.0 0.07142857142857142 0.009452410627387293 0.01230298081047566 0.010690528983211909 0.0033333333333333335 0.03571428571428571
0 0.012195121951219513 0.0 1.0 0.0 0.011289825113793912 0.009043541201473554 0.016061867935752525 0.0031978319783197828 0.0008982220158411639
0 0.017543859649122806 0.0 1.0 0.0 0.0018510178720678157 0.004893101734207935 0.014820865912008404 0.002690058479532164 0.0006193757676174832
0 0.007142857142857143 0.0 1.0 0.0 0.012280619637686606 0.010862318751151729 0.009946151409566048 0.0020317460317460317 0.015538180508993516
0 0.0058823529411764705 0.0 1.0 0.0 0.01000142603695301 0.006589290769628373 0.013760271292552502 0.0011111111111111111 0.017432857315499446
0 0.00641025641025641 0.0 1.0 0.0 0.010695511564517023 0.011296152450348236 0.009551424185570527 0.0008547008547008547 0.031703073055439755
0 0.004201680672268907 0.0 1.0 0.0 0.006618483058966389 0.01182829285730632 0.01154297639233077 0.0014379084967320263 0.0002000214678641771
0 0.005952380952380952 0.0 1.0 0.0 0.009848420453315113 0.010835294912682855 0.007602153943617358 0.0019047619047619048 0.04357176713894293
0 0.0037037037037037034 0.0 1.0 0.0 0.004091128109174458 0.006520169589991245 0.013303769401330379 0.0008148148148148149 0.010085607637727872
0 0.005 0.0 1.0 0.0 0.010237535264164354 0.005822258298540802 0.010643015521064302 0.001 0.04001039988156883
0 0.003952569169960474 0.0 1.0 0.0 0.007401244135036797 0.0035451434778192245 0.008676371348693724 0.0015458937198067632 0.03423216913936894
0 0.0037878787878787876 0.0 1.0 0.0 0.009613026039994263 0.004161967754431359 0.008264462809917357 0.00101010101010101 0.03705664226672939
0 0.0027472527472527475 0.0 1.0 0.0 0.008432292333817018 0.0018291192095100215 0.00910674691162496 0.0007936507936507937 0.030771208865361183
0 0.0012755102040816326 0.0 1.0 0.0 0.008609681523519578 0.0030676443645889307 0.013264174849540702 0.0009126984126984128 2.196329272436255e-05
0 0.00196078431372549 0.0 1.0 0.0 0.007611991251711339 0.0026890766435894056 0.009782183383331158 0.0005882352941176471 0.0013356328491761446
0 0.03333333333333333 0.0 1.0 0.06666666666666667 0.011904757086335262 0.01522247870213471 0.009820585457979225 0.004166666666666665 0.03333333333333333
1 0.01282051282051282 0.0 1.0 0.0 0.010604603796069664 0.01112664054095222 0.01627079247475848 0.004370629370629368 0.0102794850010496
0 0.015873015873015872 0.0 1.0 0.0 0.008616798859232956 0.011438402959436359 0.011871037366788077 0.003923160173160172 0.014516046935370659
0 0.006944444444444444 0.0 1.0 0.05555555555555555 0.009473158643281169 0.013201332099184662 0.010072395341517153 0.0009469696969696971 0.005662011915092086
0 0.025 0.0 1.0 0.0 0.008529810820903497 0.011777309855749062 0.013456090651558075 0.00390625 0.022078456483130324
0 0.006944444444444444 0.0 1.0 0.0 0.009156711826718173 0.010467700275001898 0.012983947119924455 0.0008285984848484849 0.026432937378019394
0 0.003663003663003663 0.0 1.0 0.0 0.007677767059887436 0.008375310214458365 0.01016924529672405 0.0010926573426573425 0.016204892183627865
0 0.010416666666666666 0.0 1.0 0.0 0.0032218320504245183 0.005397482235267863 0.013928234183191694 0.0011837121212121212 0.0012710112749691517
0 0.006172839506172839 0.0 1.0 0.0 0.004214239344088579 0.0042944411384623175 0.008970727101038715 0.0 0.0005912812364638104
0 0.005263157894736842 0.0 1.0 0.0 0.011710622258917855 0.014148029828800973 0.0050693305501714634 0.0007476076555023923 0.002299800862121526
0 0.004132231404958678 0.0 1.0 0.0 0.010843260249907114 0.004460131680120128 0.010816379088333761 0.0014204545454545455 0.009482403802630825
0 0.0037878787878787876 0.0 1.0 0.0 0.00964512082919624 0.005338540094805602 0.014936904455318055 0.002066115702479339 0.010161345713590694
0 0.0024813895781637717 0.0 1.0 0.0 0.002535240873390799 0.0009926870238644466 0.011696975235310245 0.001282991202346041 0.002116432238963886
0 0.007142857142857143 0.0 1.0 0.0 0.007029226377776197 0.0 0.010481586402266289 0.0005681818181818182 0.016713459355830955
0 0.0030303030303030303 0.0 1.0 0.0 0.008730475225541285 0.006042683254188414 0.008884882822559876 0.0012913223140495868 0.0005584302292262815
0 0.029411764705882353 0.0 1.0 0.058823529411764705 0.00879129269842448 0.00656198263944647 0.010797562268150502 0.0027220820608152953 0.029411764705882346
0 0.011904761904761904 0.0 1.0 0.0 0.0045900371451149235 0.0065808398226291295 0.009759759759759758 0.0022573363431151227 0.01782288842643289
0 0.018518518518518517 0.0 1.0 0.0 0.001738657613303179 0.0008530718288593316 0.010885885885885887 0.0022573363431151244 0.0029255828338862386
0 0.007352941176470588 0.0 1.0 0.0 0.005944663281833029 0.007677646459733985 0.009472708002119766 0.0013942371531005182 0.0010653748923359673
0 0.013333333333333334 0.0 1.0 0.0 0.005268793822279753 0.0068351450362579315 0.01141141141141141 0.0009029345372460496 0.0005154065184849842
0 0.00641025641025641 0.0 1.0 0.0 0.0033847649788274477 0.006379619156978864 0.006843381843381844 0.0005209237714881056 0.005470310313778964
0 0.004329004329004329 0.0 1.0 0.0 0.0055280208756033865 0.004657757078910627 0.00887250887250887 0.0004104247896572953 0.010400910063544879
0 0.0033783783783783786 0.0 1.0 0.0 0.003964627171297492 0.007159013009469588 0.010896031166301433 0.0006710999938990909 0.010439986959424167
0 0.004830917874396135 0.0 1.0 0.0 0.007927238864338276 0.007493436303921994 0.008617312965139052 0.00039258023358523895 0.01549322568857621
0 0.005555555555555556 0.0 1.0 0.0 0.00894832260250299 0.010063010132778006 0.005005005005005005 0.0005016302984700275 0.01502200482977102
0 0.0036363636363636364 0.0 1.0 0.0 0.009322016506219553 0.00804916314321386 0.008648648648648649 0.0005417607223476298 0.029660714276249504
0 0.004166666666666667 0.0 1.0 0.0 0.004676613554696779 0.008197417361087042 0.007545045045045044 0.0002257336343115124 0.0013333180805170813
0 0.0019723865877712033 0.0 1.0 0.0 0.005013659875753614 0.0022844521406182212 0.011376761376761376 0.0006366846095965734 0.002927471196608512
1 0.0015873015873015873 0.0 1.0 0.0 0.0027034057571862146 0.0 0.014414414414414415 0.0009029345372460496 0.001634512345107383
0 0.0019047619047619048 0.0 1.0 0.0 0.0023305400012491725 0.0014714691969445212 0.012483912483912481 0.0009029345372460495 0.0019439374578666252
0 0.04 0.0 1.0 0.0 0.013383341798328879 0.01264193731290323 0.016219931271477667 0.0045517241379310356 0.04000000000000001
0 0.014285714285714285 0.0 1.0 0.0 0.007300988123548302 0.014667599146529407 0.011192930780559648 0.004236453201970446 0.01735275969241551
0 0.008771929824561403 0.0 1.0 0.0 0.010393479195725799 0.011431245899365564 0.011756194610236937 0.00235934664246824 0.019899907103831393
0 0.011904761904761904 0.0 1.0 0.0 0.00896840683668415 0.008708187807138687 0.017345769923089515 0.0008210180623973727 0.00014000817040047832
0 0.005714285714285714 0.0 1.0 0.0 0.005663994511690881 0.009344062623790107 0.013254786450662739 0.00029556650246305416 0.004760320284804145
0 0.007936507936507936 0.0 1.0 0.0 0.012622548020542714 0.011745567410601492 0.018982163312060218 0.0004926108374384236 0.02308945784612018
0 0.005714285714285714 0.0 1.0 0.0 0.010849409393127084 0.008726755735471258 0.021855670103092785 0.001793103448275862 0.021258150082479776
0 0.00390625 0.0 1.0 0.0 0.0053093052300775155 0.009418642854073673 0.020403780068728526 0.0015086206896551724 0.00011474828752170185
0 0.004629629629629629 0.0 1.0 0.0 0.010351183998275207 0.009995473527563666 0.01589347079037801 0.0022988505747126436 0.016258238289555006
0 0.002857142857142857 0.0 1.0 0.0 0.005624241810808983 0.004366593741602546 0.017771232204221898 0.0012807881773399014 0.012549918886912226
0 0.03333333333333333 0.0 1.0 0.06666666666666667 0.014345639891281943 0.015006478707150042 0.011733333333333337 0.004819277108433733 0.03333333333333333
0 0.018518518518518517 0.0 1.0 0.0 0.011070359111997231 0.015177141372878874 0.010370370370370372 0.0038673211363974397 0.006222734407321242
0 0.037037037037037035 0.0 1.0 0.0 0.007478104175976091 0.016244424135841172 0.0044444444444444444 0.004462293618920126 0.017977739693516844
0 0.025 0.0 1.0 0.0 0.008780833472507785 0.013659427235590984 0.012 0.0016064257028112448 0.025678868999745207
0 0.011111111111111112 0.0 1.0 0.0 0.014362470043605706 0.017476404380467787 0.013555555555555555 0.0015618027666220438 0.007425834017840898
0 0.016666666666666666 0.0 1.0 0.0 0.011712747927014076 0.013659427235590984 0.0116 0.0 0.02526488213429167
0 0.009523809523809523 0.0 1.0 0.0 0.00871009215717097 0.012785742727240713 0.004 0.0005354752342704149 0.012559813130446316
0 0.005208333333333333 0.0 1.0 0.0 0.004222359166961495 0.010918902093541384 0.008833333333333335 0.001004016064257028 0.007341585614777214
0 0.008547008547008546 0.0 1.0 0.0 0.0011356068287506579 0.0021014503439370745 0.014153846153846156 0.0006178560395427864 0.003253713154406347
0 0.0038461538461538464 0.0 1.0 0.0 0.011455355760132848 0.00931631770390519 0.008307692307692306 0.0012357120790855729 0.007422823645027272
0 0.0034965034965034965 0.0 1.0 0.0 0.01232219124360688 0.0021014503439370745 0.008461538461538463 0.0003089280197713932 0.019406841984911917
0 0.0037878787878787876 0.0 1.0 0.0 0.016960808222342125 0.002483532224652906 0.010181818181818183 0.00036509675063891927 0.0012185385594354434
0 0.0038461538461538464 0.0 1.0 0.0 0.004887398066211492 0.0 0.0036000000000000003 0.0 0.0004145085176296111
0 0.041666666666666664 0.0 1.0 0.08333333333333333 0.012299359724867101 0.008074407743433877 0.013043478260869568 0.003270348837209303 0.041666666666666664
1 0.014285714285714285 0.0 1.0 0.0 0.009778550857766567 0.0116404887457011 0.017142857142857144 0.004651162790697675 0.0013102883622074753
0 0.008547008547008546 0.0 1.0 0.0 0.008917608990194859 0.012104297126711573 0.01486436269044965 0.0038014311270125225 0.021355472405244835
0 0.008333333333333333 0.0 1.0 0.0 0.014971619338148119 0.01656790560590084 0.015748792270531404 0.0034883720930232553 7.835922041071598e-05
1 0.0071428571428571435 0.0 1.0 0.0 0.01412435782540053 0.016871725272341986 0.01873706004140787 0.003114617940199335 5.762979330392537e-05
0 0.005747126436781609 0.0 1.0 0.0 0.007471826829543356 0.010196406492604096 0.015292353823088455 0.002305533279871692 0.0028922373544698916
0 0.0037593984962406013 0.0 1.0 0.0 0.0034308617943129087 0.005281946058810823 0.012585812356979406 0.0006884944920440637 0.008959495033821197
0 0.0029069767441860465 0.0 1.0 0.0 0.017855005729885645 0.017478908511217247 0.012740141557128415 0.002568956192536506 0.009191925266397255
0 0.0024154589371980675 0.0 1.0 0.0 0.014530897873471704 0.006850911613363083 0.014240705734089481 0.001074317492416582 0.0012185479329459923
0 0.0030303030303030303 0.0 1.0 0.0 0.01147119584824266 0.004893867683382859 0.013438735177865617 0.0016737138830162086 0.0025805030314990166
0 0.02857142857142857 0.0 1.0 0.05714285714285714 0.014483708348214993 0.010435480164109437 0.012970521541950114 0.003912647861692447 0.028571428571428577
0 0.021739130434782608 0.0 1.0 0.0 0.0072605507392167114 0.0073432378489995285 0.012698412698412702 0.003184713375796178 0.003518750063320496
0 0.01075268817204301 0.0 1.0 0.0 0.01048498725646011 0.009683705522328149 0.011469534050179211 0.002671049928087117 0.018739592261716308
0 0.011363636363636364 0.0 1.0 0.0 0.009910808680512851 0.008461054451024757 0.011111111111111112 0.0005790387955993052 0.017668429594701728
0 0.005555555555555556 0.0 1.0 0.0 0.008849420640672562 0.010696475373494644 0.01313932980599647 0.0018577494692144374 0.009330558172395274
0 0.009259259259259259 0.0 1.0 0.0 0.012259744568179095 0.00962830115120214 0.007054673721340389 0.00035385704175513094 0.0031844523279841216
0 0.0033222591362126242 0.0 1.0 0.0 0.008485310555488302 0.009740204555114018 0.009597637504614249 0.001259072729965931 0.01463572427513074
0 0.00625 0.0 1.0 0.0 0.008268048649986235 0.008941745102229925 0.009047619047619047 0.0009554140127388536 0.026438070316924876
0 0.0038314176245210726 0.0 1.0 0.06896551724137931 0.007568137746006987 0.006418730962846368 0.004488232074438971 0.00021963540522732265 0.016683368392776284
0 0.005263157894736842 0.0 1.0 0.0 0.01157641589165464 0.008656816859596834 0.013868003341687552 0.0006704659738518271 0.004970406608349445
0 0.002840909090909091 0.0 1.0 0.0 0.012715522484086582 0.00737531095689984 0.012797619047619047 0.002089968152866242 0.01812297314278209
0 0.011904761904761904 0.0 1.0 0.2857142857142857 0.023045378809475693 0.009472766842081275 0.0054421768707483 0.0027297543221110098 0.05921750087163781
0 0.019230769230769232 0.0 1.0 0.038461538461538464 0.007471673482539988 0.0042882619000783615 0.0078781512605042 0.002307692307692306 0.019230769230769235
0 0.015625 0.0 1.0 0.0 0.006571107091831566 0.0062653635977987085 0.006171218487394959 0.002171052631578946 0.021852941585466634
0 0.006289308176100628 0.0 1.0 0.0 0.0035205947143099442 0.004053065400193235 0.01018709370540669 0.001628599801390267 0.0031442842800618797
0 0.006756756756756757 0.0 1.0 0.0 0.01016756879987793 0.00894231426504592 0.009709289121053826 0.0013086770981507825 0.019816032241480923
0 0.005714285714285714 0.0 1.0 0.0 0.008027513359259475 0.007281612714509337 0.008343337334933974 0.000481203007518797 0.02121349199104543
0 0.007575757575757575 0.0 1.0 0.09090909090909091 0.003771024002022819 0.0026037874692150472 0.0054430863254392664 0.0 0.004011856092782636
0 0.004608294930875576 0.0 1.0 0.0 0.009058231373568251 0.00877728356557976 0.007454594741122256 0.00033955857385398983 0.023806174480667873
0 0.005952380952380952 0.0 1.0 0.0 0.0031711251985790238 0.006137499034578326 0.0064025610244097635 0.0 0.00046253827144504545
0 0.0028490028490028487 0.0 1.0 0.0 0.00764649364877656 0.008701703362493653 0.009965524671407024 0.0012955465587044536 0.006393474159059536
0 0.0058823529411764705 0.0 1.0 0.0 0.008915637209382904 0.010766563591034388 0.00902125556104795 0.0014860681114551083 0.022663201285763965
0 0.005347593582887701 0.0 1.0 0.0 0.016361005168247175 0.009747429087137865 0.009886307464162138 0.001981424148606811 0.04572040771535772
0 0.0043859649122807015 0.0 1.0 0.0 0.0012891286352933776 0.0022611838548446464 0.009287925696594429 0.0 0.0004429722414019889
0 0.004273504273504274 0.0 1.0 0.0 0.003329894553028265 0.002290068904900964 0.0065359477124183 0.0005847953216374269 0.0012043033862718792
0 0.0014005602240896359 0.0 1.0 0.0 0.004361931504732135 0.0035774625185409654 0.006673257538309441 0.0009907120743034054 0.0009601965127321083
0 0.00392156862745098 0.0 1.0 0.0 0.012898344176463428 0.004693018117485123 0.012110726643598618 0.0017337461300309597 0.049425406046279464
0 0.004166666666666667 0.0 1.0 0.0 0.015211320744349685 0.005539494205381927 0.008263305322128852 0.0009824561403508772 0.047497467529722455
0 0.03225806451612903 0.0 1.0 0.06451612903225806 0.017850915244148398 0.014427891071869295 0.020436786215187335 0.005024620641141593 0.03225806451612903
0 0.022727272727272728 0.0 1.0 0.0 0.013933038609882443 0.01905297677827716 0.020186335403726708 0.005947323704333049 0.05115031256602277
0 0.010416666666666666 0.0 1.0 0.0 0.014809681830014397 0.02041657727639459 0.020768633540372672 0.005938473520249221 0.03183326654862988
0 0.008928571428571428 0.0 1.0 0.0 0.007887052336123962 0.011520342320554934 0.014307897071872229 0.0024477080551846904 0.010498029351140957
0 0.013333333333333334 0.0 1.0 0.0 0.008981598628252282 0.01757775533820234 0.02525879917184265 0.0033229491173416407 0.014246067329769307
0 0.008333333333333333 0.0 1.0 0.0 0.008252142179042469 0.011496057811376234 0.02624223602484472 0.0021806853582554517 0.00686185062744331
0 0.007142857142857143 0.0 1.0 0.0 0.01863407958341081 0.015634559243824807 0.01677018633540373 0.0034267912772585666 0.050924606492653235
0 0.004464285714285714 0.0 1.0 0.0 0.009520935980542983 0.015180038226536926 0.020962732919254656 0.0024477080551846904 0.009911520296424326
0 0.007936507936507936 0.0 1.0 0.0 0.020483857855239835 0.02483468667279103 0.027062999112688554 0.006230529595015576 0.08206284275077744
0 0.004 0.0 1.0 0.0 0.0016039307262221958 0.008476504377974217 0.014658385093167702 0.0004984423676012461 0.0003892188708389022
0 0.003952569169960474 0.0 1.0 0.0 0.018917651546577784 0.0018427183430378736 0.01552795031055901 0.00027089259108763376 0.031432110264331535
0 0.006944444444444444 0.0 1.0 0.0 0.015411185728715205 0.0 0.013198757763975154 0.0 0.0002733210626557865
0 0.003344481605351171 0.0 1.0 0.0 0.013903639341762941 0.0018427183430378736 0.011882257628949499 0.0008126777732629012 7.049891549905852e-05
0 0.0024630541871921183 0.0 1.0 0.0 0.013232860914134803 0.0058859281725927295 0.016170486185478693 0.0021484584810398536 0.009159002315333762
0 0.02702702702702703 0.0 1.0 0.05405405405405406 0.011594626342363525 0.006106114686993589 0.014989779695662049 0.00341633768600061 0.027027027027027025
0 0.009433962264150943 0.0 1.0 0.0 0.005122061521760023 0.007994750212579862 0.0076634427355848 0.0032859868560525802 0.0038547760029852703
0 0.007751937984496124 0.0 1.0 0.0 0.0050056510849450795 0.007731725457174618 0.012637613184808806 0.0013718317219754376 0.012543792371569043
0 0.006944444444444444 0.0 1.0 0.0 0.004824614423443268 0.008321903414158189 0.01073762838468721 0.001482521847690387 0.011802732235510776
0 0.005714285714285714 0.0 1.0 0.0 0.005489161348077004 0.00698989981359791 0.021528611444577822 0.0012841091492776886 0.01137505638951807
0 0.003472222222222222 0.0 1.0 0.0 0.004318071576316484 0.0090742325838322 0.012429971988795517 0.0005852059925093633 0.007963919603958333
0 0.006802721088435374 0.0 1.0 0.0 0.0046537852931154595 0.008189078768046924 0.0074696545284780565 0.0 0.02970650185346978
0 0.004464285714285714 0.0 1.0 0.0 0.0020707603754275806 0.004776962614694039 0.015106042416966784 0.0004012841091492777 0.00017782392159587128
0 0.0028490028490028487 0.0 1.0 0.0 0.0031194595721096884 0.00338374070016084 0.015513897866839042 0.0007202535292422932 0.004065694862950309
0 0.0058823529411764705 0.0 1.0 0.0 0.009308175969923064 0.004520236863345985 0.015818091942659415 0.0016523463317911435 0.02750356985437234
1 0.038461538461538464 0.0 1.0 0.07692307692307693 0.014457540299672658 0.022750484158275283 0.013925729442970821 0.008695652173913047 0.038461538461538464
0 0.027777777777777776 0.0 1.0 0.0 0.02597578852858458 0.026289448360673665 0.02634099616858237 0.004347826086956521 0.003250931295937882
0 0.013888888888888888 0.0 1.0 0.0 0.016688877286380462 0.027110993621944714 0.021192528735632182 0.0007246376811594203 0.001284955131278716
0 0.016666666666666666 0.0 1.0 0.0 0.03127537822218074 0.015773669016404198 0.022413793103448272 0.0011594202898550724 9.518265499676815e-05
0 0.007407407407407408 0.0 1.0 0.0 0.02387553069293807 0.0 0.019157088122605363 0.0006441223832528181 0.018443950173258818
0 0.027777777777777776 0.0 1.0 0.0 0.00836371972762553 0.0 0.020114942528735632 0.0 0.042135040505123345
0 0.037037037037037035 0.0 1.0 0.07407407407407407 0.026670015829201445 0.030786740995312305 0.012962962962962964 0.01027077497665733 0.037037037037037035
0 0.03333333333333333 0.0 1.0 0.0 0.051639490777622914 0.036670326100029994 0.016666666666666666 0.00392156862745098 0.03734473862862015
0 0.0303030303030303 0.0 1.0 0.0 0.031024071748701157 0.04115236899874547 0.015909090909090907 0.0053475935828877 0.01677225743014849
0 0.008064516129032258 0.0 1.0 0.0 0.02760820222249662 0.031218785585403006 0.01827956989247312 0.004066142586066685 0.026930341988588714
0 0.005555555555555556 0.0 1.0 0.0 0.017588155093326212 0.007339999596622777 0.014351851851851853 0.0014005602240896359 0.004068894813674371
1 0.05 0.0 1.0 0.0 0.029392539625549708 0.02780311046587781 0.014784946236559137 0.006216216216216217 0.049999999999999996
0 0.01020408163265306 0.0 1.0 0.0 0.017378929196089226 0.019074914704289913 0.014373491332016671 0.004633204633204634 0.011814194829742945
0 0.0101010101010101 0.0 1.0 0.0 0.013695801000049553 0.019532987219105045 0.008797653958944282 0.0004914004914004914 0.00878191485747621
0 0.011363636363636364 0.0 1.0 0.0 0.017820891761116623 0.012245367316529065 0.01295210166177908 0.0022113022113022115 0.03937486398794004
0 0.011764705882352941 0.0 1.0 0.0 0.012168822560843942 0.0 0.008222643896268186 0.0 0.0013632736702858356
0 0.006172839506172839 0.0 1.0 0.0 0.008702573428505937 0.0 0.009358821186778174 0.0 0.005057595669373409
0 0.007936507936507936 0.0 1.0 0.0 0.018308938449439878 0.009224065150335505 0.012246117084826761 0.0015015015015015015 0.03834755789956161
0 0.03571428571428571 0.0 1.0 0.07142857142857142 0.023243121736283033 0.04685819172276685 0.023313492063492067 0.012072434607645875 0.03571428571428572
0 0.021739130434782608 0.0 1.0 0.0 0.022401582036656466 0.06121033674720441 0.029589371980676325 0.004898958971218616 0.033802950053644566
0 0.015873015873015872 0.0 1.0 0.0 0.029080492914405235 0.02597915965007782 0.024470899470899473 0.004024144869215292 0.035226664463029994
0 0.03125 0.0 1.0 0.0625 0.012669936536810849 0.011290610676361392 0.012758027522935783 0.00576036866359447 0.03125
0 0.020833333333333332 0.0 1.0 0.0 0.016402255949730122 0.016199927919734985 0.012041284403669727 0.005568356374807986 0.027653769569965164
0 0.01111111111111111 0.0 1.0 0.0 0.007921525078422222 0.01089623995368 0.01651376146788991 0.002150537634408602 0.010012842130966268
0 0.015625 0.0 1.0 0.0 0.010489477431396974 0.012250346998416463 0.013474770642201836 0.0014400921658986176 0.040553913269984726
0 0.007692307692307693 0.0 1.0 0.0 0.010810648158826831 0.01087549425964068 0.009527170077628794 0.0008862105636299185 0.014135392975184857
0 0.00505050505050505 0.0 1.0 0.0 0.005009730782858787 0.012348992029495328 0.012927439532944123 0.0011171624074849881 0.003079264977457034
0 0.006493506493506493 0.0 1.0 0.0 0.008634168895762096 0.013433625332034455 0.009799833194328608 0.0016757436112274822 0.003959082766585073
0 0.004629629629629629 0.0 1.0 0.0 0.008404640016210876 0.009288130757227255 0.009514101257220523 0.0008533879501621438 0.0001447111791668646
0 0.013888888888888888 0.0 1.0 0.0 0.01241335372731983 0.013333912290357722 0.014334862385321102 0.004032258064516129 0.1052439546103934
0 0.043478260869565216 0.0 1.0 0.0 0.023528309135707005 0.030404112427882758 0.024844720496894408 0.007169287696577243 0.04347826086956523
0 0.01 0.0 1.0 0.0 0.01010379660721527 0.016558835961802295 0.014497354497354498 0.0038297872340425526 0.020293378712490973
0 0.009259259259259259 0.0 1.0 0.0 0.013818445732410879 0.023947808580231753 0.02087007642563198 0.0014775413711583922 0.0038581424685109073
0 0.005555555555555556 0.0 1.0 0.0 0.007088371961625559 0.005168432984061412 0.02269253380364492 0.0015366430260047282 0.0006591310950839034
0 0.005714285714285714 0.0 1.0 0.0 0.012740518363573093 0.012015765493920498 0.022978080120937258 0.0031914893617021275 0.032283823767920536
0 0.047619047619047616 0.0 1.0 0.0 0.017046080611610493 0.020981470116612284 0.02305233047282517 0.006585612968591693 0.047619047619047616
1 0.017241379310344827 0.0 1.0 0.0 0.011046046507827733 0.01179881927187394 0.02449128792494212 0.005991685008559552 0.02491960812014609
0 0.007246376811594202 0.0 1.0 0.043478260869565216 0.014478949766882285 0.016652795005729158 0.016054693501305888 0.0033148319457292643 0.01815475496830752
0 0.010416666666666666 0.0 1.0 0.0 0.010431697534106934 0.012328294540578025 0.019140164899882215 0.0017730496453900707 0.023864495870257185
0 0.005555555555555556 0.0 1.0 0.0 0.011736808987052233 0.013114076274190513 0.013250883392226149 0.0016745468873128446 0.02602344943468832
0 0.004166666666666667 0.0 1.0 0.0 0.013822828779311453 0.0142763145894893 0.026855123674911663 0.002482269503546099 0.00958414817246024
0 0.00510204081632653 0.0 1.0 0.0 0.010577107521018855 0.006544486349099008 0.014512872286723877 0.0016464032421479229 0.03472494745905342
0 0.00625 0.0 1.0 0.0 0.02042622430590053 0.012534779103074257 0.020494699646643112 0.00301418439716312 0.02358657306590032
0 0.0028490028490028487 0.0 1.0 0.0 0.015209905609471797 0.009634965018803884 0.020929600434900785 0.002636843062374977 0.019151750273142084
0 0.03125 0.0 1.0 0.0625 0.034910149524673584 0.027709413284395946 0.012960829493087557 0.006365740740740735 0.031249999999999997
0 0.015151515151515152 0.0 1.0 0.0 0.02644648442962833 0.02002261686132651 0.0213657310431504 0.004068462401795735 0.03608154563022472
1 0.005747126436781609 0.0 1.0 0.034482758620689655 0.010831966386625022 0.013791710263317337 0.0202606070236771 0.0023946360153256708 0.020815351088246465
0 0.010416666666666666 0.0 1.0 0.0 0.039212295064881206 0.02439678082193714 0.025729646697388628 0.004436728395061728 0.035704090101966984
0 0.007692307692307693 0.0 1.0 0.0 0.01597715841148099 0.01745440399041625 0.015065579581708614 0.002670940170940171 0.011797660229631322
0 0.008771929824561403 0.0 1.0 0.0 0.04608762445767902 0.0119088646837512 0.02061605626970652 0.001949317738791423 0.050731851690676885
0 0.010989010989010988 0.0 1.0 0.0 0.02550016683398485 0.0 0.016660758596242466 0.0 0.09776069187110277
0 0.010416666666666666 0.0 1.0 0.0 0.006935928593562647 0.0 0.01420890937019969 0.0019290123456790122 0.0002772117202420403
0 0.043478260869565216 0.0 1.0 0.0 0.02157870808768777 0.013654462989596425 0.021164889253486464 0.006916996047430829 0.04347826086956523
0 0.017857142857142856 0.0 1.0 0.0 0.012081727218927056 0.012288836246194252 0.01765498652291105 0.004734848484848483 0.025607238020258768
0 0.01075268817204301 0.0 1.0 0.0 0.0077219258611680415 0.011335352768863782 0.014729153986609858 0.004032258064516129 0.00852071641770165
0 0.011904761904761904 0.0 1.0 0.0 0.014067948947794576 0.013417888891108863 0.014914645103324348 0.0027056277056277055 0.04116948293897549
0 0.005714285714285714 0.0 1.0 0.0 0.0068750362093772215 0.01207825152998471 0.0122911051212938 0.0012987012987012987 0.006287679118027797
0 0.004629629629629629 0.0 1.0 0.0 0.009136822586677744 0.01055270112939341 0.014465408805031447 0.0019991582491582487 0.011913887119101163
0 0.005494505494505494 0.0 1.0 0.0 0.011752565463490667 0.012862102762849988 0.011756168359941945 0.0016025641025641027 0.03278382777229004
0 0.003787878787878788 0.0 1.0 0.0 0.014628637461245394 0.013678509630103548 0.015208690680388794 0.002295684113865932 0.023366649329507626
0 0.003472222222222222 0.0 1.0 0.0 0.016360118612087506 0.007672087183563383 0.01875 0.0017755681818181818 0.02005216668183094
0 0.047619047619047616 0.0 1.0 0.0 0.01998096884145239 0.017708380552061382 0.016064257028112445 0.006060606060606059 0.047619047619047616
0 0.013157894736842105 0.0 1.0 0.0 0.018974827458745187 0.026791136768967775 0.011414077362079897 0.0038277511961722485 0.01770901265255434
0 0.013333333333333332 0.0 1.0 0.0 0.016259254397802615 0.014337481534118535 0.021204819277108437 0.0026666666666666666 0.010188508664773306
0 0.015625 0.0 1.0 0.0 0.01511419539789947 0.020613317464619123 0.01543674698795181 0.0007575757575757576 0.029880148864732756
0 0.004878048780487805 0.0 1.0 0.0 0.011629210323787813 0.0 0.017043784895680286 0.0008869179600886918 0.013760041775570933
0 0.018518518518518517 0.0 1.0 0.0 0.01572035308957026 0.0 0.012717536813922356 0.0 0.03753369084254853
0 0.008928571428571428 0.0 1.0 0.0 0.022764243983329234 0.009571258808557314 0.01618975903614458 0.001893939393939394 0.04181195854282995
0 0.03571428571428571 0.0 1.0 0.07142857142857142 0.01333094169890959 0.01650281159040329 0.011439732142857142 0.0053221288515406156 0.03571428571428571
0 0.013888888888888888 0.0 1.0 0.0 0.012077772565359265 0.014474743526647234 0.012586805555555556 0.004901960784313722 0.006369913421173778
0 0.0101010101010101 0.0 1.0 0.0 0.007712178934090523 0.013217673147327557 0.011955492424242424 0.0021390374331550803 0.010166867436620198
0 0.007352941176470588 0.0 1.0 0.0 0.00693780313453096 0.012514224931634137 0.01011029411764706 0.0006920415224913495 0.011430649456898074
0 0.007692307692307693 0.0 1.0 0.0 0.007628898368349233 0.009059981271107177 0.013521634615384616 0.0018099547511312218 0.0002079580462445709
0 0.013888888888888888 0.0 1.0 0.0 0.0016904156415658237 0.0044460096492315755 0.012369791666666666 0.0 0.002067354895516853
0 0.012987012987012986 0.0 1.0 0.0 0.01621380055795155 0.01629073449264947 0.011363636363636364 0.0021390374331550803 0.03428547865649407
0 0.004464285714285714 0.0 1.0 0.0 0.01020794184721285 0.013359145660524022 0.010184151785714286 0.0012605042016806723 0.003913617711901017
0 0.00505050505050505 0.0 1.0 0.0 0.005580753794376203 0.0 0.008345170454545454 0.0 0.00045108075836508104
0 0.0038461538461538464 0.0 1.0 0.0 0.012805107539719038 0.009684762804534192 0.015474759615384616 0.0027149321266968325 0.03159517709851617
1 0.030303030303030304 0.0 1.0 0.06060606060606061 0.012438531081159636 0.013760053865087827 0.010416666666666666 0.003797006206644762 0.030303030303030304
0 0.011363636363636364 0.0 1.0 0.0 0.007301168717868318 0.0077234466824605405 0.008795891608391608 0.0028477546549835727 0.005021378708919582
0 0.01282051282051282 0.0 1.0 0.0 0.012091025330521405 0.01258809122000847 0.011556952662721895 0.0034291010194624663 0.02468095897981936
0 0.017857142857142856 0.0 1.0 0.0 0.008620556070231353 0.013166526152208933 0.008928571428571428 0.0022375215146299486 0.029084817957428313
0 0.004878048780487805 0.0 1.0 0.0 0.008448152267650761 0.009463869050038811 0.009322232645403375 0.0011754334410813989 0.0037750757667737297
0 0.027777777777777776 0.0 1.0 0.0 0.0043561790059812085 0.0 0.004807692307692308 0.0 0.0033808626410539535
0 0.006211180124223602 0.0 1.0 0.0 0.005773698905741457 0.011121688958618191 0.00898829431438127 0.001990570979570456 0.02044742294691424
0 0.006578947368421052 0.0 1.0 0.0 0.00857664983877763 0.00939311684155801 0.009362348178137652 0.0012682308180088776 0.014081992353470732
0 0.00202020202020202 0.0 1.0 0.0 0.006778323380872655 0.007926710707078878 0.009265734265734266 0.0011829134720700988 0.009911703894898906
0 0.002857142857142857 0.0 1.0 0.0 0.008496689829613461 0.01112560928335525 0.009065934065934065 0.0008261617900172119 0.012413565999606625
0 0.004132231404958678 0.0 1.0 0.0 0.003711637790811072 0.0033244415494235154 0.006883741258741258 0.0006571741511500549 0.0004226544095888341
0 0.003333333333333333 0.0 1.0 0.08 0.007043500242715829 0.002355372562029635 0.007211538461538461 0.0005783132530120483 0.019442751962656647
0 0.004273504273504274 0.0 1.0 0.1111111111111111 0.010719529150129558 0.004476119099292904 0.005208333333333333 0.0008032128514056226 0.027559027317834682
0 0.0024630541871921183 0.0 1.0 0.0 0.00632265798833605 0.0029073536505050323 0.00538793103448276 0.0007478188616535106 0.018838221939623655
0 0.002564102564102564 0.0 1.0 0.0 0.0021177724439964715 0.0006879244318750686 0.012943786982248517 0.0009267840593141798 0.003627873995095632