0 0.02857142857142857 0.0 1.0 0.05714285714285714 0.010965524585018326 0.010503985577816576 0.016056670602125143 0.004505038529934798 0.028571428571428577
0 0.020833333333333332 0.0 1.0 0.0 0.00948749571389061 0.0119227168259671 0.019800275482093663 0.004840940525587828 0.015242898965544647
0 0.007936507936507936 0.0 1.0 0.0 0.009118524750328885 0.01044827367430297 0.017807949626131445 0.001284331159849832 0.016874233753419527
1 0.007352941176470588 0.0 1.0 0.0 0.01025122956510826 0.00968066611423175 0.013490520175012151 0.000732243104710764 0.017299030039633952
0 0.011111111111111112 0.0 1.0 0.0 0.010080842617251833 0.009408568137378025 0.011707988980716254 0.0 0.013835412034004443
0 0.01111111111111111 0.0 1.0 0.0 0.011090220664525967 0.005904351529218129 0.026170798898071626 0.0019363762102351315 0.04420828321598597
0 0.005494505494505494 0.0 1.0 0.0 0.007501060373726771 0.007970013436409299 0.017800381436745075 0.0009575486753909991 0.013919923511166601
0 0.006578947368421052 0.0 1.0 0.0 0.01629035255518732 0.004656191547273283 0.008916920400173988 0.00043677658877484165 0.025534798358835646
0 0.005291005291005291 0.0 1.0 0.0 0.011061615166945628 0.010155859444969073 0.02085792994883904 0.0015807152736613318 0.01550675728958383
0 0.0125 0.0 1.0 0.0 0.0066554419719964675 0.007056426103033518 0.02840909090909091 0.001037344398340249 0.019831706986555016
0 0.02564102564102564 0.0 1.0 0.05128205128205128 0.00936847365425379 0.008683744326919665 0.009133567957097367 0.0035308953341740223 0.025641025641025637
0 0.05555555555555555 0.0 1.0 0.0 0.0014632556430953265 0.0049562074778319205 0.00980392156862745 0.003278688524590164 0.004121046490015655
0 0.02564102564102564 0.0 1.0 0.0 0.006281447165619732 0.0017156102807879723 0.010809451985922572 0.0032786885245901644 0.002522676104111229
0 0.008064516129032258 0.0 1.0 0.0 0.010030279246255009 0.009485811659657405 0.012228547332911661 0.0021152829190904283 0.022974700796782686
0 0.028571428571428574 0.0 1.0 0.0 0.005131095160870905 0.0031861333786062343 0.010270774976657331 0.0 0.016827699407594137
0 0.004273504273504273 0.0 1.0 0.0 0.006314974816448952 0.010293661684727836 0.00620077090665326 0.00016813787305590584 0.0026143590805743446
0 0.0047619047619047615 0.0 1.0 0.0 0.008394215001980775 0.010559543283897294 0.007516339869281046 0.0004371584699453552 0.003578504050271716
0 0.003048780487804878 0.0 1.0 0.0 0.008603257746789914 0.007632486822699401 0.011477761836441894 0.0010395841663334666 0.012121424745290594
0 0.0035842293906810036 0.0 1.0 0.0 0.00789317096725045 0.006883510940564982 0.014231499051233394 0.0011634056054997356 0.003282795073270404
0 0.0029411764705882353 0.0 1.0 0.0 0.0086196758172409 0.006132031546709883 0.010765090349865435 0.0010607521697203472 0.015836233798525255
0 0.007575757575757576 0.0 1.0 0.0 0.020012863652363634 0.0021081725596491093 0.01525054466230937 0.000546448087431694 0.03837657177175279
0 0.004166666666666667 0.0 1.0 0.0 0.006497943643350779 0.0027579779264781676 0.008986928104575163 0.0009836065573770492 0.034726222990947804
0 0.04 0.0 1.0 0.0 0.018392868123772912 0.01794093440758632 0.014787878787878789 0.006585365853658539 0.04000000000000001
0 0.023809523809523808 0.0 1.0 0.0 0.011224445368516831 0.01934891209991963 0.016738816738816744 0.005226480836236933 0.02789534385813104
0 0.011904761904761904 0.0 1.0 0.0 0.01085892305061213 0.021967448208427214 0.022510822510822513 0.0028310104529616726 0.011553721280050869
0 0.01 0.0 1.0 0.0 0.016040080235633948 0.02042658553563215 0.024 0.002682926829268293 0.014210621538786383
0 0.006896551724137932 0.0 1.0 0.0 0.010988137181275465 0.017210603920152386 0.021316614420062694 0.0025231286795626574 0.009344807027967382
0 0.01111111111111111 0.0 1.0 0.0 0.01567300261363033 0.02497823087572025 0.03111111111111111 0.004878048780487805 0.028872526731164118
0 0.011904761904761904 0.0 1.0 0.0 0.013082464512674355 0.014491317262846038 0.019191919191919187 0.003556910569105691 0.04708020896564321
0 0.0125 0.0 1.0 0.0 0.002669393630621782 0.008295603369907697 0.016363636363636365 0.0018292682926829267 0.0009785498724564376
0 0.03225806451612903 0.0 1.0 0.06451612903225806 0.01797206217888714 0.01441300711563822 0.019027217741935484 0.005566097406704615 0.03225806451612903
0 0.012195121951219513 0.0 1.0 0.0 0.017859983781832144 0.01306978389594329 0.014291158536585366 0.00439980870396939 0.01795901162955219
0 0.01515151515151515 0.0 1.0 0.0 0.010639640324139853 0.012226028123267008 0.00887784090909091 0.00035650623885918 0.02102705771417954
0 0.009615384615384616 0.0 1.0 0.0 0.00923951456954287 0.012221667645304805 0.014573317307692308 0.002262443438914027 0.03492795769198554
0 0.0058823529411764705 0.0 1.0 0.0 0.009331875409019254 0.006276719504797519 0.011259191176470588 0.0002306805074971165 0.015373434853268364
0 0.006944444444444444 0.0 1.0 0.0 0.010752885087456842 0.010122111973495886 0.016927083333333332 0.0021241830065359475 0.046826922843176806
0 0.015873015873015872 0.0 1.0 0.0 0.007964749823690023 0.0 0.006510416666666667 0.0 0.033688376608637334
0 0.005434782608695652 0.0 1.0 0.0 0.011185825720171962 0.006958971624884206 0.011039402173913044 0.0005115089514066496 0.0275861631324915
0 0.004830917874396135 0.0 1.0 0.0 0.013995554700459911 0.006295404651634312 0.018172554347826088 0.0008525149190110827 0.04862031119094658
0 0.004347826086956522 0.0 1.0 0.0 0.009521112399172272 0.007409698254034186 0.011379076086956522 0.00034100596760443307 0.023708574270026584
0 0.02702702702702703 0.0 1.0 0.05405405405405406 0.01834358601730592 0.011114198553218163 0.019305019305019305 0.005211489516422256 0.027027027027027032
0 0.016129032258064516 0.0 1.0 0.0 0.023910964874648652 0.024562666714676332 0.026353686635944697 0.006075509908867352 0.028482781884231933
0 0.020833333333333332 0.0 1.0 0.0 0.019245003313105864 0.019897971799377745 0.013392857142857142 0.0022421524663677134 0.03933350586581827
0 0.011904761904761904 0.0 1.0 0.0 0.01915226164877903 0.006347216248342245 0.008290816326530611 0.0008541533205210335 0.022367430037675787
0 0.007692307692307693 0.0 1.0 0.0 0.027450327499793613 0.0253965888465656 0.014079670329670332 0.0027595722662987236 0.024133063228211047
0 0.010416666666666666 0.0 1.0 0.0 0.006582986644615757 0.010661933816621661 0.00864955357142857 0.0005605381165919282 0.012795632264243377
0 0.0047619047619047615 0.0 1.0 0.0 0.02160930976402107 0.026178799912065977 0.024107142857142858 0.0034379671150971598 0.01928319324130869
0 0.004464285714285714 0.0 1.0 0.0 0.01847412518558202 0.011537689166292293 0.021205357142857144 0.002882767456758488 0.02310484600969896
0 0.005847953216374269 0.0 1.0 0.0 0.02698724979183899 0.01407931684337615 0.019501879699248124 0.003776256785461411 0.04318183826807618
0 0.029411764705882353 0.0 1.0 0.058823529411764705 0.015035820806586402 0.010734154622612582 0.013671523655333693 0.0036088054853843374 0.029411764705882353
0 0.018518518518518517 0.0 1.0 0.0 0.005612362128439658 0.006756488911066916 0.011213047910295619 0.003294705748693479 0.003502969484445024
1 0.006944444444444444 0.0 1.0 0.0 0.009311965902573268 0.008742472112599542 0.014908256880733946 0.002620143149284254 0.017048928779655113
0 0.016666666666666666 0.0 1.0 0.0 0.013937141652612655 0.015026790695100514 0.02283384301732926 0.003680981595092025 0.07064304986748514
0 0.025 0.0 1.0 0.0 0.004021670609255877 0.007824840601983487 0.00382262996941896 0.0 0.00564535227191944
0 0.009259259259259259 0.0 1.0 0.0 0.007695740697561327 0.0076111093274216345 0.016139993204213388 0.0010224948875255625 0.020644710060791133
0 0.00303951367781155 0.0 1.0 0.0 0.008255943132076159 0.00998522451518591 0.02160192595484417 0.0015663751468476702 0.006503978230711208
0 0.015625 0.0 1.0 0.0 0.006816207734273844 0.008216578043521824 0.02446483180428135 0.0007668711656441718 0.002093292468571236
0 0.01111111111111111 0.0 1.0 0.0 0.006618709705989595 0.00417324832105786 0.014373088685015292 0.0 0.036814332630033815
0 0.0033333333333333335 0.0 1.0 0.0 0.004190557141654919 0.0030797702984162504 0.01141692150866463 0.00040899795501022495 0.0038892233837829683
0 0.005347593582887701 0.0 1.0 0.0 0.005370164359772174 0.006137129883908617 0.016189962223421478 0.0007217610970768676 0.00031920187507036336
0 0.0027777777777777775 0.0 1.0 0.0 0.007665668644329395 0.006324161349531174 0.011314984709480119 0.0006134969325153375 0.012256574794534238
0 0.002197802197802198 0.0 1.0 0.0 0.009401233244074967 0.004596413416351664 0.012232415902140673 0.001226993865030675 0.02060964995485272
0 0.03225806451612903 0.0 1.0 0.06451612903225806 0.017575827820321327 0.02156391857365462 0.01317204301075269 0.00813228517213337 0.03225806451612904
0 0.021739130434782608 0.0 1.0 0.0 0.01767236922733515 0.020953727387289334 0.015942028985507246 0.0007307270734380709 0.0329631105361748
0 0.013888888888888888 0.0 1.0 0.08333333333333333 0.005953507174030447 0.013906077132800336 0.016319444444444445 0.0021008403361344537 0.004475688406534137
0 0.014705882352941176 0.0 1.0 0.0 0.010851082436855782 0.020175169836849166 0.01372549019607843 0.0009886307464162135 0.004996104049868902
0 0.008 0.0 1.0 0.0 0.025172501969408404 0.002286519248176239 0.011666666666666665 0.0 0.01745040196251118
0 0.043478260869565216 0.0 1.0 0.0 0.021418590766989716 0.025954594650258237 0.017200191113234592 0.011111111111111105 0.043478260869565216
0 0.018518518518518517 0.0 1.0 0.0 0.006396571595770323 0.022109469516886644 0.015466015466015464 0.0024691358024691358 9.09146347048147e-05
0 0.015873015873015872 0.0 1.0 0.0 0.011611779156866966 0.028426460807425686 0.013605442176870748 0.0010582010582010583 0.010608139478401547
0 0.0125 0.0 1.0 0.0 0.02270325566651918 0.00755821640369368 0.007692307692307693 0.0 0.02181972733663198
0 0.045454545454545456 0.0 1.0 0.09090909090909091 0.024757072121930134 0.013350706167217702 0.02261956053425248 0.0058441558441558435 0.04545454545454545
0 0.045454545454545456 0.0 1.0 0.0 0.019026746133702695 0.020013190035562897 0.019819043515725984 0.004761904761904762 0.00019436558169234907
0 0.014492753623188404 0.0 1.0 0.0 0.03272071499695402 0.0281818313144737 0.028023902740572836 0.008074534161490685 0.03387247362411263
0 0.013157894736842105 0.0 1.0 0.0 0.013205825975780443 0.011934025900568971 0.014218009478672983 0.0005012531328320802 0.0007901070034236878
0 0.0071428571428571435 0.0 1.0 0.0 0.00924601801102235 0.014797397706714338 0.01878808395396073 0.0017006802721088435 0.014727673094832755
0 0.013888888888888888 0.0 1.0 0.0 0.014997778097287686 0.01802362649441824 0.017772511848341232 0.0007936507936507938 0.029258431341261642
0 0.006493506493506493 0.0 1.0 0.0 0.01181258062574081 0.017368494112288285 0.01206376561826799 0.00043290043290043295 0.0007621930742873869
0 0.004807692307692308 0.0 1.0 0.0 0.022440693430039474 0.014879190021920606 0.025337222019686474 0.0031135531135531138 0.03172240237521111
0 0.005555555555555555 0.0 1.0 0.0 0.008968936026077927 0.0 0.01113744075829384 0.0 0.008186819550520304
0 0.0035714285714285718 0.0 1.0 0.0 0.015772248426763013 0.00708466360337887 0.015572105619498986 0.0022108843537414964 0.03291688672561974
0 0.04 0.0 1.0 0.0 0.017851466351063442 0.01203372162830256 0.016867469879518072 0.005322580645161288 0.039999999999999994
0 0.016129032258064516 0.0 1.0 0.0 0.013445893992009003 0.011023429724157747 0.020598523124757087 0.005332986472424555 0.028841603295311883
0 0.007936507936507936 0.0 1.0 0.0 0.012081028748211823 0.016697572211619716 0.0098489194874737 0.0013440860215053762 0.014549360115434914
0 0.01 0.0 1.0 0.0 0.010178662140477468 0.017513694978303476 0.029718875502008028 0.0029032258064516127 0.021640726460346336
0 0.010526315789473684 0.0 1.0 0.0 0.013885560991675743 0.021205505276224307 0.02557598816317903 0.003183361629881154 0.03726657513797485
0 0.005952380952380952 0.0 1.0 0.0 0.010986054820751651 0.022511442287501175 0.02008032128514056 0.003456221198156682 0.018175918659662626
0 0.004464285714285714 0.0 1.0 0.0 0.014405811446305783 0.018689056484245424 0.022966867469879523 0.003654233870967742 0.02248781138784947
0 0.005 0.0 1.0 0.0 0.013601131626604677 0.012398329821230868 0.02313253012048192 0.0024193548387096775 0.024797070247882042
0 0.00505050505050505 0.0 1.0 0.0 0.012084892637849738 0.005322976634355856 0.020993063161737862 0.0016495601173020526 0.0313581662724759
0 0.024390243902439025 0.0 1.0 0.04878048780487805 0.013003276405957274 0.005564806353483435 0.011621233859397416 0.002347980257798649 0.024390243902439025
0 0.013513513513513514 0.0 1.0 0.0 0.007503255969342794 0.00551523936248144 0.011499735029146791 0.002283226251792067 0.029836048616266507
0 0.01111111111111111 0.0 1.0 0.0 0.006515349792382141 0.005797327991634256 0.01111111111111111 0.002554027504911591 0.03846175075748267
0 0.011363636363636364 0.0 1.0 0.0 0.017112714756265805 0.0066821166633834065 0.010516934046345813 0.0020539382032505795 0.04246324494568812
0 0.006896551724137932 0.0 1.0 0.0 0.012038488122746042 0.006318804158289877 0.013049357674104122 0.001083937402614999 0.03386121454207893
0 0.008333333333333333 0.0 1.0 0.0 0.005655603832475308 0.003341058331691704 0.011666666666666665 0.0 0.016109151881670926
0 0.008928571428571428 0.0 1.0 0.0 0.014308205979957453 0.011719578550817285 0.006862745098039215 0.00036836935166994106 0.02694015072801252
0 0.004310344827586207 0.0 1.0 0.0 0.006538756778094275 0.0027650137917448582 0.015415821501014197 0.000474222613644062 0.037757279611051076
0 0.003472222222222222 0.0 1.0 0.0 0.007853738641555046 0.003472725200595282 0.00863970588235294 0.0002455795677799607 0.03528138343611577
0 0.004347826086956522 0.0 1.0 0.0 0.010206655014425577 0.0028953036041979127 0.012958226768968455 0.0010250277611685316 0.03512900398418183
1 0.005681818181818182 0.0 1.0 0.0 0.008965130675194784 0.005943173269399122 0.011519607843137256 0.0009823182711198428 0.06995880255546146
0 0.003205128205128205 0.0 1.0 0.0 0.006093661218779077 0.0064885343986921485 0.016289592760180997 0.0009067553271875471 0.00951025179532304
0 0.0017889087656529517 0.0 1.0 0.0 0.005755676828989132 0.007230829742162354 0.010123119015047881 0.0007767167725133641 0.0003104773582589384
0 0.002857142857142857 0.0 1.0 0.0 0.0054212063768119935 0.005362252940240373 0.005647058823529411 0.00023575638506876227 0.00128210589546247
0 0.002564102564102564 0.0 1.0 0.0 0.01081497821467049 0.008484232702839002 0.012971342383107086 0.001511258878645912 0.04265630764260554
0 0.001893939393939394 0.0 1.0 0.0 0.004738779345572752 0.005065379475863111 0.00808080808080808 0.00023813776269571946 0.002098834038462566
0 0.002352941176470588 0.0 1.0 0.0 0.008150140364917634 0.0021743252397582883 0.014980392156862744 0.001100196463654224 0.04552725770491484
0 0.0019157088122605363 0.0 1.0 0.0 0.006179950597940272 0.0023446019363337466 0.00973630831643002 0.0006097147889709369 0.03813083568610141
0 0.006578947368421052 0.0 1.0 0.0 0.010560318098708702 0.005011587497537557 0.010539215686274509 0.0007367387033398821 0.04455819596693947
0 0.03333333333333333 0.0 1.0 0.06666666666666667 0.02011629651728141 0.01284947456590017 0.015885416666666666 0.004836601307189542 0.03333333333333333
0 0.016129032258064516 0.0 1.0 0.0 0.009485095231336059 0.010326215959505596 0.012348790322580645 0.004301075268817203 0.029847969650572286
0 0.017543859649122806 0.0 1.0 0.0 0.01812136657288677 0.012318129293400754 0.013774671052631578 0.005159958720330237 0.05805315006275736
0 0.01 0.0 1.0 0.0 0.011875020834562372 0.008536338526524627 0.011875 0.00047058823529411766 0.037893664758498626
0 0.009090909090909092 0.0 1.0 0.0 0.012332454556430818 0.012125480861540661 0.012251420454545454 0.0005347593582887701 0.0053100987100265055
0 0.0037878787878787876 0.0 1.0 0.0 0.010711560951329415 0.013160978720776673 0.010919744318181818 0.000445632798573975 0.02307906371233838
0 0.0049261083743842365 0.0 1.0 0.0 0.012614130299075921 0.002759592196074771 0.010371767241379311 0.0 0.025586918450264295
0 0.005208333333333333 0.0 1.0 0.0 0.008824959891889384 0.0044460096492315755 0.006510416666666667 0.0 0.010238818128969
0 0.003472222222222222 0.0 1.0 0.0 0.004504633900818462 0.0016672536184618408 0.0093994140625 0.0 0.002147651436070121
0 0.03571428571428571 0.0 1.0 0.07142857142857142 0.015371353299579518 0.008115971162302197 0.016820276497695852 0.006493506493506495 0.03571428571428571
0 0.019230769230769232 0.0 1.0 0.0 0.012608221485721282 0.016581117181366557 0.016129032258064516 0.004245754245754247 0.007074812352154875
0 0.017543859649122806 0.0 1.0 0.0 0.010155359540677646 0.010301015996484508 0.011884550084889645 0.0 0.01260357337952111
0 0.007575757575757576 0.0 1.0 0.0 0.010299474871822444 0.005209683171628698 0.010361681329423264 0.0 0.015766243868485436
0 0.016666666666666666 0.0 1.0 0.0 0.005656345271688034 0.018593646423860178 0.008064516129032258 0.0010822510822510823 0.008974341121350033
0 0.009259259259259259 0.0 1.0 0.0 0.01115580596096497 0.010605211288906458 0.010035842293906812 0.0007215007215007215 0.021701276349738483
0 0.007518796992481203 0.0 1.0 0.0 0.008430877624444942 0.01564629051968714 0.02037351443123939 0.001367053998632946 0.025947471930393182
0 0.058823529411764705 0.0 1.0 0.0 0.025648870502926316 0.010987741982546567 0.013226592412112775 0.003491010647582474 0.05882352941176472
0 0.013513513513513514 0.0 1.0 0.0 0.007077453782886298 0.008267497313163044 0.01727170957940189 0.003849546876253108 0.010727756875772498
0 0.01515151515151515 0.0 1.0 0.0 0.014936384217062336 0.010115211685996044 0.019365250134480903 0.004451038575667657 0.03758793753399077
0 0.009259259259259259 0.0 1.0 0.0 0.006950217636199187 0.01345676511043385 0.016326977865439404 0.0030772612374986258 0.013311989145580676
0 0.0125 0.0 1.0 0.0 0.002588957238367656 0.007569430374619041 0.006102071005917161 0.000370919881305638 0.0006226331633160886
0 0.006666666666666666 0.0 1.0 0.0 0.006229034062089483 0.009062388427378186 0.022840236686390528 0.0016617210682492584 0.015724475159518858
0 0.004329004329004329 0.0 1.0 0.0 0.00622588589620205 0.008575803653404752 0.022861753630984406 0.0016185594820609657 0.002398057487634348
0 0.017857142857142856 0.0 1.0 0.0 0.009425138335288784 0.0 0.01183431952662722 0.0 0.02045194458734017
0 0.008547008547008546 0.0 1.0 0.0 0.016162517188628843 0.011239128914791788 0.017979062357760582 0.0009130335539831089 0.08772500896826377
0 0.004545454545454546 0.0 1.0 0.0 0.003154752922343443 0.003145098294468117 0.02353415814954277 0.0025627191799298624 0.0010669992444402537
0 0.005050505050505051 0.0 1.0 0.0 0.0014449111047962963 0.0011213970925361542 0.005752794214332676 0.0 0.0005401057729299819
0 0.005208333333333333 0.0 1.0 0.0 0.0048695821719253254 0.0037847151873095205 0.007211538461538463 0.0 0.0003898775085216609
0 0.0032051282051282055 0.0 1.0 0.0 0.018923260259385264 0.004192212327023211 0.017011834319526627 0.0009891196834817012 0.029333811419377284
0 0.00510204081632653 0.0 1.0 0.0 0.014299174999365718 0.012433167693725026 0.009721048182586647 0.000847816871555744 0.08355453994830231
0 0.006666666666666666 0.0 1.0 0.0 0.013360901356277271 0.010573838056099173 0.01272189349112426 0.0011869436201780415 0.11956707894087945
0 0.00625 0.0 1.0 0.0 0.005044220188242193 0.0060555442996952326 0.008875739644970414 0.0 0.0008409487974314945
0 0.0021786492374727667 0.0 1.0 0.0 0.007811043466976285 0.004169295454670651 0.012601358755204907 0.0009891196834817015 0.04352232255587075
0 0.027777777777777776 0.0 1.0 0.05555555555555555 0.016075658597219242 0.009777970737940784 0.01077777777777778 0.0042391789379741165 0.027777777777777776
0 0.01282051282051282 0.0 1.0 0.0 0.014710690690672266 0.012963147473588713 0.015692307692307696 0.0045309442899804315 0.01794690216603101
0 0.011494252873563218 0.0 1.0 0.0 0.012076793210439899 0.00913797646947563 0.013241379310344829 0.0006924248719013987 0.025611954275346824
0 0.006097560975609756 0.0 1.0 0.0 0.012338560800227449 0.011608126771259882 0.010439024390243903 0.0006856695072974826 0.022111439271539454
0 0.0064516129032258064 0.0 1.0 0.0 0.006119328431320058 0.011456293810495665 0.005935483870967743 0.0 0.0035712484319479387
0 0.011904761904761904 0.0 1.0 0.0 0.02507762863905141 0.010894217250880236 0.017142857142857144 0.0017211703958691911 0.06273499248690793
0 0.006802721088435374 0.0 1.0 0.0 0.018736476466143574 0.008951201592475394 0.016000000000000004 0.000764964620386307 0.03991641299642979
0 0.0078125 0.0 1.0 0.0 0.005077155081281088 0.003414856808897746 0.009999999999999998 0.0 0.0003443186644283626
0 0.004830917874396135 0.0 1.0 0.0 0.014492289743835221 0.0 0.007130434782608695 0.0 0.017854320432410947
1 0.023809523809523808 0.0 1.0 0.047619047619047616 0.011630855517829764 0.0052669032214041804 0.010421189752496743 0.003266550522648086 0.023809523809523808
0 0.02 0.0 1.0 0.0 0.01344709989142236 0.010079315659441916 0.009848024316109422 0.0031707317073170743 0.036531533865360385
0 0.0101010101010101 0.0 1.0 0.0 0.014736117319198078 0.01281364652739546 0.010684351109883023 0.002494456762749446 0.025343799883421315
0 0.016666666666666666 0.0 1.0 0.0 0.008686332692453823 0.005083811885357932 0.011144883485309016 0.0004065040650406504 0.0070194491786383425
0 0.008 0.0 1.0 0.0 0.0063756164673298135 0.00854031120133789 0.007659574468085106 0.00024390243902439024 0.005757355665667053
0 0.005555555555555555 0.0 1.0 0.0 0.01652747306482 0.005451282569838864 0.015906788247213775 0.001524390243902439 0.0259207290225592
0 0.003663003663003663 0.0 1.0 0.0 0.004418795289403528 0.00593826692243428 0.009975839763073806 0.0005472170106316448 0.0017537816793268195
0 0.0078125 0.0 1.0 0.0 0.012723364547956584 0.009073316185836542 0.01405775075987842 0.0 0.07245156599798584
0 0.00505050505050505 0.0 1.0 0.0 0.011466663510517285 0.005960586634878338 0.00856590218292346 0.0008314855875831487 0.007878762836020162
0 0.005263157894736842 0.0 1.0 0.0 0.016517555419608525 0.007804623650642196 0.015997440409534474 0.0017650834403080875 0.04462131498766001
0 0.006493506493506494 0.0 1.0 0.0 0.0068918854036991 0.008280745263953984 0.011506730351715153 0.0008710801393728223 0.000476759559562501
0 0.003968253968253968 0.0 1.0 0.0 0.009136315622173364 0.009789777276816226 0.013894919669995657 0.0008710801393728224 0.011628474706903489
0 0.009615384615384616 0.0 1.0 0.0 0.012582451826305224 0.00518475210619231 0.011778115501519757 0.0 0.019737904463893858
0 0.0035714285714285713 0.0 1.0 0.0 0.008454156543508342 0.007593595719604633 0.01094224924012158 0.0006097560975609756 0.010934551570130988
0 0.02631578947368421 0.0 1.0 0.05263157894736842 0.01520845959309891 0.010180190945292987 0.010900682669015633 0.00453339230429014 0.02631578947368421
0 0.03333333333333333 0.0 1.0 0.0 0.009286413428252278 0.009138845785854806 0.009483960948396094 0.0039215686274509795 0.02865858776758689
0 0.013888888888888888 0.0 1.0 0.0 0.0061039391919688575 0.011716361162360744 0.0101115760111576 0.002275910364145658 0.01229170558747328
0 0.008333333333333333 0.0 1.0 0.0 0.00908802431014193 0.008453429167887891 0.008368200836820083 0.000980392156862745 0.020622254856820885
0 0.009090909090909092 0.0 1.0 0.0 0.008088877655458708 0.009094110646155496 0.011601369341955116 0.0003819709702062643 0.023253258091710013
0 0.0047619047619047615 0.0 1.0 0.0 0.009168155998726788 0.009722759426997527 0.014943215780035863 0.0008403361344537815 0.019930913290600833
0 0.005952380952380952 0.0 1.0 0.0 0.010929433079790574 0.008871770614984472 0.011331938633193863 0.0012254901960784314 0.008176640492190733
0 0.020833333333333332 0.0 1.0 0.0 0.004489366561880335 0.009527163534067662 0.0020920502092050207 0.0 0.0035569583605696113
0 0.0037037037037037034 0.0 1.0 0.0 0.014962571428124675 0.008200497302024387 0.010181311018131101 0.0008403361344537816 0.01183945610856847
0 0.006666666666666667 0.0 1.0 0.0 0.006755653731842545 0.0057162981204405975 0.007531380753138074 0.0008403361344537816 0.017880349017796927
0 0.037037037037037035 0.0 1.0 0.07407407407407407 0.018239020393328736 0.006890290953960983 0.015015015015015013 0.0070546737213403885 0.037037037037037035
0 0.013157894736842105 0.0 1.0 0.05263157894736842 0.010869530316985688 0.017048608429384233 0.009246088193456613 0.002327246688148943 0.0018296995939291027
0 0.01282051282051282 0.0 1.0 0.0 0.014405458123325006 0.015854736656157636 0.01689189189189189 0.0010465724751439038 0.022052991432135828
0 0.015625 0.0 1.0 0.0 0.01575933885736386 0.02602957179843486 0.013091216216216216 0.0 0.020935175290938843
0 0.01 0.0 1.0 0.0 0.008459730662111958 0.013669938506755634 0.013851351351351354 0.0013605442176870747 0.006540175264341581
0 0.007936507936507936 0.0 1.0 0.0 0.017879122674585572 0.00445182224477568 0.016731016731016728 0.0012957563977972141 0.025913981496320078
1 0.038461538461538464 0.0 1.0 0.0 0.007900105027722025 0.003534395568934414 0.018531468531468528 0.003329244787103556 0.038461538461538464
0 0.017857142857142856 0.0 1.0 0.0 0.008711548478008093 0.007747602236132471 0.009496753246753243 0.002766026684022127 0.01404416122585858
0 0.013333333333333332 0.0 1.0 0.0 0.008385241991938403 0.004338657252234185 0.014454545454545449 0.003097949886104783 0.021320300055003735
0 0.017857142857142856 0.0 1.0 0.0 0.0023622887292964203 0.004427201277789984 0.00762987012987013 0.002115196876016922 0.006770626685833477
0 0.010526315789473684 0.0 1.0 0.0 0.00989936548212509 0.010216071945611778 0.0145933014354067 0.0029972425368660826 0.00012066414362241574
0 0.010416666666666666 0.0 1.0 0.0 0.007302290344476709 0.004842251397582795 0.010085227272727273 0.0017084282460136677 0.03606129633694575
0 0.00510204081632653 0.0 1.0 0.0 0.004469254715359294 0.00276700079861874 0.011120129870129867 0.0007321835340058574 0.01175228602286452
0 0.005434782608695652 0.0 1.0 0.0 0.004796300383412784 0.006407204904956655 0.012944664031620548 0.0006932752302664157 0.010195651673880366
0 0.006172839506172839 0.0 1.0 0.0 0.006194412672058499 0.0 0.009090909090909089 0.0 0.03909197335320166
0 0.007692307692307693 0.0 1.0 0.0 0.0025379201599820054 0.003575816416676525 0.00472027972027972 0.00035044681969511124 0.009353826173032846
0 0.006060606060606061 0.0 1.0 0.0 0.0028130563745136223 0.0030990408944529886 0.019393939393939394 0.0009111617312072893 0.01977089120632086
0 0.006944444444444444 0.0 1.0 0.0 0.002901437112640255 0.005165068157421648 0.008143939393939393 0.0 0.005767641646480279
0 0.006410256410256411 0.0 1.0 0.0 0.0054671856257179794 0.0031568901821277064 0.011553030303030303 0.0005694760820045558 0.0025438611032859537
0 0.0016611295681063121 0.0 1.0 0.0 0.0020227783172500164 0.004012282629737714 0.0071353065539112 0.00021189807702495098 0.004758212199425445
0 0.0035087719298245615 0.0 1.0 0.0 0.005462996985789192 0.00674400426451778 0.007894736842105263 0.00023977940294928664 0.0020367289542763743
0 0.0025 0.0 1.0 0.0 0.005118203830007686 0.003718849073343587 0.01336363636363636 0.0004555808656036446 0.023277980490712887
0 0.006535947712418301 0.0 1.0 0.0 0.007133096639065215 0.008608446929036081 0.012626262626262624 0.0 0.024405157099349442
0 0.0014245014245014244 0.0 1.0 0.0 0.0063539277873651484 0.007725670723436833 0.011771561771561767 0.00046726242626014835 0.004151082227499056
0 0.001644736842105263 0.0 1.0 0.0 0.004497198835540699 0.004128892158673876 0.007812499999999999 0.0002847380410022779 0.008828980153114944
0 0.0020833333333333333 0.0 1.0 0.0 0.0019218535719937094 0.0038738011180662365 0.011363636363636362 0.0005694760820045558 0.0029288528114051102
0 0.03571428571428571 0.0 1.0 0.07142857142857142 0.0554205148120299 0.06360507491171592 0.027665995975855125 0.018367346938775512 0.03571428571428571
0 0.011627906976744186 0.0 1.0 0.0 0.027140401355019002 0.02412552286133304 0.019325253848673438 0.0009966777408637875 0.020868679870556947
0 0.03571428571428571 0.0 1.0 0.07142857142857142 0.012973120675426756 0.004137632315837407 0.012860843819393045 0.0028756957328385903 0.03571428571428572
1 0.017241379310344827 0.0 1.0 0.0 0.009878075153544628 0.007350834168578529 0.013132035018760051 0.0030452306314375285 0.010756122533542788
0 0.014492753623188404 0.0 1.0 0.0 0.007085554991487476 0.002916237684040356 0.013178643838702412 0.0028232636928289105 0.009416437040033438
0 0.008620689655172414 0.0 1.0 0.0 0.0018157759444571526 0.0035313993926400335 0.0097373592996248 0.002149574563367667 0.000341772656799208
0 0.00425531914893617 0.0 1.0 0.0 0.007046052198366361 0.007513657928639477 0.01052805644361151 0.0009947499309201438 0.013695589300121986
0 0.0047619047619047615 0.0 1.0 0.0 0.0077025536510901 0.0050348712919230385 0.007031828275351592 0.0002968460111317254 0.02363232993556463
0 0.007518796992481203 0.0 1.0 0.0 0.006470981232720663 0.004854831229399448 0.01636214889555495 0.0010936431989063567 0.027470259327473642
0 0.008333333333333333 0.0 1.0 0.0 0.004955346249458598 0.004711615420484371 0.00932642487046632 0.0 0.016799059145753244
0 0.013888888888888888 0.0 1.0 0.0 0.0027444594597556826 0.006625709185056146 0.009067357512953367 0.0 0.0022017127921221953
1 0.0024390243902439024 0.0 1.0 0.0 0.010626523091623128 0.008254989735500366 0.014848982686718061 0.0015204307887234719 0.015904475298589526
0 0.0023923444976076554 0.0 1.0 0.0 0.010718772842609919 0.007422519216353893 0.010635396782110717 0.0001367053998632946 0.016641224555602203
0 0.002032520325203252 0.0 1.0 0.0 0.007693768031100107 0.010728105280012931 0.010109945659042083 0.0008235666772252137 0.010377208066147746
0 0.002331002331002331 0.0 1.0 0.0 0.00923304842118643 0.0008174666431940512 0.009420631182289214 0.0003148366784730421 0.01947765702539833
0 0.03225806451612903 0.0 1.0 0.06451612903225806 0.020451059770044733 0.023455780273218634 0.00873986969648816 0.005429575215586076 0.03225806451612903
0 0.0625 0.0 1.0 0.0 0.009243948557722956 0.012628208100230777 0.021551724137931032 0.005569306930693069 0.03172612588269508
0 0.013333333333333332 0.0 1.0 0.0 0.009780715900685386 0.013630668881081078 0.012807881773399012 0.004356435643564357 0.022741240616870783
0 0.019230769230769232 0.0 1.0 0.0 0.007428223010776257 0.0051808033231716 0.008715422508525956 0.0015232292460015233 0.006940316337370204
0 0.009523809523809525 0.0 1.0 0.0 0.007223459032143303 0.012828655847853487 0.012901712409101571 0.0007072135785007071 0.009627564352199719
0 0.016666666666666666 0.0 1.0 0.0 0.0031990607899851204 0.0 0.013793103448275862 0.0 0.0006258115993711976
0 0.007518796992481203 0.0 1.0 0.0 0.010581664917844309 0.015590218475455685 0.016074669432201188 0.0005211047420531526 0.021894109686183577
0 0.011363636363636364 0.0 1.0 0.0 0.013477753514871687 0.018368302691244762 0.007165248544558889 0.0009000900090009 0.02300601045985744
0 0.005555555555555555 0.0 1.0 0.0 0.020004272655605195 0.01649446863171367 0.006157635467980297 0.0009900990099009901 0.0343678441569656
0 0.009090909090909092 0.0 1.0 0.0 0.005500023869904106 0.0 0.009852216748768473 0.0 0.0003787357619168085
1 0.0026737967914438505 0.0 1.0 0.0 0.00740436152951646 0.0011085214006320092 0.013474355259345113 0.00029120559114735004 0.008980711154129902
0 0.07142857142857142 0.0 1.0 0.0 0.004277292751898952 0.007145372650550747 0.014320642682500873 0.003326330532212884 0.07142857142857142
0 0.022727272727272728 0.0 1.0 0.0 0.009229308360814708 0.0072054361370432 0.005334518781951545 0.0025623885918003558 0.0007705230725137832
0 0.008547008547008546 0.0 1.0 0.0 0.010184938843220906 0.00992218321595111 0.011409942950285253 0.0030165912518853705 0.0035844605361406144
0 0.011363636363636364 0.0 1.0 0.0 0.010781967904678528 0.006066030090741531 0.017003778617470548 0.002896613190730837 0.007643032654114806
0 0.007692307692307693 0.0 1.0 0.0 0.013167474306922234 0.007771461856722103 0.010250141056987024 0.0018853695324283562 0.0001249313775871486
0 0.008771929824561403 0.0 1.0 0.0 0.007890008824480751 0.0026325057133608017 0.00939390039891906 0.00025799793601651185 0.0003859357739287112
0 0.0049261083743842365 0.0 1.0 0.0 0.008114852574708115 0.00696751752671637 0.013236657954641264 0.0012677484787018253 9.947342805597398e-05
0 0.004464285714285714 0.0 1.0 0.0 0.0034499172483297516 0.0029772386043961444 0.007684247293049248 0.0 0.01790944758598643
0 0.0101010101010101 0.0 1.0 0.0 0.02444882960373969 0.00624342898162067 0.020226717048232937 0.002005347593582888 0.011730560143434411
0 0.00625 0.0 1.0 0.0 0.00857219180545418 0.011194716920826941 0.012377750611246944 0.001838235294117647 0.022480151384019344
0 0.0036363636363636364 0.0 1.0 0.0 0.004844918074345627 0.010340120141504625 0.00841075794621027 0.000588235294117647 0.00033398367767198335
0 0.0027777777777777775 0.0 1.0 0.0 0.008656098502380095 0.007511977003368855 0.015403422982885088 0.0022058823529411764 8.968348035997043e-05
0 0.006410256410256411 0.0 1.0 0.0 0.004008156636946439 0.0 0.01813365933170334 0.0014297385620915034 0.0020554841647752444
0 0.0026455026455026454 0.0 1.0 0.0 0.0023340327165003753 0.00814164390360029 0.011772163361405415 0.0007262164124909223 0.0008893153309740745
0 0.0022222222222222222 0.0 1.0 0.0 0.007977738792125304 0.0019964861381582895 0.008557457212713938 0.0001633986928104575 8.915911154123043e-05
1 0.005208333333333333 0.0 1.0 0.0 0.006183406854799695 0.00519146303190032 0.01813365933170334 0.002042483660130719 0.041546653115251915
0 0.004201680672268907 0.0 1.0 0.0 0.004270018533403628 0.0 0.006461753405518687 0.0 0.03803080602470281
0 0.0020576131687242796 0.0 1.0 0.0 0.005035670314200411 0.0016799700876713195 0.008783844969664039 0.0008169934640522876 0.00019222233924823636
0 0.008771929824561403 0.0 1.0 0.0 0.01097721767497374 0.0 0.012224938875305624 0.0 0.09857715155981411
0 0.04 0.0 1.0 0.0 0.002799473414627609 0.001738631249411964 0.008791910590739754 0.0007028753993610224 0.039999999999999994
0 0.014705882352941176 0.0 1.0 0.0 0.0040377607313024635 0.0029932475414186964 0.008186457126757037 0.0008926893441082507 3.53465425954239e-05
0 0.00980392156862745 0.0 1.0 0.0 0.005358015882129167 0.0028584450508367296 0.011160504648905866 0.0008457056944183426 0.0009044316213816451
0 0.008064516129032258 0.0 1.0 0.0 0.0051842808748835505 0.002047301367840622 0.0072447595666878415 0.0006698959084819127 0.00011703597330437422
0 0.009523809523809525 0.0 1.0 0.0 0.0030309505400398467 0.002514678680410853 0.009680934641019791 0.0007353314062579237 0.0005518398968864546
0 0.00505050505050505 0.0 1.0 0.06060606060606061 0.006478103162849161 0.0032509644909232025 0.012643733771993487 0.001081098525187982 0.008141217671665084
0 0.011904761904761904 0.0 1.0 0.0 0.005501014213448819 0.0015092285151145524 0.007140322866773106 0.00048810791622293237 0.0040087795114223486
0 0.0029069767441860465 0.0 1.0 0.0 0.0029734318436192217 0.002106295948091166 0.006906197012265308 0.000767763825940511 0.007190986273507047
0 0.0038314176245210726 0.0 1.0 0.0 0.0027714661329310414 0.0024923809463835646 0.010845827751371787 0.0006977341999926555 0.0002712862509410054
0 0.0035714285714285718 0.0 1.0 0.0 0.00355982197875281 0.0017011407114473607 0.006481411084923593 0.0005895329377757491 0.0017795526837426426
0 0.004784688995215311 0.0 1.0 0.0 0.0024464712143131527 0.0014312876307228054 0.012772751463544438 0.0009248360517908189 0.0006129441857253021
0 0.0021367521367521365 0.0 1.0 0.0 0.0030667760515078386 0.002169015389600379 0.007942031358742377 0.0007372818874416324 0.007993632879557282
0 0.002958579881656805 0.0 1.0 0.0 0.0042680168135126395 0.002614902085274282 0.00949768698571253 0.0009011223068731058 5.975123070009375e-05
0 0.0016233766233766233 0.0 1.0 0.0 0.002468376112497896 0.001975717328877232 0.009434418694663509 0.0007382127989156745 0.0035774101285463993
0 0.0017094017094017094 0.0 1.0 0.0 0.0033063353313412037 0.0018003900377260235 0.009716024617567992 0.00042325441686464054 0.0011880479027934364
0 0.001838235294117647 0.0 1.0 0.0 0.004773128068688153 0.0031989977109401777 0.01607550950129919 0.0005951262294055003 0.00852506661815263
0 0.0034602076124567475 0.0 1.0 0.0 0.005059120504771037 0.0028378708904044417 0.015527658641955985 0.0004698364968990791 0.00027365410792897323
0 0.0013227513227513227 0.0 1.0 0.0 0.004376767657151448 0.0024023596754659633 0.013292278060771944 0.00036766570312896194 0.000635424635418526
0 0.002506265664160401 0.0 1.0 0.0 0.0038401087018414774 0.002095704356392913 0.006132948123368559 0.00010142502155281709 0.003372143893801951
0 0.0033333333333333335 0.0 1.0 0.0 0.0061939714744877195 0.002899735041140757 0.018165690970374314 0.0011004614838480654 0.00026039452418166677
0 0.001984126984126984 0.0 1.0 0.0 0.00671208614729715 0.002925633811304788 0.006674649636331382 0.00022186723464678737 0.00024548292420877385
0 0.007575757575757576 0.0 1.0 0.0 0.0016256646042481016 0.001207382812091642 0.0021287919105907396 0.0 0.053534871211644325
0 0.0010351966873706005 0.0 1.0 0.0 0.0032285926755320684 0.0021601616073596945 0.011708355508249071 0.00035498757543485983 0.009532828112916976
0 0.0021929824561403508 0.0 1.0 0.0 0.00762760428310619 0.002510245115363612 0.01036385535419176 0.0002522280141247688 0.00017631630854338427
0 0.00125 0.0 1.0 0.0 0.004392396407382601 0.003043638966696343 0.007267828632251197 0.000299520766773163 0.0012617212736133084
0 0.0034965034965034965 0.0 1.0 0.0 0.0011378061722853135 0.001317144885918155 0.014175818859161061 0.0002904443799012489 0.002816285358744834
0 0.0023148148148148147 0.0 1.0 0.0 0.0007075629274536023 0.0009325249357532472 0.005388504523682809 0.00019968051118210864 0.01862247087473528
0 0.0035714285714285713 0.0 1.0 0.0 0.0011494523838774151 0.0021732890617649553 0.014529004789781799 0.0 0.007447127487038628
0 0.0014367816091954023 0.0 1.0 0.0 0.003110820242715314 0.0022990247345509728 0.0061202767429483764 0.00035498757543485983 0.003004853808192
0 0.00196078431372549 0.0 1.0 0.0 0.008333662667716069 0.003486282677782505 0.013054503334063803 0.0004385140637724739 0.00020049396763972677
0 0.0017921146953405018 0.0 1.0 0.0 0.0025973922337495167 0.0020372391361526956 0.0039027851694163566 0.0004141521713406698 0.004795321896080642
0 0.0015625 0.0 1.0 0.0 0.0028285868945500973 0.001992181639951209 0.009073975518893027 0.0001597444089456869 0.0048526600011109915
0 0.0007215007215007215 0.0 1.0 0.0 0.0037931645045650554 0.0034426580019514138 0.012747408702704069 0.0006339063847051066 0.0001569960522132332
0 0.0009191176470588235 0.0 1.0 0.0 0.0039578620767901865 0.0024065143671283588 0.0068853113358169245 0.0005990415335463259 0.014313860882636321
0 0.0009523809523809524 0.0 1.0 0.0 0.003629562695293702 0.0028699398799501984 0.008834486428951571 0.0001774937877174299 0.00020998143516871102
0 0.0010683760683760683 0.0 1.0 0.0 0.00392620496914429 0.0012770852982946397 0.009047365620010643 8.192020971573688e-05 0.00017673032690179206
0 0.0007507507507507507 0.0 1.0 0.0 0.004358293588939963 0.0032953651469018355 0.006608124889125422 0.0003106141285055023 0.0012005006092560468
0 0.0017543859649122805 0.0 1.0 0.0 0.0015986924006314257 0.0028591455737073824 0.009615043462834842 0.0002484913028044019 0.00047148406577518395
0 0.001221001221001221 0.0 1.0 0.0 0.005863201630805581 0.0020697991064428144 0.009959705010263817 0.00010142502155281709 0.014575119874068261
0 0.002272727272727273 0.0 1.0 0.0 0.00034080712183523194 0.0009878586644386162 0.007354008418404372 0.00019362958660083262 0.04745956578918784
0 0.0008130081300813008 0.0 1.0 0.0 0.004213530405320558 0.0012838982017760923 0.006687954585772575 0.00031948881789137386 0.00023882110880680383
0 0.0006105006105006105 0.0 1.0 0.0 0.004776249879948671 0.0010018713845721654 0.009033719518019677 0.0002730673657191229 8.70191140445067e-05
0 0.0007751937984496124 0.0 1.0 0.0 0.0035196904116542365 0.0012223434816916174 0.009100585417775413 0.0002484913028044019 0.00023180000952980072
0 0.0010822510822510823 0.0 1.0 0.0 0.0026368132475949923 0.0011348126094489768 0.009250107706733571 0.00022820629849383843 0.000574280064843506
0 0.002777777777777778 0.0 1.0 0.0 0.00738611724997242 0.005263740005564798 0.005455029270888771 0.0010649627263045794 0.010679407896915688
0 0.0005434782608695652 0.0 1.0 0.0 0.004695495658971846 0.0006089137060535227 0.008887706226716339 0.0003461128860489884 0.0070015493775940395
0 0.0009250693802035152 0.0 1.0 0.0 0.0045980529744740544 0.0025963315482739934 0.01018117870282528 0.0006713895448441913 0.000471352488809163
0 0.0006313131313131313 0.0 1.0 0.0 0.005144907998602981 0.000985699349071442 0.012014772525682586 0.00037112337431826253 2.742912371286608e-05
0 0.0006583278472679394 0.0 1.0 0.0 0.003674061057460211 0.002113819255447849 0.014987381757626742 0.0006870727266481158 0.00035026768534234096
0 0.0006666666666666666 0.0 1.0 0.06666666666666667 0.005218437523976343 0.0018460296175266335 0.01420968600319319 0.0007099751508697194 0.00017082825614097834
0 0.0005941770647653001 0.0 1.0 0.0 0.0023407227027634086 0.001460793774281528 0.016691663844404667 0.0005970245586859006 0.00031287930187778835
0 0.0008741258741258741 0.0 1.0 0.09090909090909091 0.0063056174856867845 0.001974730268675483 0.0059267502056219445 0.00043566656985187345 0.001908812157186355
0 0.0011098779134295228 0.0 1.0 0.0 0.000848549890073762 0.000357312690262244 0.0041949722943994 0.00018793459875963167 0.021319769560137314
0 0.0005787037037037037 0.0 1.0 0.0 0.002731826218073596 0.0013521529154396365 0.009097259180415115 0.0005824014909478168 0.0004973046401482494
0 0.00101010101010101 0.0 1.0 0.0 0.006133892612453158 0.0030758909556205002 0.012861451126485719 0.0010353804283516745 0.00024300926001612552
0 0.001488095238095238 0.0 1.0 0.0 0.0070942091575611765 0.001215730922584992 0.01397019691325173 0.00035498757543485983 0.000554840111524952
0 0.0004873294346978557 0.0 1.0 0.0 0.0020317111628203595 0.0008916333216694375 0.012255336763053635 0.0002514495325996924 9.969520161886121e-05
0 0.0006157635467980296 0.0 1.0 0.0 0.0021070955539014597 0.001051584814106383 0.009484528244506957 0.00020918910695268524 0.00037057466973543983
0 0.0006277463904582549 0.0 1.0 0.0 0.005448824773439994 0.0019471194368573027 0.00954014152523998 0.0007494182148069262 0.011127186317515551
0 0.001282051282051282 0.0 1.0 0.0 0.00474897035162987 0.002443536142644775 0.01387808572481271 0.0006553616777258951 0.000801675544615309
0 0.000546448087431694 0.0 1.0 0.0 0.0014972482464512772 0.0011569422557461695 0.014972503104488206 0.0006744763933262335 0.0005190288458366327
0 0.001466275659824047 0.0 1.0 0.0 0.0011788660092527576 0.00037874169865699937 0.006096085925782573 9.681479330041631e-05 0.03284318052820124
0 0.0004409171075837742 0.0 1.0 0.0 0.0020678988107364167 0.0010983477134026717 0.00755425462716575 0.0006656017039403621 0.0002542236506531695
1 0.001953125 0.0 1.0 0.0 0.003053530648816052 0.0014051164011549301 0.005455029270888771 0.0006656017039403621 0.033646349672871466
0 0.001282051282051282 0.0 1.0 0.0 0.0013879404980302915 0.0014854833747398946 0.009047365620010643 0.0005768548100816472 0.0033885252917157664
0 0.0012626262626262627 0.0 1.0 0.0 0.006950819871451267 0.0 0.014591094553840696 0.0006656017039403621 0.0005964944771519513
0 0.0007462686567164179 0.0 1.0 0.0 0.002032116634940139 0.0 0.011096327833954232 0.00037273695420660276 0.0006796603996924897
0 0.00033422459893048126 0.0 1.0 0.0 0.004796738925424916 0.0021961105744467972 0.011018917219023658 0.0005566850614773937 8.764756068259453e-05
0 0.000630119722747322 0.0 1.0 0.0 0.001644869672752047 0.0 0.014739570076590231 0.00037042181784507114 0.0008956224739124775
0 0.0012987012987012987 0.0 1.0 0.0 0.006990028041092781 0.0005522105213143771 0.006192849194445788 0.00024203698325104075 0.004580034073363171
0 0.00044014084507042255 0.0 1.0 0.0 0.001557517868908019 0.0003604965656419343 0.011625199574241619 0.00039936102236421724 0.0005057534329217387
0 0.0008169934640522875 0.0 1.0 0.0 0.0030584093500192104 0.0 0.005666343173778293 0.0 0.005892943405561063
0 0.0008058017727639 0.0 1.0 0.0 0.0036199551622388376 0.0008048051008551717 0.010362207682434336 0.0005011589300256844 0.0007185362813782772
0 0.0005875440658049354 0.0 1.0 0.0 0.002464570656311965 0.0009644222045934269 0.005298840733970428 0.00030096772699912027 0.004830332590498057
0 0.001904761904761905 0.0 1.0 0.0 0.0034925510136822125 0.0018588917032601145 0.004333612103702577 0.0003042750646584513 0.025118088111321313
0 0.001644736842105263 0.0 1.0 0.0 0.00033979504008448 0.0 0.005188930282064928 0.00026624068157614486 0.09151324046865025
0 0.0018552875695732839 0.0 1.0 0.0 0.0017064479374159917 0.0007388535850097364 0.016041967611951643 0.0004564125969876769 0.006764735850890109
0 0.038461538461538464 0.0 1.0 0.0 0.017131171863947234 0.015720539039182094 0.017094017094017092 0.007261968800430344 0.038461538461538464
0 0.016666666666666666 0.0 1.0 0.0 0.017236847030210504 0.01894267926487269 0.02175925925925926 0.004662004662004662 0.02513375451407844
0 0.020833333333333332 0.0 1.0 0.0 0.011969482843346924 0.012852623964437702 0.023871527777777773 0.0008741258741258741 0.010702874773784836
1 0.013888888888888888 0.0 1.0 0.0 0.008238524107362944 0.00792819902485351 0.015817901234567902 0.000777000777000777 0.004073638756035874
0 0.006896551724137932 0.0 1.0 0.0 0.02095452639444816 0.02578178517525937 0.0210727969348659 0.0024113817217265494 0.02036211450790087
0 0.006666666666666666 0.0 1.0 0.0 0.010150057108652202 0.003805535531929685 0.023055555555555555 0.001958041958041958 8.349921491062094e-05