0 0.03333333333333333 0.0 1.0 0.06666666666666667 0.026605833553718098 0.019296175748969382 0.034259259259259246 0.00862470862470863 0.03333333333333333
0 0.03125 0.0 1.0 0.0 0.013507276518094424 0.02081152244024046 0.018663194444444448 0.005244755244755245 0.03025793147852748
0 0.01515151515151515 0.0 1.0 0.0 0.018336921910392958 0.019826258637350835 0.01893939393939394 0.002542911633820725 0.02814477707126196
0 0.006578947368421052 0.0 1.0 0.0 0.012289783643185016 0.010481654264059866 0.017361111111111112 0.0009201324990798675 0.012958993211298002
0 0.006896551724137932 0.0 1.0 0.0 0.016412004494281734 0.011482219277374047 0.01628352490421456 0.0004822763443453099 0.02005675347902131
0 0.018518518518518517 0.0 1.0 0.0 0.028003249375824872 0.026427330082845032 0.010030864197530862 0.0 0.030082287485403886
0 0.02857142857142857 0.0 1.0 0.0 0.02273633976727705 0.03780156508336951 0.023848878394332942 0.009523809523809528 0.028571428571428577
0 0.00909090909090909 0.0 1.0 0.0 0.016545114478304625 0.02202855169607838 0.017580766341096923 0.0021212121212121214 0.015039558451130138
0 0.01075268817204301 0.0 1.0 0.0 0.021234993567377007 0.022564578213329176 0.02052785923753666 0.004838709677419355 0.02366756806543604
0 0.045454545454545456 0.0 1.0 0.09090909090909091 0.01921564730301428 0.02586690534447391 0.02690700104493208 0.007882291119285336 0.04545454545454546
0 0.02631578947368421 0.0 1.0 0.0 0.025938817036269008 0.03632092263937031 0.02540834845735027 0.006997261940979615 0.02594136674409631
0 0.016666666666666666 0.0 1.0 0.0 0.007638189183039305 0.019538242077538032 0.022126436781609186 0.0034682080924855487 0.00015262091011171194
0 0.013157894736842105 0.0 1.0 0.0 0.010030351051691653 0.014516854595954599 0.02692075015124017 0.003954974140553696 0.013701484995949195
0 0.009090909090909092 0.0 1.0 0.0 0.017906749917570904 0.01856738289889852 0.02638453500522466 0.0031529164477141353 0.030555043723797807
1 0.010416666666666666 0.0 1.0 0.0 0.008495576746580498 0.017354842993461517 0.009339080459770114 0.002167630057803468 0.0018412798841039928
0 0.005494505494505494 0.0 1.0 0.0 0.018019031936633418 0.020707601409124445 0.03138815207780724 0.004668741662961316 0.023128349297342574
0 0.006578947368421052 0.0 1.0 0.0 0.006911535348826526 0.011501738298263862 0.0205686630369026 0.003346516580468512 0.00016519196964867477
0 0.0101010101010101 0.0 1.0 0.0 0.030456362845810415 0.021805686680970597 0.02037617554858934 0.005254860746190226 0.06982122404176533
0 0.045454545454545456 0.0 1.0 0.0 0.014817056686437485 0.018947779608502045 0.026839826839826844 0.01136363636363636 0.045454545454545456
0 0.011904761904761904 0.0 1.0 0.0 0.011224376872815736 0.023306200524709636 0.019501133786848077 0.002976190476190476 0.014149800132465404
1 0.012345679012345678 0.0 1.0 0.0 0.025365353156208532 0.019907236102832425 0.020458553791887126 0.003205128205128205 0.004627120077046044
0 0.017857142857142856 0.0 1.0 0.0 0.0158236292969191 0.013765481577187516 0.03401360544217687 0.004120879120879121 9.976913367139882e-05
0 0.029411764705882353 0.0 1.0 0.058823529411764705 0.027334568887922926 0.019765842482034123 0.025915261209378853 0.008285004142502068 0.029411764705882353
0 0.011904761904761904 0.0 1.0 0.0 0.02746494602255716 0.021180246428345043 0.018814518814518816 0.002012072434607646 0.017177384351674322
0 0.009009009009009009 0.0 1.0 0.0 0.021959419105079155 0.014457995902508432 0.018711018711018712 0.00038066235249333843 0.025234237509356137
0 0.015625 0.0 1.0 0.0 0.036276448998195765 0.01100895883625045 0.024475524475524483 0.003080985915492958 0.058862405822486585
0 0.014285714285714287 0.0 1.0 0.0 0.03129733564489717 0.011187004906298412 0.014985014985014988 0.0030181086519114686 0.05391428902066037
0 0.05 0.0 1.0 0.0 0.019330520747655972 0.014118638906765388 0.03720472440944882 0.00632411067193676 0.049999999999999996
0 0.013513513513513514 0.0 1.0 0.0 0.014539957817488874 0.009293045929437175 0.03043200680995956 0.0044867001388740535 0.01838220795416145
0 0.01111111111111111 0.0 1.0 0.0 0.007857769507445577 0.01609540384388519 0.032939632545931755 0.004874835309617919 0.007797534400492906
1 0.010869565217391304 0.0 1.0 0.0 0.009771687946115758 0.009689284262931386 0.01437863745292708 0.0008592541673827118 0.036241124560851386
0 0.0058823529411764705 0.0 1.0 0.0 0.011061301802788151 0.018986573771381028 0.030685502547475676 0.0036038130667286673 0.021424204099393187
0 0.003472222222222222 0.0 1.0 0.0 0.012178497436733902 0.016631613159682132 0.030265748031496054 0.0037055335968379445 0.016686720941390617
0 0.007518796992481203 0.0 1.0 0.0 0.006968167106548173 0.0070755094272148015 0.014090343970161626 0.00041605991262741833 0.01425625603705068
0 0.005681818181818182 0.0 1.0 0.0 0.0140401195083717 0.011529720355509641 0.0288117394416607 0.0016169601149838302 0.04109809467977281
0 0.005291005291005291 0.0 1.0 0.0 0.013361948236869724 0.011370553579349194 0.029808773903262094 0.002635046113306983 0.03826188024316179
0 0.037037037037037035 0.0 1.0 0.0 0.01396102669996873 0.014690237144495829 0.022095959595959596 0.007830687830687834 0.037037037037037035
0 0.020833333333333332 0.0 1.0 0.0 0.011661671138278302 0.014576560207123522 0.018939393939393933 0.0047619047619047615 0.024468138925283975
0 0.01075268817204301 0.0 1.0 0.0 0.009767020855034819 0.015583283248867354 0.014296187683284453 0.0016589861751152074 0.01744538650666568
0 0.015625 0.0 1.0 0.0 0.006855791573805833 0.012848128870008859 0.015624999999999998 0.0017857142857142857 0.027324758466578624
0 0.01 0.0 1.0 0.0 0.014151873638600414 0.01690351829587328 0.01818181818181818 0.0017142857142857144 0.02736162377766062
0 0.006172839506172839 0.0 1.0 0.0 0.010555772080550637 0.01939706587544212 0.034301346801346805 0.005291005291005291 0.026475420928576042
0 0.011904761904761904 0.0 1.0 0.0 0.010907181281629619 0.010652367290179134 0.016098484848484848 0.0033333333333333335 0.03044653064245929
0 0.006578947368421052 0.0 1.0 0.0 0.015756325820252912 0.004681977908587029 0.01345693779904306 0.0015037593984962405 0.024112928415637686
0 0.03333333333333333 0.0 1.0 0.0 0.028040592353898417 0.02490138113337416 0.02384823848238482 0.010109289617486342 0.03333333333333333
0 0.0125 0.0 1.0 0.05 0.03601137445573295 0.031100710644296 0.020934959349593493 0.0028688524590163938 0.012617149667779983
1 0.00980392156862745 0.0 1.0 0.0 0.027947557888636954 0.018442342923087912 0.01841224294595887 0.001446480231436837 0.01574469042161161
0 0.013157894736842105 0.0 1.0 0.0 0.029121186601282944 0.011271019361000749 0.020967051775780912 0.003451251078515962 0.02051220394766613
0 0.029411764705882353 0.0 1.0 0.0 0.02624458932522611 0.02761353328100529 0.020644796380090504 0.009708737864077667 0.029411764705882353
0 0.016666666666666666 0.0 1.0 0.0 0.018847207140537565 0.03156142969997269 0.015384615384615382 0.0035598705501618116 0.02794220755984272
0 0.017543859649122806 0.0 1.0 0.0 0.007312555324611454 0.023977320471492196 0.01062753036437247 0.0010219724067450178 0.01520364490754157
0 0.011904761904761904 0.0 1.0 0.0 0.018414827667265585 0.019983098798880043 0.017857142857142856 0.0032362459546925564 0.021734061171576308
0 0.03333333333333333 0.0 1.0 0.06666666666666667 0.016732332534290333 0.024788500253926524 0.03297872340425532 0.011111111111111106 0.03333333333333333
0 0.013157894736842105 0.0 1.0 0.05263157894736842 0.017838489980875023 0.021173271759073978 0.024356103023516235 0.001414827391058291 0.009657090760222425
0 0.01282051282051282 0.0 1.0 0.0 0.02252259130819848 0.01734918802942835 0.019230769230769225 0.0028949545078577337 0.022329062989631956
0 0.025 0.0 1.0 0.05 0.0246202617187818 0.025559463243508045 0.03571428571428572 0.008333333333333328 0.024999999999999998
0 0.015625 0.0 1.0 0.0 0.0178564106940429 0.015438388649718505 0.017857142857142856 0.001893939393939394 0.03456526991964526
0 0.013888888888888888 0.0 1.0 0.0 0.019894515896018896 0.027913867400005062 0.016290726817042606 0.0012626262626262627 0.04384110324215174
0 0.022727272727272728 0.0 1.0 0.0 0.039687374177910954 0.014054534634967586 0.028024606971975393 0.0 0.033126574648275134
0 0.007692307692307693 0.0 1.0 0.0 0.027018524315878086 0.0082591920537614 0.031810294968189705 0.003205128205128205 0.03413323100189795
0 0.030303030303030304 0.0 1.0 0.06060606060606061 0.01768216966117373 0.01344720635841904 0.018831168831168827 0.005213424568263281 0.030303030303030304
0 0.019230769230769232 0.0 1.0 0.0 0.01721722010281541 0.018122712894422358 0.021291208791208792 0.0064791838985387385 0.03936361588480555
0 0.01111111111111111 0.0 1.0 0.0 0.004740035692189603 0.005854741483604523 0.016190476190476193 0.003225806451612904 0.011675879597849768
0 0.019230769230769232 0.0 1.0 0.0 0.011586421265610757 0.008489963604012505 0.017582417582417582 0.0011028398125172319 0.0045908273721495954
0 0.0058823529411764705 0.0 1.0 0.0 0.007997701756505696 0.013625106212304606 0.025105042016806717 0.003584229390681004 0.008999307444647003
0 0.003968253968253968 0.0 1.0 0.0 0.010452966282193958 0.013860329641853578 0.019897959183673458 0.003328213005632361 0.021548633664062927
0 0.0038610038610038607 0.0 1.0 0.0 0.011817572745464812 0.019257469413337076 0.015154440154440155 0.0022280344860990025 0.016180973443976655
0 0.011363636363636364 0.0 1.0 0.0 0.015496798741681831 0.010179011109280472 0.015584415584415588 0.0006516780710329097 0.07124421984333726
0 0.0044444444444444444 0.0 1.0 0.0 0.012021028278440815 0.008777283565579755 0.012285714285714282 0.0005734767025089606 0.033713007161032364
0 0.003448275862068966 0.0 1.0 0.0 0.010338271942970201 0.003362943894858144 0.01145320197044335 0.0004943764676801385 0.00010061864569055199
0 0.05 0.0 1.0 0.1 0.022706327947952076 0.019633399748593478 0.017518248175182483 0.008823529411764706 0.05
0 0.013888888888888888 0.0 1.0 0.0 0.022882023784536052 0.02697365909663108 0.013990267639902675 0.003063725490196079 0.01785164386236958
0 0.011494252873563218 0.0 1.0 0.0 0.00921236866903851 0.015151864852147605 0.015353637050088095 0.003549695740365112 0.024783767572556147
0 0.0125 0.0 1.0 0.0 0.03061304983461214 0.03630889163807623 0.020437956204379562 0.006985294117647059 0.01937605673649959
0 0.00625 0.0 1.0 0.0 0.013128601236509815 0.017674356645778846 0.011177007299270073 0.00390625 0.00010712187918555187
0 0.03333333333333333 0.0 1.0 0.13333333333333333 0.02858441076150881 0.024435978827682885 0.026246719160104983 0.010052910052910046 0.03333333333333334
0 0.05555555555555555 0.0 1.0 0.0 0.021087863602158988 0.013728021645548387 0.02099737532808399 0.007054673721340388 0.05222133355989507
0 0.0101010101010101 0.0 1.0 0.0 0.04641048193125182 0.04068233029932946 0.027439751849200666 0.0036075036075036075 0.021336217505087796
0 0.020833333333333332 0.0 1.0 0.0 0.02892492714975568 0.032798177492918114 0.015091863517060369 0.001984126984126984 0.07352353692599484
0 0.013333333333333334 0.0 1.0 0.0 0.019807382347198796 0.015435114324180155 0.029921259842519685 0.0047619047619047615 0.04179340342151257
0 0.005952380952380952 0.0 1.0 0.0 0.021757819454108936 0.0061407034038598865 0.016310461192350956 0.0011337868480725624 0.016178587388333426
0 0.023255813953488372 0.0 1.0 0.0 0.013757473353570249 0.01726717795480049 0.02325581395348837 0.006181925228142481 0.02325581395348838
1 0.007575757575757576 0.0 1.0 0.0 0.021898170109869816 0.014300724612984261 0.027539546407470934 0.0013425393172228615 0.004684908467853325
0 0.006666666666666666 0.0 1.0 0.0 0.016354262377159222 0.010721764346437393 0.03823899371069182 0.002278481012658228 0.004078714036691125
0 0.037037037037037035 0.0 1.0 0.07407407407407407 0.030421143140212454 0.041297321587226085 0.01815541031227305 0.012101210121012104 0.037037037037037035
0 0.02 0.0 1.0 0.0 0.023405776413564068 0.02963419500854156 0.01137254901960784 0.0019801980198019802 0.025789623603153452
0 0.01111111111111111 0.0 1.0 0.0 0.015856422023413707 0.006735044320123081 0.01241830065359477 0.0013201320132013201 0.014748925889152201
0 0.0125 0.0 1.0 0.0 0.02614794518960211 0.022076162542139795 0.022058823529411763 0.005445544554455446 0.025062375235087066
0 0.020833333333333332 0.0 1.0 0.041666666666666664 0.009741867523905823 0.01143799880534472 0.015957446808510644 0.0034063981042654003 0.020833333333333332
0 0.022727272727272728 0.0 1.0 0.0 0.015791377123374997 0.021783643404377776 0.022351171287341504 0.004739336492890995 0.028614514603654505
0 0.037037037037037035 0.0 1.0 0.0 0.01517836733487743 0.01016775776793303 0.0065668505384817435 0.002369668246445498 0.04241802116695723
0 0.010416666666666666 0.0 1.0 0.0 0.00868071636596974 0.012089564152827567 0.012115839243498816 0.002369668246445497 0.007026056877048246
0 0.025 0.0 1.0 0.0 0.019545618594996615 0.01614098854419385 0.02304964539007092 0.0029620853080568723 0.06792715094361683
0 0.00980392156862745 0.0 1.0 0.0 0.01728986554466076 0.012270422646837965 0.02058128215825337 0.0030666294954000556 0.03176544200669562
0 0.005494505494505494 0.0 1.0 0.0 0.006676195925983235 0.010506488915084322 0.01445717403164212 0.0016405395552314983 0.0014170582401904724
0 0.002840909090909091 0.0 1.0 0.0 0.010001418253951457 0.00683700153891617 0.021921341070277243 0.0011309780267126238 0.008055497170424575
1 0.0026455026455026454 0.0 1.0 0.0 0.012264176553819733 0.011865468155155854 0.01812450748620962 0.0020311442112389984 0.015806285168288796
0 0.004545454545454546 0.0 1.0 0.0 0.00800053968584757 0.001843100756567062 0.00924134966688158 0.0007539853511417493 0.005153119948528431
0 0.003952569169960474 0.0 1.0 0.0 0.0053259745147266465 0.0009949131954053781 0.015212252030013364 0.0015454358128992372 0.005002735797966107
0 0.003968253968253968 0.0 1.0 0.0 0.016852912181469497 0.006751891052674218 0.017786783744230546 0.0016926201760324982 0.02862869707579884
0 0.008547008547008548 0.0 1.0 0.0 0.012779486799277488 0.0 0.008668242710795901 0.0 0.04317871269069371
0 0.0023809523809523807 0.0 1.0 0.0 0.011375614457549277 0.006135537174407368 0.017730496453900714 0.0017377567140600314 0.008974628450981872
0 0.0020833333333333333 0.0 1.0 0.0 0.009767673937490323 0.006370547190644886 0.014775413711583925 0.0015550947867298578 0.012741336214671486
0 0.001953125 0.0 1.0 0.0 0.011787164359025895 0.007237258750784738 0.020833333333333336 0.0016291469194312795 0.012418028966958868
0 0.004201680672268907 0.0 1.0 0.0 0.006071447463942732 0.0029848672254118402 0.007092198581560283 0.0013540961408259988 0.00726299096491331
0 0.038461538461538464 0.0 1.0 0.0 0.009766828496031653 0.014531474027544912 0.015045248868778281 0.004878602223734967 0.038461538461538464
0 0.017857142857142856 0.0 1.0 0.0 0.007948643243228175 0.012247137469670533 0.01334033613445378 0.004214075010535188 0.02745183701669395
0 0.007407407407407407 0.0 1.0 0.0 0.010748403150044968 0.013746912437802208 0.0180392156862745 0.0037364798426745313 0.014658158114042147
1 0.008928571428571428 0.0 1.0 0.0 0.01522310432675666 0.01291082962166827 0.013865546218487396 0.0024230931310577327 0.023948901230051993
0 0.005714285714285714 0.0 1.0 0.0 0.0067892626203577625 0.010278210011689756 0.020252100840336136 0.0025284450063211123 0.026464398655865876
0 0.005555555555555555 0.0 1.0 0.0 0.009884115107905616 0.010674948455195704 0.02215686274509803 0.0032448377581120944 0.019363747061635645
0 0.003663003663003663 0.0 1.0 0.0 0.008510224584729723 0.0054941747004795365 0.0226998491704374 0.0015883821193555707 0.00016255571091719164
0 0.003289473684210526 0.0 1.0 0.0 0.0068325918670609645 0.007230460420605632 0.01958204334365325 0.002173575531749728 0.016900468470920763
0 0.0024691358024691358 0.0 1.0 0.0 0.011371147167254637 0.00585266912842133 0.01836601307189542 0.0017699115044247787 0.009433871449773503
0 0.0038461538461538464 0.0 1.0 0.0 0.009469373213900921 0.0069341185463626925 0.02737556561085972 0.0036305877013841615 0.0213752164201372
0 0.043478260869565216 0.0 1.0 0.0 0.031227632626265683 0.019847342024646088 0.016546382679105794 0.005125486037469071 0.043478260869565216
0 0.016666666666666666 0.0 1.0 0.0 0.01625981342749567 0.014490745811731253 0.016869095816464237 0.005420054200542004 0.015560100044964397
0 0.0303030303030303 0.0 1.0 0.0 0.00589999569177331 0.015082915218013996 0.009569377990430623 0.0029563932002956398 0.005142543781266788
0 0.008620689655172414 0.0 1.0 0.0 0.0062896359327355485 0.007082609729252013 0.018567639257294433 0.00224278104850014 0.008053126387215408
1 0.0035714285714285718 0.0 1.0 0.03571428571428571 0.020007139135271766 0.015841298468818172 0.019013880855986123 0.0033391405342624854 0.014158652547260923
0 0.005555555555555555 0.0 1.0 0.0 0.01846989284149204 0.014222209973309663 0.011740890688259112 0.0018970189701897021 0.024424442139314568
0 0.007142857142857143 0.0 1.0 0.0 0.01669871186827322 0.02083852892385284 0.015789473684210527 0.002845528455284553 0.048086942432075036
0 0.003289473684210526 0.0 1.0 0.0 0.01694167142343638 0.004002982246711296 0.011932665672277859 0.001069747539580659 0.02362244896274014
0 0.01111111111111111 0.0 1.0 0.0 0.02241892788190921 0.0 0.013360323886639675 0.0 0.05053473036985647
0 0.041666666666666664 0.0 1.0 0.0 0.008987515414792821 0.015645792770529715 0.014772727272727272 0.005898021308980213 0.041666666666666664
0 0.019230769230769232 0.0 1.0 0.0 0.015947155356220738 0.02261183356995062 0.023776223776223772 0.00597119775201967 0.0124017646669069
0 0.006944444444444444 0.0 1.0 0.0 0.01238372013790205 0.012457097119923427 0.02518939393939393 0.0029490106544901064 0.0062299275827620675
0 0.00641025641025641 0.0 1.0 0.0 0.014599755996819935 0.016519891322416793 0.025757575757575753 0.002107481559536354 0.007393325268087763
0 0.011111111111111112 0.0 1.0 0.0 0.009510237156184036 0.014973193377113796 0.010606060606060607 0.0015220700152207 0.00010686129660796716
0 0.005555555555555555 0.0 1.0 0.0 0.012880390881535631 0.0 0.011363636363636362 0.0 0.0017329970553607297
0 0.005952380952380952 0.0 1.0 0.0 0.006494113766145944 0.002922577522539608 0.019507575757575755 0.00076103500761035 0.012386305427707467
0 0.011363636363636364 0.0 1.0 0.0 0.009131767391486419 0.0 0.027685950413223134 0.0 0.00027822446855016154
0 0.023809523809523808 0.0 1.0 0.047619047619047616 0.01908998000281722 0.020459637767535187 0.02286255411255411 0.007210884353741501 0.023809523809523808
0 0.020833333333333332 0.0 1.0 0.0 0.02978130937419182 0.03277026521355236 0.031013257575757572 0.006666666666666667 0.027652789182669533
0 0.014492753623188404 0.0 1.0 0.0 0.018832225474334805 0.018102094301967804 0.02964426877470355 0.004968944099378882 0.018127389310616786
0 0.013888888888888888 0.0 1.0 0.0 0.01965527423814425 0.025913884812664035 0.0293560606060606 0.002857142857142857 0.044713899326074856
0 0.011764705882352941 0.0 1.0 0.0 0.02230075322256431 0.026889774778304957 0.03576203208556149 0.006722689075630252 0.03488495532015691
0 0.00641025641025641 0.0 1.0 0.0 0.0287365553346946 0.02964690387946276 0.03081293706293706 0.005714285714285714 0.023406936862610247
0 0.005494505494505494 0.0 1.0 0.0 0.010698245521456746 0.005370767105726915 0.020323426573426576 0.0008791208791208791 0.003917117919210425
0 0.037037037037037035 0.0 1.0 0.07407407407407407 0.02111054566490016 0.019075993186685573 0.018518518518518517 0.007569613409029465 0.03703703703703704
0 0.017857142857142856 0.0 1.0 0.0 0.021194436132741173 0.018217250817775945 0.01889233954451346 0.005213764337851929 0.019699155604918996
0 0.017543859649122806 0.0 1.0 0.0 0.02371309232590769 0.02587138800333528 0.02021357742181541 0.0019208605455243947 0.010013628950898006
0 0.006578947368421052 0.0 1.0 0.0 0.018287462185283394 0.020087221016936514 0.015636918382913808 0.0013446023818670765 0.014150801208219082
0 0.007692307692307693 0.0 1.0 0.0 0.012740665015498113 0.00835141218910838 0.018673355629877368 0.0008422234699606962 0.006558298834931141
0 0.03125 0.0 1.0 0.0 0.013591388475878827 0.014349685826236198 0.028698979591836735 0.006570512820512824 0.031249999999999997
0 0.011111111111111112 0.0 1.0 0.0 0.014165855345310627 0.017637416379612338 0.02517006802721088 0.0033048433048433056 0.0023655733283800356
0 0.02564102564102564 0.0 1.0 0.0 0.026524152896844164 0.03319702793065089 0.021585557299843017 0.0027613412228796844 0.0048187162694677
0 0.019230769230769232 0.0 1.0 0.0 0.008688035830443865 0.00986680649939291 0.02629513343799058 0.0015779092702169625 0.0009421601963377445
0 0.0044444444444444444 0.0 1.0 0.0 0.013570273387776149 0.01621523665115751 0.01678004535147392 0.0029629629629629637 0.012647017483574554
0 0.006172839506172839 0.0 1.0 0.0 0.013795637624558014 0.015244567047690286 0.021352985638699924 0.0017094017094017092 0.014687301825430795
0 0.006802721088435374 0.0 1.0 0.0 0.014349554628514968 0.018642082660327828 0.025024295432458703 0.004639804639804641 0.016595939295996134
0 0.041666666666666664 0.0 1.0 0.0 0.031604100076628845 0.021025311437812274 0.018415178571428575 0.005979073243647236 0.041666666666666664
0 0.0125 0.0 1.0 0.0 0.013065682850345506 0.014147526631561796 0.015959821428571427 0.004932735426008971 0.009337412609083152
0 0.012345679012345678 0.0 1.0 0.0 0.008126726422600162 0.016581746698642826 0.010085978835978835 0.0006643414715163594 0.00609849563844332
0 0.007352941176470588 0.0 1.0 0.0 0.016707903246311932 0.01865435870841569 0.018513655462184878 0.003824848324980216 0.03240984149686964
0 0.0125 0.0 1.0 0.0 0.00192387644699813 0.009532503872371511 0.014229910714285712 0.0 0.0003938278693623548
0 0.018518518518518517 0.0 1.0 0.0 0.0 0.0 0.011408730158730158 0.0 0.0031250850118473813
0 0.00510204081632653 0.0 1.0 0.0 0.020004685608091915 0.01867658450294332 0.018654336734693872 0.003042921204356182 0.04011372721922065
0 0.005208333333333333 0.0 1.0 0.0 0.020664613916786242 0.006355002581581008 0.009114583333333332 0.001494768310911809 0.034508650680449705
0 0.00505050505050505 0.0 1.0 0.0 0.012012596753741734 0.0 0.014407467532467532 0.0 0.019136938584125143
0 0.04 0.0 1.0 0.0 0.014728716000546798 0.020075138148624286 0.013333333333333334 0.006502463054187188 0.039999999999999994
0 0.011111111111111112 0.0 1.0 0.044444444444444446 0.016201215970103263 0.020072730007252928 0.017647058823529405 0.004597701149425286 0.015386895774914408
0 0.013333333333333332 0.0 1.0 0.0 0.013644411281693344 0.019584578621985392 0.017058823529411765 0.002758620689655172 0.02823199049811152
0 0.009615384615384616 0.0 1.0 0.0 0.016379131608492612 0.02127079192990691 0.01998491704374057 0.0034103827207275484 0.03312082712020796
0 0.006896551724137932 0.0 1.0 0.0 0.015516408435920243 0.018672386713233898 0.01470588235294118 0.0035671819262782403 0.029581440534324873
0 0.006666666666666666 0.0 1.0 0.0 0.02080275824048738 0.019207458820691633 0.020784313725490194 0.005911330049261083 0.02123291721401498
0 0.0049261083743842365 0.0 1.0 0.0 0.004360528434469713 0.0 0.007775524002704529 0.00033973161202649905 0.00031995854698844674