0 0.034482758620689655 0.0 1.0 0.06896551724137931 0.013022400494102748 0.013606054968400992 0.01407723104739765 0.005315011667098781 0.03448275862068966
0 0.018518518518518517 0.0 1.0 0.0 0.01071540239636855 0.011911901748499923 0.017894298793175206 0.004873294346978557 0.02008370603727914
0 0.009523809523809523 0.0 1.0 0.0 0.009462665120790211 0.00833917961648888 0.011449973247726055 0.0021482277121374865 0.009302237129865715
0 0.025 0.0 1.0 0.0 0.0094426147942539 0.015343747586445813 0.004119850187265918 0.0 0.037786006848220206
0 0.016666666666666666 0.0 1.0 0.0 0.015236884595962452 0.015237598556015712 0.012484394506866415 0.0012531328320802004 0.04319661830091973
1 0.004273504273504273 0.0 1.0 0.0 0.008266627452675873 0.014545715859851037 0.016901949486219155 0.002795450163871216 0.01383478781131961
1 0.004608294930875576 0.0 1.0 0.0 0.005022902442396454 0.00762721912664565 0.011356771777213965 0.00048508367693427115 0.007490146044001868
0 0.0078125 0.0 1.0 0.0 0.005382092206411849 0.005617971411339786 0.013576779026217229 0.0007048872180451127 0.011539861642548017
0 0.004830917874396135 0.0 1.0 0.0 0.011905902961381564 0.005559328835668773 0.013027194268034522 0.0006538084341288003 0.026885663064791863
0 0.0022222222222222222 0.0 1.0 0.0 0.009810851586663026 0.012390036816849425 0.01747815230961299 0.003007518796992481 0.01161454963692567
0 0.030303030303030304 0.0 1.0 0.06060606060606061 0.012791927860940615 0.013253071089018617 0.01511975096880757 0.004010695187165777 0.030303030303030304
0 0.021739130434782608 0.0 1.0 0.0 0.009365227598220865 0.007040278299057562 0.012487466958344726 0.003105590062111801 0.03087703227180533
0 0.011494252873563218 0.0 1.0 0.0 0.004423277449355975 0.007402332659058469 0.01134967107641148 0.0023906114169805854 0.01355455718432812
0 0.008333333333333333 0.0 1.0 0.06666666666666667 0.003988842591150115 0.008071091261962586 0.005241090146750524 0.002240896358543417 0.01220364868512517
0 0.007407407407407408 0.0 1.0 0.0 0.010283423835520798 0.01110440334971529 0.012811553692056839 0.002489884842826019 0.030229088933849308
0 0.005747126436781609 0.0 1.0 0.0 0.006597605660606456 0.0069062846409926205 0.016193161280994725 0.001303969863807592 0.011745019776527255
0 0.004464285714285714 0.0 1.0 0.0 0.009793957005070322 0.008915655275689426 0.016968029350104823 0.0021008403361344537 0.011259590329441236
0 0.005681818181818182 0.0 1.0 0.0 0.009825958055151317 0.005906887081553082 0.011816275967219365 0.001336898395721925 0.005201365125711193
0 0.0031746031746031746 0.0 1.0 0.0 0.008195047027135874 0.007147115438076224 0.012339023659778377 0.0010804321728691477 0.016825436315752756
0 0.0071428571428571435 0.0 1.0 0.0 0.01446457553766463 0.01538423125714217 0.016172506738544475 0.003301320528211284 0.05695280591830819
0 0.005681818181818182 0.0 1.0 0.0 0.00370498817049351 0.0038611874515012425 0.013364779874213837 0.0009191176470588235 0.009734929899014257
0 0.0037878787878787876 0.0 1.0 0.0 0.012308653197475481 0.013326644639256367 0.016485610825233466 0.00267379679144385 0.031941135289764035
0 0.006410256410256411 0.0 1.0 0.0 0.006559488139005507 0.008421603442777531 0.019741439552760306 0.0019257703081232492 0.027430556890400328
0 0.0032467532467532465 0.0 1.0 0.0 0.0037086142523151205 0.0032478966593412484 0.008862206975414523 0.00019098548510313216 0.0046918428675406625
0 0.004166666666666667 0.0 1.0 0.0 0.0035818640078554686 0.00897959437327088 0.012054507337526206 0.0007878151260504202 0.0007805055609002467
0 0.002976190476190476 0.0 1.0 0.0 0.009987010859352965 0.008671488040066852 0.01078167115902965 0.0006002400960384154 0.002978565922143639
0 0.00267379679144385 0.0 1.0 0.0 0.005436652263898811 0.004866160387359201 0.023346674290070514 0.0015278838808250573 0.008927230094086224
0 0.0026455026455026454 0.0 1.0 0.0 0.006300347754704967 0.006629952997052352 0.014575222122391934 0.0006002400960384154 0.00023139904876669172
0 0.001949317738791423 0.0 1.0 0.0 0.007594196971728255 0.004713508266501708 0.015451510210420061 0.0012449424214130095 0.028468019612276785
0 0.004545454545454546 0.0 1.0 0.0 0.010897979243788674 0.010766717337400682 0.012769201448446732 0.0032467532467532465 0.03500345764451862
0 0.003663003663003663 0.0 1.0 0.0 0.007346849306091484 0.004996103813839775 0.011288501854539591 0.0014544279250161601 0.022342719483494713
1 0.020833333333333332 0.0 1.0 0.0 0.0035870121813959353 0.0033548763555651105 0.011895424836601309 0.001291862899005756 0.02083333333333333
0 0.027777777777777776 0.0 1.0 0.0 0.008494589527223314 0.004651895660984364 0.01176470588235294 0.0013518227803942095 0.0042820566836978035
0 0.014492753623188404 0.0 1.0 0.0 0.0062287975347196465 0.003592068707758271 0.012310315430520037 0.0010238208995972979 0.012404486058909094
0 0.010869565217391304 0.0 1.0 0.0 0.005040560597596827 0.0033123108362001666 0.009514066496163683 0.0010579482629172073 0.011323641965855414
0 0.006060606060606061 0.0 1.0 0.0 0.009064835654148257 0.003943007206067098 0.011455733808674987 0.0010465724751439038 0.011445011997300308
0 0.0047619047619047615 0.0 1.0 0.05714285714285714 0.005813426274855957 0.00400028054365686 0.011719887955182074 0.0013007400762502803 0.006814528990700338
0 0.006493506493506493 0.0 1.0 0.0 0.008799134534208093 0.004965778722703608 0.015080213903743317 0.0016055373198230348 0.00032150080813400254
0 0.0020161290322580645 0.0 1.0 0.0 0.005087381702796743 0.0038740809105038457 0.01135989879822897 0.0012660150908998839 0.0046942068911288905
0 0.002525252525252525 0.0 1.0 0.0 0.003074027602530628 0.0020513127192534892 0.009215686274509804 0.0006243756243756248 0.004148429994727039
0 0.0035714285714285718 0.0 1.0 0.0 0.009155342323138914 0.0036056814909523793 0.011484593837535011 0.0004485310607759587 0.010184801846628377
0 0.002932551319648094 0.0 1.0 0.0 0.006550008119681817 0.004277793251422102 0.01181530676786844 0.00075960905453993 0.005460506292193716
0 0.002976190476190476 0.0 1.0 0.0 0.008802938762742234 0.006026108621185795 0.009607843137254903 0.001065261269342902 0.021442308046902482
0 0.002079002079002079 0.0 1.0 0.0 0.004233271251687695 0.0030571875439879465 0.012400635930047694 0.0005091433662862233 0.0144112679788688
0 0.002857142857142857 0.0 1.0 0.0 0.0069352276291417166 0.0031437374310572435 0.019011764705882353 0.0010047095761381475 0.019144279932794404
0 0.003703703703703704 0.0 1.0 0.0 0.00869319287710163 0.005258993121815389 0.014422657952069715 0.0007413221698935984 0.0011226937655502334
0 0.003472222222222222 0.0 1.0 0.0 0.003748172539130842 0.003553756646007465 0.010806100217864923 0.0007849293563579278 0.0006564961490148425
0 0.004201680672268907 0.0 1.0 0.0 0.0064221429370343265 0.002489228948105067 0.009803921568627453 0.00033639829558196907 0.00452749842901715
0 0.0037037037037037034 0.0 1.0 0.0 0.0009164516880390744 0.00035595995621791267 0.0075294117647058826 0.00010465724751439038 0.020299341091158288
0 0.0043859649122807015 0.0 1.0 0.0 0.006249646189195081 0.005336296710273227 0.013071895424836598 0.0009811616954474097 0.03978312166050089
0 0.002380952380952381 0.0 1.0 0.0 0.00195151917540472 0.0021002749302433212 0.005452847805788983 0.0002616431187859759 0.007786269754893389
0 0.0013605442176870747 0.0 1.0 0.0 0.0030267518555773467 0.0028357731794197553 0.011899159663865549 0.0005606638259699485 0.016808241966112164
0 0.0012987012987012987 0.0 1.0 0.0 0.005847628602124198 0.0033015279054114067 0.009837535014005605 0.0005830903790087463 0.016132120212873375
0 0.0018115942028985507 0.0 1.0 0.0 0.006301981088798821 0.005873476567093055 0.010490196078431371 0.0008176347462061747 0.010304530233377537
0 0.0006720430107526881 0.0 1.0 0.0 0.004346148968546398 0.004722891092023357 0.011739405439595195 0.0009241910163569152 0.01010392913298825
0 0.0013793103448275863 0.0 1.0 0.06896551724137931 0.003682079935365615 0.0031737136398844274 0.010250169033130493 0.0005954636496508418 0.0005885617153334908
0 0.0018315018315018315 0.0 1.0 0.0 0.0031818227377035124 0.0026029476263698843 0.008664799253034547 0.000598041414367945 0.0009240177249023663
0 0.0028490028490028487 0.0 1.0 0.0 0.00584960583724261 0.0031896404819504484 0.019185520361990952 0.0010264460813911363 0.06129177704428031
0 0.0010504201680672268 0.0 1.0 0.0 0.004064496601718684 0.0032736275056616374 0.013679354094579007 0.0010388770892972574 0.00037201595002285174
0 0.0014367816091954023 0.0 1.0 0.0 0.0066247077761803184 0.004988320724062607 0.014542483660130723 0.0013082155939298796 0.021001392650226703
0 0.0015873015873015873 0.0 1.0 0.0 0.005702627822969705 0.003569149476208299 0.014341736694677873 0.000859684533153921 0.0006305355811105547
0 0.0008718395815170008 0.0 1.0 0.0 0.004919372862650232 0.002689594259118526 0.012824589295177529 0.0009122151979294836 0.012256491946224902
0 0.000744047619047619 0.0 1.0 0.0 0.005413872295915332 0.0018916261201180815 0.00823529411764706 0.0006541077969649397 0.00017789253677956494
0 0.0008417508417508418 0.0 1.0 0.0 0.006429788224603084 0.003444959074286919 0.011045751633986932 0.0009593581022152452 0.003983758178808801
0 0.0011312217194570135 0.0 1.0 0.0 0.004480708277459341 0.0015842803498336117 0.00889894419306184 0.000452843859437266 0.00035466563277732386
0 0.0031746031746031746 0.0 1.0 0.0 0.000994123307129621 0.0 0.007668845315904139 0.0001744287458573173 0.015566949124167947
0 0.0018518518518518517 0.0 1.0 0.0 0.006981173760698051 0.0009590655545940918 0.006013071895424835 0.00015698587127158553 0.014570049375014518
0 0.0012285012285012285 0.0 1.0 0.0 0.0011523003106557845 0.0009240861405929167 0.006702317290552585 0.000606536320822035 0.003045837867370986
0 0.0008488964346349745 0.0 1.0 0.0 0.004812505432121336 0.0025246681487211442 0.01092979127134725 0.000835569959993923 0.0002759948637052933
0 0.001282051282051282 0.0 1.0 0.0 0.0011742799404946534 0.00040761042785637444 0.009137254901960785 0.0005886970172684458 0.0018958892377898425
0 0.0006944444444444445 0.0 1.0 0.0 0.0037814493488291475 0.0017935832080463697 0.01272331154684096 0.0008285365428222571 0.006874398349667564
0 0.0016260162601626016 0.0 1.0 0.0 0.006135347307354477 0.0005969421742183361 0.012549019607843135 0.00010465724751439038 0.0007948396484057737
0 0.0004177109440267335 0.0 1.0 0.03508771929824561 0.00465138259638017 0.0021241948651109076 0.012549019607843137 0.0008262414277451875 0.004624722183735427
0 0.0008305647840531562 0.0 1.0 0.0 0.0034500819006516013 0.0014236049621109083 0.009131652661064426 0.000532630634671451 0.0018512181186750765
0 0.000946969696969697 0.0 1.0 0.0 0.0010639841122813672 0.000326835383322886 0.010947712418300655 0.0004905808477237048 0.00196378274300097
0 0.000925925925925926 0.0 1.0 0.0 0.00368850072726384 0.0017373646698488467 0.01601307189542484 0.0011773940345368916 0.015556276150625437
0 0.041666666666666664 0.0 1.0 0.0 0.01621337279654467 0.024966191021801632 0.021043771043771045 0.01190476190476191 0.04166666666666668
0 0.013157894736842105 0.0 1.0 0.05263157894736842 0.019433342660831267 0.02180641974085129 0.01594896331738437 0.002416756176154672 0.0051599358519130506
0 0.03333333333333333 0.0 1.0 0.0 0.010473852859820904 0.013882438292498592 0.02424242424242424 0.0 0.034532267882102244
0 0.009259259259259259 0.0 1.0 0.0 0.019725503552939894 0.03735514084756741 0.017957351290684626 0.003401360544217687 0.01461877289564312
0 0.02702702702702703 0.0 1.0 0.05405405405405406 0.014512708899808935 0.00996266075260508 0.013075575575575576 0.0030726782466921677 0.02702702702702703
0 0.021739130434782608 0.0 1.0 0.0 0.0063080724481665695 0.00452377429849999 0.017612721417069245 0.002219307979420962 0.019417927444948423
0 0.011904761904761904 0.0 1.0 0.0 0.006634080711434239 0.005500931831324681 0.01281415343915344 0.002651640702684786 0.013277366486570361
0 0.019230769230769232 0.0 1.0 0.0 0.017164437552239634 0.01472460160491983 0.022257834757834754 0.003926467963590933 0.014102532207757461
0 0.010526315789473684 0.0 1.0 0.0 0.008528974669759009 0.008543797068611924 0.01461988304093567 0.0009769202588838686 0.0019221747784402138
0 0.016666666666666666 0.0 1.0 0.0 0.01486875959942208 0.009469691085834307 0.014583333333333334 0.0009280742459396752 0.014634671453554368
0 0.007142857142857143 0.0 1.0 0.0 0.005167263267887389 0.0064589762674523475 0.0077546296296296295 0.0004640371229698376 0.0024320856976432705
0 0.00625 0.0 1.0 0.0 0.003585524146656479 0.00835890413855309 0.004745370370370369 0.0002320185614849188 0.0016321874172813753
0 0.013888888888888888 0.0 1.0 0.0 0.005586542713001848 0.009663232783080513 0.006655092592592593 0.0 0.005320701723825936
0 0.0032258064516129032 0.0 1.0 0.0 0.00815905359417724 0.010727009835187627 0.01680107526881721 0.0016465833395703914 0.0030998204103098942
0 0.004132231404958678 0.0 1.0 0.0 0.008947829532361229 0.009556140756996186 0.015572390572390573 0.0015819447373971735 0.03720585339006225
0 0.0026041666666666665 0.0 1.0 0.0 0.005522698512012463 0.0075034090733498305 0.017722800925925927 0.000580046403712297 0.006978827279664764
0 0.012820512820512822 0.0 1.0 0.0 0.015122808491048375 0.0 0.007330246913580247 0.0 0.1479192766957901
0 0.0017857142857142857 0.0 1.0 0.0 0.008763986659638581 0.003846509985676077 0.014756944444444444 0.0013921113689095127 0.006596335446545946
0 0.0018018018018018018 0.0 1.0 0.0 0.012726246463207405 0.008694694240318993 0.011261261261261257 0.001567692983006208 0.018725177244487475
0 0.001736111111111111 0.0 1.0 0.0 0.005516154372921601 0.001969229901398538 0.0066872427983539085 0.0002577984016499098 0.01172213176621527
0 0.006535947712418301 0.0 1.0 0.0 0.012537281377757852 0.0017711260290476085 0.01491769547325103 0.0005155968032998196 0.10272695836977297
0 0.0016835016835016834 0.0 1.0 0.0 0.007526654681061593 0.005023594439927307 0.014379910213243544 0.0018983336848766082 0.026163302034961648
0 0.006578947368421052 0.0 1.0 0.0 0.01270870162917878 0.0024579149685978966 0.005787037037037037 0.000580046403712297 0.11236114985547165
0 0.045454545454545456 0.0 1.0 0.09090909090909091 0.019199598190077233 0.02081152244024046 0.014285714285714285 0.009178321678321675 0.045454545454545456
0 0.020833333333333332 0.0 1.0 0.0 0.019771579643618625 0.016807025903508712 0.020238095238095236 0.004006410256410257 0.017089775631512653
0 0.015873015873015872 0.0 1.0 0.0 0.02205264294215147 0.02180254731834715 0.025850340136054424 0.0 0.010222305892404198
0 0.009259259259259259 0.0 1.0 0.0 0.011674292581925032 0.012517073323302505 0.019400352733686073 0.0014245014245014246 0.005141600785371764
0 0.018181818181818184 0.0 1.0 0.0 0.015592458023527761 0.02973074634320066 0.027705627705627702 0.0 0.051524184625969124
0 0.024390243902439025 0.0 1.0 0.0 0.022537448719615168 0.015953083403668647 0.018815331010452966 0.00961538461538462 0.02439024390243903
0 0.02 0.0 1.0 0.0 0.02835205774480669 0.02616305678201658 0.019809523809523805 0.003076923076923077 0.03878200466943814
1 0.016666666666666666 0.0 1.0 0.0 0.022726670583492703 0.016351910488760363 0.01619047619047619 0.0 0.055333583712958045
0 0.013157894736842105 0.0 1.0 0.0 0.028072319210052 0.024097552299225798 0.024561403508771923 0.0010121457489878543 0.062470180001395426
0 0.02702702702702703 0.0 1.0 0.05405405405405406 0.020685120996760363 0.021699109413159813 0.013513513513513514 0.0066483595895360575 0.02702702702702703
0 0.025 0.0 1.0 0.0 0.022242485594319995 0.019557007493371917 0.012765957446808507 0.0050802139037433155 0.026489432561929198
0 0.017543859649122806 0.0 1.0 0.0 0.007693911632055809 0.007964827864953726 0.011478163493840985 0.002251618350689558 0.019084074079904898
0 0.015625 0.0 1.0 0.0 0.017048250779348597 0.011953187960763018 0.012965425531914895 0.003676470588235294 0.044880585704680315
0 0.011764705882352941 0.0 1.0 0.0 0.013100307001948244 0.004457017824766728 0.010951188986232789 0.0009436929852154767 0.012155092694785177
0 0.007936507936507936 0.0 1.0 0.0 0.01669265039209148 0.014417209748900105 0.017477203647416412 0.001527883880825057 0.02072652271993634
0 0.008928571428571428 0.0 1.0 0.0 0.017975275048089812 0.015000448113275357 0.013297872340425532 0.0026737967914438505 0.019825331152508705
0 0.006578947368421052 0.0 1.0 0.0 0.002581960496073555 0.01531639687773557 0.004759238521836506 0.0005629045876723895 0.0004518017237626303
0 0.004830917874396135 0.0 1.0 0.0 0.01745794483669295 0.006326337840803824 0.01387604070305273 0.0004650081376424087 0.03432757897802887
1 0.03225806451612903 0.0 1.0 0.0 0.00829187640482763 0.0076942957247589615 0.018355293048614264 0.004465099325678879 0.03225806451612903
0 0.017241379310344827 0.0 1.0 0.0 0.010938760215860285 0.013169429163810397 0.01874696454589606 0.0037989479836353026 0.023474100071685797
0 0.007407407407407407 0.0 1.0 0.0 0.0023540757573588967 0.00597825026280856 0.016525821596244127 0.00364092906465788 0.012602462122962123
0 0.0125 0.0 1.0 0.0 0.0060909177723443226 0.009607902208085186 0.01225352112676056 0.0002824858757062147 0.01665806575938616
0 0.016666666666666666 0.0 1.0 0.0 0.010895734845516071 0.009924919417719726 0.020892018779342724 0.0011770244821092278 0.036094787935374135
0 0.01282051282051282 0.0 1.0 0.0 0.0020809063835505507 0.007637536265065934 0.007800650054171182 0.000434593654932638 0.01734895432469322
0 0.0035714285714285713 0.0 1.0 0.0 0.008044510884345686 0.005105857724912325 0.013873239436619713 0.0007768361581920903 0.01131672687592384
0 0.002717391304347826 0.0 1.0 0.0 0.005936222717721632 0.0075451085607018496 0.014941824862216773 0.0007983296487349546 0.0077628103188678525
0 0.008547008547008546 0.0 1.0 0.0 0.005158912604904678 0.007390694006219372 0.0032502708559046588 0.0 0.0045976940354338
0 0.0071428571428571435 0.0 1.0 0.0 0.006350619335711382 0.00734539033261099 0.013078470824949699 0.0006053268765133172 0.00423653721016286
0 0.0025252525252525255 0.0 1.0 0.0 0.004456329315530497 0.005525402409372381 0.01330203442879499 0.00023540489642184556 0.0001686526328274582
0 0.0023148148148148147 0.0 1.0 0.0 0.004769427637218298 0.0019626769048933634 0.012910798122065727 0.0007062146892655367 0.009104256512477288
0 0.0038461538461538464 0.0 1.0 0.0 0.0033146757816251552 0.0 0.013098591549295774 0.0002824858757062147 0.005340454333240729
0 0.03333333333333333 0.0 1.0 0.06666666666666667 0.014165905000088441 0.014656163612117388 0.018086696562032885 0.006156156156156155 0.03333333333333333
0 0.017857142857142856 0.0 1.0 0.0 0.012255555927504666 0.010943363518861503 0.019378603459320954 0.004665379665379665 0.015721932989066684
0 0.010416666666666666 0.0 1.0 0.0 0.007676630034200282 0.00839929955718149 0.016816143497757848 0.00267454954954955 0.016342568962007416
0 0.019230769230769232 0.0 1.0 0.0 0.007205554652455091 0.007071096427572048 0.013107968264918937 0.002079002079002079 0.01434091821471934
0 0.005714285714285714 0.0 1.0 0.0 0.0076871475572187955 0.006990192740146288 0.014221652786675209 0.0003861003861003861 0.01333531035220192
0 0.006944444444444444 0.0 1.0 0.0 0.01363740721660051 0.01663698441338808 0.014947683109118091 0.0011261261261261261 0.003938831383929941
0 0.005494505494505494 0.0 1.0 0.0 0.013403300473451897 0.014123939127552653 0.014315281131424627 0.0015592515592515591 0.01394651507760544
0 0.006944444444444444 0.0 1.0 0.0 0.009139884745355122 0.004185706962757246 0.025909317389138018 0.005005005005005006 0.009556706713585572
0 0.0065359477124183 0.0 1.0 0.0 0.00770562314817498 0.0 0.02189395937747296 0.0005299417064122947 0.03212805754659825
0 0.03571428571428571 0.0 1.0 0.10714285714285714 0.004964410831470201 0.013042400459406564 0.006805807622504542 0.0022727272727272726 0.03571428571428571
0 0.015151515151515152 0.0 1.0 0.0 0.0032290620413337736 0.005996601444252834 0.009734367266127702 0.0021487603305785116 0.006558586312051396
0 0.01515151515151515 0.0 1.0 0.0 0.001132980322151485 0.004101104757107252 0.009486883352582083 0.002066115702479339 0.0003729686653042281
0 0.013157894736842105 0.0 1.0 0.0 0.004105561294730778 0.0032547343365188094 0.015378737224185689 0.00277511961722488 0.0001816197242096927
0 0.009523809523809525 0.0 1.0 0.0 0.006011535833439708 0.004711615420484371 0.012358482412928877 0.001818181818181818 0.01006132657596868
0 0.01282051282051282 0.0 1.0 0.0 0.0012947167648139453 0.005708303297894526 0.006142677649029736 0.0016783216783216785 0.0028319126117501902
0 0.005952380952380952 0.0 1.0 0.0 0.0011025971975835232 0.00331249568523936 0.011418632788868725 0.0022727272727272726 0.00034774703851699675
0 0.006944444444444444 0.0 1.0 0.0 0.0033689277650204167 0.0033244324386649507 0.006352087114337569 0.00040404040404040404 0.000656890074859033
0 0.006944444444444444 0.0 1.0 0.0 0.002405406666251088 0.00405505339375259 0.005104355716878403 0.00022727272727272727 0.002224677990425677
0 0.0071428571428571435 0.0 1.0 0.0 0.005847436074824424 0.0072653815858036725 0.010111485610578171 0.0005194805194805195 0.00019547034087042075
0 0.015151515151515152 0.0 1.0 0.0 0.0 0.0041226634929238245 0.009074410163339382 0.0 0.029889556500528765
0 0.003968253968253968 0.0 1.0 0.0 0.004939795067212817 0.007710081539378676 0.006222452683432719 0.0003463203463203463 0.014677181210761382
0 0.012820512820512822 0.0 1.0 0.0 0.0011366824941321499 0.006183995239385737 0.001512401693889897 0.0 0.013789544049002159
0 0.003105590062111801 0.0 1.0 0.0 0.0021162182677481275 0.00322643229880995 0.004576659038901602 0.00031620553359683795 0.0014962855962808333
0 0.006060606060606061 0.0 1.0 0.0 0.002279915390555035 0.0011243627707974069 0.013034152780069296 0.0 0.041142937998626436
0 0.00390625 0.0 1.0 0.0 0.001850737784705606 0.003864997024616086 0.008053539019963703 0.0 0.0002851479919153329
0 0.00267379679144385 0.0 1.0 0.0 0.0055631401775148755 0.006480153829340788 0.0066820656657317285 0.00033057851239669424 0.01039014803344762
0 0.0022222222222222222 0.0 1.0 0.0 0.0033318878404526814 0.004452476572357731 0.014083484573502723 0.0004363636363636364 0.0004256783775461254
0 0.003508771929824561 0.0 1.0 0.0 0.0026833912563320535 0.0036185564525165912 0.016091954022988506 0.00048484848484848484 0.0004671642885466941
0 0.0035714285714285718 0.0 1.0 0.0 0.002031429831498468 0.004417139456704098 0.006611355976147266 0.0 0.0030271081444291884
0 0.0021645021645021645 0.0 1.0 0.0 0.002678742230177373 0.0065170370609629715 0.008661936974096684 0.0004958677685950413 0.00025656535630724434
0 0.001976284584980237 0.0 1.0 0.0 0.002949978384389609 0.004510882987079773 0.010021305136905231 0.00015810276679841898 0.00041078741756295575
0 0.004347826086956522 0.0 1.0 0.0 0.0007690463531511385 0.0012367990478771474 0.00852994555353902 0.0003636363636363636 0.0029732649050119232
0 0.0013020833333333333 0.0 1.0 0.0 0.0031060328929650746 0.0 0.004423774954627949 0.00011363636363636364 0.0005641735413358371
0 0.004 0.0 1.0 0.0 0.008356988468432972 0.0 0.005626134301270418 0.0 0.0018860722450299316
0 0.0019230769230769232 0.0 1.0 0.0 0.004531627127490516 0.0 0.004900181488203267 0.0001818181818181818 0.0013297238482272047
0 0.004115226337448559 0.0 1.0 0.0 0.004605559048485312 0.0 0.007662835249042145 0.0 0.0016839456768388541
0 0.002551020408163265 0.0 1.0 0.0 0.0037359368635897514 0.0 0.009722582317863626 0.00025974025974025974 0.001153799193664717
0 0.001567398119122257 0.0 1.0 0.0 0.0018649026208180095 0.0 0.008909420887642305 0.0 0.0003146062712805632
0 0.0023809523809523807 0.0 1.0 0.07142857142857142 0.0026731866665126234 0.0 0.009204044594244232 0.0007792207792207793 0.029116557708372074
0 0.004032258064516129 0.0 1.0 0.375 0.001543193004383918 0.0 0.0022686025408348454 0.0 0.008511801288090497
0 0.038461538461538464 0.0 1.0 0.0 0.021928916517796146 0.029962332716472313 0.02573325954620919 0.010033444816053514 0.03846153846153845
0 0.017857142857142856 0.0 1.0 0.14285714285714285 0.02002239854510556 0.02263195809790867 0.02029804727646454 0.003623188405797101 0.0049427661531684245
0 0.018518518518518517 0.0 1.0 0.0 0.012632026582115425 0.027384842042368407 0.020783373301358914 0.0012077294685990338 0.009592385626175063
0 0.011363636363636364 0.0 1.0 0.0 0.032377768520589906 0.03445249971699235 0.03956834532374101 0.005599472990777338 0.028672288682494676
1 0.008 0.0 1.0 0.0 0.018073372196382432 0.021131909943530144 0.019280575539568346 0.004347826086956522 0.02200334185156085
0 0.008333333333333333 0.0 1.0 0.0 0.024412996041853586 0.01785472072113691 0.025539568345323744 0.004710144927536231 0.017006259643558206
1 0.03571428571428571 0.0 1.0 0.07142857142857142 0.011603220845878778 0.007527498260186817 0.010881174899866489 0.002608346709470305 0.03571428571428572
0 0.01 0.0 1.0 0.0 0.006746212438876939 0.009479442126995261 0.01514018691588785 0.0029213483146067437 0.014100996870361331
0 0.014492753623188404 0.0 1.0 0.0 0.00588555774120367 0.0056712647206430015 0.012190166598943519 0.0024425989252564715 0.003809180721150238
0 0.0125 0.0 1.0 0.0 0.004570731781742977 0.003955195218687828 0.015700934579439253 0.002153558052434457 0.007396322961320909
0 0.011111111111111112 0.0 1.0 0.0 0.005662933728225319 0.004415823371373294 0.02097611630321911 0.0023928422804827304 0.00012313105580561096
0 0.005555555555555555 0.0 1.0 0.0 0.00748241835360891 0.004454989995633307 0.008722741433021807 0.00024968789013732833 0.011594924749271871
0 0.005952380952380952 0.0 1.0 0.0 0.0038646725917662367 0.0028760061490824187 0.01339563862928349 0.0006242197253433209 0.0019310952028618088
0 0.004464285714285714 0.0 1.0 0.0 0.009115832120357381 0.008997627331667413 0.006408544726301736 0.0008025682182985554 0.020520779003272174
0 0.0023148148148148147 0.0 1.0 0.0 0.005074591838095503 0.005586941037354315 0.011565420560747669 0.0005852059925093633 0.006868998843461347
0 0.007692307692307693 0.0 1.0 0.0 0.006307997569965516 0.016768681997241745 0.014378145219266716 0.0024488619994237973 0.0002869111917206732
0 0.0033670033670033673 0.0 1.0 0.0 0.006347273133640476 0.00878093604884064 0.01654551748009692 0.0018033014287695938 0.032192668058919946
0 0.013888888888888888 0.0 1.0 0.0 0.011082236347607794 0.0 0.005919003115264798 0.0 0.14476955051976073
0 0.0016722408026755855 0.0 1.0 0.0 0.004035035274898981 0.006485019470001656 0.010971149939049168 0.0010991695163654128 0.007349617024440634
0 0.003401360544217687 0.0 1.0 0.0 0.0053697723679611165 0.011504150983228921 0.015576323987538943 0.0022293561619404316 0.00017855046544068602
0 0.0047619047619047615 0.0 1.0 0.0 0.0018801751314513348 0.0032123274861016507 0.011214953271028038 0.0004012841091492777 0.001446381935216955
0 0.002976190476190476 0.0 1.0 0.0 0.003652253665113861 0.011555458647300936 0.012194036493101912 0.0022293561619404316 0.000487279984090339
0 0.004201680672268907 0.0 1.0 0.0 0.008715290333624613 0.016033967902928666 0.02082777036048064 0.002808988764044944 0.024359272877004613
0 0.0022222222222222222 0.0 1.0 0.0 0.0035740296437966968 0.010879920721486415 0.008149532710280374 0.0011235955056179774 0.0007055969830221633
0 0.004048582995951417 0.0 1.0 0.0 0.0030956199937343964 0.00743972477446769 0.006326383896477355 0.0002881014116969173 0.002013590750202435
0 0.0016666666666666668 0.0 1.0 0.0 0.00554288889055594 0.006834457716970753 0.009221183800623053 0.0009987515605493133 0.0010532722355135052
0 0.0013227513227513227 0.0 1.0 0.0 0.005575255458569802 0.005027892316202102 0.015005192107995844 0.0015085310029130253 0.009031136093234651
0 0.021739130434782608 0.0 1.0 0.0 0.00918476685075296 0.008888162582853146 0.012153865430397186 0.0030158331239004766 0.021739130434782605
0 0.029411764705882353 0.0 1.0 0.0 0.01698259869753613 0.01040828848519531 0.020172910662824204 0.003230193811628697 0.03476560199104969
0 0.02222222222222222 0.0 1.0 0.0 0.0157060790367199 0.017313727992072484 0.012103746397694523 0.0032755298651252402 0.045952667351814795
0 0.013888888888888888 0.0 1.0 0.0 0.0034977059962143986 0.009254661838706275 0.013928914505283382 0.002408477842003853 0.006013159995229437
0 0.005714285714285714 0.0 1.0 0.0 0.003612985065695419 0.006263252984649001 0.01786743515850144 0.000495458298926507 0.0009564050045117662
0 0.01282051282051282 0.0 1.0 0.0 0.010393348581147627 0.013610838788332327 0.008423852804256263 0.0 0.03559689672835715
0 0.0038610038610038607 0.0 1.0 0.0 0.00994999330220951 0.012863973650634561 0.012539917439052884 0.0005467895641306046 0.007959495081622886
0 0.005952380952380952 0.0 1.0 0.0 0.004438631165369643 0.005314773465814705 0.01440922190201729 0.0011010184420589045 0.00018275365204768518
0 0.005847953216374269 0.0 1.0 0.0 0.011508863534794387 0.00724319491074995 0.012589109661762474 0.0007605719501064801 0.027455285695197226
0 0.002325581395348837 0.0 1.0 0.0 0.014011110735077019 0.006015163675579263 0.017492125192681455 0.0012770533673880896 0.015423568306650676
0 0.0027548209366391185 0.0 1.0 0.0 0.004835800529937625 0.002497585565607862 0.013710592961313422 0.0007006480994920301 0.01246389399595933
0 0.008333333333333333 0.0 1.0 0.0 0.01579345625245026 0.003932020094407116 0.005187319884726226 0.0005780346820809248 0.07169302014453861
1 0.0019230769230769232 0.0 1.0 0.0 0.009385749990104574 0.003508668581249681 0.013616714697406338 0.0008670520231213872 0.0074617893385039115
0 0.05 0.0 1.0 0.0 0.022852523676359496 0.01716298255052144 0.029389312977099236 0.006321839080459771 0.05
1 0.010638297872340425 0.0 1.0 0.0 0.01675149891053909 0.021766335287113355 0.029153808673055052 0.007988913344746067 0.010003006911848956
0 0.005952380952380952 0.0 1.0 0.10714285714285714 0.01415694980882784 0.01216575626880967 0.014040348964013091 0.0008894362342638205 0.012749622522582688
0 0.006756756756756757 0.0 1.0 0.0 0.016441867203196167 0.019658544934331803 0.03280379616257479 0.003934969452210831 0.014197305582115117
0 0.0064516129032258064 0.0 1.0 0.0 0.005672002866518077 0.01563130784586851 0.02684067963555774 0.00296625880608083 0.00015841104747149197
0 0.006172839506172839 0.0 1.0 0.0 0.010624011248334446 0.01676137659416732 0.033078880407124686 0.00454093940683979 0.030447789824702302
0 0.0032467532467532465 0.0 1.0 0.0 0.021315958725449564 0.01403104561439211 0.024722414989590557 0.003221873911529084 0.012996152057494935
0 0.037037037037037035 0.0 1.0 0.0 0.017411826249203975 0.032861810450842084 0.014654942712496668 0.007783145464304886 0.037037037037037035
0 0.015151515151515152 0.0 1.0 0.0 0.0065174247975617544 0.0179246238822775 0.018530630041421407 0.0035133948177426444 0.007863602315180393
0 0.009009009009009009 0.0 1.0 0.0 0.017785342012120304 0.01998353338226884 0.02508263659342796 0.0009792401096748924 0.0048014255352415115
0 0.011904761904761904 0.0 1.0 0.0 0.007920164474719653 0.0 0.029462144570058236 0.001725327812284334 0.013786513141987065
0 0.009523809523809525 0.0 1.0 0.0 0.005781075246969638 0.0 0.02432339842411785 0.0010351966873706005 0.0002864185192968096
0 0.02702702702702703 0.0 1.0 0.05405405405405406 0.009507376871529413 0.005108146276416507 0.009323491869693104 0.002613724835947059 0.027027027027027025
0 0.01282051282051282 0.0 1.0 0.0 0.006644715950200968 0.007072668000611342 0.015005528352550939 0.0027962435369842794 0.021194263594986305
0 0.023809523809523808 0.0 1.0 0.0 0.0018937580443075207 0.003999056298250624 0.021120563215019067 0.0027924750146972378 0.0006022761717442352
0 0.008333333333333333 0.0 1.0 0.0 0.002523608061645146 0.004791257139711346 0.02026009582477755 0.0018518518518518521 0.0010260595647180453
0 0.016666666666666666 0.0 1.0 0.0 0.01201491927864382 0.008298492126647997 0.008726899383983572 0.0008573388203017832 0.042857336245766625
0 0.009259259259259259 0.0 1.0 0.0 0.0038717951909499715 0.005443159961507794 0.003650467716176135 0.0 0.002010379883222641
0 0.005714285714285714 0.0 1.0 0.0 0.012425433792737915 0.009452064903846799 0.01782340862422998 0.0025514403292181075 0.030369118939657366
0 0.011363636363636364 0.0 1.0 0.0 0.00846158094731196 0.010796580779623012 0.018667164457718873 0.004115226337448561 0.033304596966907636
0 0.005555555555555555 0.0 1.0 0.0 0.01059383796708025 0.009392812113775014 0.02073921971252567 0.001440329218106996 0.010747718453602367
0 0.007692307692307693 0.0 1.0 0.0 0.014209801957023748 0.011353265678262106 0.02448270415416206 0.0025324469768914218 0.016130774027876556
0 0.011363636363636364 0.0 1.0 0.0 0.009247643442105161 0.007143428290015958 0.01026694045174538 0.0007716049382716049 0.049595542344595844
0 0.003205128205128205 0.0 1.0 0.0 0.007306634318915836 0.006431156540543196 0.013031116727215289 0.0012662234884457109 0.013499924689907995
0 0.002197802197802198 0.0 1.0 0.0 0.00730989750580276 0.0077616167525599526 0.011205632150190672 0.0014697236919459147 0.008397819879392253
0 0.006493506493506493 0.0 1.0 0.0 0.012721984317748668 0.006440629673614904 0.015680418144483857 0.00205761316872428 0.05292072975889124
0 0.00196078431372549 0.0 1.0 0.0 0.0054861487311538126 0.006129295037152942 0.017031042396424695 0.0013313967562333575 0.011942583730989956
0 0.002976190476190476 0.0 1.0 0.0 0.0063174534473503866 0.004851768362764046 0.021707245526547375 0.0009798157946306096 0.0009060171394585411
0 0.0017825311942959 0.0 1.0 0.0 0.0058411550193033 0.004585101592150118 0.02600958247775496 0.0015587978550941515 0.007196231536324203
0 0.003472222222222222 0.0 1.0 0.0 0.006454464609255197 0.008467012881597697 0.02387063655030801 0.0015432098765432098 0.022850034980335505
0 0.002631578947368421 0.0 1.0 0.0 0.00802596258853215 0.007191085503241943 0.01981519507186858 0.0009259259259259259 0.0007816661239422949
0 0.002631578947368421 0.0 1.0 0.0 0.008289180223627965 0.007981845372826537 0.020317734788717175 0.0021659085986571367 0.012312976704545698
0 0.0019047619047619048 0.0 1.0 0.0 0.007739302151938524 0.002997524232532792 0.007802874743326488 0.0003292181069958848 0.01648052761171932
0 0.0022727272727272726 0.0 1.0 0.0 0.006834539728369169 0.006378764980376516 0.013449691991786448 0.00051440329218107 0.025771960280610563
0 0.043478260869565216 0.0 1.0 0.0 0.030151816090782876 0.033835748897977636 0.029111531190926278 0.009916094584286803 0.04347826086956521
0 0.023809523809523808 0.0 1.0 0.0 0.018568431937126286 0.029623989161720002 0.014492753623188406 0.005012531328320802 0.06560597277389782
0 0.00980392156862745 0.0 1.0 0.0 0.017885434746337338 0.022773019590714517 0.018925831202046037 0.00283797729618163 0.035620100444666764
0 0.006756756756756757 0.0 1.0 0.0 0.017905708192215628 0.0035154518487818796 0.0199764982373678 0.0011853959222380274 0.02670298585677221
0 0.034482758620689655 0.0 1.0 0.0 0.012872876482752175 0.013865904901821158 0.015887960456631753 0.00519603212092584 0.034482758620689655
0 0.02 0.0 1.0 0.0 0.012440291807501986 0.010527786744602925 0.014744027303754263 0.00410958904109589 0.028703149575160198
0 0.014492753623188404 0.0 1.0 0.0 0.0038281518579813853 0.006620859234924559 0.014542216946134438 0.00357355568790947 0.0006929800608916892
0 0.019230769230769232 0.0 1.0 0.0 0.0038507750563351656 0.007960365085489878 0.012076660540824364 0.002370916754478398 0.030490996443607307
0 0.013333333333333334 0.0 1.0 0.0 0.00942597892358216 0.008528987651466672 0.007508532423208192 0.0009132420091324201 0.04178956949383537
0 0.020833333333333332 0.0 1.0 0.0 0.003439327892159411 0.011647936238569025 0.007252559726962457 0.0 0.014668798505512112
0 0.006493506493506493 0.0 1.0 0.0 0.008254043013667 0.009904965516589455 0.013651877133105804 0.0006226650062266501 0.006265974553305281
0 0.004166666666666667 0.0 1.0 0.0 0.014154071542819885 0.01462457199812561 0.01228668941979522 0.0014840182648401825 0.021320781261365662
0 0.0035842293906810036 0.0 1.0 0.06451612903225806 0.006588125229186754 0.005260358301289237 0.010018716283166352 0.00022094564737074678 0.0029092649648043813
0 0.008333333333333333 0.0 1.0 0.0 0.007674708333306511 0.008452489914939817 0.015642775881683734 0.001141552511415525 0.021195769478978877
0 0.005347593582887701 0.0 1.0 0.0 0.0024530205110477278 0.00411103631949495 0.009034330455731779 0.00040290088638195 0.0016351035386327922
0 0.006944444444444444 0.0 1.0 0.0 0.007865718474381589 0.011647936238569025 0.009954493742889647 0.001141552511415525 0.002031999383027229
0 0.002564102564102564 0.0 1.0 0.0 0.006796850797247135 0.0057521460196331186 0.01456200227531285 0.0006849315068493151 0.0009946167498159617
0 0.002747252747252747 0.0 1.0 0.0 0.00528993743617508 0.0057592716163903735 0.00984510370175899 0.0015806111696522655 0.010102338230125109
0 0.03571428571428571 0.0 1.0 0.0 0.013127970607247597 0.027296929226823082 0.018650793650793647 0.009229534510433386 0.03571428571428571
0 0.011111111111111112 0.0 1.0 0.044444444444444446 0.021975004619064487 0.024673419631709485 0.01827160493827161 0.0027465667915106116 0.009586124475304188
0 0.0196078431372549 0.0 1.0 0.0 0.028576964667984043 0.011360415376804186 0.01503267973856209 0.0013218770654329147 0.023726960789512322
0 0.029411764705882353 0.0 1.0 0.0 0.006482438148538601 0.00854819670891161 0.011588506370290052 0.0031925010188833037 0.029411764705882353
0 0.017241379310344827 0.0 1.0 0.0 0.005120958707202619 0.006765056502642171 0.015652312092801525 0.0031058373815401764 0.010243854997175152
0 0.007575757575757575 0.0 1.0 0.0 0.00355564448184153 0.008926090126134151 0.011363636363636366 0.0023619567499475118 0.00011253373697494513
0 0.0125 0.0 1.0 0.0 0.004733936481964132 0.005628501313028056 0.016474654377880184 0.0012702078521939955 0.00995476518466567
0 0.007692307692307693 0.0 1.0 0.0 0.006180349831818037 0.009657144234543032 0.014356611130804674 0.0018653402025226502 0.008547000818367014
0 0.004629629629629629 0.0 1.0 0.0 0.0033670553895700367 0.004884014617392893 0.012160778289810553 0.0006415191172696946 7.663800023864062e-05
0 0.005494505494505494 0.0 1.0 0.0 0.006853168984445394 0.008289245720467681 0.013115916341722796 0.0006217800675075503 0.000612662919177007
0 0.006944444444444444 0.0 1.0 0.0 0.003152933576787663 0.0065093671881893645 0.014976958525345621 0.001796253528355145 0.008638021579497392
0 0.003968253968253968 0.0 1.0 0.0 0.005295062820887322 0.008587753247842151 0.015306122448979593 0.000907291322995711 0.0026938832332430033
0 0.004545454545454546 0.0 1.0 0.0 0.005312482396895769 0.010626180058119708 0.015605362379555926 0.002204492966617678 0.00016619063258659477
0 0.004545454545454545 0.0 1.0 0.0 0.0029080268221174845 0.009047700900302252 0.019009216589861752 0.002424942263279446 0.0027823458484450207
0 0.004166666666666667 0.0 1.0 0.0 0.0037274291810414696 0.005117467738641463 0.012096774193548387 0.0012702078521939955 0.014977272504201528
0 0.004524886877828055 0.0 1.0 0.0 0.001241922922030571 0.0 0.01585795608566007 0.000950957750305665 0.0007421516304875109
0 0.008928571428571428 0.0 1.0 0.0 0.0024752748365646214 0.0 0.011808755760368665 0.0005773672055427252 0.02313855667211907
0 0.002150537634408602 0.0 1.0 0.0 0.003128376467599558 0.0020270862738059484 0.015385758882116844 0.0011174849139536619 0.00012657322222264165
0 0.0011363636363636363 0.0 1.0 0.0 0.004968961202311136 0.003317448028645706 0.012903225806451613 0.0010917488977535165 2.9381545443694783e-05
0 0.03571428571428571 0.0 1.0 0.07142857142857142 0.0055326585856930845 0.004125155049969084 0.007727272727272728 0.0012128562765312309 0.03571428571428571
0 0.020833333333333332 0.0 1.0 0.0 0.0070438319667991455 0.004410914048958748 0.0096969696969697 0.0010865170810592279 0.035175518544779565
1 0.011904761904761904 0.0 1.0 0.0 0.0014727894582336764 0.0018200788956195008 0.010974025974025975 0.001017932946374426 0.003243672278624763
0 0.016666666666666666 0.0 1.0 0.0 0.008699903952202204 0.005107876265880019 0.0047272727272727275 0.001495856074388519 0.06547195839157846
0 0.013333333333333334 0.0 1.0 0.0 0.006959721300900982 0.005723711818576989 0.005171717171717172 0.001455427531837477 0.06459668831190597
0 0.018518518518518517 0.0 1.0 0.0 0.006549039296375996 0.0057557858392756275 0.008417508417508417 0.001212856276531231 0.008584043956989475
0 0.01020408163265306 0.0 1.0 0.0 0.001222937553437929 0.0008839636268722573 0.008095238095238095 0.0005631118426752143 0.008460914036959883
0 0.007352941176470588 0.0 1.0 0.0 0.0020344483026113105 0.002911880182638024 0.009982174688057042 0.0006777726251203938 0.005582579228662783
0 0.012345679012345678 0.0 1.0 0.0 0.0014586488485414946 0.0022917575511502966 0.002760942760942761 0.0005390472340138805 0.01578307199451218
0 0.005555555555555556 0.0 1.0 0.0 0.0018898554205481423 0.0019418514227970715 0.007508417508417509 0.000640118590391483 0.0003081955762295818
0 0.007575757575757576 0.0 1.0 0.0 0.0016134796726162658 0.0006875272653450891 0.011616161616161616 0.0008085708510208204 0.0004670295346340672
0 0.0020833333333333333 0.0 1.0 0.0 0.0038299985642921406 0.002655719019623961 0.010590909090909092 0.00116737416616131 0.02327233675328525
0 0.004048582995951417 0.0 1.0 0.0 0.0011553822819332983 0.0026053664792024425 0.012567783094098882 0.0009894353834860043 0.0004494049240264481
0 0.0035714285714285713 0.0 1.0 0.1 0.0020463775944507827 0.0027928812987563605 0.009636363636363636 0.0011218920557913889 0.00029332802413584776
0 0.0047619047619047615 0.0 1.0 0.0 0.008729842090639322 0.0068465684445303595 0.009177489177489177 0.0015593866412544402 0.06825048366780816
0 0.001059322033898305 0.0 1.0 0.0 0.003447779077381041 0.00391782670968092 0.00807395993836672 0.0009867305300593054 0.015697690225505146
0 0.0021786492374727667 0.0 1.0 0.0 0.004314182647459645 0.004470702074925652 0.008529741863075195 0.0010780944680277612 0.035302766911170035
0 0.0015873015873015873 0.0 1.0 0.0 0.0010571241312351928 0.0016500654368282132 0.011601731601731603 0.0002945508100147275 0.002715077879991504
0 0.002631578947368421 0.0 1.0 0.0 0.005927851441893664 0.004506184738239506 0.006393939393939394 0.0006973923590054579 0.04777294199946502
0 0.002631578947368421 0.0 1.0 0.0 0.0060385731328220825 0.0034147864374254482 0.01036682615629984 0.0008298490313108423 0.05032655921493851
0 0.0023809523809523807 0.0 1.0 0.0 0.0029371430578836047 0.0018995957921637036 0.007060606060606061 0.00024257125530624622 0.0012496872175552667
0 0.0012626262626262627 0.0 1.0 0.0 0.002478931323837748 0.0024813277092771095 0.010959595959595963 0.000572737686139748 0.019295135477539544
0 0.002173913043478261 0.0 1.0 0.0 0.003114865472100338 0.00210585397176723 0.007484848484848485 9.096422073984233e-05 0.00043774497766426324
0 0.004629629629629629 0.0 1.0 0.0 0.001976434026721539 0.0022917575511502966 0.010909090909090908 0.00047166632976214536 0.0008350181287391411
0 0.0025 0.0 1.0 0.0 0.008197308086434495 0.006043922071865659 0.011401515151515152 0.0012886597938144332 0.060973207083416824
0 0.0013736263736263737 0.0 1.0 0.0 0.004734298391512168 0.00398992813558425 0.00696969696969697 0.0007363770250368188 0.03373083656107641
0 0.0024691358024691358 0.0 1.0 0.0 0.0013534397726689198 0.0033001308736564264 0.011636363636363636 0.0 0.0007810171184705302
0 0.001984126984126984 0.0 1.0 0.0 0.0008531560662234187 0.0013882409421917983 0.009057239057239057 0.00030321406913280777 0.000775628064799194
0 0.002028397565922921 0.0 1.0 0.0 0.00364895954361286 0.0016286200134572367 0.011693404634581107 0.0002140334605643349 0.000169609680669796
0 0.002564102564102564 0.0 1.0 0.0 0.0028699392131513782 0.0020710867900546703 0.0071794871794871795 0.0001865932733124971 0.0035830299736482013
0 0.005376344086021505 0.0 1.0 0.0 0.01785143387282952 0.009940741625622003 0.00787878787878788 0.0023246411966848595 0.16177088119245167
0 0.005208333333333333 0.0 1.0 0.0 0.0 0.0 0.004343434343434344 0.0 0.06366859408312157
0 0.000819000819000819 0.0 1.0 0.0 0.0008144790249862499 0.0010034181710441839 0.01085995085995086 0.00013111959746283579 0.00023602534401715553
0 0.0010893246187363833 0.0 1.0 0.0 0.00042521317515005074 0.0007145688574284153 0.010617283950617284 0.00017968241133796016 0.00032336598055379863
0 0.0008928571428571428 0.0 1.0 0.0 0.0008152989281619025 0.0005310132896739231 0.011553030303030305 0.0007390842935112189 0.0004446798266692815
0 0.0013888888888888887 0.0 1.0 0.0 0.0006735190672953047 0.0014819278551278022 0.0093030303030303 0.00033353547604608855 0.0006058795202696177
0 0.0045045045045045045 0.0 1.0 0.0 0.001992885569426813 0.0010117219104076969 0.009898989898989899 0.0006064281382656155 0.02410895147251969
0 0.0011441647597254005 0.0 1.0 0.0 0.0010431447955140353 0.0025658190258071906 0.01114624505928854 0.0010019247501779735 0.0003815023584134189
0 0.0011148272017837235 0.0 1.0 0.0 0.0018648001045648167 0.0006011275598326114 0.013069828722002635 0.0005800616974714582 0.0001252393050865007
0 0.0025 0.0 1.0 0.0 0.005409719616646404 0.0027502417480592227 0.010181818181818183 0.000545785324439054 0.002574737320297395
0 0.003048780487804878 0.0 1.0 0.0 0.0007519935938470684 0.001275293007240511 0.010000000000000002 0.00045482110369921165 0.025497339532220827
0 0.0010822510822510823 0.0 1.0 0.0 0.0026904682358898304 0.0020782252027241707 0.014738292011019288 0.0009923369535255527 0.00012722535949558566
0 0.0007047216349541931 0.0 1.0 0.0 0.0017950319456192549 0.001575824384335295 0.014435261707988986 0.0011025966150283919 7.794522533380328e-05
0 0.0016233766233766235 0.0 1.0 0.0 0.002294493474581226 0.004668502976308786 0.008008658008658007 0.00047647925149441224 0.000515954350832672
0 0.0024691358024691358 0.0 1.0 0.0 0.006386308810863071 0.0018334060409202376 0.007272727272727274 0.00013476180850347013 0.0027837340358417154
0 0.001976284584980237 0.0 1.0 0.0 0.010424200922384176 0.006172252448897553 0.006225895316804408 0.001212856276531231 0.08800314587362883
0 0.001519756838905775 0.0 1.0 0.0 0.0015464648790643046 0.0037845393494365287 0.005670995670995671 0.0004331629559040111 0.006145202442591255
0 0.002976190476190476 0.0 1.0 0.0 0.00654622278253351 0.00197653382124446 0.00935064935064935 0.0005197955470848133 0.003695519357700136
0 0.0009276437847866418 0.0 1.0 0.0 0.003004807328693447 0.0015905712450715918 0.0070523415977961435 0.00030321406913280777 0.0012399631870634253
0 0.0033333333333333335 0.0 1.0 0.0 0.0018852805590973004 0.0006875272653450891 0.0028282828282828287 0.0 0.029343699832683617
0 0.0021786492374727667 0.0 1.0 0.0 0.0050735948057001115 0.0022917575511502966 0.005925925925925926 0.0 0.0028870507480004814
0 0.001282051282051282 0.0 1.0 0.0 0.0038353410140139293 0.0023882671764345166 0.008848484848484849 0.0005255710531635334 0.001624524804060838
0 0.0011098779134295228 0.0 1.0 0.0 0.007662429025306429 0.004816080445920533 0.00980392156862745 0.001212856276531231 0.05585481156965682
0 0.0006858710562414266 0.0 1.0 0.0 0.001258188292007303 0.002402315695173417 0.007878787878787881 0.0006738090425173504 0.0001376933844744001
0 0.0012987012987012987 0.0 1.0 0.0 0.0014380965137318958 0.0008839636268722573 0.0116017316017316 0.000433162955904011 0.0004959957422404535
0 0.000744047619047619 0.0 1.0 0.0 0.0033320170284479277 0.00416430188704124 0.008686868686868689 0.0005811602991712149 0.00019278064355761164
0 0.0006747638326585695 0.0 1.0 0.0 0.005533387265729184 0.002928657850846698 0.01745920745920746 0.0013761253906796659 0.0362255191662071
0 0.0021551724137931034 0.0 1.0 0.0 0.0011812817222108516 0.0 0.00643939393939394 0.00022741055184960583 0.019279940777937578
0 0.0006779661016949153 0.0 1.0 0.0 0.003009317754568433 0.0015916555979282288 0.015684848484848486 0.0012371134020618554 7.442490841684715e-05
0 0.0008333333333333333 0.0 1.0 0.0 0.002564444524576811 0.0027364200081936253 0.00866666666666667 0.0006973923590054578 0.00024800906994470274
0 0.00234192037470726 0.0 1.0 0.0 0.015494809923926404 0.008520635679104575 0.007359307359307359 0.0021658147795200556 0.1385074211348951
0 0.0004743833017077799 0.0 1.0 0.0 0.002659237864440698 0.0018084750207129617 0.012281639928698754 0.000749117111975172 0.00012279256739805892
0 0.000992063492063492 0.0 1.0 0.0 0.0015138313771857253 0.0032790788798688036 0.014999999999999998 0.001137052759248029 0.0005681173980065049
0 0.002232142857142857 0.0 1.0 0.0 0.003168541782763715 0.001876843247753416 0.00935064935064935 0.0003465303647232089 0.008933714330787478
0 0.0008097165991902835 0.0 1.0 0.0 0.003286739792057974 0.0035217817213889706 0.0158213716108453 0.0013724426287063931 0.0002471747407241955
0 0.0004208754208754209 0.0 1.0 0.0 0.001692638031493835 0.0016559121777893287 0.010841750841750842 0.0003369045212586753 0.00013085686503877032
0 0.0003827018752391887 0.0 1.0 0.0 0.001491751963777574 0.0018513046389096678 0.010069930069930073 0.0004353843043958265 9.234897263003075e-05
0 0.0021008403361344537 0.0 1.0 0.0 0.006677782879612154 0.004528406293492459 0.009177489177489177 0.0009529585029888244 0.0037108970197267956
0 0.0013175230566534915 0.0 1.0 0.0 0.0009140070409688074 0.0 0.002975206611570248 0.0 0.009895481605050712
0 0.0007518796992481202 0.0 1.0 0.0 0.0019077938279759513 0.0014142159302568272 0.00992025518341308 0.0005106763269605184 0.00034414507441093436
0 0.0004856726566294318 0.0 1.0 0.0 0.00419635169930168 0.0024131763565532955 0.012957157784743994 0.0010455657556303717 0.03289962289061282
0 0.0007716049382716049 0.0 1.0 0.0 0.001887096906260053 0.0010634196803913929 0.008249158249158247 0.00047166632976214547 0.0004424617572716264
0 0.0013698630136986301 0.0 1.0 0.0 0.001646071787408029 0.0010463182242141835 0.012424242424242424 0.00042449969678593093 0.0012950014490345305
0 0.0016891891891891893 0.0 1.0 0.0 0.0015519498956704054 0.0014756804905610567 0.0025757575757575754 0.00030321406913280777 0.015599833277851199
0 0.0008888888888888889 0.0 1.0 0.0 0.003719827217033151 0.002964045035014221 0.010626262626262626 0.0006872852233676975 0.0017047872557034284
0 0.0006578947368421052 0.0 1.0 0.0 0.0015619422221903093 0.0007163753824997312 0.006424242424242424 0.000272892662219527 0.0038358613082324624
0 0.001443001443001443 0.0 1.0 0.0 0.0033259972372836474 0.001636171623970419 0.004579124579124579 0.0003369045212586753 0.007260603729966857
0 0.0005574136008918618 0.0 1.0 0.0 0.007179480954813232 0.005137295182151073 0.013227931488801057 0.0017401850924143748 0.036613666391154404
0 0.0018083182640144665 0.0 1.0 0.0 0.0003911861439055077 0.0 0.005974025974025974 0.0 0.03361138358991477
0 0.0007352941176470588 0.0 1.0 0.0 0.0032437024501166967 0.003413033443203486 0.010837789661319075 0.0009988228159668962 0.0001654179965796605
0 0.001763668430335097 0.0 1.0 0.0 0.0022860311063716762 0.0021036492308191103 0.002857142857142857 0.0004331629559040111 0.012837008141934064
0 0.0004516711833785005 0.0 1.0 0.0 0.0025127007700729803 0.0010758051605653006 0.009292929292929294 0.0005390472340138805 0.00012197171560650044
0 0.0005020080321285141 0.0 1.0 0.0 0.005090757927413728 0.002604749332076191 0.007500000000000001 0.0006316959773600162 0.03980390025908685
0 0.0013227513227513227 0.0 1.0 0.0 0.001526749294403387 0.0011486293984792825 0.005656565656565657 0.0007411899467690857 0.011221540115750057
0 0.001176470588235294 0.0 1.0 0.0 0.0018015308773162593 0.0004887575550132844 0.006242424242424242 0.00042449969678593093 0.010316770934458834
0 0.0004152823920265781 0.0 1.0 0.10714285714285714 0.004458868897520598 0.0012889075064916238 0.010627705627705628 0.0005847699904704148 4.94482389377988e-05
0 0.00039635354736424893 0.0 1.0 0.0 0.0005723977584588812 0.0 0.009258098223615467 0.00027184709646389663 0.0012930547100479253
0 0.0011363636363636363 0.0 1.0 0.1 0.0005938258810229274 0.0007409639275639012 0.011333333333333334 0.0006670709520921771 0.0020184521897795176
0 0.02564102564102564 0.0 1.0 0.05128205128205128 0.017485557150555473 0.019882602813039718 0.018737672583826432 0.006941493129338427 0.025641025641025647
0 0.013157894736842105 0.0 1.0 0.0 0.01233373673962403 0.01675213081500872 0.016194331983805668 0.00319860424542018 0.01085480832925079
0 0.020833333333333332 0.0 1.0 0.0 0.012627656811063061 0.006854158603631116 0.012019230769230768 0.0020718232044198894 0.020028428580425275
0 0.014705882352941176 0.0 1.0 0.0 0.009117832115276638 0.0 0.007756948933419522 0.0 0.0160081606880478
0 0.02 0.0 1.0 0.0 0.02171351152098127 0.03612539509265527 0.026373626373626374 0.007734806629834254 0.06391611740681703
0 0.013888888888888888 0.0 1.0 0.0 0.010901273659173575 0.015659288129199613 0.011446886446886446 0.0032228360957642726 0.0013010076328268713
0 0.010989010989010988 0.0 1.0 0.0 0.011419796263063034 0.01734567300465188 0.01183431952662722 0.0 0.025410172478058792
0 0.0078125 0.0 1.0 0.0 0.0 0.0 0.01098901098901099 0.0 0.0005705801713363432
0 0.005291005291005291 0.0 1.0 0.0 0.010606754437450567 0.014317063432411075 0.012558869701726842 0.0018416206261510127 0.014053021555721693
0 0.02564102564102564 0.0 1.0 0.05128205128205128 0.015814594879140487 0.013173267072610743 0.012405273538876781 0.003328652415873511 0.02564102564102564
0 0.015625 0.0 1.0 0.0 0.007728053864735059 0.0039129219271478105 0.016257591093117408 0.002789046653144016 0.014951334218302005
1 0.0303030303030303 0.0 1.0 0.0 0.0024544185059835037 0.002974463981367671 0.02208317997791682 0.0025815969020837174 0.0008204102380683323
0 0.022727272727272728 0.0 1.0 0.0 0.0056330833891455765 0.008141439690295122 0.0049687154950312845 0.002397197123363452 0.002506386135256071
0 0.0071428571428571435 0.0 1.0 0.0 0.005721312114445388 0.0043946690738960875 0.017423366107576634 0.0018110692552883222 0.028418034654462077
0 0.0047619047619047615 0.0 1.0 0.0 0.0030397497605870595 0.005038305605745497 0.010179294389820707 0.0004636337293538105 0.007845693614606318
0 0.010989010989010988 0.0 1.0 0.0 0.010637570719236798 0.0030971513989882524 0.012457178449081284 0.000936183491964425 0.06031240114520199
0 0.003787878787878788 0.0 1.0 0.0 0.010520946020052518 0.010363397076832339 0.015580910317752425 0.002397197123363452 0.031335198667673196
0 0.007936507936507936 0.0 1.0 0.0 0.015489572702432253 0.017575684664602374 0.01431463273568537 0.0028977108084613156 0.06675298800170569
0 0.0125 0.0 1.0 0.0 0.012030772713415544 0.009893795315808158 0.005313765182186235 0.0005070993914807302 0.10101572054580267
0 0.0036363636363636364 0.0 1.0 0.0 0.010157108932056812 0.010874407800797707 0.014493927125506074 0.002352941176470588 0.024380520312580277
0 0.0023148148148148147 0.0 1.0 0.0 0.008196647825175573 0.008573630579580094 0.012483130904183536 0.0015212981744421906 0.017853058619125655
0 0.0034965034965034965 0.0 1.0 0.0 0.012046295142890517 0.008615452066277968 0.019322782480677217 0.0017517978978425226 0.024489676950360154
0 0.002747252747252747 0.0 1.0 0.0 0.004702828150178088 0.007208242660827776 0.011912176891933978 0.0012482446559525667 0.0002019896202538277
0 0.002777777777777778 0.0 1.0 0.0 0.00863742582659336 0.007361725456452623 0.015603913630229416 0.0016903313049357674 0.027179935768669703
0 0.001953125 0.0 1.0 0.0 0.004829566310099969 0.00230003134693413 0.018092105263157892 0.0007606490872210953 0.00021653397063717698
0 0.0014705882352941176 0.0 1.0 0.0 0.006327170779748914 0.002968083576912755 0.01437246963562753 0.0014198782961460446 0.00021406637735994668
0 0.004273504273504273 0.0 1.0 0.0 0.0026850511416105097 0.005306908069374561 0.019464341326689505 0.0006241223279762834 0.0010934432229192466
0 0.003508771929824561 0.0 1.0 0.0 0.007906447382342885 0.006439048457507801 0.011605937921727396 0.0005409060175794456 0.05354244017309291
0 0.0013513513513513514 0.0 1.0 0.0 0.002927758651004077 0.0043743870909381385 0.007823613086770981 0.0007675017817005646 0.007936359366468483
0 0.01639344262295082 0.0 1.0 0.03278688524590164 0.0024314256634038562 0.0034102354567002095 0.011467490298566562 0.0011256619209182865 0.016393442622950817
0 0.03571428571428571 0.0 1.0 0.0 0.0003178171280875149 0.0014097253585225844 0.013802622498274674 0.0009671179883945844 0.0028105157001540202
0 0.013333333333333332 0.0 1.0 0.0 0.0024483305820408906 0.0030627991682013627 0.010705314009661834 0.001121856866537718 0.01722427351589607
0 0.01 0.0 1.0 0.0 0.0012649670229425381 0.0028096370529683244 0.008695652173913044 0.0010444874274661514 0.010573056507766831
0 0.010526315789473684 0.0 1.0 0.0 0.0014198133457350862 0.0024943020311712343 0.013272311212814645 0.0011707217754250232 0.009505979999530437
0 0.011904761904761904 0.0 1.0 0.0 0.0017896347328954416 0.0032893591698860305 0.011801242236024844 0.0008980381320806855 0.0281447646991183
0 0.004464285714285714 0.0 1.0 0.0 0.0029716070975224704 0.0023342084140842386 0.012620772946859905 0.0011182301740812384 0.009856556678702479
0 0.015625 0.0 1.0 0.0 0.0 0.0016446795849430153 0.016304347826086956 0.0008462282398452611 0.05398801263866165
0 0.008547008547008546 0.0 1.0 0.0 0.006920597530931152 0.003884982408068611 0.009587513935340023 0.0009671179883945844 0.011108831553645702
0 0.005 0.0 1.0 0.0 0.006477899774613538 0.004150510926255102 0.004975845410628019 0.001063829787234043 0.0053946963582052
0 0.012987012987012988 0.0 1.0 0.0 0.0007715835964366707 0.0028194507170451687 0.00676328502415459 0.0008289582757667864 0.09879118360766934
0 0.003472222222222222 0.0 1.0 0.0 0.0009250716349033954 0.0032893591698860297 0.010587761674718197 0.000805931656995487 0.00247995683758586
0 0.002849002849002849 0.0 1.0 0.0 0.0027222097310498567 0.0027227648923289632 0.0048667024512435144 0.0003940110323089046 0.006116927099748128
0 0.002747252747252747 0.0 1.0 0.0 0.002650758714281132 0.003812014899289282 0.01289483463396507 0.00022318107424490404 0.0017203186086855314
0 0.006060606060606061 0.0 1.0 0.0 0.0012400060359300778 0.0023922612144625676 0.008871321914800176 0.00017583963425356076 0.03023286635248581
0 0.002840909090909091 0.0 1.0 0.0 0.0034761601661929737 0.00371757879822719 0.010057092665788319 0.0003077193599437313 0.013306816701059277
0 0.0034602076124567475 0.0 1.0 0.0 0.0034243273672334264 0.0029962578582254343 0.009263995453253767 0.00039822505404482877 0.01061057365828142
0 0.003472222222222222 0.0 1.0 0.0 0.0027719425963817273 0.003094794625346125 0.014130434782608696 0.00012088974854932302 0.02809259888023527
0 0.002288329519450801 0.0 1.0 0.0 0.002333970810343174 0.004047396263311425 0.007603444654484351 0.00021024304095534438 0.010720380505377726
0 0.0038461538461538464 0.0 1.0 0.0 0.0056277384835892365 0.004217975500146646 0.009364548494983279 0.0004463621484898081 0.008452145952342905
0 0.003663003663003663 0.0 1.0 0.0 0.0039475608777324155 0.004451365757238425 0.005648457822370867 0.00029757476565987203 0.018499522860124185
0 0.0026737967914438505 0.0 1.0 0.0 0.0034587695857392358 0.003295353055177749 0.014435919295254332 0.0005120036409147798 0.008103140366352773
0 0.0018115942028985507 0.0 1.0 0.0 0.005030828723031208 0.003732872369369754 0.013003220611916265 0.00036266924564796907 0.0034909456963298294
0 0.006944444444444444 0.0 1.0 0.0 0.011704464115891459 0.0052588135808352135 0.0075684380032206115 0.0003223726627981947 0.021378742658170316
0 0.005714285714285714 0.0 1.0 0.0 0.004729485977153181 0.0016881037808135855 0.018771566597653555 0.00027631942525559546 0.08622073401093078
0 0.0010683760683760685 0.0 1.0 0.0 0.0029753300068797073 0.0018766529415697245 0.012211486849168013 0.0002686438856651623 0.0009537384573218576
0 0.0009033423667570009 0.0 1.0 0.0 0.002486817069005625 0.003224628565373172 0.008459997643454698 0.0003538236542907015 0.005708808021272544
0 0.0015527950310559005 0.0 1.0 0.0 0.00560922074559518 0.0035830567697564468 0.010417979416089058 8.409721638213776e-05 0.012331318737948923
0 0.0011494252873563218 0.0 1.0 0.0 0.0021331159158814402 0.0024121967245830885 0.010789049919484702 0.0 0.0003203850180494938
0 0.002777777777777778 0.0 1.0 0.0 0.0011741013378144633 0.0010964530566286768 0.00821256038647343 0.0003223726627981947 0.03674446905879955
0 0.0005467468562055768 0.0 1.0 0.0 0.002272731238700362 0.0034580192017597978 0.010464259395725865 0.000426187588106088 0.002013472731767445
0 0.001838235294117647 0.0 1.0 0.0 0.00434881362562815 0.004979630598432407 0.009150326797385621 0.0005688929343497554 0.008638371074703926
0 0.0033670033670033673 0.0 1.0 0.0 0.005784535938116585 0.0013421461746321896 0.00998389694041868 0.0003223726627981947 0.00980121755316881
0 0.0008403361344537815 0.0 1.0 0.0 0.0023600556348257716 0.0023589501511228667 0.011815044858523123 0.0005526388505111909 0.0055313689375023475
0 0.0015873015873015873 0.0 1.0 0.0 0.005060604923886704 0.0011466838119718987 0.011325818572195383 0.0002686438856651623 0.001992057584509478
0 0.0021367521367521365 0.0 1.0 0.0 0.002217866478364513 0.0019645556864885936 0.007060572277963584 0.0004463621484898081 0.03146219225204637
0 0.0016891891891891893 0.0 1.0 0.0 0.0012183240899282465 0.0019983481958118546 0.00857487922705314 0.0006648936170212766 0.0223312102257812
0 0.0013850415512465374 0.0 1.0 0.0 0.002283413129929527 0.0013431413432995092 0.011695906432748539 0.0004581085208184872 0.005311184592126723
0 0.0011148272017837235 0.0 1.0 0.0 0.0037872912068767266 0.0009742022960892253 0.007519428691451376 0.00037843747371961987 0.013653414941141268
0 0.0016666666666666668 0.0 1.0 0.0 0.002090650175163598 0.0004845741232238411 0.007149758454106281 0.0002578981302385558 0.022751270516008743
0 0.0016260162601626016 0.0 1.0 0.0 0.0027932942067829163 0.0 0.008180354267310789 0.0 0.0380596799089409
0 0.0007215007215007215 0.0 1.0 0.0 0.0011225367104316696 0.00026374829554716986 0.014873371395110526 0.0002637594513803411 0.0023326649433770903
0 0.0016611295681063123 0.0 1.0 0.0 0.0011185215115044156 0.0006302558678427913 0.0158040027605245 0.0004144791378833932 0.016171261702624538
0 0.003787878787878788 0.0 1.0 0.0 0.007160364672366384 0.0022838265094992627 0.007729468599033816 0.00048355899419729207 0.09747667778245885
0 0.0014814814814814816 0.0 1.0 0.0 0.002151704809510105 0.0005044517092750672 0.010756843800322059 0.00038684719535783365 0.015730531310612438
0 0.0005175983436853002 0.0 1.0 0.0 0.002448439935834173 0.0014690066354688214 0.00885668276972625 0.00039145251911209357 0.0027151015585268686
0 0.001519756838905775 0.0 1.0 0.0 0.0005983894479212353 0.0 0.013802622498274674 0.00034539928156949437 0.010792942840348072
0 0.0018939393939393938 0.0 1.0 0.0 0.0003952401994141647 0.0 0.005972771190162495 0.0 0.05655869673259272
0 0.0012004801920768306 0.0 1.0 0.0 0.003529788877101693 0.0008060564151173868 0.008127308894572322 0.0001706678803049266 0.027070043483455486
0 0.0022222222222222222 0.0 1.0 0.2222222222222222 0.0016861732607815908 0.0 0.012882447665056362 0.0002149151085321298 0.024392151504575712
0 0.0021786492374727667 0.0 1.0 0.0 0.0005213617406622649 0.0 0.0045088566827697265 0.0 0.06700024032428441