0 0.02857142857142857 0.0 1.0 0.05714285714285714 0.006022561213467914 0.007298741128777324 0.012343966712898752 0.0026394998842324607 0.028571428571428564
1 0.015151515151515152 0.0 1.0 0.0 0.005655268680950671 0.006672066227599969 0.013533392174168874 0.0027012425715829294 0.009413315026327685
0 0.020833333333333332 0.0 1.0 0.0 0.005863432056168761 0.004134356622765991 0.008191747572815532 0.0015194489465153972 0.003381703973764202
0 0.005434782608695652 0.0 1.0 0.0 0.004527125341710436 0.005945614263605135 0.012417335021809483 0.0023958847156648586 0.0077032061775733655
0 0.00425531914893617 0.0 1.0 0.0 0.0038098060708453467 0.00558974323961582 0.008538180816635682 0.0018966171247284393 0.010298885061138519
0 0.003875968992248062 0.0 1.0 0.0 0.007507520864772357 0.009034559395591057 0.010912922405358622 0.0010930609475707663 0.012280213270793127
0 0.002857142857142857 0.0 1.0 0.0 0.00346990204123852 0.004748104479464088 0.009093851132686084 0.0005510534846029174 0.00925516922108757
0 0.003472222222222222 0.0 1.0 0.0 0.001993940601398299 0.004899978219574507 0.00966379000359583 0.00022510354763191067 0.0005607193904436974
0 0.008547008547008546 0.0 1.0 0.0 0.004026350846370231 0.007512579570629853 0.007592730893701767 0.001122054606657524 0.0024284023481108232
0 0.004166666666666667 0.0 1.0 0.0 0.0034446742143182754 0.004500111647226042 0.0084277238403452 0.0001350621285791464 0.0008338617338491907
0 0.004784688995215311 0.0 1.0 0.0 0.0018960205449182535 0.002901302893169116 0.015670243570090274 0.0008530239699735563 0.0005436458648196322
0 0.003968253968253968 0.0 1.0 0.0 0.0038109916877567453 0.006225637495253143 0.009939898289412854 0.000694605232692753 0.000559017032035919
0 0.0027472527472527475 0.0 1.0 0.0 0.003956463131155797 0.0033866180528565625 0.013176144244105412 0.0014470942347765687 0.017789577842307995
0 0.0047619047619047615 0.0 1.0 0.0 0.0032287466255708727 0.0036090946288162024 0.0056094929881337656 0.0009724473257698541 0.03899280092418618
0 0.0020833333333333333 0.0 1.0 0.0 0.0052310062676104285 0.0055875608719550985 0.012186488673139158 0.001012965964343598 0.001080577262055214
0 0.0020161290322580645 0.0 1.0 0.0 0.0018267818153010575 0.0010370326350785269 0.010648293141246478 0.0007842317143305276 0.002435483527946678
0 0.0012004801920768306 0.0 1.0 0.0 0.005007486142334206 0.0050571118079486 0.013176144244105409 0.0007276816723447887 0.006258046423121411
0 0.00505050505050505 0.0 1.0 0.0 0.012570577840889217 0.005689869456698047 0.01426890261841718 0.0002946810078090467 0.0003040196786680664
0 0.0023923444976076554 0.0 1.0 0.0 0.00029193743889880075 0.0005011341360928474 0.011694616063548102 0.00014734050390452334 0.0005825975025858658
0 0.00625 0.0 1.0 0.0 0.0 0.0 0.007686084142394823 0.0 0.04159215642874134
0 0.003401360544217687 0.0 1.0 0.0 0.004038501677431605 0.004960416442808856 0.006356911696717522 0.0012734429266033805 0.04191086267317534
0 0.005050505050505051 0.0 1.0 0.2222222222222222 0.014566866226968324 0.0 0.0032362459546925564 0.0 0.005134368869185547
0 0.006211180124223602 0.0 1.0 0.0 0.012559776039435632 0.0 0.0048543689320388345 0.0 0.00846736809806631
0 0.004629629629629629 0.0 1.0 0.0 0.007494941185498538 0.0024499891097872536 0.0066522833513124775 0.00036016567621105706 0.007258883389181716
0 0.04 0.0 1.0 0.0 0.013315941440824318 0.022888853463572608 0.018969072164948447 0.01208333333333333 0.039999999999999994
0 0.02 0.0 1.0 0.0 0.01671413176718342 0.026850178622827917 0.015257731958762889 0.0020833333333333333 0.01267131041375404
0 0.010416666666666666 0.0 1.0 0.0 0.017493620188012482 0.026023959241059665 0.017074742268041235 0.003255208333333333 0.020906793054592317
0 0.016666666666666666 0.0 1.0 0.0 0.013053997805382075 0.018895541009234195 0.013745704467353953 0.0 0.017280890042171614
0 0.043478260869565216 0.0 1.0 0.0 0.02382056916538172 0.014404557349926813 0.02946460653970535 0.009057971014492752 0.043478260869565216
0 0.016666666666666666 0.0 1.0 0.0 0.023870838493332706 0.023692750024274546 0.02038567493112948 0.0030555555555555553 0.01991527895927357
0 0.0303030303030303 0.0 1.0 0.0 0.007565855863211871 0.01620191905895017 0.028549962434259956 0.0015151515151515152 0.007456829729341096
0 0.009615384615384616 0.0 1.0 0.0 0.007083347960146891 0.004337164167530883 0.02161474888747616 0.0019230769230769232 0.013485742285515153
0 0.011764705882352941 0.0 1.0 0.0 0.008769422064592816 0.01364210240681614 0.0160427807486631 0.000980392156862745 0.01847885529794758
0 0.011904761904761904 0.0 1.0 0.0 0.03713989463409525 0.03338788937797365 0.01948051948051948 0.0011904761904761904 0.05307297204246917
0 0.03333333333333333 0.0 1.0 0.0 0.011276231619035132 0.009676803467523398 0.011323763955342903 0.0024780175859312544 0.03333333333333333
0 0.017857142857142856 0.0 1.0 0.0 0.005387951814412715 0.006408559643419615 0.01939507860560492 0.0027406646111682075 0.0175135687050526
0 0.01111111111111111 0.0 1.0 0.0 0.005039561619056364 0.00667156823530296 0.00988835725677831 0.0024780175859312544 0.004032827327256492
0 0.008620689655172414 0.0 1.0 0.0 0.004748641140017202 0.00291649641407974 0.013694109882857618 0.0016538493343256425 9.3742471956557e-05
0 0.015384615384615385 0.0 1.0 0.0 0.0027286723258697163 0.002509645734486003 0.011225616488774383 0.00036893562073418186 0.002686135416956235
0 0.020833333333333332 0.0 1.0 0.0 0.0141285010912414 0.006117261477809633 0.012858851674641148 0.0005995203836930455 0.07647173024821094
0 0.003484320557491289 0.0 1.0 0.0 0.008367348146532474 0.008596690536399047 0.011203174232699266 0.0008773469029654324 0.011501079389208796
0 0.005434782608695652 0.0 1.0 0.0 0.008031664894071745 0.007092477075721313 0.005928853754940711 0.0 0.003939588137381369
0 0.006172839506172839 0.0 1.0 0.0 0.011026876470451929 0.00839464115643879 0.016613503455608723 0.0014654942712496667 7.160893601078586e-05
0 0.002777777777777778 0.0 1.0 0.0 0.003754446096966602 0.007412904460741623 0.013157894736842108 0.0005995203836930455 0.009093235136632512
0 0.005681818181818182 0.0 1.0 0.0 0.008493755037291335 0.005909483545987106 0.009419856459330144 0.00029976019184652276 0.04390416190208521
0 0.001984126984126984 0.0 1.0 0.0 0.008648577736563932 0.010579989376784536 0.01099339257233994 0.0006280689733927144 0.010931411719338265
0 0.006410256410256411 0.0 1.0 0.0 0.00881997963728607 0.0021647083941664347 0.011164274322169059 0.0007993605115907274 0.022143869741992585
0 0.004464285714285714 0.0 1.0 0.0 0.0015520399175102712 0.0016235312956248262 0.0058313397129186595 0.0008992805755395683 0.0022559795316916243
0 0.0047619047619047615 0.0 1.0 0.0 0.0022552706823940573 0.0018554643378569443 0.00478468899521531 0.0010277492291880781 0.0029461359988981035
0 0.001893939393939394 0.0 1.0 0.0 0.007561762790896536 0.0 0.015369001014934032 0.0001453382748346777 0.005686431259499027
0 0.004201680672268907 0.0 1.0 0.0 0.0022181536598728 0.0 0.015892002734108 0.0 0.0006583097240572144
0 0.0037037037037037034 0.0 1.0 0.0 0.004333903364866984 0.002359153591482384 0.01786283891547049 0.0006394884092725819 0.001674838076378412
0 0.045454545454545456 0.0 1.0 0.09090909090909091 0.011881468100456642 0.023182847214530556 0.008236729713239781 0.007371007371007371 0.045454545454545456
0 0.02 0.0 1.0 0.0 0.017636914200944567 0.029415761138699717 0.011006711409395973 0.005135135135135136 6.299184196700527e-05
0 0.01111111111111111 0.0 1.0 0.0 0.010172179323236084 0.0015473418618638904 0.017225950782997764 0.0013513513513513514 0.01781915408055258
0 0.03571428571428571 0.0 1.0 0.0 0.015164518561351129 0.022805077330927737 0.014381591562799615 0.0019305019305019305 0.07805282828348728
0 0.008695652173913044 0.0 1.0 0.0 0.010518090786022873 0.017232574964452015 0.014298220017508025 0.0011750881316098707 0.012665516727251665
0 0.006944444444444444 0.0 1.0 0.0 0.004248391647752782 0.0076603544632030535 0.012863534675615212 0.0 0.0003639910156508306
0 0.007936507936507936 0.0 1.0 0.0 0.014507646913857496 0.007685806078575187 0.01789709172259507 0.0015015015015015015 0.010674032349370687
0 0.03571428571428571 0.0 1.0 0.0 0.008958341080816057 0.011027612591132408 0.010204081632653062 0.0035714285714285718 0.03571428571428571
0 0.02631578947368421 0.0 1.0 0.0 0.00552724119752097 0.007216505005052541 0.016030642644346716 0.002844950213371266 0.015183754285929475
0 0.0303030303030303 0.0 1.0 0.0 0.008478509317349954 0.010615897906937326 0.008086253369272238 0.003931203931203931 0.05435077446733365
0 0.015625 0.0 1.0 0.0 0.0006391913695707147 0.002298106338960916 0.015161725067385445 0.0028716216216216218 0.0009397474882808762
0 0.008 0.0 1.0 0.0 0.0042939012232748874 0.004013755746904945 0.015633423180592992 0.0024864864864864865 0.02674000197567233
0 0.00505050505050505 0.0 1.0 0.0 0.0037970450085306096 0.0077971948875502 0.015682430776770395 0.0011466011466011467 0.012452783468326794
0 0.0047619047619047615 0.0 1.0 0.0 0.0028628637461356136 0.009466645505103512 0.01949685534591195 0.001981981981981982 0.016594900716760588
0 0.005434782608695652 0.0 1.0 0.0 0.006772396573592518 0.009906063095879096 0.009258174147427635 0.0009400705052878967 0.023859643605413695
0 0.004830917874396135 0.0 1.0 0.0 0.008181009503792634 0.011502573057438108 0.01371147310441814 0.0016451233842538192 0.028296362176911206
0 0.0033333333333333335 0.0 1.0 0.0 0.004167542550909746 0.007166603208847919 0.011500449236298293 0.0006306306306306307 0.016364278166470736
0 0.003952569169960474 0.0 1.0 0.0 0.008036661022971603 0.010940132269876876 0.016641275049806628 0.0011750881316098707 0.02726693756026702
0 0.003333333333333333 0.0 1.0 0.0 0.005595158543228471 0.008374744634438441 0.014663072776280324 0.0007567567567567568 0.016005676391460763
0 0.0016722408026755855 0.0 1.0 0.0 0.005625279377917866 0.005932419564304063 0.013711473104418137 0.0010575793184488837 0.011313286427549639
0 0.008928571428571428 0.0 1.0 0.0 0.0041167436541538855 0.006894319016882748 0.012129380053908356 0.0 0.003844213776327807
0 0.003703703703703704 0.0 1.0 0.0 0.003568910528979125 0.0030641417852812214 0.013776579814315664 0.00030030030030030034 0.0008867814547829467
0 0.004807692307692308 0.0 1.0 0.0 0.001396810101115142 0.0 0.011611030478955007 0.0 0.003325894170622207
0 0.030303030303030304 0.0 1.0 0.0 0.009981172312672799 0.006407739549210863 0.010886644219977553 0.0021926125822229717 0.030303030303030304
0 0.017857142857142856 0.0 1.0 0.0 0.0052310510826414905 0.006978876957732118 0.013690476190476189 0.002319109461966604 0.006777365810971639
0 0.014492753623188404 0.0 1.0 0.0 0.012979917113655788 0.008435740181806766 0.013768115942028985 0.0025006049850770334 0.03827195157787421
0 0.008333333333333333 0.0 1.0 0.0 0.004583361271467292 0.005513940516412607 0.011481481481481483 0.001793444650587507 0.00634186135706433
0 0.011764705882352941 0.0 1.0 0.0 0.005928012626358376 0.0037118818963899985 0.0196078431372549 0.0008730765033286041 0.067145891173215
0 0.008771929824561403 0.0 1.0 0.0 0.002022889164898094 0.0069130491510089745 0.009746588693957116 0.0009764671418806758 0.000760865874674632
0 0.0047619047619047615 0.0 1.0 0.0 0.006094751903236184 0.006710200037775265 0.01154320987654321 0.001607915893630179 0.03535655985118702
0 0.008928571428571428 0.0 1.0 0.0 0.009637968164736237 0.0083177337796773 0.014285714285714285 0.0015902464882056719 0.07777995983010114
0 0.0037037037037037034 0.0 1.0 0.0 0.006488163770872408 0.005190816685625885 0.012469135802469134 0.000989486703772418 0.03357515654210988
0 0.00625 0.0 1.0 0.0 0.006854286445704887 0.005139253997827673 0.009953703703703704 0.0009276437847866419 0.06952407919720564
0 0.006493506493506494 0.0 1.0 0.0 0.004861450218190994 0.009791346670859466 0.012433862433862434 0.0015902464882056719 0.0011044458273223683
1 0.00641025641025641 0.0 1.0 0.0 0.004088791466706452 0.008110047625980644 0.00754985754985755 0.0002854288568574283 0.0025006446361446584
0 0.0038461538461538464 0.0 1.0 0.0 0.00608085197433776 0.008523562139765307 0.009907407407407408 0.002040816326530612 0.05683849894935452
0 0.0035714285714285713 0.0 1.0 0.0 0.005105061326370172 0.007693561233275054 0.014814814814814812 0.0011131725417439704 0.017252418131209066
0 0.0030303030303030303 0.0 1.0 0.0 0.005197904906170229 0.010762783858849307 0.01430976430976431 0.0024456063417102377 0.00831500214265413
0 0.005208333333333333 0.0 1.0 0.0 0.005576201308921101 0.006772853767151788 0.013425925925925924 0.0010822510822510823 0.01935756996374902
0 0.004524886877828054 0.0 1.0 0.0 0.00375585911410883 0.0023188670196393974 0.011823361823361824 0.0014271442842871416 0.0037124752165058946
0 0.0030864197530864196 0.0 1.0 0.0 0.0075438859004449115 0.0029963418494248894 0.007921810699588479 0.0006184291898577612 0.06225761222195436
0 0.0020242914979757085 0.0 1.0 0.0 0.0023784352145844595 0.0011794945061573538 0.011823361823361824 0.0007849293563579278 0.009211133508662954
0 0.004545454545454546 0.0 1.0 0.0 0.010531852529067782 0.007643584049541834 0.00808080808080808 0.0016866250632484399 0.10277874521056664
0 0.0021645021645021645 0.0 1.0 0.0 0.00752609522134228 0.008970006741918798 0.01296296296296296 0.002276943835385394 0.04578979514841686
0 0.004545454545454545 0.0 1.0 0.0 0.002476607001052822 0.002524079689545199 0.007222222222222223 0.0009276437847866419 0.003491208707835242
0 0.001610305958132045 0.0 1.0 0.0 0.006819700480053884 0.003058330214630469 0.017283950617283945 0.0012368583797155224 0.039470896763185236
0 0.0012254901960784314 0.0 1.0 0.0 0.008537781412585982 0.004343407325670819 0.016339869281045753 0.0016370184437411329 0.022643190019665548
0 0.0010526315789473684 0.0 1.0 0.0 0.006569725695827359 0.0009319740763697102 0.00969785575048733 0.0003905868567522703 0.02155452930335543
0 0.038461538461538464 0.0 1.0 0.07692307692307693 0.00918050888135232 0.013456246119040807 0.01382007822685789 0.0043171114599686025 0.03846153846153846
0 0.01282051282051282 0.0 1.0 0.0 0.003622786100159399 0.008441705924548598 0.010430247718383313 0.003401360544217688 0.0037398217588030633
0 0.014492753623188404 0.0 1.0 0.0 0.004651032140106479 0.00846988920702082 0.010316875460574798 0.001922508133688258 0.0004391205519336556
0 0.010869565217391304 0.0 1.0 0.0 0.004078458519633981 0.004664484060909629 0.007958732498157702 0.0004436557231588287 0.00790078595614692
0 0.011111111111111112 0.0 1.0 0.0 0.00698512815493083 0.010283287624073031 0.010546139359698682 0.0007558578987150416 0.03837491465000211
0 0.006944444444444444 0.0 1.0 0.0 0.005166277475136669 0.00941030703379671 0.013700564971751412 0.002125850340136054 0.0051612741333733276
0 0.0049261083743842365 0.0 1.0 0.0 0.005981538441565681 0.007978412811780801 0.010870835768556401 0.0002345765892563922 0.00020763687659195018
0 0.0125 0.0 1.0 0.0 0.011943479910073882 0.015377148889325953 0.013220338983050847 0.002040816326530612 0.07294502596789268
0 0.004273504273504273 0.0 1.0 0.0 0.00484317263501042 0.01089241600650191 0.012516297262059974 0.0030088958660387227 0.0004150025849576219
0 0.0038461538461538464 0.0 1.0 0.0 0.004644458875991299 0.008157708129922904 0.009387222946544982 0.002354788069073783 0.01485606124861765
0 0.0030303030303030303 0.0 1.0 0.0 0.004192533328928465 0.004951088581771673 0.010508474576271189 0.0013605442176870747 0.00024257102760561923
0 0.008333333333333333 0.0 1.0 0.0 0.008133202322985172 0.0023137397154164322 0.012542372881355932 0.0 0.00259285014644111
1 0.006993006993006993 0.0 1.0 0.0 0.004975736988574735 0.009772426780448262 0.0067796610169491515 0.0012368583797155224 0.04102919994005863
0 0.047619047619047616 0.0 1.0 0.0 0.016398376487979434 0.03203569990339691 0.01621808143547274 0.007994438651372959 0.04761904761904763
0 0.041666666666666664 0.0 1.0 0.0 0.006789907294879184 0.02258347971950775 0.00966183574879227 0.007907542579075427 0.02738075062462046
0 0.016666666666666666 0.0 1.0 0.0 0.010403943910228333 0.012160155706591829 0.011231884057971013 0.00291970802919708 0.02573003626206317
0 0.009615384615384616 0.0 1.0 0.0 0.005652153209287168 0.009548560869349116 0.011426978818283166 0.0 0.0018756677555882505
0 0.009523809523809525 0.0 1.0 0.0 0.00904569891550552 0.011822027743003668 0.010351966873706006 0.0013903371567605145 0.012319660035032973
0 0.00980392156862745 0.0 1.0 0.0 0.007709980658683925 0.012544518364544788 0.01832907075873828 0.0025762129669386004 0.017149820315743386
0 0.006802721088435374 0.0 1.0 0.0 0.01789148967471574 0.010540440005403693 0.016218081435472737 0.0010427528675703858 0.026684955043738478
0 0.034482758620689655 0.0 1.0 0.06896551724137931 0.018006680436837338 0.01988783996381838 0.01754036276659358 0.0068163592622293495 0.03448275862068966
0 0.038461538461538464 0.0 1.0 0.0 0.012403977489898669 0.012168863619542595 0.01067140951534015 0.005366726296958854 0.0002703568638396509
0 0.007575757575757575 0.0 1.0 0.0 0.008441253023855344 0.013978887350889901 0.012086179716237518 0.0021141649048625794 0.005070449094578864
0 0.014705882352941176 0.0 1.0 0.0 0.004803358783216346 0.006979201193561193 0.014280856851411084 0.0 0.018978059750134915
0 0.014285714285714287 0.0 1.0 0.0 0.0033828007740683654 0.01412457384411194 0.00990916597853014 0.0 0.0004326085818733156
0 0.010416666666666666 0.0 1.0 0.0 0.011084075992555814 0.012149930840013805 0.013728323699421962 0.0014534883720930232 0.01800146204415914
0 0.007518796992481203 0.0 1.0 0.0 0.007578952336199381 0.010407580727240377 0.010039549741405534 0.0 0.004059602457229701
0 0.009615384615384616 0.0 1.0 0.0 0.017365279745672847 0.01698523831377787 0.01734104046242774 0.004025044722719141 0.04035074777819484
0 0.013888888888888888 0.0 1.0 0.0 0.02659766198691124 0.004943600845439179 0.008670520231213872 0.0 0.10381724118597321
0 0.034482758620689655 0.0 1.0 0.0 0.016822086523033866 0.02071161580364542 0.035929587653725586 0.008742107819329773 0.034482758620689655
0 0.012195121951219513 0.0 1.0 0.0 0.00946263614596639 0.018856692533286187 0.02728978338734436 0.003263483339058742 0.010153172200835309
0 0.02222222222222222 0.0 1.0 0.0 0.017161292198088065 0.03025372239191878 0.0303030303030303 0.004225352112676056 0.046444825901733856
0 0.020833333333333332 0.0 1.0 0.0 0.010674831107472313 0.003992015706176239 0.03146853146853148 0.002347417840375587 0.032872966371726126
0 0.008333333333333333 0.0 1.0 0.0 0.007850268831577372 0.013916121767506317 0.01048951048951049 0.0005868544600938967 0.016581780006417433
0 0.007575757575757575 0.0 1.0 0.09090909090909091 0.011840300431810209 0.008709852449839066 0.01589319771137953 0.0 0.01504475943125337
0 0.043478260869565216 0.0 1.0 0.08695652173913043 0.019290059523797084 0.02042511176572655 0.009557721139430283 0.004893657067570113 0.043478260869565216
0 0.019230769230769232 0.0 1.0 0.0 0.016448920990815834 0.019254197631787092 0.007460212201591511 0.004495504495504498 6.461309676807938e-05
0 0.011494252873563218 0.0 1.0 0.06896551724137931 0.008514428993625586 0.009807082551669165 0.00980975029726516 0.0023884161815196296 0.00013517468925673584
0 0.016666666666666666 0.0 1.0 0.0 0.011323392189897419 0.01177903855121093 0.013218390804597701 0.0008658008658008659 9.629442639907911e-05
0 0.009090909090909092 0.0 1.0 0.0 0.011828787799773343 0.012168804157128389 0.010188087774294668 0.0007870916961826052 0.030527698521264544
0 0.007936507936507936 0.0 1.0 0.0 0.011440275517880393 0.011736465212179754 0.01703612479474548 0.0016491445062873633 0.009081522591737
0 0.01020408163265306 0.0 1.0 0.0 0.01557710397626698 0.014295135739687782 0.010467980295566502 0.0006184291898577613 0.04137552788043302
0 0.004807692307692308 0.0 1.0 0.0 0.016373217977188912 0.010193398746240227 0.010775862068965518 0.0004995004995004995 0.013087587610610999
0 0.003367003367003367 0.0 1.0 0.0 0.015615216858947656 0.005172251635684897 0.011886102403343783 0.0010494555949101404 0.008589102596727044
0 0.004347826086956522 0.0 1.0 0.0 0.00815452951682996 0.0017778856471464238 0.004497751124437782 0.0003764351590438547 0.0001002097882448753
0 0.03225806451612903 0.0 1.0 0.06451612903225806 0.015155129016901712 0.011439579051718675 0.01803676725633021 0.008765778401122016 0.03225806451612904
0 0.01282051282051282 0.0 1.0 0.0 0.024270480439927213 0.02989448202131004 0.019575406672180863 0.0011148272017837235 0.014674095146732737
0 0.014492753623188404 0.0 1.0 0.0 0.015300982179189192 0.022413111050879734 0.0182328190743338 0.001890359168241966 0.011168645255595066
0 0.030303030303030304 0.0 1.0 0.0 0.005792788460434005 0.004288137850990028 0.010438413361169104 0.0015832304233558158 0.030303030303030304
0 0.021739130434782608 0.0 1.0 0.0 0.0038029720557261003 0.001968506801946089 0.012072251974221657 0.0012720912271137158 0.030033448599676035
0 0.047619047619047616 0.0 1.0 0.0 0.0020855199796646373 0.002030868715726022 0.009394572025052192 0.0008956560680698612 0.015536577828011808
0 0.008620689655172414 0.0 1.0 0.0 0.007303819681479604 0.0037737603166914505 0.009322582967388955 0.0015133499081180426 0.03152075320782764
0 0.014285714285714287 0.0 1.0 0.0 0.00326127638450305 0.00415557362482753 0.008052490307187594 0.0012688460964323032 0.0035965556775897885
0 0.018518518518518517 0.0 1.0 0.0 0.0034962358820535434 0.0023693468350136928 0.009858501507770817 0.0009288285150354115 0.005551295594809154
0 0.004329004329004329 0.0 1.0 0.06060606060606061 0.002013118049500771 0.0030155323354719714 0.009141519579932943 0.0012982489471517692 0.0002145269374322768
0 0.00390625 0.0 1.0 0.0 0.001835270289574672 0.003319986884021576 0.009720772442588727 0.001469435736677117 0.001280037888843204
1 0.0022675736961451248 0.0 1.0 0.0 0.0047289494041773085 0.004351795290861363 0.011993523923139193 0.0018552875695732845 0.014739141777248128
0 0.003703703703703704 0.0 1.0 0.0 0.0071834371770744514 0.004880814160985709 0.01418851001314467 0.0009288285150354116 0.03381547373303348
1 0.0025974025974025974 0.0 1.0 0.0 0.0030164068552659446 0.0031261899268408984 0.01616462869072472 0.0010449320794148381 0.014821445230194429
0 0.0043859649122807015 0.0 1.0 0.0 0.005394791719236333 0.004746655933257654 0.015822437094824747 0.0013749106308089975 0.037821052135888836
0 0.004048582995951417 0.0 1.0 0.0 0.003313687420565456 0.004950083257502567 0.012196461927260741 0.001099928504647198 0.030541608481199623
0 0.002232142857142857 0.0 1.0 0.0 0.002646401985969771 0.0033289664381887085 0.015298799582463465 0.0007836990595611285 0.02194881797063005
0 0.0015873015873015873 0.0 1.0 0.0 0.005249018651461911 0.0032603968209615627 0.013743910925539317 0.0010200527441906753 0.016935484744946203
0 0.002232142857142857 0.0 1.0 0.0 0.004825898659340821 0.0050313104426097195 0.014240978228452125 0.0012315270935960591 0.02381408694834658
0 0.0053475935828877 0.0 1.0 0.0 0.005257847461287719 0.007627471705389113 0.011102676029607135 0.0019948703334283276 0.052260784097908665
0 0.002525252525252525 0.0 1.0 0.0 0.00515254107267868 0.005507643252439753 0.009963940026570507 0.00037997530160539567 0.03234315510364215
0 0.002506265664160401 0.0 1.0 0.0 0.004389493185966044 0.0019905179063407245 0.009593398946217318 0.0007463800567248844 0.033100618781926654
0 0.005 0.0 1.0 0.0 0.008818201256020503 0.0038903709134263066 0.01127348643006263 0.0008359456635318706 0.06961353007837723
0 0.005952380952380952 0.0 1.0 0.0 0.007008841730035467 0.006933753342389491 0.014352818371607515 0.0018286311389759666 0.0735651980094984
0 0.003246753246753247 0.0 1.0 0.0 0.00480142442402521 0.005264844176066025 0.011482254697286014 0.00029855202268995375 0.051206096133728465
0 0.006211180124223602 0.0 1.0 0.0 0.009587949536713478 0.0030463030735890335 0.011034894124664478 0.0 0.10446704702858707
0 0.0008680555555555555 0.0 1.0 0.0 0.004447677927079222 0.0037820472058729513 0.01646224773834377 0.0006095437129919888 0.01737516845793135
0 0.0023529411764705885 0.0 1.0 0.0 0.00663140018791097 0.003978616434153222 0.007859511236644972 0.0003073329645337759 0.03972956554331564
0 0.005494505494505495 0.0 1.0 0.2857142857142857 0.002192792561536261 0.0030463030735890335 0.005517447062332239 0.0 0.022719781647079832
0 0.003367003367003367 0.0 1.0 0.0 0.004522712106176202 0.006335100704472554 0.01840956538242551 0.002089864158829676 0.052449309617909716
0 0.0009157509157509158 0.0 1.0 0.0 0.0036824671647104333 0.0024196378491252598 0.013489641882126225 0.0006430351257937464 0.01779631107073864
0 0.002028397565922921 0.0 1.0 0.0 0.0 0.0008362400594165974 0.008841950141225593 0.00012293318581351037 0.007716352684192505
0 0.001282051282051282 0.0 1.0 0.0 0.0021992965986465185 0.0024604755594372957 0.010839890798137146 0.0 0.0008051360420125079
0 0.0026881720430107525 0.0 1.0 0.0 0.002388223943336814 0.0035540202525205385 0.006002087682672234 0.0 0.006491282419220672
0 0.0010080645161290322 0.0 1.0 0.0 0.005715481406069303 0.003988344675613594 0.009158865916896759 0.0004381973236255772 0.01581402394603374
0 0.0027548209366391185 0.0 1.0 0.0 0.004511535124238797 0.0019385565013748393 0.009204782691212754 0.00018998765080269783 0.053398607583351576
0 0.0011312217194570135 0.0 1.0 0.0 0.00303170795813584 0.004481718767095097 0.01770515497029067 0.0017281569005706938 0.02080171283932856
0 0.0015873015873015873 0.0 1.0 0.0 0.004613393547275512 0.005845906126355748 0.010554395731848758 0.0011029838616045512 0.03153200451814049
0 0.0012626262626262625 0.0 1.0 0.0 0.0026015689575108127 0.0 0.010580755361548682 0.0005699629524080935 0.0024619257633048497
0 0.0006285355122564425 0.0 1.0 0.0 0.00553765929283005 0.0019180141661981071 0.011021022479001797 0.0007290223809870962 0.01709097572919658
0 0.0010526315789473684 0.0 1.0 0.0 0.005489256958218882 0.0028042227299112715 0.018580375782881006 0.00142110762800418 0.035814081535494806
0 0.0005827505827505828 0.0 1.0 0.0 0.002331212050515608 0.0017481317623284887 0.010960334029227557 0.0013061650992685478 0.012332035815957048
0 0.0006756756756756757 0.0 1.0 0.0 0.0034764510040163825 0.001021539827258899 0.009507419737064832 0.000677793781242057 0.017972472827038677
0 0.027777777777777776 0.0 1.0 0.0 0.017954768123716366 0.03029112303670065 0.02914951989026063 0.007805325987144164 0.027777777777777773
0 0.02 0.0 1.0 0.0 0.012819446113119552 0.020815858855858974 0.02666666666666667 0.0064462809917355335 0.02624218273781014
1 0.006666666666666666 0.0 1.0 0.0 0.011944312992173413 0.015154403417097357 0.028312757201646086 0.002066115702479339 0.007116905227170235
1 0.008928571428571428 0.0 1.0 0.0 0.011625601518159279 0.02372325852640661 0.029247501469723686 0.00487012987012987 0.02351563691632397
0 0.005128205128205128 0.0 1.0 0.05128205128205128 0.010022437659903285 0.010728130501055077 0.02289754141605994 0.001589319771137953 0.01496823916539078
0 0.004901960784313725 0.0 1.0 0.0 0.01927047975541658 0.0255412804283024 0.031106269668361164 0.005104521147301897 0.02084776335171564
0 0.004608294930875576 0.0 1.0 0.0 0.011663794087053047 0.014007930825663772 0.030134076729058806 0.0022660623833644362 0.022508250346000725
0 0.041666666666666664 0.0 1.0 0.0 0.022652165921974027 0.018057876126217686 0.016786570743405275 0.005565583634175691 0.041666666666666664
0 0.020833333333333332 0.0 1.0 0.0 0.023875026506120663 0.024357295799290784 0.017685851318944845 0.006317689530685921 0.034592910885507956
0 0.01515151515151515 0.0 1.0 0.0 0.013984578836933277 0.010095530903288921 0.01618705035971223 0.004430587463078436 0.0190820384798814
0 0.020833333333333332 0.0 1.0 0.0 0.01278276745212896 0.010232242423773031 0.0170863309352518 0.0024067388688327313 0.03560460175839524
0 0.008333333333333333 0.0 1.0 0.0 0.008677442435762225 0.00688147455368622 0.022332134292565944 0.0007521058965102287 0.02586620097072502
0 0.005208333333333333 0.0 1.0 0.0 0.010366502141485923 0.010002490645935145 0.021357913669064747 0.0014666064981949457 0.015318563361272398
0 0.004329004329004329 0.0 1.0 0.0 0.010346906081400507 0.00992535582635464 0.014824504033137125 0.0013127666557269447 0.016055468280718427
0 0.003676470588235294 0.0 1.0 0.0 0.011153596742601283 0.012082842944897003 0.013965298349555648 0.0015926948396687197 0.02014248381047536
0 0.007407407407407407 0.0 1.0 0.0 0.011109847619264297 0.01672575511644081 0.014628297362110314 0.003610108303249097 0.01462941873867245
0 0.004 0.0 1.0 0.0 0.007413139491745777 0.013743411199001356 0.01553956834532374 0.002743682310469314 0.008846531593212801
0 0.008264462809917356 0.0 1.0 0.0 0.01686098420269945 0.01065966682231609 0.01765860039241334 0.0013127666557269447 0.052138187869952606
0 0.0037878787878787876 0.0 1.0 0.0 0.008762621705647601 0.003094516235517968 0.017331589274035317 0.0008204791598293403 0.005425927058087896
0 0.02857142857142857 0.0 1.0 0.05714285714285714 0.011294715953718115 0.012460952808067447 0.015441783649876136 0.0046376811594202915 0.02857142857142857
0 0.023809523809523808 0.0 1.0 0.0 0.006048264066855627 0.01142082173728539 0.017065785851913016 0.00427881297446515 0.004404389812605128
0 0.020833333333333332 0.0 1.0 0.0 0.010141021444717804 0.015086427785602827 0.013005780346820806 0.0050724637681159425 0.06068938161941363
0 0.009615384615384616 0.0 1.0 0.0 0.009181950301109399 0.007992217399579189 0.012116496220542462 0.0030100334448160543 0.038733563481806725
1 0.016666666666666666 0.0 1.0 0.0 0.013698478666813322 0.01972330283358556 0.019267822736030824 0.004347826086956522 0.09067130618263954
0 0.007575757575757575 0.0 1.0 0.0 0.006852356138443017 0.01509044168138398 0.010641093011035207 0.0022397891963109357 0.046411684617838705
0 0.006493506493506493 0.0 1.0 0.0 0.002633019072042173 0.006182294619592916 0.00696269048870205 0.0007905138339920949 0.0005808768015050397
0 0.007352941176470588 0.0 1.0 0.0 0.010849810923057146 0.013760683208954004 0.01224073444406664 0.0018755328218243818 0.057533415623069815
0 0.0065359477124183 0.0 1.0 0.0 0.016151894753207944 0.02251116375174348 0.022271336280176808 0.004774083546462063 0.05706131902632434
0 0.002564102564102564 0.0 1.0 0.0 0.0018456339243899773 0.005519968856111585 0.012449977767896846 0.0008175399479747306 0.00017394127951171737
0 0.003134796238244514 0.0 1.0 0.0 0.008193368449236354 0.008841266216328688 0.014550528204106038 0.0018990504747626188 0.03493184058779497
0 0.0030864197530864196 0.0 1.0 0.0 0.003992296085960366 0.0024210170961539886 0.00792121601370156 0.0009661835748792271 0.010999027225501843
0 0.002136752136752137 0.0 1.0 0.0 0.008021752137112141 0.004442425774394004 0.014210019267822739 0.0013687600644122385 0.024248205848504307
0 0.0026455026455026454 0.0 1.0 0.0 0.003555276433255867 0.007586415385207488 0.00695782487690002 0.0007514761137949543 0.0006681040023841972
0 0.05 0.0 1.0 0.0 0.02286323464199756 0.016196178007915025 0.021764705882352943 0.011309523809523814 0.05
0 0.017857142857142856 0.0 1.0 0.0 0.012257399261820448 0.026029571798434854 0.015126050420168066 0.0008503401360544217 0.02374051843109285
0 0.018518518518518517 0.0 1.0 0.0 0.026667125744563435 0.031366496682315816 0.024836601307189548 0.0013227513227513227 0.04230746782099079
0 0.013157894736842105 0.0 1.0 0.0 0.017527107618595994 0.02119132422118603 0.031578947368421054 0.0037593984962406013 0.013103555673022573
0 0.058823529411764705 0.0 1.0 0.11764705882352941 0.04032822711191713 0.03155332013509358 0.02718734552644588 0.00897308075772682 0.058823529411764705
1 0.027777777777777776 0.0 1.0 0.0 0.009278242564807969 0.00607892765823384 0.0196078431372549 0.00753295668549906 0.004699675277912405
0 0.0303030303030303 0.0 1.0 0.0 0.01960993540770263 0.023414983820414324 0.022154316271963327 0.003852080123266564 0.029090054150395825
0 0.03125 0.0 1.0 0.0 0.02332166860093132 0.02704349083681111 0.032563025210084036 0.005296610169491525 0.03484916718184093
0 0.02 0.0 1.0 0.0 0.014270917040243697 0.030876350405348123 0.01848739495798319 0.0025423728813559325 0.01218980756242327
0 0.00641025641025641 0.0 1.0 0.0 0.013439424703732761 0.019954873816792302 0.006140917905623788 0.0 0.03871390549122928
0 0.0049261083743842365 0.0 1.0 0.0 0.006679141627474598 0.007951367344622222 0.0165169516082295 0.0 0.0011996897616552771
0 0.045454545454545456 0.0 1.0 0.0 0.007449708433696711 0.011122293596017511 0.006679700228087326 0.003433616742969261 0.045454545454545456
0 0.019230769230769232 0.0 1.0 0.0 0.011445774791115339 0.013151492157867373 0.02233250620347394 0.004427227448810184 0.016827553761272738
0 0.011494252873563218 0.0 1.0 0.0 0.009057278235124864 0.01219980428963901 0.015572858731924363 0.0035971223021582744 0.005586126133615646
0 0.008928571428571428 0.0 1.0 0.0 0.01169362341075998 0.013558900224458464 0.012672811059907835 0.0008992805755395683 0.010274241872350395
0 0.008333333333333333 0.0 1.0 0.0 0.007799715045638009 0.013285649423640843 0.015083632019115896 0.000749400479616307 0.007680549914717284
0 0.003472222222222222 0.0 1.0 0.0 0.008494364820784386 0.008424211421902006 0.011872759856630824 0.000524580335731415 0.0022271411606645092
0 0.005952380952380952 0.0 1.0 0.0 0.005427125541694901 0.005097717898174693 0.012694145758661887 0.0 0.00011486401544290758
1 0.005434782608695652 0.0 1.0 0.0 0.005794452237551801 0.004742703455668819 0.01901199937665576 0.0014075695964967157 0.00015260967884504856
0 0.004830917874396135 0.0 1.0 0.0 0.011112770742377185 0.0040554264530613055 0.01589527816736793 0.0017203628401626526 0.014025745286179935
0 0.005555555555555556 0.0 1.0 0.0 0.0074994156645418015 0.004572928257789002 0.01632815611310235 0.0011990407673860913 0.02863106936011079
0 0.006493506493506494 0.0 1.0 0.0 0.005846561324222315 0.0025482172676190885 0.01817716333845366 0.0007708119218910587 0.00026286870273059407
0 0.037037037037037035 0.0 1.0 0.0 0.019284904238732407 0.019335140972583285 0.010797631487286661 0.005474027486606103 0.037037037037037035
0 0.013157894736842105 0.0 1.0 0.0 0.011645956846769733 0.009766325144658462 0.02219105758125722 0.005130751406818934 0.015674625820093855
0 0.018518518518518517 0.0 1.0 0.0 0.009852863587527362 0.005699804237509026 0.012365029606408916 0.003144654088050314 0.011571653857760175
0 0.010416666666666666 0.0 1.0 0.0 0.017048221239529374 0.017968442272912267 0.014367816091954026 0.0030136268343815514 0.014554427795075034
0 0.004545454545454546 0.0 1.0 0.045454545454545456 0.011992951983585298 0.012837071892313373 0.013109147905386153 0.001858204688393368 0.02090304591664059
0 0.0043859649122807015 0.0 1.0 0.0 0.015397330014222013 0.016659381747272013 0.015261508001979875 0.002896391923204237 0.01990493769868776
0 0.004201680672268907 0.0 1.0 0.0 0.01731131605686989 0.01755106176664281 0.013645583625299652 0.0033296337402885685 0.023561719467211258
0 0.005 0.0 1.0 0.0 0.0112706491684144 0.013381935754582781 0.0135423197492163 0.0028930817610062893 0.016511590969590498
0 0.004629629629629629 0.0 1.0 0.0 0.015727652828776004 0.01750471282786037 0.019200626959247645 0.002620545073375262 0.042876775098443586
0 0.004545454545454546 0.0 1.0 0.0 0.008093507788960978 0.010255261116765177 0.012396694214876032 0.0024299599771297883 0.02334783497627698
0 0.0036363636363636364 0.0 1.0 0.0 0.010553682959953802 0.01143455125090769 0.01379310344827586 0.0023899371069182385 0.018929599701799353
0 0.047619047619047616 0.0 1.0 0.0 0.017471108295673523 0.005281927143939444 0.019581664441477527 0.005365526492287055 0.047619047619047616
0 0.022727272727272728 0.0 1.0 0.0 0.018789690707930504 0.020122389976109448 0.011894647408666099 0.004908237302603499 0.01825315314760094
0 0.01515151515151515 0.0 1.0 0.0 0.005389648180705317 0.01304229456983802 0.0159303313508921 0.0032010243277848915 0.00020707101187675636
0 0.0078125 0.0 1.0 0.0 0.006368689878317759 0.010510940858303168 0.021466121495327097 0.0019072769953051645 8.909301684899383e-05
0 0.010526315789473684 0.0 1.0 0.0 0.016220272917881196 0.018715748240287017 0.01574028529267093 0.0017296763034346432 0.004277979965497121
0 0.008333333333333333 0.0 1.0 0.1 0.013024040581240699 0.005736382706821001 0.023130841121495327 0.001643192488262911 0.019859381047520268
0 0.017857142857142856 0.0 1.0 0.0 0.0 0.0 0.018691588785046728 0.0 0.0028168323150311544
0 0.005208333333333333 0.0 1.0 0.0 0.009872298613296337 0.009314703314411222 0.014602803738317757 0.0 0.03787199059148327
0 0.004830917874396135 0.0 1.0 0.0 0.013985374427622845 0.0159093402134676 0.017269402681836653 0.00265360277607675 0.01875291746159716
0 0.004347826086956522 0.0 1.0 0.0 0.012628472369224318 0.007894574230736372 0.013612352702153595 0.001837109614206981 0.03099981994450571
0 0.03225806451612903 0.0 1.0 0.06451612903225806 0.006525878118165513 0.00650215368684135 0.00971090523495926 0.0022921674959467766 0.03225806451612903
0 0.017857142857142856 0.0 1.0 0.0 0.005302470578766759 0.009026985819253664 0.006982204646564507 0.0022901708343649415 0.014273275024788359
0 0.041666666666666664 0.0 1.0 0.0 0.007748818732030609 0.006445620627539098 0.013192041522491349 0.0032495667244367412 0.06900338570320029
0 0.010869565217391304 0.0 1.0 0.0 0.0049164384260774515 0.004357374831874792 0.021513464720926734 0.002335920428000904 0.0018644996907000607
0 0.011764705882352941 0.0 1.0 0.0 0.006099496743044561 0.007659943372009233 0.012823122328516182 0.00275257416658171 0.03413949861308861
0 0.005376344086021505 0.0 1.0 0.0 0.006089763774243344 0.00697548132424233 0.009487666034155597 0.0021803544473640067 0.02115562268966109
0 0.005714285714285714 0.0 1.0 0.0 0.008369521591414648 0.004706738747569379 0.012456747404844292 0.0021490467937608313 0.025081921908100557
1 0.00625 0.0 1.0 0.0 0.006991970844964376 0.008891543218741712 0.015570934256055362 0.0017331022530329288 0.034394519375691934
0 0.004629629629629629 0.0 1.0 0.0 0.0058926032972348745 0.007903002945797372 0.009227220299884658 0.0009387637203928364 0.023507438370680898
0 0.0025 0.0 1.0 0.0 0.0054128044287037 0.006582547947539104 0.014965397923875435 0.0012131715771230502 0.020463582696655973
0 0.0033670033670033673 0.0 1.0 0.0 0.0038063225052424824 0.006137655809117722 0.014033064206074586 0.0008986456126837408 0.022460924292224748
0 0.002976190476190476 0.0 1.0 0.0 0.006173849535815276 0.004046810584055385 0.013655462184873951 0.0014236197078484772 0.01426865573119142
0 0.005128205128205128 0.0 1.0 0.0 0.004292697238695674 0.002144051016733677 0.005536332179930796 0.0005777007510109763 0.044541381096821014
0 0.0026455026455026454 0.0 1.0 0.0 0.003627056694829475 0.0011911394537409317 0.007945661924900678 0.0004493228063418705 0.023346607870883645
0 0.006060606060606061 0.0 1.0 0.0 0.007448370349691789 0.005358748041062164 0.014784523435042466 0.0 0.05898853674634231
0 0.001644736842105263 0.0 1.0 0.0 0.003709320612163543 0.00163848274749629 0.012793662356583501 0.0005472954483261881 0.012045466184354228
0 0.0018975332068311196 0.0 1.0 0.0 0.0028165781411890792 0.0016633859683971865 0.01172005804219221 0.0007826913400793872 0.016077289193510116
0 0.0037037037037037034 0.0 1.0 0.0 0.0011047575626041389 0.0031437988507564693 0.018223760092272202 0.0 0.0016335116208626606
0 0.0037593984962406013 0.0 1.0 0.0 0.003045778749420379 0.005007393595736315 0.0042016806722689065 0.0002475860361475613 0.003642844222197543
0 0.0038461538461538464 0.0 1.0 0.0 0.003928042809841962 0.007254920424822623 0.00758583976577056 0.0 0.0029258257093987346
0 0.0013605442176870747 0.0 1.0 0.0 0.006458384168438712 0.0069804462171600854 0.015719228868017795 0.0014359990096558552 0.020071974214482053
0 0.0012285012285012285 0.0 1.0 0.0 0.005485479529213571 0.006425408007075546 0.015757972505377353 0.0006089278186331913 0.01120348882417529
0 0.0010869565217391304 0.0 1.0 0.0 0.002467828971104164 0.0046884016184899424 0.015441176470588236 0.00025996533795493934 0.0008886243758537309
0 0.021739130434782608 0.0 1.0 0.08695652173913043 0.007090476197267268 0.009247877756280071 0.019029802606115337 0.0037525879917184248 0.021739130434782605
0 0.014285714285714285 0.0 1.0 0.0 0.009050727730150428 0.011368809957542886 0.017210682492581602 0.004081632653061224 0.018421598374364103
0 0.011904761904761904 0.0 1.0 0.0 0.005582039036166083 0.007428239498625227 0.019181856718948703 0.001062925170068027 0.02122616239952605
0 0.0125 0.0 1.0 0.0 0.004659727767541451 0.004049044501978756 0.011721068249258159 0.0 0.029336414244623837
0 0.008 0.0 1.0 0.0 0.007704998481580865 0.008102899172366444 0.020771513353115726 0.0017857142857142854 0.01615145123343952
0 0.00980392156862745 0.0 1.0 0.0 0.007377411660714887 0.005978634376679876 0.014662244719846396 0.0007002801120448179 0.021482090473441198
0 0.005952380952380952 0.0 1.0 0.0 0.0051922023816554684 0.005909867157478325 0.021389713155291784 0.001240079365079365 0.0223650291981843
0 0.005681818181818182 0.0 1.0 0.0 0.005769649769937445 0.0032918535373969754 0.01699487456164014 0.0006764069264069264 0.01177514014140134
0 0.007936507936507936 0.0 1.0 0.0 0.01107437755653253 0.011736502522327271 0.023314963967782956 0.001913265306122449 0.050535428332447584
0 0.0038461538461538464 0.0 1.0 0.07692307692307693 0.012884963975394414 0.009426543476988708 0.011412919424788861 0.0010302197802197802 0.020725532963274992
0 0.005050505050505051 0.0 1.0 0.0 0.009418747878206273 0.005623672919414939 0.012693702604681837 0.00033068783068783067 0.025023197934623057
0 0.003205128205128205 0.0 1.0 0.0 0.004212345999932572 0.00638468700321489 0.019744350604884723 0.001831501831501831 0.008827180021103631
0 0.002849002849002849 0.0 1.0 0.0 0.007272202521412552 0.009745870184919162 0.016485328058028353 0.0020943562610229276 0.0022593989289357687
0 0.007936507936507936 0.0 1.0 0.0 0.003228169595888097 0.004909196177203697 0.019452687108473463 0.0013227513227513227 0.03227867968640078
0 0.030303030303030304 0.0 1.0 0.06060606060606061 0.013367774241316832 0.015869160551775504 0.016155243284580824 0.003931722286152668 0.030303030303030304
0 0.014705882352941176 0.0 1.0 0.0 0.013507051544279607 0.017032073715484927 0.009742067173872705 0.003909158600148921 0.023095790652960146
0 0.013888888888888888 0.0 1.0 0.0 0.010615896970912551 0.014222876269154203 0.012223974763406942 0.002900843881856541 0.04544220563369291
0 0.01 0.0 1.0 0.0 0.012538691595870132 0.002788930099808 0.014763406940063091 0.0007594936708860759 0.015268527391894682
0 0.008333333333333333 0.0 1.0 0.0 0.008567277484209358 0.011268015405425746 0.014589905362776025 0.0010548523206751054 0.016820130891303877
0 0.018518518518518517 0.0 1.0 0.0 0.016999809056258117 0.011471757895746011 0.016123378899404135 0.0 0.048747614880087727
0 0.003968253968253968 0.0 1.0 0.0 0.011815588956105398 0.012241109039524387 0.01962846126883981 0.002373417721518988 0.028245117659930003
0 0.008928571428571428 0.0 1.0 0.0 0.01173247174126768 0.013185167520800777 0.013068949977467326 0.0009041591320072332 0.06397503614032646
0 0.013888888888888888 0.0 1.0 0.0 0.006317642665768429 0.005230834180154795 0.013012618296529969 0.0015822784810126582 0.029954332652550774
0 0.004166666666666667 0.0 1.0 0.0 0.0044538412739612565 0.0035781568735950655 0.020110410094637227 0.0005274261603375527 0.0002013518454328184
0 0.005347593582887701 0.0 1.0 0.0 0.006993783233203006 0.005873285844326957 0.012803859714232696 0.0011169024571854058 0.020061251269572467
0 0.0030864197530864196 0.0 1.0 0.0 0.007521161169351797 0.0049833418895240305 0.012501460450987267 0.0011720581340834506 0.015429842508572033
0 0.005128205128205128 0.0 1.0 0.0 0.006428279076932808 0.0031319428776084347 0.008201892744479496 0.0008438818565400844 0.033611357516182806
0 0.0026455026455026454 0.0 1.0 0.0 0.00633613451026002 0.0048137626841575475 0.008645869844608014 0.0011720581340834506 0.017796842205803493