1 0.09090909090909091 0.0 1.0 0.0 0.031081341029772534 0.017884157245352993 0.021739130434782608 0.008626410086264101 0.09090909090909091
0 0.023809523809523808 0.0 1.0 0.0 0.027639565296827772 0.022855317976186524 0.02415458937198068 0.008689607229753213 0.041713338795204044
1 0.007575757575757575 0.0 1.0 0.0 0.018665309269291743 0.018516445045338743 0.021409749670619236 0.0033178500331785 0.014867421942719818
0 0.00625 0.0 1.0 0.0 0.02217155678321812 0.015758387592602792 0.019202898550724636 0.0029197080291970797 0.01643753923105699
0 0.009090909090909092 0.0 1.0 0.0 0.018190812956004745 0.017010826895868626 0.01152832674571805 0.0013271400132714001 0.04062654432054323
0 0.030303030303030304 0.0 1.0 0.06060606060606061 0.017818902772292623 0.026940832740180817 0.016580903373356205 0.008741258741258738 0.030303030303030304
1 0.025 0.0 1.0 0.0 0.05001529862575892 0.05232611356403316 0.009433962264150943 0.0 0.029960928171104496
0 0.03333333333333333 0.0 1.0 0.06666666666666667 0.028548774244981028 0.017721952957210473 0.014778325123152709 0.005775577557755777 0.03333333333333333
0 0.012195121951219513 0.0 1.0 0.0 0.013027651659747043 0.01305076575377634 0.01634026192478673 0.0036223134508572815 0.01913006923813545
0 0.017543859649122806 0.0 1.0 0.0 0.012337445430121878 0.009700586149424114 0.012185636505055742 0.0005211047420531526 0.025547473459782408
0 0.019230769230769232 0.0 1.0 0.0 0.03275959132817312 0.03245883973953341 0.01591511936339523 0.003808073115003808 0.05185425810949006
0 0.015384615384615385 0.0 1.0 0.0 0.0016651948293567409 0.013121957699638222 0.012504736642667677 0.0015232292460015233 0.0009689768072293396
1 0.01282051282051282 0.0 1.0 0.0 0.041154309109599975 0.02949866822586711 0.01856763925729443 0.003808073115003808 0.07583412789141848
0 0.005494505494505494 0.0 1.0 0.0 0.01894334554644088 0.015868459688130936 0.019325502084122773 0.003427265803503427 0.026603420882394226
0 0.004310344827586207 0.0 1.0 0.0 0.02103965229861979 0.014769564532803203 0.01426872770511296 0.0029020143393649707 0.03464265397021577
0 0.015873015873015872 0.0 1.0 0.0 0.01133269926789987 0.006680273297941265 0.018296973961998593 0.002828854314002829 0.030431837921768706
0 0.008333333333333333 0.0 1.0 0.0 0.024588950171709197 0.01398176793524966 0.01847290640394089 0.0033003300330033004 0.07260656805447364
0 0.0625 0.0 1.0 0.0 0.01892233884235079 0.013256145516368889 0.012250830564784052 0.003958333333333334 0.06250000000000001
0 0.013513513513513514 0.0 1.0 0.0 0.01090570666825153 0.0079964652705917 0.008979078746520607 0.0038738738738738703 0.02249161190624157
0 0.02564102564102564 0.0 1.0 0.0 0.02132053920554717 0.011646035581008705 0.014566828520316892 0.0038461538461538464 0.03774152295673758
0 0.005813953488372093 0.0 1.0 0.046511627906976744 0.0171905359468593 0.010530667929012982 0.020010816657652787 0.002248062015503876 0.01405040333735492
0 0.015384615384615385 0.0 1.0 0.0 0.0015612695074787542 0.0052326113564033164 0.01891132123690263 0.0005128205128205128 0.000889745402158937
0 0.011904761904761904 0.0 1.0 0.0 0.018897562334524814 0.004965112236333656 0.024679639297579496 0.00047619047619047624 0.06459431034719862
0 0.005952380952380952 0.0 1.0 0.0 0.014587681580910221 0.010005511908448077 0.020625692137320042 0.001388888888888889 0.035274227274300324
0 0.005434782608695652 0.0 1.0 0.0 0.013824223097636349 0.01081202119271028 0.023689152101690016 0.0010144927536231885 0.0380191072588762
0 0.0038314176245210726 0.0 1.0 0.0 0.011738889102866178 0.010732695950493334 0.016038492381716115 0.0013793103448275863 0.029677408609826546
0 0.0029411764705882353 0.0 1.0 0.058823529411764705 0.008563040472406329 0.006002113026462627 0.023060386945475866 0.0013725490196078432 0.018346283697336988
0 0.0030303030303030303 0.0 1.0 0.0 0.011041946793769023 0.00923296394556135 0.017607973421926906 0.0011111111111111111 0.02189594070558299
0 0.003333333333333333 0.0 1.0 0.0 0.009104091300223735 0.004964113285531967 0.012358803986710964 0.0002666666666666667 0.02592232140502731
0 0.038461538461538464 0.0 1.0 0.0 0.021686959182330233 0.02352491847940924 0.015575333757151939 0.009294871794871793 0.03846153846153847
0 0.021739130434782608 0.0 1.0 0.0 0.02539968932337854 0.03637781413435263 0.015091627739849086 0.003985507246376812 0.0363087075378523
0 0.02222222222222222 0.0 1.0 0.0 0.020951019176469864 0.019143478288472206 0.017079889807162536 0.0033333333333333335 0.036471960119671416
0 0.0125 0.0 1.0 0.0 0.026390162993714977 0.01834247933258138 0.014049586776859505 0.00125 0.043643027890006784
0 0.0125 0.0 1.0 0.0 0.032881593804927584 0.03727085079086697 0.020144628099173556 0.005208333333333334 0.054059128484704594
0 0.007936507936507936 0.0 1.0 0.0 0.02400184231022167 0.009629210678210966 0.01652892561983471 0.002777777777777778 0.026120571522385602
0 0.027777777777777776 0.0 1.0 0.05555555555555555 0.016545179484162443 0.012038439086466369 0.019198464122870174 0.0036676286676286677 0.027777777777777776
0 0.013888888888888888 0.0 1.0 0.0 0.014276273930076987 0.0070949142518385916 0.02243820494360451 0.003427128427128427 0.024827020775361145
0 0.00980392156862745 0.0 1.0 0.0 0.010407242796341783 0.007846565315363107 0.01219667132511752 0.002482811306340718 0.012444217879899319
0 0.00625 0.0 1.0 0.0 0.008897626915781895 0.005296151481047887 0.02041036717062635 0.002056277056277057 0.025519200587093598
0 0.007407407407407408 0.0 1.0 0.0 0.011749080148948097 0.005883230192305016 0.018158547316214704 0.0009620009620009619 0.03595782447933951
0 0.006172839506172839 0.0 1.0 0.0 0.006541995437175874 0.009962978737623196 0.01567874570034397 0.0013628346961680295 0.011422055839655724
0 0.004329004329004329 0.0 1.0 0.0 0.009149712004216711 0.006909119852011894 0.013678905687544998 0.0008526826708644892 0.03618209811228119
0 0.003787878787878788 0.0 1.0 0.0 0.007749005475202587 0.006966235540681024 0.021860069376268085 0.001377410468319559 0.034224327407409876
0 0.0035842293906810036 0.0 1.0 0.0 0.0060523045863119344 0.009861810649167461 0.011426182679579181 0.0004887585532746823 0.008276291630145994
0 0.004347826086956522 0.0 1.0 0.0 0.004091468199087082 0.004294208525997516 0.0093905531035778 0.0005646527385657821 0.013874904459931184
0 0.0033670033670033673 0.0 1.0 0.0 0.014292234659688272 0.012047998592027308 0.017998560115190784 0.0022446689113355786 0.03830811360563748
0 0.0043859649122807015 0.0 1.0 0.0 0.011771881512236954 0.004476987602705723 0.02023417074002501 0.0003417634996582365 0.04806536154720364
0 0.005128205128205128 0.0 1.0 0.0 0.00953971155072519 0.010643129526537962 0.018574514038876888 0.0027417027417027417 0.022566540965137712
0 0.002232142857142857 0.0 1.0 0.0 0.00798897764398331 0.005645551149429513 0.010394168466522677 0.0012851731601731605 0.014408419576496512
0 0.00392156862745098 0.0 1.0 0.0 0.008883175545736668 0.007658785089414244 0.008004065557108375 0.001909854851031322 0.019439882364067997
0 0.001893939393939394 0.0 1.0 0.0 0.009821752881016537 0.004351409317206942 0.01668957392499509 0.0011150465695920241 0.03703163097896865
0 0.045454545454545456 0.0 1.0 0.0 0.013167571183601496 0.011115567465447075 0.013422818791946307 0.003979185797367614 0.045454545454545456
0 0.03333333333333333 0.0 1.0 0.0 0.00867549355035457 0.012526476423729376 0.019015659955257273 0.005611672278338944 0.003350978107923935
0 0.006802721088435374 0.0 1.0 0.0 0.007900899696467737 0.009912773742263254 0.011231338172853033 0.0025424311138596846 0.013328766082819922
0 0.006578947368421052 0.0 1.0 0.0 0.010881000755346733 0.01818595924192857 0.018191451783821967 0.003721424774056352 0.018700371775023664
1 0.004878048780487805 0.0 1.0 0.0 0.010740013612798428 0.006606855830246945 0.017760680962514326 0.0023815389669048204 0.012394749742303594
0 0.003333333333333333 0.0 1.0 0.0 0.006560773165947026 0.007848769547576075 0.012818791946308725 0.0012121212121212121 0.005957751446092227
0 0.004081632653061224 0.0 1.0 0.0 0.00621858113302376 0.009553623908359716 0.017641418983700863 0.0020202020202020198 0.013166878101139113
0 0.0026041666666666665 0.0 1.0 0.0 0.005043172017090191 0.004522303358774446 0.011185682326621925 0.0015432098765432098 0.007974330463295288
0 0.03571428571428571 0.0 1.0 0.0 0.011260477518072635 0.011569420750403164 0.013945578231292518 0.005468215994531782 0.03571428571428571
0 0.023809523809523808 0.0 1.0 0.0 0.016107710411562764 0.01976527619454984 0.016099773242630386 0.006379585326953747 0.04205350394897731
0 0.012345679012345678 0.0 1.0 0.0 0.01807057249698677 0.018303524269591417 0.013227513227513229 0.0019493177387914231 0.025256830877828578
0 0.006756756756756757 0.0 1.0 0.0 0.010128100460618924 0.01014791930713051 0.01685971685971686 0.001810422863054442 0.0143098581361012
0 0.010526315789473684 0.0 1.0 0.0 0.007512823717950154 0.016853149070613086 0.01553884711779449 0.001510954419541677 0.0005553442663969824
0 0.007575757575757575 0.0 1.0 0.0 0.014257876591524788 0.013296667512616643 0.022727272727272728 0.003697259678120922 0.04187220902827666
0 0.003484320557491289 0.0 1.0 0.0 0.013306031168989938 0.009511718975800497 0.014401858304297323 0.000700198389543704 0.017779402855867994
0 0.008333333333333333 0.0 1.0 0.0 0.010690296869315274 0.010950297887392291 0.016507936507936506 0.0012759170653907496 0.030644727397728846
0 0.03225806451612903 0.0 1.0 0.06451612903225806 0.01384759487842259 0.013283360610231446 0.013759795881173683 0.003929452618112034 0.03225806451612903
0 0.03333333333333333 0.0 1.0 0.0 0.014268928475800606 0.012599506657493187 0.010922787193973636 0.0041548630783758275 0.04547716854506836
0 0.007407407407407407 0.0 1.0 0.0 0.010121338803243816 0.007062216450109629 0.012429378531073444 0.0032735284859930725 0.01217830762110826
1 0.0125 0.0 1.0 0.0 0.011183159321543259 0.008916760375713014 0.010028248587570624 0.000991501416430595 0.030062025359557036
0 0.009523809523809525 0.0 1.0 0.0 0.008966630321574739 0.00494299444208113 0.018428840462738766 0.0009442870632672332 0.029856400528807395
0 0.004901960784313725 0.0 1.0 0.0 0.009971709234826825 0.004637836004665928 0.021103356596876035 0.0018330278286952178 0.013305757461430576
0 0.005291005291005291 0.0 1.0 0.0 0.014802563761950209 0.011191473788254105 0.016216781753504918 0.001888574126534467 0.025800981001752075
0 0.003125 0.0 1.0 0.0 0.011303240275296458 0.007755460459609872 0.012711864406779664 0.0010623229461756375 0.01689380680909217
0 0.0038314176245210726 0.0 1.0 0.0 0.013507671510198417 0.00797389246457866 0.015293200857198517 0.00019536973722770345 0.022235369143096494
0 0.004761904761904762 0.0 1.0 0.09523809523809523 0.008336023900910402 0.005505782892209075 0.006322302932472424 0.0 0.021085446261713086
0 0.002840909090909091 0.0 1.0 0.0 0.004842277044263386 0.003613170023012205 0.017743644067796608 0.0011508498583569404 0.01335349314636334
0 0.005952380952380952 0.0 1.0 0.0 0.013452620180009622 0.010498206284028224 0.012510088781275222 0.002225819506272764 0.009918456846590568
0 0.003076923076923077 0.0 1.0 0.0 0.010466513512904127 0.0035665667043279937 0.016836158192090393 0.001019830028328612 0.022435979114819666
0 0.03571428571428571 0.0 1.0 0.0 0.012210278900822772 0.010271909243205866 0.015037593984962405 0.0045474711623779964 0.03571428571428572
0 0.015151515151515152 0.0 1.0 0.0 0.017359209845349576 0.013415652135876357 0.015761328454826907 0.004705439488048185 0.021051639988535372
0 0.009259259259259259 0.0 1.0 0.0 0.009471601340266431 0.009713165884862502 0.015909872721018226 0.002846790890269151 0.010029627600231397
0 0.019230769230769232 0.0 1.0 0.0 0.016178358572638364 0.011162042530867148 0.006668254346272922 0.000716674629718108 0.06200017932595466
0 0.009523809523809525 0.0 1.0 0.0 0.013048075349015052 0.0069098358524415674 0.016364440513047324 0.00044365572315882877 0.044226925158333416
0 0.005555555555555555 0.0 1.0 0.0 0.009446694183771835 0.009783281313263366 0.018885448916408674 0.00196687370600414 0.030972835169047707
0 0.006493506493506493 0.0 1.0 0.0 0.017409087028333645 0.012987119919972305 0.02251618350689558 0.0038114059853190277 0.029766620535179797
0 0.006578947368421052 0.0 1.0 0.0 0.0029070204357272964 0.002223731534267509 0.019227635652598992 0.0008172605426610003 0.0005637315741715615
0 0.006944444444444444 0.0 1.0 0.0 0.01930611220051242 0.009386194195072662 0.019349845201238388 0.0019409937888198755 0.042037797373503584
0 0.0035714285714285718 0.0 1.0 0.0 0.017862244220476473 0.008912780223209701 0.02277753206545776 0.0022182786157941433 0.01947991214271641
0 0.005050505050505051 0.0 1.0 0.0 0.008197841996269002 0.015257269137890963 0.003783969728242174 0.00034506556245686676 0.0008578887370277282
0 0.003623188405797101 0.0 1.0 0.0 0.012034692484603789 0.008246001595247925 0.015479876160990712 0.0017553335133675394 0.036695612492421106
0 0.004524886877828055 0.0 1.0 0.0 0.008253408081484413 0.002485347008887216 0.0038244399927153524 0.0007307270734380709 0.001003210319731533
0 0.0037593984962406013 0.0 1.0 0.0 0.012494535420773783 0.007575294651166575 0.012872739123350173 0.0021248774109186006 0.04745423459437654
0 0.037037037037037035 0.0 1.0 0.07407407407407407 0.011248114630639568 0.023868904611002086 0.016918152720621856 0.008281573498964807 0.037037037037037035
0 0.016129032258064516 0.0 1.0 0.0 0.014872975251953309 0.018458656665107927 0.019115890083632018 0.004608294930875576 0.025273009198138546
0 0.013888888888888888 0.0 1.0 0.08333333333333333 0.01710634635887159 0.012784668628839995 0.022890946502057613 0.0010351966873706003 0.01978953271029448
0 0.0125 0.0 1.0 0.0 0.013286628982424355 0.022524856290764925 0.02222222222222222 0.004968944099378881 0.01828067757976087
0 0.008333333333333333 0.0 1.0 0.0 0.014070956586317941 0.017263975997553044 0.023148148148148154 0.0023291925465838506 0.022559592621167388
0 0.004629629629629629 0.0 1.0 0.0 0.013063487366824398 0.008987725411832837 0.025205761316872435 0.001380262249827467 0.01193810196084075
0 0.02564102564102564 0.0 1.0 0.0 0.006751734816823567 0.0051656096076497455 0.009606745455802061 0.0031185031185031187 0.02564102564102564
0 0.027777777777777776 0.0 1.0 0.0 0.003744243137637965 0.006748762944415239 0.00838574423480084 0.0031531531531531535 0.020990216972849206
0 0.014492753623188404 0.0 1.0 0.0 0.005621681928148982 0.008178588089217764 0.013359896870971524 0.0036427732079905993 0.04643466561790902
0 0.0078125 0.0 1.0 0.0 0.008819967373695788 0.009880681558900602 0.01381401617250674 0.0016047297297297298 0.02398556641883533
0 0.015384615384615385 0.0 1.0 0.0 0.006310931291220104 0.00848531571308646 0.013269749118805723 0.0 0.010425525918108207
0 0.013888888888888888 0.0 1.0 0.0 0.002277415459085556 0.006128283570562443 0.015723270440251572 0.00045045045045045046 0.0013315248790205974
0 0.007936507936507936 0.0 1.0 0.0 0.00306193316930338 0.005106902975468702 0.012279125486672657 0.0006006006006006007 0.0004675313096806216
0 0.010416666666666666 0.0 1.0 0.0 0.00440905551584654 0.009903030559709125 0.010332434860736747 0.0036036036036036037 0.003031271311574249
0 0.0038314176245210726 0.0 1.0 0.0 0.005770780084426237 0.006504449242990295 0.012547634538525886 0.0022367194780987887 0.027371111223766415
0 0.005263157894736842 0.0 1.0 0.10526315789473684 0.008619351072267314 0.011316956517625983 0.011490991630018443 0.0012802275960170698 0.040177255669379255
0 0.011363636363636364 0.0 1.0 0.0 0.0 0.00796022682268094 0.012129380053908356 0.00472972972972973 0.01379517565828003
0 0.004629629629629629 0.0 1.0 0.0 0.0040198441688865105 0.007149664165656183 0.015274034141958671 0.0006006006006006007 0.0003745225460210206
0 0.007692307692307693 0.0 1.0 0.0 0.004051614367224677 0.010045151600482218 0.012129380053908356 0.003783783783783784 0.002812877756061321
0 0.002304147465437788 0.0 1.0 0.0 0.006625951656188853 0.005118588778288494 0.015129119207025477 0.001918047079337402 0.02510057850541765
0 0.006666666666666666 0.0 1.0 0.0 0.0012412857644172755 0.0036769701423374655 0.015902964959568732 0.0005405405405405405 0.0013463470324110523
0 0.0078125 0.0 1.0 0.0 0.007698110168941037 0.009192425355843664 0.010444743935309971 0.0006756756756756757 0.0038960119432086653
0 0.002557544757033248 0.0 1.0 0.0 0.009526288893109159 0.0011700918764379505 0.013008320637524903 0.0023501762632197414 0.031269828811247215
0 0.003968253968253968 0.0 1.0 0.0 0.008728528796058127 0.0015325024784818898 0.014439738159414711 0.0007722007722007722 0.0004054274457746518
0 0.0037593984962406013 0.0 1.0 0.0 0.006121000092917725 0.006227999293805743 0.018867924528301886 0.0021235521235521237 0.025557583889033977
0 0.0025 0.0 1.0 0.0 0.0023269941500693343 0.0013456056579036432 0.012668463611859837 0.0024324324324324327 0.0004438788606769873
0 0.04 0.0 1.0 0.08 0.021114920220746018 0.025294504459040672 0.023407407407407405 0.010149253731343282 0.04
0 0.019230769230769232 0.0 1.0 0.07692307692307693 0.009397490548773875 0.01952466924031088 0.01965811965811966 0.003157290470723307 0.018267080726126293
0 0.01282051282051282 0.0 1.0 0.0 0.0086181867289111 0.01881377702960866 0.019943019943019943 0.0025832376578645237 0.0123157137496127
0 0.008333333333333333 0.0 1.0 0.0 0.005257353703463902 0.012889320950778941 0.022716049382716052 0.003731343283582089 0.00292860116251888
0 0.0071428571428571435 0.0 1.0 0.0 0.014753383843264694 0.010933708644018533 0.022751322751322748 0.0042643923240938165 0.018215645613536256
0 0.038461538461538464 0.0 1.0 0.07692307692307693 0.019210491187157317 0.00846695511730788 0.021102791014295443 0.0037523452157598495 0.038461538461538464
0 0.015625 0.0 1.0 0.0 0.013574552117843468 0.012420883772811347 0.018459623893805316 0.004088137472283812 0.035374182219790745
0 0.011904761904761904 0.0 1.0 0.0 0.014946126808644525 0.010547486740196859 0.01912136536030341 0.003405131453911941 0.03652686687176513
0 0.008620689655172414 0.0 1.0 0.0 0.007390506129900907 0.0073247117458605125 0.01655477570949039 0.0016056273415398729 0.00010008977756990248
0 0.0058823529411764705 0.0 1.0 0.0 0.016549866642005206 0.015407522748876919 0.01828474752732952 0.003456371462110344 0.025278776127190927
0 0.005555555555555555 0.0 1.0 0.0 0.011741794363240838 0.00988741650249709 0.015117994100294989 0.0017738359201773834 0.03860231922790801
0 0.006493506493506493 0.0 1.0 0.0 0.012645377999909417 0.007038896542165091 0.014481094127111826 0.0015117919774239067 0.05122683757611985
0 0.005208333333333333 0.0 1.0 0.08333333333333333 0.015357835363660604 0.011345874801683803 0.015671091445427728 0.002217294900221729 0.04592849171081321
0 0.003968253968253968 0.0 1.0 0.0 0.013882699057731818 0.007454239821902876 0.015012642225031608 0.0007918910357934747 0.040697094373044904
0 0.005 0.0 1.0 0.0 0.015115925159553723 0.006954657929879581 0.018915929203539825 0.0015521064301552106 0.06237056388460148
0 0.002840909090909091 0.0 1.0 0.0625 0.021601014002301962 0.014713543041915644 0.016592920353982302 0.0022172949002217295 0.02813726280988574
0 0.004901960784313725 0.0 1.0 0.0 0.0189096954780665 0.00970248649988754 0.020692347735554405 0.0014347202295552368 0.07141818887895833
0 0.007692307692307693 0.0 1.0 0.0 0.02025921363121986 0.00600454590044836 0.01084070796460177 0.0011086474501108647 0.12923496250483363
0 0.0032467532467532465 0.0 1.0 0.0 0.013680357056742594 0.004581773912563416 0.018805309734513272 0.0010078613182826044 0.056643198983557054
0 0.0035087719298245615 0.0 1.0 0.0 0.017764370827761566 0.013354593619183312 0.02608290638099674 0.0035009919477185206 0.06130136835473915
0 0.001488095238095238 0.0 1.0 0.0 0.013084470191274747 0.008618375966243232 0.0160661609776654 0.002164502164502165 0.01970732016242638
0 0.0015898251192368838 0.0 1.0 0.0 0.019176019303932368 0.012233502700933183 0.01548672566371682 0.002337148678612093 0.024309553067532352
0 0.027777777777777776 0.0 1.0 0.05555555555555555 0.012522654104504871 0.005424082173150085 0.012020792722547108 0.0021158854166666665 0.027777777777777783
0 0.016129032258064516 0.0 1.0 0.0 0.00511257848638308 0.005345555205041525 0.016349116518895805 0.003087197580645161 0.008457111168234244
0 0.016666666666666666 0.0 1.0 0.0 0.009293523479040479 0.004722547920512875 0.00935672514619883 0.00205078125 0.04891236240818652
0 0.006944444444444444 0.0 1.0 0.0 0.00540938863750309 0.006642963636058898 0.01126272471301711 0.002712673611111111 0.014754788576317278
0 0.01 0.0 1.0 0.0 0.01012170254201043 0.005978667272453006 0.012962962962962963 0.00166015625 0.043141493165102233
0 0.01282051282051282 0.0 1.0 0.0 0.009155053000730155 0.005109972027737613 0.01199580146948568 0.001201923076923077 0.04175371693965876
0 0.005494505494505494 0.0 1.0 0.0 0.006804059582368895 0.007134568254356225 0.013570250412355675 0.0018028846153846155 0.018903314156391363
0 0.005434782608695652 0.0 1.0 0.0 0.00978121933110055 0.007009362598920105 0.009492329858462581 0.00033967391304347825 0.03848433135098027
0 0.009259259259259259 0.0 1.0 0.0 0.01821929929304746 0.009513177758411297 0.01397011046133853 0.0006510416666666666 0.07598137238812762
0 0.003703703703703704 0.0 1.0 0.0 0.008971317042905784 0.004920713804488071 0.007797270955165692 0.0 0.02694905758253791
0 0.004132231404958678 0.0 1.0 0.0 0.007680681076043988 0.0024156231403850534 0.007442849548112706 0.0001775568181818182 0.0019186713780211197
0 0.010416666666666666 0.0 1.0 0.0 0.017427362189061844 0.0033214818180294487 0.00682261208576998 0.0 0.03929571178592698
0 0.0032051282051282055 0.0 1.0 0.0 0.00793389876206037 0.007773415395005021 0.0056855100714749834 0.00016276041666666666 0.028991667430431012
0 0.003968253968253968 0.0 1.0 0.0 0.011971017275313741 0.006643688224007142 0.007905566385098548 0.0013020833333333333 0.04426672248490335
0 0.0017094017094017094 0.0 1.0 0.0 0.006191042170390882 0.005591941863876922 0.010396361273554255 0.0014022435897435897 0.020421009674098017
0 0.0021551724137931034 0.0 1.0 0.0 0.0046298730732577216 0.0030782422180236596 0.018552127445049405 0.0012122844827586207 0.027638788190535925
0 0.0014005602240896359 0.0 1.0 0.0 0.00630745618696305 0.0041187275700423145 0.010721247563352826 0.0005580357142857143 0.021385334999335304
0 0.0012919896640826872 0.0 1.0 0.046511627906976744 0.005104103257762718 0.001109965040473177 0.012647898816809463 0.0005450581395348837 0.011471599811212551
0 0.002288329519450801 0.0 1.0 0.0 0.008972092793337449 0.0 0.010085600474616492 0.0 0.028256984965945125
0 0.002380952380952381 0.0 1.0 0.0 0.01520557136380428 0.0 0.008447043534762833 0.0 0.04366218243130164
0 0.02857142857142857 0.0 1.0 0.05714285714285714 0.01121578046178033 0.00828297214999362 0.015030246626337835 0.0024702866464693554 0.028571428571428567
0 0.009615384615384616 0.0 1.0 0.0 0.0050677936051690175 0.006999638980442099 0.011651215234277127 0.002509725185092233 0.010694033975555418
0 0.011904761904761904 0.0 1.0 0.0 0.006642548485037578 0.006971692920238403 0.01297114937180084 0.0026217664879981373 0.020738629922504494
0 0.010416666666666666 0.0 1.0 0.0 0.002019466150959036 0.0037924251265018783 0.015472312703583064 0.001971179989124524 0.0008473813612583409
0 0.0044444444444444444 0.0 1.0 0.0 0.00611827728557179 0.004762540247963051 0.01979732175171915 0.0012325539242341852 0.02091787678502622
0 0.0037878787878787876 0.0 1.0 0.0 0.009912838051933475 0.006498624320076479 0.019395913532721354 0.0018166987987542642 0.02147425299549005
0 0.004464285714285714 0.0 1.0 0.0 0.005843918231216714 0.006580266911621094 0.011247964169381109 0.0009685970636215335 0.017098564257915536
0 0.004310344827586207 0.0 1.0 0.0 0.013478972431532727 0.009763466651030228 0.01707289677636752 0.0016313213703099514 0.03331949303506506
0 0.0028490028490028487 0.0 1.0 0.0 0.004956970276054817 0.004931752817419026 0.014490937943706674 0.0007110888024427991 0.028356964166227988
0 0.0038461538461538464 0.0 1.0 0.0 0.010225077373105716 0.00881735640603438 0.01365572538210975 0.0017568076295645628 0.044892522525261894
0 0.003952569169960474 0.0 1.0 0.0 0.015018602308878925 0.008513722402216862 0.018977481943067556 0.0015603943542095184 0.04654157542606808
0 0.0043859649122807015 0.0 1.0 0.0 0.0020888361500256496 0.004088328611940429 0.016200925767186698 0.0003434360779599897 0.000879972377898708
0 0.002564102564102564 0.0 1.0 0.0 0.011382453894534569 0.01056751654028707 0.01628664495114007 0.0023382272974442632 0.03803827284991672
0 0.007142857142857143 0.0 1.0 0.0 0.006852913984748209 0.007428600620161556 0.018403908794788277 0.001957585644371941 0.0012543142433221997
0 0.003703703703703704 0.0 1.0 0.1111111111111111 0.0047618084399560735 0.010313713834878611 0.01710097719869707 0.0023563530904477064 0.0006492495611451705
0 0.0026041666666666665 0.0 1.0 0.0 0.006151582331583024 0.004703158081350762 0.020629750271444085 0.0014953779227841217 0.047919770939703725
0 0.0016339869281045752 0.0 1.0 0.0 0.010161140556083685 0.004745474676942549 0.015743756786102063 0.0010422330976980242 0.013307135104246574
0 0.001736111111111111 0.0 1.0 0.0 0.008442875855374152 0.004096692199494104 0.011604234527687298 0.0010195758564437195 0.01734275798260785
0 0.0029239766081871343 0.0 1.0 0.0 0.009558811108510878 0.0 0.020810712993123415 0.000906289650172195 0.022510861963054827
0 0.0025 0.0 1.0 0.0 0.009177191590091288 0.00446370914847708 0.010586319218241044 0.0008972267536704731 0.0545124557140656
0 0.0022675736961451248 0.0 1.0 0.0 0.010728110673558914 0.006330540593404973 0.017139754924771215 0.0019420492503689894 0.055917656144658476
0 0.005050505050505051 0.0 1.0 0.0 0.004552901129214391 0.00611814749539084 0.011943539630836048 0.001268805510241073 0.011135156782243177
0 0.043478260869565216 0.0 1.0 0.0 0.01795190004950583 0.014228004717124603 0.014920583988448583 0.004991948470209341 0.04347826086956521
0 0.017857142857142856 0.0 1.0 0.0 0.014283203818414723 0.013427803926099793 0.01818661043753295 0.005291005291005293 0.03137138502721864
0 0.015873015873015872 0.0 1.0 0.0 0.003366503889688355 0.00695380497686525 0.014760147601476016 0.0029982363315696646 0.0004800166024565363
0 0.01 0.0 1.0 0.0 0.008480016009946977 0.006951646838920034 0.010774907749077491 0.0002962962962962963 0.030708021943100867
0 0.009090909090909092 0.0 1.0 0.0 0.0208412719350699 0.008791169734568732 0.013250587051325062 0.001851851851851852 0.032089784031684276
0 0.007936507936507936 0.0 1.0 0.0 0.017028623341469325 0.012737051537886917 0.018625900544719735 0.0029982363315696646 0.035375814988801414
0 0.007142857142857143 0.0 1.0 0.0 0.020323365458824193 0.01222757323115328 0.023247232472324728 0.0024074074074074076 0.04155673056516027
0 0.003676470588235294 0.0 1.0 0.0 0.011542604373534819 0.008837006862462957 0.012481007163012807 0.000980392156862745 0.022069587783479172
0 0.0023148148148148147 0.0 1.0 0.0 0.013789419939816985 0.007849336886895106 0.020525830258302586 0.0013117283950617282 0.008650314282529978
0 0.003448275862068966 0.0 1.0 0.0 0.015818642836621148 0.014872779648842278 0.017813971243160708 0.0020434227330779053 0.017401038688764983
0 0.029411764705882353 0.0 1.0 0.0 0.012603881885331477 0.014421433606189183 0.011163589523400599 0.00474035768153415 0.02941176470588236
0 0.01 0.0 1.0 0.0 0.008070625691059515 0.01261243081867431 0.010437956204379562 0.0033699633699633695 0.008798437209127893
0 0.027777777777777776 0.0 1.0 0.0 0.006624158584045863 0.008305732311751296 0.009124087591240875 0.0006105006105006105 0.0007866884125507533
0 0.010869565217391304 0.0 1.0 0.0 0.007179946379440003 0.005487858085562985 0.009362107267534114 0.0006370441153049849 0.029971736817710152
0 0.008695652173913044 0.0 1.0 0.0 0.014351562609911342 0.009529262002700269 0.013646461440812439 0.0017518713170887085 0.032150580587763565
0 0.007936507936507936 0.0 1.0 0.0 0.014787565326236086 0.007170589678538571 0.01338199513381995 0.0017442874585731727 0.027629311382384315
0 0.00510204081632653 0.0 1.0 0.0 0.014495349965589741 0.013253468768852361 0.008733055265901981 0.0014390371533228676 0.016730812303085773
0 0.008928571428571428 0.0 1.0 0.0 0.01243466300982125 0.0017797997810895633 0.010166840458811261 0.0005232862375719519 0.04706306281074263
0 0.008547008547008546 0.0 1.0 0.0 0.014667315998025138 0.0072762143398640055 0.010106681639528355 0.0005635390250774866 0.049072357073384525
0 0.005 0.0 1.0 0.0 0.010606395647996963 0.011192933777908105 0.011496350364963503 0.0018315018315018315 0.00017513958376076002
0 0.0025252525252525255 0.0 1.0 0.0 0.015507410856470937 0.009538423213553261 0.012266828872668289 0.0009157509157509158 0.012270579190081
0 0.041666666666666664 0.0 1.0 0.0 0.022729302897888857 0.014272228161628089 0.014656616415410379 0.005892255892255893 0.041666666666666664
0 0.013157894736842105 0.0 1.0 0.0 0.01845483066515263 0.01078124885580154 0.01732345940227453 0.0045188729399255724 0.02397425592175313
0 0.014492753623188404 0.0 1.0 0.0 0.011831616106653208 0.008588947457445466 0.016167795499235308 0.0021958717610891525 0.05090930364045241
0 0.008928571428571428 0.0 1.0 0.0 0.023022008317657078 0.012515898687227606 0.015613783201722898 0.0007215007215007216 0.02497145633506669
0 0.008333333333333333 0.0 1.0 0.0 0.015729999446700976 0.01609824041350351 0.009840871021775544 0.0004208754208754209 0.049288578303398
1 0.0026881720430107525 0.0 1.0 0.03225806451612903 0.009469732469031943 0.010490861710462537 0.018479494245420648 0.001466275659824047 0.01397363273280062
0 0.02702702702702703 0.0 1.0 0.05405405405405406 0.01017573473838442 0.007092649919992739 0.010093426760093427 0.003430675257300643 0.027027027027027025
1 0.0625 0.0 1.0 0.0 0.018830143294384087 0.006909239468556605 0.019290123456790122 0.004643962848297214 0.12777278169869488
0 0.01111111111111111 0.0 1.0 0.0 0.008498215455588544 0.006470298100419379 0.008641975308641974 0.003405572755417955 0.027923773304206912
0 0.010869565217391304 0.0 1.0 0.0 0.011617482987812065 0.010270827583754529 0.007380568974771873 0.001346076187912236 0.0038899241429678918
0 0.0071428571428571435 0.0 1.0 0.0 0.012004933962807274 0.013340321305333825 0.011243386243386241 0.0009951348960636887 0.02799259966590551
0 0.00980392156862745 0.0 1.0 0.0 0.013084009598348718 0.004302688055880738 0.010348583877995643 0.00072846476051721 0.06298348650802939
0 0.007936507936507936 0.0 1.0 0.0 0.01556659845179704 0.011342364308834412 0.010116598079561041 0.0005159958720330237 0.04516372811705436
0 0.005952380952380952 0.0 1.0 0.0 0.01623119067359957 0.005562325334698097 0.011610817166372722 0.00044228217602830603 0.04523388181962268
1 0.018518518518518517 0.0 1.0 0.0 0.01250924071543886 0.007020015235628805 0.009773662551440328 0.0 0.002155787204388302
1 0.004545454545454546 0.0 1.0 0.0 0.01002639797083735 0.007298824740131132 0.014730639730639731 0.0012665353222628764 0.04354047427508324
0 0.0033670033670033673 0.0 1.0 0.0 0.005508685794535593 0.0025894174056800808 0.013031550068587104 0.0006879944960440316 0.010337764315032924
0 0.004629629629629629 0.0 1.0 0.0 0.013012990307609183 0.007020015235628805 0.012860082304526748 0.00034399724802201587 0.06338508474455096
0 0.00591715976331361 0.0 1.0 0.0 0.021194815011338873 0.022440280504813965 0.01733143399810066 0.004524886877828056 0.06342124576974936
0 0.003968253968253968 0.0 1.0 0.0 0.00132494062840689 0.005850012696357337 0.007201646090534979 0.0006879944960440317 0.001147100377425585
0 0.0035087719298245615 0.0 1.0 0.0 0.015746109515018307 0.007175043898454305 0.012833008447043536 0.00032589212970506764 0.05419993313184597
0 0.003289473684210526 0.0 1.0 0.0 0.0025702106581062963 0.0033252703747715393 0.00649772579597141 0.00032589212970506764 0.0008488931874197634
0 0.03225806451612903 0.0 1.0 0.06451612903225806 0.026715797878428423 0.014390098107825634 0.023110255175734225 0.00645161290322581 0.032258064516129024
0 0.038461538461538464 0.0 1.0 0.0 0.022263394066787033 0.01557925662318898 0.012629161882893224 0.004999999999999999 0.10930996144687274
0 0.007751937984496124 0.0 1.0 0.0 0.011756902493153316 0.01609114739961859 0.012842762929538358 0.0016279069767441861 0.03017203418248129
0 0.011904761904761904 0.0 1.0 0.0 0.017218279489485407 0.009295438831428702 0.009713338071547025 0.0019047619047619048 0.05109653679325757
0 0.0064516129032258064 0.0 1.0 0.06451612903225806 0.014907109916330234 0.00763848536430966 0.017653667148130315 0.000967741935483871 0.03426348088296453
0 0.005747126436781609 0.0 1.0 0.0 0.01497216640749974 0.014013088816633146 0.018184937382055243 0.0020689655172413794 0.0484530431848358
0 0.004329004329004329 0.0 1.0 0.0 0.014842582536087912 0.010206488522752896 0.017337554650987488 0.0024242424242424242 0.038727646110377455
0 0.05555555555555555 0.0 1.0 0.1111111111111111 0.02179714252040732 0.010249681169422013 0.020947176684881604 0.0054869684499314125 0.05555555555555555
0 0.016129032258064516 0.0 1.0 0.0 0.015587590529529061 0.009563478625826249 0.017583289264939187 0.005177220230983675 0.02863119640566454
0 0.016666666666666666 0.0 1.0 0.0 0.006577626118202213 0.00839801822632631 0.010860655737704918 0.003909465020576133 0.006888049494668215
0 0.03571428571428571 0.0 1.0 0.0 0.01363266728437323 0.011997168894751872 0.018149882903981264 0.0 0.078942308979245
0 0.005128205128205128 0.0 1.0 0.0 0.010719400870562315 0.010725401540022567 0.013766288356452291 0.0005275931201857128 0.015200385134137982
0 0.005376344086021505 0.0 1.0 0.0 0.020530862407592474 0.01514862818180214 0.015600211528291911 0.002522235497145892 0.021931942601031963
0 0.005494505494505494 0.0 1.0 0.0 0.012551067220546266 0.009909440840620242 0.014974779319041618 0.0012662234884457109 0.024509214622383084
0 0.006578947368421052 0.0 1.0 0.0 0.016498459622364507 0.018389420562853222 0.011647972389991374 0.0017327268789257095 0.038265472948697934
0 0.004273504273504273 0.0 1.0 0.0 0.01746541905141038 0.012410551018522243 0.01103404791929382 0.0003165558721114277 0.0327767262895192
0 0.003703703703703704 0.0 1.0 0.0 0.01635880295275633 0.0 0.014571948998178505 0.0 0.03042349427275905
0 0.03333333333333333 0.0 1.0 0.0 0.012496296609542197 0.008301165572293717 0.013786008230452673 0.004024767801857584 0.03333333333333333
0 0.02631578947368421 0.0 1.0 0.0 0.014837233924581259 0.008526710535814877 0.021442495126705652 0.004399543751018413 0.040213103139752945
0 0.0196078431372549 0.0 1.0 0.11764705882352941 0.012393177382836854 0.012072359594598112 0.0130718954248366 0.0041886723729739565 0.037953140548287065
0 0.015625 0.0 1.0 0.0 0.01864124326924276 0.008409032558032218 0.007908950617283951 0.0015479876160990713 0.0608091210779053
0 0.014285714285714287 0.0 1.0 0.14285714285714285 0.007588104895729829 0.012439570891274393 0.01212522045855379 0.0004422821760283061 0.003943140240568994
0 0.005376344086021505 0.0 1.0 0.06451612903225806 0.009638189539298188 0.008114476496615867 0.013241736360015927 0.0009987016878058525 0.022148435652309516
0 0.003968253968253968 0.0 1.0 0.05555555555555555 0.011482258689752172 0.013204754482916239 0.01894718792866941 0.002407980736154111 0.014794804949328891
0 0.010416666666666666 0.0 1.0 0.0 0.01640117097043234 0.013360001291358614 0.016975308641975308 0.002321981424148607 0.06526466158984374
0 0.003968253968253968 0.0 1.0 0.0 0.011389326705070122 0.014629798892812849 0.02237654320987654 0.003869969040247679 0.03797685683983804
0 0.004 0.0 1.0 0.0 0.010896379525752635 0.004212009141377282 0.0145679012345679 0.0017337461300309597 0.025416067785772302
0 0.005050505050505051 0.0 1.0 0.0 0.01447230111597356 0.008761975954106641 0.014403292181069957 0.0010319917440660474 0.0585169680543676
0 0.0028735632183908046 0.0 1.0 0.06896551724137931 0.01691843050342922 0.007392996434832683 0.019263516389953172 0.0024554286324330096 0.030323291455823548
0 0.004273504273504274 0.0 1.0 0.0 0.0013930299388385853 0.007020015235628805 0.009945130315500685 0.0 0.0007082813717526554
0 0.002304147465437788 0.0 1.0 0.0 0.011195921481771287 0.004984714699395769 0.015232974910394265 0.0015979227004893639 0.015380321892339555
0 0.038461538461538464 0.0 1.0 0.0 0.013064185449048306 0.014644733523212057 0.012754085292945395 0.006209935897435899 0.03846153846153847
0 0.010869565217391304 0.0 1.0 0.0 0.01628418084222639 0.015979444902753357 0.011714350078846586 0.004302536231884058 0.012320093753920361
0 0.0101010101010101 0.0 1.0 0.0 0.011423024065802477 0.005368051423077897 0.012717852096090436 0.0 0.006147661214605539
0 0.0078125 0.0 1.0 0.0 0.025646674807815396 0.021036051514186506 0.0116580310880829 0.0019531249999999998 0.012869994708532615
0 0.005405405405405406 0.0 1.0 0.0 0.0073697207237377665 0.010532987386904197 0.011903094804649208 0.0005630630630630631 0.0004571474640302992
0 0.008771929824561403 0.0 1.0 0.0 0.012871871920303228 0.007458766187855604 0.008453776929370058 0.001644736842105263 0.013135857725460451
0 0.011363636363636364 0.0 1.0 0.022727272727272728 0.005922079301686833 0.006754323525148093 0.00879277566539924 0.0023376623376623403 0.01136363636363636
0 0.01 0.0 1.0 0.0 0.006927887403122478 0.004831906853124192 0.012395437262357416 0.0017904761904761904 0.010213435933506331
0 0.01111111111111111 0.0 1.0 0.0 0.010561846374224098 0.007955948225670898 0.013434727503168565 0.0015873015873015873 0.02585728650483517
0 0.009259259259259259 0.0 1.0 0.0 0.007185639316783835 0.007268372008668427 0.01337839740881566 0.0008465608465608466 0.020814240721521455
0 0.005405405405405406 0.0 1.0 0.0 0.006617232113819954 0.007242946042104214 0.010790257938546911 0.0007207207207207208 0.0063285828209658865
0 0.004629629629629629 0.0 1.0 0.0 0.004231513402815503 0.006371471035348198 0.007868610054921843 0.0006349206349206348 0.005990991327356466
0 0.0049261083743842365 0.0 1.0 0.06896551724137931 0.010120303703914929 0.0092528801676987 0.014029107119444082 0.001970443349753695 0.026024818273812096
1 0.004310344827586207 0.0 1.0 0.0 0.006838050547901842 0.008913665191630782 0.013439097941523533 0.0018390804597701153 0.007897951597535584
0 0.0028490028490028487 0.0 1.0 0.05128205128205128 0.008476856469852844 0.006508405743111958 0.014331675928634106 0.00126984126984127 0.016781004658216976
0 0.003448275862068966 0.0 1.0 0.0 0.003774640871530695 0.002233955587298624 0.007539006162318081 0.0 0.005355530285111232
0 0.005050505050505051 0.0 1.0 0.0 0.005022033055262177 0.0008528690034041332 0.006442754541613856 0.00021164021164021165 0.009295399046286412
1 0.0028735632183908046 0.0 1.0 0.06896551724137931 0.007161828867824899 0.0011497877520826277 0.009899042874000261 0.0005254515599343186 0.012353517674258605
1 0.004273504273504274 0.0 1.0 0.0 0.004844667739124205 0.0 0.01383607942543304 0.00031746031746031746 0.02094604959458203
0 0.0021645021645021645 0.0 1.0 0.0 0.0032742628934791054 0.001038917095602947 0.010024196335983409 0.0003463203463203463 0.010603366000722564
0 0.00196078431372549 0.0 1.0 0.0 0.004978129819326893 0.004838903887129223 0.013531648400805188 0.001120448179271709 0.007964069647854824