0 0.030303030303030304 0.0 1.0 0.0 0.006204660853186364 0.005776001068015679 0.008983957219251337 0.002644368210405946 0.03030303030303031
0 0.02 0.0 1.0 0.0 0.007154584182501375 0.006929068261922249 0.013835294117647058 0.002830188679245283 0.018908212998281704
0 0.020833333333333332 0.0 1.0 0.0 0.006798284972679527 0.00570603840801024 0.005441176470588236 0.0032429245283018865 0.001017132478568433
0 0.009259259259259259 0.0 1.0 0.0 0.0031538265202322967 0.004828595664608536 0.008888888888888887 0.002795248078266946 0.0012819662095449698
0 0.0064516129032258064 0.0 1.0 0.0 0.004969242829623505 0.005656844555724205 0.007362428842504741 0.0005325623858794887 0.0146700668219959
0 0.009259259259259259 0.0 1.0 0.0 0.0031030480576073613 0.0043945487762700585 0.010457516339869279 0.0007861635220125787 0.002576505161182501
0 0.004464285714285714 0.0 1.0 0.0 0.004918396589337945 0.006098393939029741 0.010220588235294118 0.0010318396226415094 0.00886049425267984
0 0.005 0.0 1.0 0.0 0.0033202491284375552 0.0071400893828690035 0.0044235294117647055 0.0005660377358490566 0.0017022362052729046
0 0.0037037037037037034 0.0 1.0 0.0 0.009854490142915463 0.008899262167087873 0.006588235294117646 0.001572327044025157 0.018530478270378854
0 0.0071428571428571435 0.0 1.0 0.0 0.010894132889251154 0.006437041896139273 0.004873949579831933 0.0005053908355795149 0.009456585795315485
0 0.007575757575757576 0.0 1.0 0.0 0.00562337120069546 0.0033065380014773624 0.014705882352941175 0.0007861635220125786 0.013066200881840706
0 0.0030864197530864196 0.0 1.0 0.0 0.0055594279014360365 0.0065361934308671744 0.0067973856209150325 0.0006988120195667365 0.0015293526340048492
0 0.002331002331002331 0.0 1.0 0.0 0.00866418923435416 0.007891464056940054 0.011408199643493759 0.0015008576329331046 0.011728802886889511
0 0.0023809523809523807 0.0 1.0 0.0 0.0037795349890737935 0.005113192194962046 0.01011764705882353 0.00110062893081761 0.01677263843788219
0 0.0026666666666666666 0.0 1.0 0.0 0.006900581675352373 0.005810018489010066 0.005364705882352942 0.0003773584905660377 0.020585751615772897
0 0.0025 0.0 1.0 0.0 0.006789402799317966 0.009951842470403318 0.0075294117647058826 0.0007547169811320754 0.01670054354446791
0 0.00267379679144385 0.0 1.0 0.0 0.004165643604999273 0.0026606314262421103 0.009518716577540104 0.00096483704974271 0.01083400533800475
0 0.03333333333333333 0.0 1.0 0.0 0.009688020967834842 0.008724301834688447 0.011797307996832936 0.003492063492063493 0.03333333333333333
0 0.011627906976744186 0.0 1.0 0.0 0.006509431875342324 0.009952746022560903 0.009887863889962992 0.002934662236987821 0.01497655927056459
0 0.01515151515151515 0.0 1.0 0.0 0.006272767916629896 0.00966014461354669 0.011552580436190885 0.0033549783549783555 0.014196245120808833
0 0.017857142857142856 0.0 1.0 0.0 0.006083073331515125 0.0028611675767885756 0.0067865626060400405 0.002040816326530612 0.03438233748867532
0 0.004761904761904762 0.0 1.0 0.0 0.0016215324502406687 0.005705761172831339 0.007521773555027713 0.00034013605442176874 0.0007117932100348691
0 0.01282051282051282 0.0 1.0 0.0 0.008634685081982677 0.011383794448998535 0.009501187648456057 0.002197802197802198 0.02140278473258591
1 0.005714285714285714 0.0 1.0 0.0 0.009111680379717192 0.005173163177312698 0.01140142517814727 0.0014285714285714286 0.02224432923193255
0 0.010416666666666666 0.0 1.0 0.0 0.004418417898283858 0.0036596612349561602 0.010095011876484561 0.0011904761904761906 0.03042295281621052
0 0.0101010101010101 0.0 1.0 0.0 0.00403075481258472 0.005464737529762633 0.016843014467717556 0.001948051948051948 0.03847346920132604
0 0.003448275862068966 0.0 1.0 0.0 0.004631380697694142 0.009695052230117459 0.010647882709476612 0.0011494252873563218 0.00854366902149006
0 0.006060606060606061 0.0 1.0 0.0 0.007100685833192734 0.007409008902345827 0.0045922406967537615 0.000634920634920635 0.031014553148005348
0 0.003968253968253968 0.0 1.0 0.0 0.011583421909706354 0.007730512617375946 0.010292953285827397 0.002154195011337868 0.021207547518148247
0 0.003344481605351171 0.0 1.0 0.0 0.006330083015212805 0.0023979126990594578 0.012909222348445729 0.0006211180124223603 0.010497888438266852
0 0.0021008403361344537 0.0 1.0 0.0 0.00530362291835085 0.003965541559149588 0.00831353919239905 0.0011904761904761904 0.01364906930482477
0 0.003333333333333333 0.0 1.0 0.0 0.004419092651067137 0.005145513593880683 0.008907363420427552 0.00023809523809523812 0.024484524324979294
0 0.002403846153846154 0.0 1.0 0.0 0.005441585419660112 0.007203082595604823 0.010414763383884522 0.0009157509157509158 0.022195733755933984
0 0.002262443438914027 0.0 1.0 0.0 0.005000953148833484 0.006042107324030103 0.011511054266398682 0.0011904761904761906 0.019609744161621347
1 0.0037037037037037034 0.0 1.0 0.0 0.004932564785247489 0.007558216403693681 0.005225653206650831 0.0 0.0028631128056733277
0 0.02702702702702703 0.0 1.0 0.0 0.011405332717571087 0.01141940081391729 0.01291369698680404 0.003962077260506582 0.027027027027027032
0 0.016666666666666666 0.0 1.0 0.0 0.008015571188157445 0.010791538993296153 0.005134899912967798 0.003228621291448518 0.004317759622267408
0 0.007751937984496124 0.0 1.0 0.0 0.005107750391975443 0.007846122013543406 0.007407857186228672 0.002374284670644102 0.01285049243894294
0 0.019230769230769232 0.0 1.0 0.0 0.01043896555671341 0.010090648834851333 0.014661578630247038 0.0010068465565847766 0.03851073482835039
0 0.008333333333333333 0.0 1.0 0.0 0.00346780941893045 0.007801708592392212 0.010008703220191473 0.0006544502617801046 0.0008591731475526306
0 0.01282051282051282 0.0 1.0 0.0 0.006768891834097423 0.004282277356386825 0.00943964651536453 0.0012082158679017317 0.0007242481876960823
0 0.023809523809523808 0.0 1.0 0.0 0.0026973842231459728 0.002967886022392806 0.0030461270670147957 0.0 0.010222400181914311
0 0.007352941176470588 0.0 1.0 0.0 0.014530104751012764 0.012663402928361508 0.011365381661803104 0.0032337542346781646 0.03266657443277387
0 0.01111111111111111 0.0 1.0 0.0 0.009151646235456808 0.007996397359639222 0.012010443864229765 0.0005235602094240838 0.0008023860201850846
0 0.0030303030303030303 0.0 1.0 0.0 0.007114098208661511 0.007589702391755651 0.007832898172323762 0.0015072187847056954 0.012262613082898915
0 0.007575757575757576 0.0 1.0 0.0 0.006566809777622066 0.005472214783855316 0.010226283724978245 0.001963350785340314 0.04399170811958269
0 0.004166666666666667 0.0 1.0 0.0 0.012436225695350963 0.0074265952995250335 0.005221932114882506 0.0015706806282722511 0.0316579319186463
0 0.0038461538461538464 0.0 1.0 0.0 0.011772085239430758 0.007890538679925445 0.009007832898172325 0.0023560209424083765 0.020938796295572156
0 0.001984126984126984 0.0 1.0 0.0 0.007384596554101155 0.0032683205467119686 0.011096605744125326 0.0007998836532867947 0.014158771484601715
0 0.006666666666666666 0.0 1.0 0.0 0.005455627397373238 0.008958820640821258 0.007049608355091383 0.0007853403141361256 0.0034127272820848866
0 0.004464285714285714 0.0 1.0 0.0 0.0007764523375063506 0.005087804609816239 0.008205893323386795 0.0 0.0013490587391963376
0 0.002028397565922921 0.0 1.0 0.0 0.010512681792199448 0.01353094071355501 0.009993697668137213 0.0027983390503701026 0.014644935497711734
0 0.003472222222222222 0.0 1.0 0.0 0.003938515285071345 0.005524396881330175 0.0039164490861618795 0.0003272251308900524 0.011095752350181317
0 0.03125 0.0 1.0 0.0 0.011779609605634357 0.01447180560894916 0.012146226415094339 0.005800189393939391 0.03125000000000001
0 0.017241379310344827 0.0 1.0 0.0 0.010545831604734645 0.010804945990158759 0.016655823031880283 0.004832810867293625 0.00994018612117561
0 0.01515151515151515 0.0 1.0 0.0 0.008110242531382086 0.007027267317483792 0.011149228130360204 0.002582644628099173 0.01661873766634622
0 0.014705882352941176 0.0 1.0 0.0 0.004404103936857531 0.009384148436204182 0.010432852386237514 0.002450980392156863 0.021923936046406068
0 0.011111111111111112 0.0 1.0 0.0 0.007196207694343201 0.010886298108836763 0.01530398322851153 0.0012626262626262627 0.0002841626803630833
0 0.006666666666666666 0.0 1.0 0.0 0.011121554063669034 0.0074118868098498 0.012377358490566037 0.0015151515151515152 0.01722699196377
0 0.008928571428571428 0.0 1.0 0.0 0.011245810667865236 0.005852270230967059 0.022169811320754716 0.0011837121212121212 0.04380661308711479
0 0.0078125 0.0 1.0 0.0 0.003705082404101532 0.008048026052047415 0.016037735849056604 0.002130681818181818 0.005757728576409955
0 0.003472222222222222 0.0 1.0 0.0 0.012337898087337623 0.015125017186105327 0.012735849056603772 0.002012310606060606 0.01768859379913338
0 0.006666666666666667 0.0 1.0 0.0 0.003276029590907564 0.003435552910769854 0.018867924528301886 0.0 0.0178743220979184
0 0.008264462809917356 0.0 1.0 0.0 0.01884561200636921 0.015539660380708607 0.010634648370497428 0.0024104683195592287 0.030893933004437366
0 0.005952380952380952 0.0 1.0 0.0 0.007875610253842234 0.008232807055780694 0.0037735849056603774 0.0005411255411255411 0.013315580684057625
0 0.004273504273504274 0.0 1.0 0.0 0.009324849372629453 0.01717776455384927 0.005870020964360586 0.0004208754208754209 0.0006895243874811913
0 0.029411764705882353 0.0 1.0 0.058823529411764705 0.011095305558886728 0.013089263864541114 0.01176470588235294 0.0044275774826059485 0.029411764705882353
0 0.03125 0.0 1.0 0.0 0.0055551113000591144 0.006095335809430386 0.0071428571428571435 0.003584229390681003 0.001954007374423612
0 0.007407407407407407 0.0 1.0 0.0 0.009543470253171236 0.011988155305056068 0.008253968253968253 0.002708084428514537 0.00781812492240954
0 0.017857142857142856 0.0 1.0 0.0 0.010918506843997335 0.01567372065282099 0.0071428571428571435 0.0007680491551459294 0.0007378146909189495
0 0.008695652173913044 0.0 1.0 0.0 0.010065103309843351 0.013914560851653435 0.011490683229813663 0.0012466884837151317 0.016831720618934214
0 0.013888888888888888 0.0 1.0 0.0 0.007918712858997734 0.01015889301571731 0.007142857142857143 0.000896057347670251 0.0035210785965217512
0 0.005714285714285714 0.0 1.0 0.0 0.014021147835820839 0.014186495428699068 0.011285714285714286 0.000860215053763441 0.01729021708207711
0 0.008928571428571428 0.0 1.0 0.0 0.01700693808460754 0.012631442555675774 0.01709183673469388 0.003072196620583718 0.04881730391496387
0 0.007407407407407407 0.0 1.0 0.0 0.006199008464235037 0.0032508457650295393 0.010952380952380953 0.0 0.016645925818648367
0 0.005263157894736842 0.0 1.0 0.0 0.0036712211201320884 0.0012832285914590286 0.012218045112781956 0.0007545746085644218 0.0004059399819112394
0 0.003787878787878788 0.0 1.0 0.0 0.009369509195937877 0.0068131923079202406 0.01011904761904762 0.0013440860215053762 0.020598332132588357
0 0.003968253968253968 0.0 1.0 0.0 0.005315705994568812 0.008273659055319033 0.007312925170068028 0.00136542072025943 0.014228012822256228
0 0.004273504273504274 0.0 1.0 0.0 0.005189487479268879 0.0 0.007738095238095238 0.0 0.00811823493969803
0 0.03571428571428571 0.0 1.0 0.0 0.007973813162824634 0.0059745222323056655 0.016687925170068025 0.003731343283582091 0.03571428571428571
0 0.015151515151515152 0.0 1.0 0.0 0.00771846563841237 0.014669141035904915 0.007124819624819625 0.0032564450474898256 0.007045714025340579
0 0.03333333333333333 0.0 1.0 0.0 0.003968179883547613 0.012351772751710647 0.011904761904761904 0.0032835820895522386 0.019162453917869277
0 0.027777777777777776 0.0 1.0 0.0 0.008067853507819044 0.010771332187773989 0.014550264550264551 0.0036484245439469317 0.0011012662114441333
0 0.018181818181818184 0.0 1.0 0.0 0.010658067224198245 0.010896490234977067 0.016233766233766232 0.004341926729986432 0.03264026155338174
0 0.004273504273504273 0.0 1.0 0.0 0.006271289379862884 0.0081515413262295 0.013888888888888885 0.0006888633754305396 0.008234858700143696
0 0.005952380952380952 0.0 1.0 0.0 0.007607535580017743 0.008347900329729681 0.015624999999999995 0.0017412935323383085 0.013233317795284609
0 0.004166666666666667 0.0 1.0 0.0 0.007388163152943714 0.009799560277381446 0.016964285714285713 0.0011940298507462687 7.460484298384655e-05
0 0.004115226337448559 0.0 1.0 0.0 0.007164925677299152 0.0 0.011904761904761908 0.0002211166390270868 0.01955748549814213
0 0.014285714285714287 0.0 1.0 0.0 0.011974877282267402 0.012294856923552196 0.01615646258503401 0.0017057569296375266 0.07697469548909486
0 0.005681818181818182 0.0 1.0 0.0 0.0039866909434574695 0.0011435541585973665 0.009300595238095238 0.00037313432835820896 0.0008232953049237005
0 0.004629629629629629 0.0 1.0 0.0 0.0069000431620326015 0.005856328925101172 0.006779100529100528 0.0013266998341625207 0.010602369791529065
1 0.001876172607879925 0.0 1.0 0.0 0.0052902154856369335 0.007509508165352947 0.011469221835075491 0.0016745540589734255 0.00881970624895166
0 0.0024630541871921183 0.0 1.0 0.0 0.007346237179488047 0.0066178127531385696 0.007286535303776684 0.001132269686052496 0.001129873230037559
0 0.0047619047619047615 0.0 1.0 0.0 0.007181005120749091 0.00816656073068557 0.019345238095238092 0.0014925373134328358 0.027738923045436324
0 0.045454545454545456 0.0 1.0 0.0 0.009075842500665522 0.00897040543310037 0.014146037029332221 0.00323185988323603 0.04545454545454546
0 0.017857142857142856 0.0 1.0 0.0 0.0075729977969618886 0.008348768232632182 0.011196469434455705 0.0029488859764089125 0.01441473481597502
0 0.008130081300813007 0.0 1.0 0.0 0.00338849816830657 0.0073326293335707225 0.006697549813026734 0.0025173416871783396 0.0006261515986848198
0 0.020833333333333332 0.0 1.0 0.0 0.007264831408326411 0.007115988081324495 0.018115942028985508 0.0026758409785932725 0.006685520109867438
0 0.022222222222222223 0.0 1.0 0.0 0.008836220704169844 0.006374198388369272 0.007373506229341469 0.0017838939857288483 0.014191037475768938
0 0.006666666666666666 0.0 1.0 0.0 0.005963687052998176 0.003706673407225953 0.011807780320366135 0.0011009174311926607 0.016824863708906613
0 0.007142857142857143 0.0 1.0 0.0 0.003808261734410815 0.003633508235302725 0.014988558352402745 0.0009174311926605505 0.00043391950063243975
0 0.00625 0.0 1.0 0.0 0.007772371974962511 0.004121171961127742 0.009382151029748284 0.0010321100917431193 0.021059736626828987
0 0.008547008547008546 0.0 1.0 0.0 0.005413743538422159 0.002428262977562678 0.02358739658510826 0.0014114326040931546 0.0009872494804159884
0 0.0032258064516129032 0.0 1.0 0.0 0.006170964669786756 0.006950466420240065 0.010851110947073155 0.0016277005031074283 0.024645091645443776
0 0.00909090909090909 0.0 1.0 0.0 0.005941123569802137 0.0058872256494876445 0.011899313501144164 0.0016055045871559634 0.0657014540086181
0 0.003968253968253968 0.0 1.0 0.0 0.0032962956366999383 0.005589099151182421 0.010134030728996404 0.0008737439930100481 0.0014828006821393214
0 0.003076923076923077 0.0 1.0 0.0 0.007652823619429743 0.00864736895443065 0.008237986270022885 0.0008256880733944954 0.021450740442069502
0 0.00510204081632653 0.0 1.0 0.0 0.011087189157625148 0.011687378540139246 0.012912716574043807 0.0018020969855832242 0.02704508984474302
0 0.004166666666666667 0.0 1.0 0.0 0.0014456925007411531 0.0028259800902254856 0.010297482837528606 0.0 0.0013297536347843246
0 0.00625 0.0 1.0 0.0 0.0009876447890997428 0.004362589433223175 0.012128146453089244 0.0 0.0040905377904789705
0 0.002352941176470588 0.0 1.0 0.0 0.003828376612393956 0.0074908654538731875 0.010434782608695651 0.0008256880733944954 0.00015676642379863247
0 0.0027777777777777775 0.0 1.0 0.0 0.0055056255765209075 0.007576365862132867 0.011441647597254006 0.0011467889908256881 0.0003149403924054556
0 0.0017543859649122805 0.0 1.0 0.0 0.0067883348817869135 0.006253524238025819 0.014263920671243326 0.0016055045871559634 0.025404313465647962
0 0.00625 0.0 1.0 0.0 0.0017474964481591436 0.005254513402606967 0.014874141876430207 0.0 0.0019068620848953846
0 0.002506265664160401 0.0 1.0 0.0 0.009137215009554948 0.0065410110840025 0.008912441286282068 0.0015692901979719944 0.027614978975507073
0 0.0025252525252525255 0.0 1.0 0.0 0.005908461983228598 0.006649431155008081 0.016145436053902878 0.0019113149847094803 0.03052775102508613
0 0.03225806451612903 0.0 1.0 0.0 0.006599524457749503 0.005074154412649489 0.014793507294020958 0.002469516900756289 0.03225806451612903
1 0.01282051282051282 0.0 1.0 0.0 0.004257808360461285 0.005210920040042234 0.016821819369590072 0.0033124769966875233 0.006965967218856809
0 0.015873015873015872 0.0 1.0 0.0 0.007013660409391021 0.003242079559219797 0.020700636942675158 0.0025062656641604 0.022253097909380442
0 0.03125 0.0 1.0 0.0 0.004493345739382782 0.0036538562097873 0.004578025477707006 0.0013955342902711324 0.022252928141166178
0 0.005714285714285714 0.0 1.0 0.0 0.005121597724662645 0.00500216003331049 0.008553230209281164 0.0022328548644338113 0.007689828763963335
0 0.005376344086021505 0.0 1.0 0.0 0.006396492729979922 0.008150787893248483 0.015307170741730016 0.0028811030508823386 0.0017448012611894557
0 0.002506265664160401 0.0 1.0 0.0 0.004362489565102156 0.006919653185206106 0.020700636942675175 0.002546238003301715 0.0015536535240685458
0 0.011363636363636364 0.0 1.0 0.0 0.004063095024386423 0.006509017542197363 0.011001737116386799 0.00043497172683775554 0.00156264812385922
0 0.004115226337448559 0.0 1.0 0.0 0.004887032026105613 0.009368337750382507 0.016277423920736025 0.0023628093803532402 0.0018985456736445485
0 0.004545454545454546 0.0 1.0 0.0 0.0056962694155882725 0.005442453419928878 0.014910248986682107 0.0008699434536755111 0.018350988644219086
0 0.006493506493506494 0.0 1.0 0.0 0.005217538000982416 0.009489611491461342 0.011601455868971792 0.0013670539986329459 0.0006818498468138619
0 0.008333333333333333 0.0 1.0 0.0 0.007916119296361317 0.009270467710788518 0.005573248407643313 0.0017543859649122805 0.012932147055251262
0 0.002958579881656805 0.0 1.0 0.0 0.0034288718923302995 0.0007495089661102154 0.011881430671239588 0.000122684333210649 0.015291445830065385
0 0.002976190476190476 0.0 1.0 0.0 0.0035013424638859676 0.0024359041398582 0.01167728237791932 0.00019936204146730463 0.01791663396408886
0 0.006666666666666666 0.0 1.0 0.0 0.0011967746259875438 0.0 0.002388535031847134 0.0 0.03258602098782431
0 0.002403846153846154 0.0 1.0 0.0 0.002541567245316149 0.004509187223056673 0.011697697207251346 0.0005520794994479204 0.00030925495566137297
0 0.002557544757033248 0.0 1.0 0.0 0.00713125367128912 0.007660492268434126 0.014054278593187482 0.0012481797378822552 0.007042556117184052
0 0.004629629629629629 0.0 1.0 0.0 0.005697310314442084 0.007114166675443127 0.020966029723991506 0.002259436469962786 0.000810292772479591
0 0.004048582995951417 0.0 1.0 0.0 0.006357474684523238 0.0051477334473158205 0.014943655071043607 0.00122684333210649 0.00031521508198282427
0 0.001724137931034483 0.0 1.0 0.0 0.0037182299644162864 0.006618846632926436 0.014715572150230616 0.0013749106308089973 0.014193194985826349
0 0.002506265664160401 0.0 1.0 0.0 0.0013578851221254108 0.005168325328985844 0.01340931947703654 0.000503651473180559 0.0013427891198913907
0 0.0009276437847866419 0.0 1.0 0.0 0.0029072005987849977 0.003342631094032935 0.01624853763161316 0.0007811737135045405 0.005623242336908754
0 0.0024154589371980675 0.0 1.0 0.0 0.004963631246185471 0.003370705285992033 0.015215852795470629 0.000177210703526493 0.011156123124544707
1 0.005952380952380952 0.0 1.0 0.0 0.001932259925739086 0.0 0.004777070063694267 0.0 0.06397466389919422
0 0.0012903225806451613 0.0 1.0 0.0 0.002889454780322268 0.00405123520934965 0.017721388945962608 0.0010804136440808764 0.0001726845538102836
0 0.004807692307692308 0.0 1.0 0.0 0.001962930196682007 0.004374077570726772 0.013335987261146497 0.0007974481658692185 0.004211637932435158
0 0.0013717421124828531 0.0 1.0 0.0 0.004882533737202582 0.004971330278681955 0.009436187780136825 0.000826983283123634 0.020866421178546375
0 0.030303030303030304 0.0 1.0 0.06060606060606061 0.013698127281847423 0.010792673679869165 0.01356339599965662 0.003960055096418732 0.03030303030303031
0 0.015151515151515152 0.0 1.0 0.0 0.007437448725213795 0.00869948349336635 0.01253326465791055 0.003960055096418731 0.021562029465652097
1 0.03333333333333333 0.0 1.0 0.0 0.006418363398917143 0.007292131770388105 0.014164305949008499 0.004261363636363635 0.052412046868620644
0 0.019230769230769232 0.0 1.0 0.0 0.004381472250112406 0.0051630376125089885 0.010895619960775768 0.0032779720279720276 0.015366886990376841
0 0.008 0.0 1.0 0.0 0.008780301965010203 0.006203133722524939 0.014164305949008495 0.001590909090909091 0.021043852714120775
0 0.008333333333333333 0.0 1.0 0.0 0.0035258556023493926 0.001955027635912679 0.01742209631728045 0.0005681818181818182 0.008921681583021254
0 0.007142857142857143 0.0 1.0 0.0 0.012182062688053297 0.009759288815215863 0.011473087818696883 0.0024147727272727276 0.0331521814328156
0 0.009615384615384616 0.0 1.0 0.0 0.008244660769542762 0.004466064746038992 0.028110699498801482 0.002185314685314685 0.03173736363264355
0 0.0025839793281653744 0.0 1.0 0.0 0.00487169201295784 0.008015446101728817 0.01903946241517886 0.0011231501057082454 0.012032459278785936
0 0.003125 0.0 1.0 0.0 0.00739853526701582 0.008391260532293032 0.014783994334277616 0.0012428977272727273 0.017199037783814163
0 0.005050505050505051 0.0 1.0 0.0 0.003902195684884887 0.005894670561418267 0.010701920050361975 0.0006313131313131314 0.0004431051182514628
0 0.008333333333333333 0.0 1.0 0.0 0.0068213295268742865 0.0035528912607899186 0.014447592067988669 0.0 0.02150097618700036
0 0.002958579881656805 0.0 1.0 0.0 0.008342057804851154 0.01353516676849248 0.008607539769012858 0.0009833916083916083 0.02121787954506161
0 0.0023809523809523807 0.0 1.0 0.0 0.00820594125666006 0.008486755970097919 0.016525023607176583 0.0020833333333333333 0.02229529490032873
0 0.008333333333333333 0.0 1.0 0.0 0.0021633312970128775 0.006508431373683628 0.015580736543909348 0.0 0.0018796852739319668
0 0.003289473684210526 0.0 1.0 0.0 0.011058849038849012 0.010660449049618017 0.010287759057700909 0.0019437799043062203 0.02651089140634688
0 0.03333333333333333 0.0 1.0 0.0 0.007950344723385685 0.008407483514279415 0.015926892950391645 0.003577661431064574 0.03333333333333333
0 0.013888888888888888 0.0 1.0 0.0 0.00448818234916643 0.006409256522668918 0.008920800696257617 0.0029086678301338004 0.0015535394416259926
0 0.013888888888888888 0.0 1.0 0.0 0.006192473604874099 0.00793611373048215 0.018494342906875544 0.003381326352530542 0.018741701531042796
0 0.008928571428571428 0.0 1.0 0.0 0.009413432304872047 0.008607679147492145 0.018649757553151812 0.002056843679880329 0.02108697957606526
0 0.011764705882352941 0.0 1.0 0.0 0.004510169244428545 0.004273577660069925 0.024266625710336352 0.0010779180782260547 0.049370762385101484
0 0.010416666666666666 0.0 1.0 0.0 0.010706856564938335 0.008903658067178417 0.007996083550913838 0.0006544502617801048 0.003214757622887163
0 0.006802721088435374 0.0 1.0 0.0 0.007862084658427904 0.013394667396169166 0.007459903021260724 0.0002493143854400399 0.022353476631864263
0 0.0125 0.0 1.0 0.0 0.0020598685288481583 0.008688416124027872 0.005483028720626631 0.0005235602094240838 0.01520712883784214
0 0.012345679012345678 0.0 1.0 0.0 0.012089629607718581 0.001978590681595204 0.012184508268059183 0.0005817335660267598 0.01396392257086599
0 0.007692307692307693 0.0 1.0 0.0 0.008699969440384257 0.01836441365456656 0.0056236192006426985 0.0022150624244865083 0.017518686919010172
1 0.006060606060606061 0.0 1.0 0.0 0.010672054590098514 0.010371447679174866 0.0113141862489121 0.0012216404886561953 0.0003957704042263584
0 0.009259259259259259 0.0 1.0 0.0 0.0012091069869621216 0.007473591521204831 0.013635044966637656 0.0005817335660267598 0.002673333443856079
0 0.0027472527472527475 0.0 1.0 0.0 0.005778443816291143 0.009162310487275787 0.008392390898918314 0.0012154076290201946 0.006734558443053964
0 0.007142857142857143 0.0 1.0 0.0 0.015381127792702894 0.011995708291890934 0.004438642297650131 0.001832460732984293 0.003840611782502618
0 0.0024691358024691358 0.0 1.0 0.0 0.007781115895974156 0.004164575976773776 0.010540566676336913 0.000678689160364553 0.017892979426247603
0 0.005681818181818182 0.0 1.0 0.0 0.008720624479253872 0.006045188777908338 0.011868027533823879 0.0016658733936220846 0.08652377793568894
0 0.00267379679144385 0.0 1.0 0.0 0.0041847642181179695 0.0038518646241921238 0.012342748635176835 0.0010709186101856257 0.01564710458450833
0 0.0021367521367521365 0.0 1.0 0.0 0.004514128720497819 0.004426410706619297 0.011146816629845353 0.0014095851792186869 0.01153666455974351
0 0.0037593984962406013 0.0 1.0 0.0 0.0071781723674692035 0.0059939354675277836 0.010257366654233496 0.0016828721017202693 0.0008686282391752387
0 0.0029411764705882353 0.0 1.0 0.11764705882352941 0.008244212288909616 0.004189956737495726 0.012594071571187224 0.0003079765937788728 0.0004884224630364197
0 0.030303030303030304 0.0 1.0 0.0 0.012849474938065378 0.011798525406839084 0.020733652312599677 0.00417666400071092 0.03030303030303031
0 0.016129032258064516 0.0 1.0 0.0 0.005453509738522652 0.009096473923848138 0.019335974344463307 0.003973134045974836 0.03374991596064833
0 0.01515151515151515 0.0 1.0 0.0 0.012070544419138952 0.013525414118171635 0.019803296119085594 0.0045321247667288725 0.04821498135574918
0 0.022727272727272728 0.0 1.0 0.0 0.004939312172178962 0.010033674953238583 0.01674641148325359 0.0007997867235403893 0.0026303608809308816
0 0.011111111111111112 0.0 1.0 0.0 0.0038597419247696635 0.009456418872527019 0.013157894736842105 0.0008145975887911372 0.008542966259396111
0 0.008333333333333333 0.0 1.0 0.0 0.01160677300622868 0.01676530294485119 0.018421052631578946 0.0030791788856304987 0.050859319871843646
0 0.005714285714285714 0.0 1.0 0.0 0.009043727198092606 0.008820870445444513 0.0152046783625731 0.0021114369501466276 0.014439683649246728
0 0.007352941176470588 0.0 1.0 0.0 0.004749482797051478 0.0029922512222720263 0.023219814241486066 0.0010350181128169743 0.012969863535889107
0 0.00505050505050505 0.0 1.0 0.0 0.009668739348634542 0.00877907634547235 0.01515151515151515 0.0019994668088509737 0.02088612857370422
0 0.007692307692307693 0.0 1.0 0.0 0.007161918491163012 0.0012866642171568239 0.030139451192082774 0.0013534852244529666 0.02434898351706509
0 0.002840909090909091 0.0 1.0 0.0 0.008179813905174417 0.011321011317153138 0.017178362573099418 0.0027492668621700877 0.034528084067576716
0 0.008333333333333333 0.0 1.0 0.0 0.009247636169467754 0.009678036635353798 0.01608187134502924 0.0032258064516129032 0.11079292904531039
0 0.002136752136752137 0.0 1.0 0.0 0.007375666696309128 0.011713600366983311 0.013807667316439244 0.0019550342130987292 0.025654773603777117
0 0.002551020408163265 0.0 1.0 0.0 0.009653492973592009 0.0101199664926741 0.019736842105263153 0.0021994134897360706 0.03691014045432643
0 0.002777777777777778 0.0 1.0 0.0 0.008645979174523604 0.01127024362967794 0.014619883040935673 0.0021994134897360706 0.039054002966415945
0 0.029411764705882353 0.0 1.0 0.0 0.013172504004919988 0.009513002425659984 0.014756592292089251 0.003301838870263129 0.029411764705882353
0 0.023809523809523808 0.0 1.0 0.0 0.013993975728727973 0.008385844876646753 0.015270935960591134 0.0035364750390657115 0.045354480206418614
0 0.00980392156862745 0.0 1.0 0.058823529411764705 0.013886530911566983 0.00911285460510398 0.016075050709939153 0.003149446307020215 0.02761832091312411
0 0.009259259259259259 0.0 1.0 0.0 0.021614900795640317 0.009168719286655802 0.01845466155810984 0.002686624448282479 0.023823631644354717
0 0.00625 0.0 1.0 0.0 0.014832137423939533 0.011458206832430805 0.014655172413793107 0.001996977547495682 0.028919151094629777
0 0.006944444444444444 0.0 1.0 0.0 0.012494340562853715 0.00896136805589987 0.022701149425287354 0.0015831894070236039 0.0382551274272009
0 0.007936507936507936 0.0 1.0 0.0 0.002297173339513768 0.0026107828682879718 0.010919540229885057 0.0007676069852235655 0.006859224429161172
0 0.003472222222222222 0.0 1.0 0.0 0.013195323849910174 0.00501074011986742 0.01068007662835249 0.00019190174630589137 0.018389907521901998
0 0.008547008547008546 0.0 1.0 0.0 0.02266937598420307 0.014520166556188069 0.013793103448275862 0.0026571011026969575 0.07345711801679401
0 0.0058823529411764705 0.0 1.0 0.0 0.01029581889160825 0.013093268176974664 0.015111561866125762 0.0029462562226963323 0.015786521618622776
0 0.008264462809917356 0.0 1.0 0.0 0.014090137796976494 0.008770646373110954 0.015203761755485894 0.0023551577955723034 0.007722904945459749
0 0.0043859649122807015 0.0 1.0 0.0 0.026921262375951136 0.025592882870246653 0.01588021778584392 0.005272247977456595 0.04678331585446131
0 0.006993006993006993 0.0 1.0 0.0 0.024655130544474 0.009145809078219292 0.009561128526645767 0.0015701051970482022 0.08203709818958665
0 0.002747252747252747 0.0 1.0 0.0 0.006532060873848165 0.0065240604290430215 0.010477453580901859 0.0016606881891855984 0.010870450156347812
0 0.0026666666666666666 0.0 1.0 0.0 0.0003906348758306467 0.0032895864140428444 0.009448275862068967 0.0003454231433506045 0.0008197805841011563
0 0.003125 0.0 1.0 0.0 0.0064239897952838 0.008886012078915564 0.009827586206896553 0.0019861830742659756 0.012443235626449136
0 0.003095975232198142 0.0 1.0 0.0 0.006887235587044241 0.011201305351765717 0.01252268602540835 0.0022725206799381874 0.013142454487904765
0 0.0023148148148148147 0.0 1.0 0.0 0.023002284872705146 0.013510249602347058 0.016954022988505752 0.003022452504317789 0.02951909568956106
0 0.002105263157894737 0.0 1.0 0.0 0.016203926403406444 0.013665668700033759 0.014620689655172419 0.002901554404145078 0.03733897281783829
0 0.002777777777777778 0.0 1.0 0.0 0.006375638153605801 0.0036448374297640956 0.011685823754789272 0.0010554596046824026 0.004696407191173939
0 0.0021645021645021645 0.0 1.0 0.0 0.018378341420354296 0.008429142915094015 0.020768025078369907 0.002983199874391584 0.04127823423199276
0 0.0034965034965034965 0.0 1.0 0.0 0.024613866521040306 0.01760662895251167 0.01816976127320955 0.0039856516540454365 0.0726093114599287
0 0.0018115942028985507 0.0 1.0 0.0 0.00787340946045275 0.007656206205516975 0.02191091954022989 0.0027345998848589525 0.0128011643253299
0 0.001488095238095238 0.0 1.0 0.0 0.004949669491127973 0.003901172728997315 0.008928571428571433 0.0009252405625462621 0.0001836002410907293
0 0.0033333333333333335 0.0 1.0 0.0 0.012915959647228454 0.0082591431857279 0.02025862068965517 0.0027345998848589525 0.00705595428062782
0 0.002958579881656805 0.0 1.0 0.0 0.019943479211667395 0.002846929126810803 0.015517241379310345 0.001062840441078783 0.07145766500482821
0 0.0026455026455026454 0.0 1.0 0.0 0.0075819415923373285 0.008398361194301058 0.015147783251231525 0.0028374043918085365 0.018798869407136227
0 0.04 0.0 1.0 0.0 0.006643490229338662 0.006153067929068095 0.008928571428571426 0.0024329159212880137 0.04
0 0.015625 0.0 1.0 0.0 0.006768416913253848 0.009527871624023767 0.005189732142857143 0.002515652951699463 0.00026842060616504124
0 0.014492753623188404 0.0 1.0 0.0 0.008235714640086966 0.006598967880287435 0.005512422360248447 0.0022555806175624167 0.008791542263559302
0 0.011363636363636364 0.0 1.0 0.0 0.00448973661141061 0.007786750510506527 0.00827922077922078 0.0023581070092698 0.00025386394756839013
0 0.007407407407407408 0.0 1.0 0.0 0.006795228310432742 0.007412880809206744 0.00972222222222222 0.0023189558073278996 0.01171086645564284
0 0.006172839506172839 0.0 1.0 0.0 0.003621618868024525 0.00670945559054983 0.008862433862433862 0.0013913734843967404 0.0001387719422490584
0 0.006211180124223602 0.0 1.0 0.0 0.0065413821941350805 0.01132864639806734 0.004658385093167701 0.0006222291358792875 0.0003550997167014001
0 0.008333333333333333 0.0 1.0 0.0 0.0035509755042671823 0.0036772713161924405 0.008333333333333333 0.0002385211687537269 0.0006533811635764131
0 0.0037037037037037034 0.0 1.0 0.0 0.010617928205640587 0.009238409307159605 0.007083333333333331 0.0014311270125223613 0.014733537480936343
0 0.0038461538461538464 0.0 1.0 0.0 0.0030140187737310595 0.004777746661776833 0.009752747252747253 0.0008256501995321315 0.00017610825206928096
0 0.0034965034965034965 0.0 1.0 0.0 0.004380732495341332 0.002816303262391788 0.007623626373626373 0.0001376083665886886 0.01127709836133358
0 0.00641025641025641 0.0 1.0 0.0 0.0057833802401023975 0.006580206449865163 0.009478021978021977 0.001651300399064263 0.000602268671672561
0 0.00591715976331361 0.0 1.0 0.0 0.002750191708747159 0.0 0.009752747252747253 0.0 0.0014672378762798986
0 0.003401360544217687 0.0 1.0 0.0 0.004790791734350311 0.0046392350371509275 0.007568027210884353 0.0002555583950932788 0.006549320643642588
0 0.002564102564102564 0.0 1.0 0.0 0.004028946996519004 0.003488734403542715 0.008928571428571428 0.0009632585661208201 0.014929871065556542
0 0.002403846153846154 0.0 1.0 0.0 0.0017289943247184348 0.0019756196814416896 0.0071428571428571435 0.0002752167331773772 0.0006447736106044708
0 0.004901960784313725 0.0 1.0 0.0 0.005234113060219627 0.004546919047614369 0.009226190476190476 0.0016398330351818722 0.03772582794950589
0 0.0027777777777777775 0.0 1.0 0.0 0.007070568033269971 0.0016399376330032025 0.004285714285714286 0.0004472271914132379 0.027498960451768317
0 0.0037593984962406013 0.0 1.0 0.0 0.011293511871102392 0.009131561831675508 0.00778061224489796 0.002300025555839509 0.047000697565020184
0 0.0035714285714285718 0.0 1.0 0.0 0.003125560456268297 0.0015612695074787542 0.006632653061224491 0.0 0.0009352347672378766
0 0.0023809523809523807 0.0 1.0 0.0 0.0037071826913194572 0.004061560354142683 0.007232142857142858 0.000626118067978533 0.0005001673901630007
0 0.002840909090909091 0.0 1.0 0.0 0.007731356633180529 0.00648965776381606 0.009263392857142855 0.0005590339892665474 0.008942434420563925
0 0.002173913043478261 0.0 1.0 0.0 0.00585031853809143 0.005519425901779699 0.008928571428571428 0.0008050089445438282 0.0015860398193959882
0 0.002976190476190476 0.0 1.0 0.0 0.005488766969718011 0.006473974386846124 0.00982142857142857 0.0010222335803731152 0.03524771452207891
0 0.002 0.0 1.0 0.0 0.005139369316767283 0.0057368067800598836 0.010892857142857143 0.001431127012522361 0.010225147520532501
0 0.002958579881656805 0.0 1.0 0.0 0.009827593843015441 0.004895505591951856 0.00934065934065934 0.001376083665886886 0.060872233068616007
0 0.0016835016835016834 0.0 1.0 0.0 0.004108444230380009 0.002892252948394433 0.010389610389610391 0.0009757684176288827 0.026740449752603215
0 0.02702702702702703 0.0 1.0 0.0 0.008034761280879764 0.006456150458343647 0.012109512109512107 0.003295978905735004 0.027027027027027032
0 0.018518518518518517 0.0 1.0 0.0 0.005098371330795372 0.007089646389802906 0.012926887926887924 0.002950918398072871 0.008398181347991166
0 0.0303030303030303 0.0 1.0 0.0 0.0016431607039400803 0.004925177625434088 0.002361275088547816 0.0014781966001478192 0.009180755759540964
0 0.011904761904761904 0.0 1.0 0.0 0.008601888621685304 0.005764364180271028 0.018243661100803957 0.003252032520325204 0.03376591614126912
0 0.03333333333333333 0.0 1.0 0.0 0.005897505549471935 0.001729797751046117 0.004329004329004329 0.0016260162601626014 0.01632396676804544
0 0.00641025641025641 0.0 1.0 0.0 0.004931958344936304 0.00233290354813768 0.009178321678321676 0.001938711694809255 0.022852674209581276
0 0.005714285714285714 0.0 1.0 0.0 0.0073704718796988615 0.009169939766470969 0.013961038961038957 0.0035121951219512205 0.01584040565385288
0 0.003205128205128205 0.0 1.0 0.0 0.005893674049721346 0.007437780703038317 0.01207126207126207 0.0011673962893475089 0.012121826225322898
0 0.005291005291005291 0.0 1.0 0.0 0.0035266551119631923 0.005330560532330369 0.011440940012368582 0.0015485869144405732 0.02889244196569282
0 0.0030303030303030303 0.0 1.0 0.0 0.0027453699674817623 0.003317605343812917 0.01219992129083038 0.00029563932002956393 0.0016915655011289208
0 0.005347593582887701 0.0 1.0 0.0 0.007623500490382679 0.010746610372879785 0.012318563789152023 0.0021999043519846965 0.009695727825670112
0 0.0043859649122807015 0.0 1.0 0.0 0.004845453469733717 0.006745596935424534 0.00871496924128503 0.0010269576379974327 0.01951176407498618
0 0.009615384615384616 0.0 1.0 0.0 0.009651274980691092 0.006366646963607825 0.015016233766233768 0.002032520325203252 0.05451305980345175
0 0.0019305019305019303 0.0 1.0 0.0 0.005360206180983324 0.007961213985006809 0.01439101439101439 0.0018896945726214018 0.009278472764433684
0 0.005555555555555556 0.0 1.0 0.0 0.006071285378042245 0.010102791445702437 0.012445887445887446 0.0018970189701897021 0.003194084915545701
0 0.004166666666666667 0.0 1.0 0.0 0.0030932265850208253 0.007882173724408813 0.00984848484848485 0.0009756097560975611 0.023774690015494905
0 0.004901960784313725 0.0 1.0 0.0 0.006608977243668111 0.009682589170741487 0.01636904761904762 0.001761517615176152 0.0004374056206133277
0 0.0037037037037037034 0.0 1.0 0.0 0.004197378716601788 0.004186140271285598 0.011688311688311687 0.00043360433604336043 0.015359795729132954
0 0.003289473684210526 0.0 1.0 0.125 0.005510277405948484 0.008938279406973268 0.009334415584415584 0.001321138211382114 0.00032281542507210713
0 0.002380952380952381 0.0 1.0 0.0 0.005029941590749734 0.00908706720830433 0.007111935683364253 0.001316298877274487 0.000986305950023121
0 0.0028011204481792717 0.0 1.0 0.0 0.0023613970643193948 0.004818426054087061 0.011077158135981664 0.0013390722142515544 0.025701986939942304
0 0.0026737967914438505 0.0 1.0 0.0 0.0060800124131601815 0.007867035839110153 0.013464476699770817 0.001721664275466284 0.03685676827051175
0 0.001976284584980237 0.0 1.0 0.0 0.007880217887953291 0.008776333876025694 0.012322904368358912 0.0014781966001478199 0.0060888000669522815
0 0.003205128205128205 0.0 1.0 0.0 0.004929114319534313 0.0049226485072099025 0.01386113886113886 0.0021263289555972483 0.03459634531181592
0 0.002 0.0 1.0 0.0 0.006129907732670031 0.008537437977563867 0.015178571428571425 0.002032520325203252 0.013690558175453772
0 0.0022624434389140274 0.0 1.0 0.0 0.0068782376297495664 0.006569416218707488 0.010122230710466005 0.001243424198947872 0.02441523199037537
1 0.0008818342151675485 0.0 1.0 0.0 0.004723602242013326 0.004434955318807446 0.008155534941249223 0.0009291521486643438 0.007920093974898283
0 0.0021008403361344537 0.0 1.0 0.0 0.0028611931958975128 0.0029328175309485637 0.014992360580595871 0.0013390722142515544 0.027705451449824045
0 0.001044932079414838 0.0 1.0 0.0 0.0035700691676468733 0.006025454690591305 0.010576544667453756 0.0011332840601133284 0.005263317648831324
0 0.02857142857142857 0.0 1.0 0.0 0.011636775476306906 0.009869313131094551 0.01350189633375474 0.003546099290780143 0.028571428571428567
1 0.01 0.0 1.0 0.0 0.004890516906547487 0.0059319015323130615 0.011433628318584068 0.0025531914893617037 0.012420517999390117
0 0.027777777777777776 0.0 1.0 0.0 0.011142673851301408 0.017883592121201265 0.01592920353982301 0.004137115839243499 0.04143794811529517
0 0.017857142857142856 0.0 1.0 0.0 0.007214798720882027 0.009569321137236044 0.013147914032869783 0.003419452887537994 0.020675811298405893
0 0.014285714285714287 0.0 1.0 0.0 0.010059252493314805 0.017426591319743494 0.012642225031605562 0.004305977710233029 0.04197950796309174
0 0.01111111111111111 0.0 1.0 0.0 0.0070364163605828485 0.011255939374113684 0.010619469026548672 0.002955082742316785 0.028876704824467293
0 0.007518796992481203 0.0 1.0 0.0 0.003699498098409229 0.0032106098524127768 0.009315323707498836 0.0013997760358342663 0.05350131375773962
0 0.005 0.0 1.0 0.0 0.0035005616059307055 0.002887860648103204 0.009557522123893802 0.0005673758865248227 0.039844994389955715
0 0.0024154589371980675 0.0 1.0 0.0 0.0051095211993128185 0.00698577602422758 0.01061946902654867 0.0013876040703052729 0.010301118986691098
0 0.007692307692307693 0.0 1.0 0.0 0.004051547164529697 0.006609555280667234 0.01620149761742682 0.0009547190398254228 0.0012742323822320532
0 0.004329004329004329 0.0 1.0 0.0 0.008284528124312683 0.00929209410393173 0.01171512852928782 0.0015197568389057749 0.042884605780322306
0 0.009259259259259259 0.0 1.0 0.0 0.006397979288720071 0.004020327874305148 0.011799410029498525 0.0 0.04742525918018276
0 0.006993006993006993 0.0 1.0 0.0 0.0006698853473385442 0.001969454410949183 0.005309734513274336 0.0 0.012224488009052322
0 0.002976190476190476 0.0 1.0 0.0 0.00905830660451687 0.00607330853369152 0.017256637168141593 0.0020685579196217494 0.04091350418838769
0 0.011111111111111112 0.0 1.0 0.0 0.004200321616895949 0.0 0.004424778761061947 0.0 0.01419066898561925
0 0.002717391304347826 0.0 1.0 0.0 0.006753031127459011 0.0045115978146472785 0.011850711812235477 0.001387604070305273 0.04202696234407866
0 0.004901960784313725 0.0 1.0 0.0 0.006772082219548448 0.0023635594264845065 0.024041297935103245 0.0013297872340425532 0.08543635365478802
0 0.002525252525252525 0.0 1.0 0.0 0.006756370227883949 0.004772819907330223 0.01359613837489944 0.0013700838168923275 0.025536550166363383
0 0.0011695906432748538 0.0 1.0 0.0 0.004712067519146608 0.008750387646431932 0.013097345132743365 0.0015760441292356185 0.011424699062557478
0 0.0033333333333333335 0.0 1.0 0.0 0.004830038169249761 0.010767051866790545 0.01982300884955752 0.003309692671394799 0.014198686466633918
0 0.002506265664160401 0.0 1.0 0.0 0.006279289430974539 0.012282786789121078 0.01974848625989753 0.0029861888764464353 0.019911475121003473
0 0.005681818181818182 0.0 1.0 0.0 0.0023170131225250107 0.005324527700974004 0.011946902654867256 0.0011081560283687944 0.004393788984712657
0 0.001358695652173913 0.0 1.0 0.0 0.00416862596938797 0.010293353199998164 0.008517699115044245 0.0012743794326241134 0.011175757181007287
0 0.001736111111111111 0.0 1.0 0.0 0.006742236930740015 0.005169996462864251 0.009882005899705013 0.0008126477541371158 0.041150941776890985
0 0.0009523809523809524 0.0 1.0 0.0 0.006917039104949026 0.004863754930730946 0.01323219553308049 0.0008443093549476529 0.016425814907762702
0 0.004273504273504274 0.0 1.0 0.0 0.01000260384804266 0.013041146479832219 0.013569321533923304 0.00256107171000788 0.031607130941677455
0 0.029411764705882353 0.0 1.0 0.058823529411764705 0.00744601160747184 0.008939343392196071 0.01280583029672046 0.003285356695869839 0.02941176470588236
0 0.013888888888888888 0.0 1.0 0.0 0.010973139669580445 0.006685215390417257 0.014159292035398226 0.0029058313632781734 0.0004180483902090472
0 0.012345679012345678 0.0 1.0 0.0 0.009940913942758351 0.009487210316450542 0.010357259914782039 0.0031520882584712383 0.026527605992722567
0 0.01 0.0 1.0 0.0 0.009826243890376006 0.009648786898332352 0.0068672566371681424 0.002127659574468086 0.0023371063850699657
0 0.008 0.0 1.0 0.0 0.014998828648664551 0.015386028129145966 0.015646017699115045 0.0037588652482269504 0.012663657200957907
0 0.00505050505050505 0.0 1.0 0.0 0.0031861087494164204 0.002216884573531823 0.008313220702601234 0.0003761014399312272 0.009722341759869736
0 0.0047619047619047615 0.0 1.0 0.0 0.0035706737668957877 0.004837846562013626 0.011150442477876107 0.0015366430260047282 0.011820044821702486
0 0.0026595744680851063 0.0 1.0 0.0 0.010932427892136947 0.006968305335943486 0.006514780643946527 0.0004904179870227856 0.0010497569605619171
0 0.004273504273504273 0.0 1.0 0.0 0.009257256309833274 0.007484289561627692 0.009530292716133424 0.0021822149481723944 0.031771267443327714
0 0.008333333333333333 0.0 1.0 0.0 0.003708182762958919 0.00564572705311506 0.010619469026548672 0.0007387706855791961 0.0014812772029878752
0 0.004784688995215311 0.0 1.0 0.0 0.015581601090962013 0.006474265272949885 0.00568234746157429 0.0006532288167226578 0.0006454553082361621
0 0.004901960784313725 0.0 1.0 0.0 0.0038310139195970993 0.003963084474527544 0.008224882873503384 0.001042970379641218 0.004539016805509756
0 0.002849002849002849 0.0 1.0 0.0 0.010037016107213565 0.010286046803787934 0.010291707636840376 0.0012477016023115313 6.678323004961666e-05
0 0.003105590062111801 0.0 1.0 0.0 0.0027671340292977726 0.006421618347848671 0.006464024624855714 0.0008479802651865557 0.00039920205950220804
0 0.004166666666666667 0.0 1.0 0.0 0.006712018742335131 0.009489569614470273 0.009734513274336283 0.002105496453900709 0.037948848789391594
0 0.002840909090909091 0.0 1.0 0.0 0.004464880657280813 0.005280391331512559 0.007642799678197907 0.0009671179883945843 0.010467810249165212
0 0.0029411764705882353 0.0 1.0 0.0 0.009666017354366407 0.010818890195124902 0.009203539823008847 0.0015070921985815603 0.02158017561467176
0 0.00505050505050505 0.0 1.0 0.0 0.017817193329037046 0.014030438033864627 0.019308125502815767 0.0020954223081882657 0.0002239617158998882
0 0.0037593984962406013 0.0 1.0 0.0 0.01929157529658205 0.015166065000418437 0.019089759797724398 0.0027862208713272545 0.012254310554010635
0 0.0015625 0.0 1.0 0.0 0.011075922749728764 0.005023099993231827 0.010951327433628314 0.0012743794326241136 0.008204063756642807
0 0.007936507936507936 0.0 1.0 0.0 0.03132843647715388 0.008040655748610296 0.009734513274336283 0.001182033096926714 0.0029472558755017655
0 0.004545454545454545 0.0 1.0 0.0 0.0057951303932740564 0.0019504790145718942 0.010088495575221238 0.0005319148936170213 0.0014004920752261562
0 0.001976284584980237 0.0 1.0 0.0 0.015014297587350766 0.010498810110572758 0.017296862429605795 0.0030625402965828493 0.013101645404092782
0 0.0013440860215053762 0.0 1.0 0.0 0.005540854807979281 0.0027454272439633425 0.006280331144733087 0.0008579272477693891 0.020330732273632312
0 0.023809523809523808 0.0 1.0 0.0 0.004057672300948718 0.004399851313366236 0.007456828885400314 0.0014185325826022441 0.023809523809523808
0 0.010416666666666666 0.0 1.0 0.0 0.002967239831526814 0.002325633622691945 0.011275183150183152 0.0014130766880537731 0.0021411467279531114
0 0.027777777777777776 0.0 1.0 0.0 0.004321999388979142 0.0027818453578730084 0.007936507936507936 0.0010693553315001532 0.0029031284087498318
0 0.022727272727272728 0.0 1.0 0.0 0.008384959339276639 0.004735197376489156 0.00666000666000666 0.001083243063078077 0.032757341312620564
0 0.015384615384615385 0.0 1.0 0.0 0.003485535835528105 0.0014763160559429559 0.010495914342068185 0.0010576041740111403 0.017684434892701065
0 0.008333333333333333 0.0 1.0 0.0 0.005768052888683104 0.006311705522683222 0.00563186813186813 0.0016498625114573788 0.026289100420724947
1 0.005291005291005291 0.0 1.0 0.0 0.003968216792280567 0.003473926911335004 0.01319359652692986 0.0015276504735716471 0.005716711818593275
0 0.003787878787878788 0.0 1.0 0.0 0.0040504914626430305 0.0044934740699274466 0.010406260406260404 0.0014720995472599508 0.008953760963179567
0 0.0065359477124183 0.0 1.0 0.0 0.0052614135161086605 0.004027086140323276 0.01594483947425124 0.002372351323664205 0.01228109180827165
0 0.0071428571428571435 0.0 1.0 0.0 0.001837226254806455 0.002091688667754589 0.010596546310832023 0.0015058268953777668 0.0024592065179884575
0 0.008264462809917356 0.0 1.0 0.0 0.0016121060665625657 0.004283769929828473 0.002997002997002997 0.0009999166736105324 0.029976283335053474
0 0.0018518518518518517 0.0 1.0 0.0 0.004809782084886133 0.003165188596791778 0.013064713064713063 0.0011406456869334967 0.0020230666759215796
0 0.003076923076923077 0.0 1.0 0.0 0.003323853913995772 0.003706541308574636 0.007399267399267397 0.00021998166819431716 0.011523887174504416
0 0.003968253968253968 0.0 1.0 0.0 0.005167589954054173 0.005015617680354935 0.011294261294261296 0.0011711986964049292 0.03388911799377347
0 0.0024691358024691358 0.0 1.0 0.0 0.001518643945186234 0.0025401888310611197 0.012922262922262924 0.0008486947075398038 0.012020444706170365
0 0.0025 0.0 1.0 0.0 0.0023233183261558137 0.0034856034390472693 0.016007326007326007 0.0012098991750687442 0.002175719417168655
0 0.0034602076124567475 0.0 1.0 0.0 0.0016923717238906664 0.003808597197471439 0.0037168713639301873 0.00032350245322693697 0.006302139101480736
0 0.0023148148148148147 0.0 1.0 0.0 0.004187026726276987 0.003851983964255288 0.010645604395604398 0.0004582951420714941 0.009150721633721088
0 0.0043859649122807015 0.0 1.0 0.0 0.0037274627090523958 0.004390890293017078 0.013812576312576314 0.0009929728078215704 0.002416971545087588
0 0.001851851851851852 0.0 1.0 0.0 0.002474421609587793 0.0016982282293486113 0.010615927282593949 0.0005431646128254743 0.0009742698844811278
0 0.001488095238095238 0.0 1.0 0.0 0.0030154107690974537 0.003204825745341905 0.012047847985347986 0.0005155820348304307 0.013788903380678839
0 0.0026737967914438505 0.0 1.0 0.0 0.0029725674289073395 0.004566512900710457 0.013520792932557637 0.0012400927373699252 0.001653640986448472
0 0.0036231884057971015 0.0 1.0 0.0 0.00592613982551636 0.005488772502103202 0.01259157509157509 0.0015276504735716467 0.03986037638042333
0 0.0037878787878787876 0.0 1.0 0.0 0.0031791467698499163 0.0017004569860822377 0.011488511488511488 0.000916590284142988 0.03256498765314701
0 0.0012121212121212121 0.0 1.0 0.0 0.0026630815528180976 0.0036571316588731168 0.010295260295260296 0.0004999583368052662 0.004726497636224751
0 0.001201923076923077 0.0 1.0 0.0 0.003624646765866834 0.0032324924559519338 0.012362637362637362 0.000687442713107241 0.0004183187360956414
0 0.0014814814814814814 0.0 1.0 0.0 0.006181795476978973 0.0057520333566241765 0.0136996336996337 0.0015032080659945007 0.003935353654672469
0 0.0017006802721088435 0.0 1.0 0.0 0.0066452997526151355 0.004584670826044819 0.01290772719344148 0.0009602374405307494 0.011768006614309469
0 0.0014367816091954023 0.0 1.0 0.0 0.0023379670447030636 0.002150476677523533 0.00988247863247863 0.0005346776657500764 0.007147301912867758
0 0.001388888888888889 0.0 1.0 0.0 0.0051284171207558555 0.0038244117615306287 0.007707570207570208 0.0010311640696608617 0.031569024614513504
0 0.004032258064516129 0.0 1.0 0.0 0.0030643523897024676 0.0034688309650415163 0.013850732600732602 0.0009165902841429881 0.004036541079242707
0 0.0014204545454545455 0.0 1.0 0.0 0.005164308792720932 0.0029432766636557015 0.008366633366633366 0.0002916423631364053 0.0004354605920059155
0 0.0017825311942959003 0.0 1.0 0.0 0.0021068386398039657 0.0027317260770721823 0.008672699849170438 0.0005930878309160512 0.03213123441810822
0 0.0010504201680672268 0.0 1.0 0.0 0.00491474089759515 0.003164356643949338 0.00912480376766091 0.00013094146916328402 0.0002478953560616525
0 0.0014285714285714286 0.0 1.0 0.0 0.007318883959285617 0.00576924469382766 0.010210622710622707 0.0019248395967002754 0.029712297105639336
0 0.0010683760683760683 0.0 1.0 0.0 0.0031951817320235603 0.0029823784460164403 0.0072907861369399815 0.001022350701544102 0.015090050485903943
0 0.001081081081081081 0.0 1.0 0.0 0.004990589625882839 0.002557565648479442 0.008095238095238095 0.0005499541704857929 0.0004570723591586012
0 0.0007309941520467836 0.0 1.0 0.0 0.003469968167117262 0.0013320946744121518 0.011345136345136345 0.0004837559832976881 0.0015746531215158413
1 0.0017094017094017094 0.0 1.0 0.0 0.007436048855020209 0.0051848398279352005 0.011538461538461537 0.0012832263978001834 0.009210326015111793
0 0.00078125 0.0 1.0 0.0 0.005384917136534699 0.0024215667135454766 0.011217948717948716 0.001002520623281393 0.00021193463249830405
0 0.0012195121951219512 0.0 1.0 0.0 0.005578640979903814 0.0023888197582355012 0.014835164835164835 0.0016956920256645277 0.003273684824633889
0 0.0010351966873706003 0.0 1.0 0.0 0.0032508787287707373 0.001554475119510001 0.008321388756171364 0.0005579245207826884 0.006328163770674242
0 0.0008613264427217916 0.0 1.0 0.0 0.002853660211744788 0.0011750006796072926 0.016144349477682812 0.0005092168245238823 0.0020656505813331986
0 0.0010330578512396695 0.0 1.0 0.0 0.0013940399141702613 0.0008654206900908609 0.017482517482517487 0.001791517373552204 0.0027616193596450437
0 0.0007936507936507937 0.0 1.0 0.0 0.0032188658644576366 0.0014831695215782087 0.010302197802197802 0.0007201780803980623 0.015615976606340218
0 0.0008361204013377926 0.0 1.0 0.0 0.004662279047431146 0.002375001029547053 0.018103691180614258 0.00105760417401114 0.0004590412262089634
0 0.001182033096926714 0.0 1.0 0.0 0.0037309319096437404 0.0003649576268923628 0.018162393162393164 0.0010693553315001528 0.014010993015390747
0 0.03333333333333333 0.0 1.0 0.0 0.008402119891155824 0.010218478217967427 0.009329140461215933 0.004206098843322816 0.03333333333333333
0 0.013513513513513514 0.0 1.0 0.0 0.00537122070160013 0.0070179951891576435 0.015043345232024477 0.0034956091738426107 0.013101534617672977
0 0.01282051282051282 0.0 1.0 0.0 0.008027719231258014 0.008465411834216214 0.011127237542331882 0.002305265712205776 0.007438544165427311
0 0.00641025641025641 0.0 1.0 0.0 0.004135569460943243 0.0057857336524624 0.012981777132720529 0.000970638194612958 0.005551755223375753
0 0.02 0.0 1.0 0.0 0.0009848759751536866 0.0019272074393578442 0.012578616352201259 0.0025236593059936906 0.00560151542256657
0 0.01111111111111111 0.0 1.0 0.0 0.0016096149896600023 0.0055765366714484324 0.01111111111111111 0.0 0.001223028004623433
0 0.0037593984962406013 0.0 1.0 0.0 0.008176070261023703 0.011412380145853883 0.007696127110228401 0.00033206043499916984 0.0023532858962680312
0 0.013888888888888888 0.0 1.0 0.0 0.011211476079885442 0.007991225012888696 0.011530398322851153 0.0010515247108307045 0.0009211543256873597
0 0.005555555555555555 0.0 1.0 0.0 0.006941643135268535 0.007516230660865306 0.014150943396226415 0.0015772870662460567 0.026737964970125032
0 0.005 0.0 1.0 0.0 0.006014356425736575 0.004103760376441585 0.012578616352201259 0.0007886435331230284 0.018602827244059768
0 0.006060606060606061 0.0 1.0 0.0 0.0025327693045277795 0.005722308949168716 0.014046121593291406 0.0 0.006492162571816493
0 0.0037878787878787876 0.0 1.0 0.0 0.006007094656448293 0.006195318217915741 0.010148656375071468 0.0015772870662460567 0.0050415144623373815
0 0.006993006993006993 0.0 1.0 0.0 0.0 0.003751092915891494 0.010577472841623784 0.0011471178663607685 0.010091974444784853
0 0.003968253968253968 0.0 1.0 0.0 0.010820273423226959 0.0095151693487761 0.0047169811320754715 0.0017525411847178407 0.0252372784864143
0 0.008333333333333333 0.0 1.0 0.0 0.0 0.0 0.004716981132075472 0.0 0.009064063809133167
0 0.041666666666666664 0.0 1.0 0.0 0.010463186780839332 0.00893450876999046 0.01234917043740573 0.0034958427815570668 0.041666666666666664
0 0.029411764705882353 0.0 1.0 0.0 0.01270887179576932 0.014771278618337543 0.008517434122970456 0.003868213952247565 0.0005920892325671783
0 0.0196078431372549 0.0 1.0 0.0 0.010474804870910466 0.023246189092822545 0.011445302102741552 0.004401760704281713 0.01191495867927865
0 0.010869565217391304 0.0 1.0 0.0 0.010931424990994785 0.01401501986110747 0.008262836907338185 0.0037464261066745535 0.03187836448112598
0 0.011111111111111112 0.0 1.0 0.0 0.01060960104191893 0.021954734143221293 0.011060834590246357 0.004283194759385236 0.012528374451785628
0 0.005952380952380952 0.0 1.0 0.0 0.013022151157216515 0.009394460599648265 0.007514544279250163 0.0034823453190800124 0.022417711817620273
0 0.005494505494505494 0.0 1.0 0.0 0.0025020012234096187 0.006578687818713804 0.00991994430908458 0.000959358102215245 0.0002202000197956221
0 0.004807692307692308 0.0 1.0 0.0 0.004187122020004154 0.005062227371321371 0.00809258614688479 0.00017442874585731728 0.01357683706583556
0 0.008547008547008546 0.0 1.0 0.0 0.006899481170636065 0.008340896611053574 0.009745910198398886 0.0020931449502878076 0.0006447349282722596
0 0.007692307692307693 0.0 1.0 0.0 0.00348440578483803 0.0 0.010616080751827359 0.0 0.0012192349139095162
0 0.0034965034965034965 0.0 1.0 0.0 0.004175998107569313 0.005104597229369101 0.009397841977027498 0.0011337868480725624 0.010805605226526342
0 0.003205128205128205 0.0 1.0 0.0 0.001493906468875399 0.003996598977327937 0.006787330316742083 0.00034885749171463456 0.0005544857849625088
0 0.006410256410256411 0.0 1.0 0.0 0.0054677427879168084 0.004463601127539068 0.008861236802413273 0.0015117157974300832 0.028749641336615006
0 0.0035714285714285713 0.0 1.0 0.0 0.009698007870407043 0.00443455223450562 0.004411764705882353 0.0006802721088435374 0.031089431783465515
0 0.0047619047619047615 0.0 1.0 0.0 0.01587177971579987 0.012785417222523165 0.008888170652876535 0.003239390994493035 0.051535063113777854
0 0.004464285714285714 0.0 1.0 0.0 0.0035772035751075923 0.002964186015677069 0.006464124111182934 0.00032393909944930353 0.0068963443863688575
0 0.0029411764705882353 0.0 1.0 0.0 0.0037796764945222682 0.004534256729831153 0.0081447963800905 0.0006802721088435375 0.0007864995427864027
0 0.003472222222222222 0.0 1.0 0.0 0.008874146070786487 0.009145599977741002 0.01159502262443439 0.0011337868480725624 0.013284643871360871
0 0.002631578947368421 0.0 1.0 0.0 0.0064741042656672135 0.00736123099849946 0.010067873303167423 0.0011337868480725624 0.0017893855963946868
0 0.0035714285714285718 0.0 1.0 0.0 0.007218860280135022 0.008206239642283408 0.009534583063994828 0.0009718172983479106 0.03892632586682574
0 0.0023809523809523807 0.0 1.0 0.0 0.006759972955331424 0.007271825374270918 0.012556561085972851 0.0018140589569160999 0.011798770977036022
0 0.0034965034965034965 0.0 1.0 0.0 0.013503598827058485 0.007509018345347919 0.010442046641141662 0.0020931449502878076 0.0654419014151155
0 0.001976284584980237 0.0 1.0 0.0 0.004615827256566571 0.00329678497432474 0.011106540518305225 0.0011337868480725622 0.02328227678809237
0 0.03333333333333333 0.0 1.0 0.0 0.007998984109439911 0.00835644364547879 0.01196868008948546 0.0028571428571428563 0.03333333333333333
0 0.011627906976744186 0.0 1.0 0.0 0.004267487084495764 0.007598997835530387 0.011510847510535355 0.0029314051201876083 0.00944954094748361
0 0.01515151515151515 0.0 1.0 0.0 0.0032404679080988096 0.004160041702101898 0.008694325808419766 0.002291825821237587 0.0069581504926617185
1 0.008620689655172414 0.0 1.0 0.0 0.006229984122826338 0.004922528511355414 0.012034251330710484 0.002549985511445957 0.024768247830117048
0 0.005263157894736842 0.0 1.0 0.0 0.0077024650276771855 0.008457173705023384 0.017529141646061463 0.0028748341441839883 0.013469077418757375
0 0.01282051282051282 0.0 1.0 0.0 0.007006682536875748 0.007937211629364293 0.007098606091894683 0.0010342598577892696 0.0028015515743333367
0 0.004464285714285714 0.0 1.0 0.0 0.005721866030183996 0.007027749116726648 0.00990981543624161 0.001207983193277311 0.016499791164622944
0 0.004310344827586207 0.0 1.0 0.0 0.004425514162299242 0.005012669287708907 0.010124971071511222 0.0011011301072153 0.02077039125764639
0 0.0101010101010101 0.0 1.0 0.0 0.008256663943543529 0.004970631333088951 0.012050030506406345 0.0013750954927425516 0.06251371600938192
0 0.011111111111111112 0.0 1.0 0.0 0.009657941068795205 0.006430057644097639 0.006897837434750187 0.0014939309056956117 0.05184973971789419
0 0.0033670033670033673 0.0 1.0 0.0 0.004339749074211047 0.004353933837011472 0.012242107879691775 0.0011826953003423594 0.003165475713691045
0 0.005952380952380952 0.0 1.0 0.0 0.002646419464066501 0.002513636329104315 0.011385426653883026 0.0009603841536614646 0.0020162417969304966
0 0.012820512820512822 0.0 1.0 0.0 0.006878744753566205 0.0 0.008109619686800894 0.0008403361344537816 0.02421038661298039
0 0.001984126984126984 0.0 1.0 0.0 0.0046114852810662625 0.004913847305901151 0.017244593586875467 0.0011204481792717088 0.005494070412443933
0 0.002898550724637681 0.0 1.0 0.0 0.0010037001550752883 0.00250626054102323 0.00634665888532244 0.0001461454146876142 0.0052100358073243706
0 0.003289473684210526 0.0 1.0 0.0 0.0037330328480695255 0.005627008716649033 0.011126810314376545 0.0005307386112339673 0.010941155172540153
0 0.003095975232198142 0.0 1.0 0.0 0.006306558320188369 0.007075337396102557 0.01130342635111268 0.001238390092879257 0.02667032166245427
0 0.006944444444444444 0.0 1.0 0.0 0.0011959526194391288 0.0057162981204405975 0.0029362416107382547 0.0 0.013154504925875918
0 0.0018148820326678765 0.0 1.0 0.0 0.005779429101378646 0.009263951431526082 0.019497801434853045 0.0027818023761228636 0.010203537211949566
0 0.0025 0.0 1.0 0.0 0.007129322499158991 0.010494575476348387 0.014932885906040264 0.0016806722689075633 0.024721873407146988
0 0.0026455026455026454 0.0 1.0 0.0 0.0054826136941176044 0.003536006636905233 0.014168530947054439 0.0005602240896358544 0.02875608753446055
0 0.002066115702479339 0.0 1.0 0.0 0.008562806879955349 0.012059818863813288 0.018380109823062842 0.00397249809014515 0.027631579705074353
0 0.0024154589371980675 0.0 1.0 0.0 0.004259856727272613 0.0057162981204405975 0.008296047725577927 0.0007469654528478058 0.0006388280207498422
0 0.0016666666666666666 0.0 1.0 0.0 0.008633772278146714 0.009216175318290512 0.016979865771812083 0.002218487394957983 0.022490349143812725
0 0.004 0.0 1.0 0.0 0.008727835730484138 0.0035190908607460407 0.01191275167785235 0.0003361344537815126 0.05240020445743414
0 0.001201923076923077 0.0 1.0 0.0 0.006356868603851615 0.005697985822170389 0.011115771812080535 0.0011554621848739496 0.008209133424321379
0 0.0026455026455026454 0.0 1.0 0.0 0.004549823702464117 0.0016332280344115992 0.010186960690316394 0.0009603841536614646 0.001200914733165077
0 0.025 0.0 1.0 0.0 0.011383641957251035 0.012729985454633778 0.009428223844282237 0.0033800243605359333 0.024999999999999994
0 0.0125 0.0 1.0 0.0 0.007700794103689785 0.008348528591035857 0.009671532846715326 0.0025578562728380046 0.01602949114117143
0 0.01515151515151515 0.0 1.0 0.0 0.015980453676240503 0.01748721884642981 0.010285335102853349 0.004096999224892039 0.03789754592379491
0 0.008064516129032258 0.0 1.0 0.0 0.012660787932471038 0.01317560805155841 0.008398084922690527 0.0035362068288082985 0.02336950185562505
0 0.007692307692307693 0.0 1.0 0.0 0.012454652058795283 0.013042845316753014 0.006878158338012351 0.0033261500983790887 0.02442864487380387
0 0.009259259259259259 0.0 1.0 0.0 0.013208199336679183 0.017418402515022406 0.01290889429575561 0.004736770875625931 0.041621492444585045
0 0.011904761904761904 0.0 1.0 0.0 0.005200945760146423 0.0013809165171182116 0.008414436334144364 0.0011165245635403975 0.0006322673111901975
0 0.005 0.0 1.0 0.0 0.00751912333942734 0.009406409746303652 0.007445255474452553 0.0020950060901339827 0.013953162985082377
0 0.018518518518518517 0.0 1.0 0.0 0.0020858299218988858 0.002761833034236423 0.007907542579075425 0.0 0.023256382934904913
0 0.016666666666666666 0.0 1.0 0.0 0.0009123701683556904 0.002761833034236423 0.004866180048661801 0.0 0.014671938759275657
0 0.007575757575757576 0.0 1.0 0.0 0.009129050056116498 0.018215770454347736 0.009022708840227088 0.004060089321965083 0.038973363504852684
0 0.006944444444444444 0.0 1.0 0.0 0.0031467311851801345 0.00845031001677642 0.0089213300892133 0.0019285424279334145 0.005193346423957324
0 0.008547008547008548 0.0 1.0 0.0 0.015463164500395001 0.01628153421522117 0.007164098404974318 0.00243605359317905 0.06086083896993513
0 0.007142857142857143 0.0 1.0 0.0 0.009085571259107934 0.010127937602425773 0.006326034063260341 0.0012180267965895251 0.0008820292952460708
0 0.00202020202020202 0.0 1.0 0.0 0.011348333321599582 0.011328811445934036 0.009474305094743047 0.0024360535931790494 0.025193680259972723
0 0.010416666666666666 0.0 1.0 0.0 0.0008112541670293981 0.0 0.006690997566909975 0.0 0.0135960426415554
0 0.00392156862745098 0.0 1.0 0.0 0.010888384937138002 0.012689500715203998 0.00884022708840227 0.00243605359317905 0.04461096148766467
0 0.0030864197530864196 0.0 1.0 0.0 0.011793176237273467 0.01451447681589372 0.01088131927547986 0.003518744079036405 0.03098916195402268
0 0.001547987616099071 0.0 1.0 0.0 0.005943487707631059 0.007647551204874091 0.007513954486904249 0.0013254997492297771 0.01353361208690477
0 0.0025 0.0 1.0 0.0 0.0082681249619877 0.010411013623193474 0.012834549878345498 0.0032886723507917167 0.0246464309000515
0 0.0022675736961451248 0.0 1.0 0.0 0.0047554036586943665 0.006136680181342744 0.010833043679759008 0.0015660344527579607 0.007216444417786112
0 0.0014204545454545455 0.0 1.0 0.0 0.0050215837970451985 0.00445417776951622 0.007375304136253041 0.0009135200974421437 0.008106811718489072
0 0.001890359168241966 0.0 1.0 0.0 0.008998111574682386 0.009143636363260594 0.009626573574526603 0.0017476036646719268 0.02115330042032376
0 0.001488095238095238 0.0 1.0 0.0 0.009280704221873598 0.010654554858306188 0.009254431699687173 0.0024795545502001035 0.017955689995596397
0 0.0036363636363636364 0.0 1.0 0.0 0.0034539668947409733 0.002025580557025504 0.008847600088476001 0.001107297087808659 0.0014469592907711832
0 0.0016025641025641027 0.0 1.0 0.0 0.0013679665949085193 0.0022347363177433045 0.002737226277372263 0.00010150223304912708 0.002036590987709199
0 0.0014245014245014244 0.0 1.0 0.0 0.009456306760252232 0.013143527356007033 0.013335204941044353 0.0032793029138948747 0.02411746216435057
0 0.000992063492063492 0.0 1.0 0.0 0.008292639987905151 0.008715076196981468 0.010306839686401729 0.002199215049397753 0.015364125069637033
0 0.0011890606420927466 0.0 1.0 0.0 0.009851842933789136 0.008918503566833656 0.008767514053192382 0.002604057289260364 0.02443151352874764
0 0.001075268817204301 0.0 1.0 0.0 0.006049195012651276 0.005948579758488186 0.00726002668550349 0.0018859769753644257 0.012587936602779858
0 0.0020161290322580645 0.0 1.0 0.0 0.008976228756956164 0.004992484211691337 0.01201338199513382 0.0013702801461632154 0.028477963751640512
0 0.0014204545454545455 0.0 1.0 0.0 0.006931614147210297 0.004160678752377168 0.00984295509842955 0.0015502159229321224 0.010961876038421924
0 0.00101010101010101 0.0 1.0 0.0 0.0034649422821399142 0.002324248169881365 0.008880778588807784 0.0010150223304912708 0.0003454205512067931
0 0.0008650519031141869 0.0 1.0 0.0 0.0058413428068033995 0.004137504494511199 0.010269071132102472 0.0015762699720570322 0.010921468332478586
0 0.002197802197802198 0.0 1.0 0.0 0.002643200217667276 0.0 0.009451618940670035 0.0 0.012305633966899253
0 0.001984126984126984 0.0 1.0 0.0 0.014627984696905513 0.01399366711993838 0.014511644073687867 0.004089089959979119 0.04479141494357224
0 0.0022522522522522522 0.0 1.0 0.0 0.00296070163880533 0.001983277906800198 0.01186131386861314 0.001218026796589525 0.01518832012602262
0 0.0010526315789473684 0.0 1.0 0.0 0.010859136791497475 0.004158149383119481 0.006666666666666666 0.000682095006090134 0.015396353219006922
0 0.02702702702702703 0.0 1.0 0.0 0.010178133695551232 0.00927089404385834 0.014931598264931598 0.004183750313781272 0.02702702702702703
0 0.022727272727272728 0.0 1.0 0.0 0.006076659307586867 0.005255929169314121 0.012205387205387204 0.00323670137911624 0.0062449897434578875
0 0.05555555555555555 0.0 1.0 0.0 0.003401118520429867 0.006662354151748544 0.005658436213991769 0.002579979360165119 0.012793573358491815
0 0.009259259259259259 0.0 1.0 0.0 0.012343849375602907 0.011226480811138749 0.01211705532693187 0.002751977984176127 0.021182970783068474
0 0.016666666666666666 0.0 1.0 0.0 0.010394649622684644 0.010508195000145638 0.008230452674897118 0.002063983488132095 0.04379177437585973
0 0.007246376811594202 0.0 1.0 0.0 0.008797843556769365 0.015105101234114121 0.008588298443370907 0.0017498990442859068 0.00456067309909381
0 0.007936507936507936 0.0 1.0 0.0 0.01395166890671068 0.02104486596011054 0.011659807956104253 0.0025799793601651187 0.013693872765685249
0 0.006944444444444444 0.0 1.0 0.0 0.005658480995300885 0.00940565418691608 0.011488340192043898 0.0017199862401100793 0.02697353684577647
0 0.003968253968253968 0.0 1.0 0.0 0.00901903659261075 0.013408099232875826 0.009038800705467373 0.001326846528084918 0.007871699343990407
0 0.002857142857142857 0.0 1.0 0.0 0.005549500050456827 0.0054710568773476236 0.01146384479717813 0.0010614772224679346 0.01482289582924824
0 0.004784688995215311 0.0 1.0 0.0 0.009251515158360918 0.011709814781606483 0.004223521767381416 0.0009776763891152028 0.0014369333028731361
0 0.003472222222222222 0.0 1.0 0.0 0.008340370511992504 0.007891846627513062 0.013631687242798353 0.002450980392156863 0.025991342610003396
0 0.003076923076923077 0.0 1.0 0.0 0.016189982250302774 0.016496113871042436 0.01308641975308642 0.0032198142414860687 0.02243855521304022
0 0.003968253968253968 0.0 1.0 0.0 0.0072848864757784175 0.0033942620943808923 0.008744855967078191 0.0006879944960440317 0.018012333477277157
0 0.005555555555555556 0.0 1.0 0.0 0.0 0.0017550038089072012 0.004115226337448559 0.0 0.011120305887326121
0 0.021739130434782608 0.0 1.0 0.0 0.004810461916418127 0.006467565790733965 0.011137949543746644 0.0034324942791761994 0.021739130434782608
0 0.025 0.0 1.0 0.0 0.006745547932058631 0.006362317378827742 0.0095679012345679 0.003095975232198143 0.007599823925810349
0 0.008771929824561403 0.0 1.0 0.0 0.009169360141147389 0.008266794349456026 0.01583820662768031 0.0029330291673456093 0.012714428975972214
0 0.019230769230769232 0.0 1.0 0.0 0.0023879250622711222 0.003240007031828679 0.02018043684710351 0.0 0.00765982160978885
0 0.0058823529411764705 0.0 1.0 0.0 0.007938993533949808 0.005284772930406195 0.013525780682643424 0.001365871425969769 0.0111590488000829
0 0.007246376811594202 0.0 1.0 0.0 0.005738373162272029 0.00619449653938137 0.020531400966183572 0.0014806838067034597 0.023989143195085594
0 0.007142857142857143 0.0 1.0 0.0 0.006327989234549934 0.006727097074325089 0.01265432098765432 0.001238390092879257 0.019711435741507258
0 0.005 0.0 1.0 0.0 0.0021536178176665755 0.003730049971332623 0.011604938271604937 0.0017337461300309597 0.003090586979340755
0 0.004273504273504273 0.0 1.0 0.0 0.008481432941658418 0.011728568118997647 0.014245014245014242 0.0014289116456299119 0.011589945001437217
0 0.004545454545454546 0.0 1.0 0.0 0.0065066664399823495 0.008420385379791572 0.009539842873176205 0.0005629045876723895 0.005291736094126432
0 0.002932551319648094 0.0 1.0 0.0 0.009269103339309935 0.010177453750882805 0.009856630824372757 0.00039948067512234097 0.002317130493225851
0 0.003205128205128205 0.0 1.0 0.0 0.006583793073368661 0.008100017579571697 0.009140550807217474 0.0 0.00024198925925302388
0 0.024390243902439025 0.0 1.0 0.0 0.007962621679014377 0.010629818469847356 0.014445723856380191 0.005151387720773761 0.02439024390243903
0 0.041666666666666664 0.0 1.0 0.0 0.00273016011690206 0.009524580414057937 0.01251788268955651 0.003951149425287358 0.005154609089856678
0 0.041666666666666664 0.0 1.0 0.0 0.00523721351715028 0.007330166770823611 0.01984978540772532 0.004310344827586208 0.001166195294890033
0 0.009615384615384616 0.0 1.0 0.0 0.014372669054271927 0.018164865817202454 0.009739187850775833 0.0009946949602122016 0.003957553127855155
0 0.022222222222222223 0.0 1.0 0.0 0.0 0.0 0.015259895088221268 0.0 0.010530715217275536
0 0.007936507936507936 0.0 1.0 0.0 0.013856590292484518 0.01624366739782417 0.010014306151645207 0.001026272577996716 0.020795960747388313
0 0.017857142857142856 0.0 1.0 0.0 0.016682783899580722 0.013257268948725271 0.006974248927038627 0.0016163793103448276 0.0036691268186950145
0 0.009615384615384616 0.0 1.0 0.0 0.018709978775307577 0.011491955222464656 0.017497523935292175 0.002652519893899204 0.050509023162288114
0 0.007407407407407407 0.0 1.0 0.0 0.009680321274837736 0.008894047828173787 0.0123032904148784 0.0005747126436781609 0.013960839383969201
0 0.004347826086956522 0.0 1.0 0.0 0.011184385713907157 0.008443231048246267 0.013248740436648629 0.001686656671664168 0.00011222595103752335
0 0.00909090909090909 0.0 1.0 0.0 0.0059673989321795875 0.002633296371881192 0.009012875536480686 0.0 0.003373558720503351
0 0.006944444444444444 0.0 1.0 0.0 0.0029111190642449603 0.002201670362816769 0.013233190271816882 0.0007183908045977011 0.0037574863879648473
0 0.004048582995951417 0.0 1.0 0.0 0.010842333243037232 0.017047550241362803 0.009487237406821775 0.002268602540834846 0.03534781184003417
0 0.004464285714285714 0.0 1.0 0.0 0.009234404592494866 0.010324563303408805 0.011266094420600859 0.0013469827586206897 0.03948983693007576
0 0.041666666666666664 0.0 1.0 0.0 0.00974871603702726 0.006325572648404735 0.01041666666666667 0.003410059676044332 0.041666666666666664
0 0.029411764705882353 0.0 1.0 0.0 0.009951838609792209 0.0093705644445305 0.010804321728691477 0.0034602076124567484 0.009454002861326197
0 0.03333333333333333 0.0 1.0 0.0 0.0038805372268887438 0.009265831483702122 0.006887755102040816 0.0025575447570332483 0.0007436942871270359
0 0.019230769230769232 0.0 1.0 0.0 0.004892175237606433 0.005890219612835506 0.008437990580847723 0.00314774739327169 0.02119642787562174
0 0.014285714285714287 0.0 1.0 0.0 0.004444470903465498 0.005859512672317319 0.009475218658892129 0.0027402265253927663 0.010288367851113643
0 0.00641025641025641 0.0 1.0 0.0 0.010023681947830859 0.008724081873118962 0.007751177394034539 0.0030493802872319504 0.022429986224485325
0 0.009523809523809523 0.0 1.0 0.0 0.006252317251001114 0.013223657226822344 0.006462585034013606 0.0008525149190110827 0.016588816615842855
0 0.011363636363636364 0.0 1.0 0.0 0.004102658659175264 0.004422434301058601 0.0032467532467532465 0.0 0.0023378181345090686
0 0.005847953216374269 0.0 1.0 0.0 0.010948842604324027 0.013827932311408095 0.007787325456498389 0.0010768609503297886 0.007959145746445729
0 0.008333333333333333 0.0 1.0 0.0 0.004436053795407412 0.005534041940643785 0.012755102040816327 0.0006393861892583121 0.0005703792187369683
0 0.004545454545454545 0.0 1.0 0.0 0.012275875562546688 0.00633917895299429 0.00892857142857143 0.0017902813299232735 0.017866453929378166
0 0.003623188405797101 0.0 1.0 0.0 0.006047977683803626 0.0025757630015472437 0.010425909494232477 0.0006671855887912822 0.0074788013993972845
0 0.00591715976331361 0.0 1.0 0.0 0.008760351828904262 0.004410916606629243 0.010007849293563579 0.001573873696635845 0.05183650734716405
0 0.006493506493506493 0.0 1.0 0.0 0.005668896151751965 0.003723026071913624 0.009276437847866418 0.0009300162752848176 0.023301635485389563
0 0.0030303030303030303 0.0 1.0 0.0 0.005970187064364604 0.002795517900762896 0.010320037105751393 0.0010462683096954196 0.02487741505508159
0 0.0025 0.0 1.0 0.0 0.004154740352106635 0.0059740828812490845 0.010102040816326532 0.0016368286445012788 0.00038749185639221995
0 0.002262443438914027 0.0 1.0 0.0 0.008040949235777556 0.009011022027803137 0.007554945054945058 0.00039346842415896127 0.00987989983014782
0 0.0020576131687242796 0.0 1.0 0.0 0.00649847614778429 0.006998800335140281 0.006802721088435374 0.0007577910391209625 0.0006689255714269096
0 0.0021929824561403508 0.0 1.0 0.0 0.00836129723725603 0.010789624496339028 0.007546768707482994 0.0018115942028985507 0.014113545778413393
0 0.002 0.0 1.0 0.0 0.0031192519773324935 0.00656083144093427 0.0073469387755102054 0.00020460358056265986 0.0008168261956657362
0 0.0031746031746031746 0.0 1.0 0.0 0.003256249745822747 0.005799143020736839 0.005952380952380951 0.0 0.020453881096690333