0 0.041666666666666664 0.0 1.0 0.0 0.008067770647201178 0.0034271446770983965 0.012662461773700307 0.0014351320321469572 0.04166666666666668
0 0.010869565217391304 0.0 1.0 0.0 0.004641776703094384 0.002995962822479307 0.0127143996808935 0.00147257025907253 0.01979405979012681
0 0.020833333333333332 0.0 1.0 0.0 0.005954546595242172 0.0036469822877095016 0.006880733944954129 0.0012916188289322614 0.017719566308948814
0 0.008333333333333333 0.0 1.0 0.0 0.005579896125712695 0.0021747839156236646 0.010435779816513762 0.0011863758132414843 0.030647287120714264
0 0.013333333333333334 0.0 1.0 0.0 0.010522435777323026 0.005974557867763075 0.009021406727828748 0.0016838882510524299 0.061639724077316195
0 0.005952380952380952 0.0 1.0 0.0 0.009257141029180791 0.003384068443606581 0.01527686762778506 0.0016811546662292925 0.03314555542515517
0 0.006493506493506493 0.0 1.0 0.0 0.010553479782977243 0.005389223135826756 0.01079024186822352 0.0021396513933827355 0.04395131271996071
0 0.005434782608695652 0.0 1.0 0.0 0.006685813294043277 0.0032013241818565604 0.005733944954128441 0.0010981879898168021 0.0402750943523873
0 0.005847953216374269 0.0 1.0 0.0 0.007173234803755699 0.0013928754589363449 0.01249396426846934 0.00018127983563961567 0.04926744827950282
0 0.002702702702702703 0.0 1.0 0.0 0.0066021124483131915 0.0049134293942474025 0.010693032482023308 0.0006826573990753096 0.024483804316455693
0 0.003246753246753247 0.0 1.0 0.0 0.006790134221582067 0.0031306635435731185 0.009297182175622544 0.00020501886173527963 0.03494451893487013
0 0.0037878787878787876 0.0 1.0 0.0 0.008178409282344897 0.004939880968388024 0.015690158465387825 0.001513411961173155 0.04127154959054126
0 0.0038461538461538464 0.0 1.0 0.0 0.005622189928541076 0.004771859180141699 0.017087155963302757 0.0016647531572904707 0.013070392701238578
0 0.003401360544217687 0.0 1.0 0.0 0.006852561353184479 0.0025984641788592906 0.011413280908693752 0.0006560603575528948 0.04416502270682191
0 0.002150537634408602 0.0 1.0 0.0 0.0067511500818418614 0.0051857189462381536 0.016055045871559637 0.0015925336098663013 0.029139060065254914
0 0.006944444444444444 0.0 1.0 0.0 0.01695570450655377 0.0017355261546943006 0.006243628950050969 0.0 0.10383381734186846
1 0.001176470588235294 0.0 1.0 0.0 0.00591649770841932 0.002628595827160766 0.012821100917431194 0.0008495981630309988 0.01882805654801188
0 0.0027777777777777775 0.0 1.0 0.0 0.00992105491431689 0.005935550380400329 0.018061926605504586 0.0016073478760045925 0.044826610155615336
0 0.004784688995215311 0.0 1.0 0.0 0.002489937280118819 0.0007099879723749411 0.007193494578815681 0.00020874647740319382 0.004592308334792662
0 0.004545454545454546 0.0 1.0 0.0 0.0032678996794855268 0.0037577664451045297 0.010321100917431191 0.0003131197161047907 0.0027331542347613044
0 0.001443001443001443 0.0 1.0 0.0 0.005584817492876083 0.0035743361573723318 0.012892688351403947 0.0007306126709111783 0.027428499791799985
0 0.002840909090909091 0.0 1.0 0.0 0.0009559746326446066 0.00048811673100777203 0.011037844036697247 0.0006458094144661309 0.005142295889996352
0 0.006211180124223602 0.0 1.0 0.0 0.016945679009872563 0.0011156953851606218 0.011304062909567496 0.00032803017877644746 0.13417579348245331
0 0.001736111111111111 0.0 1.0 0.0 0.0020810778872091614 0.0006508223080103627 0.011611238532110093 0.0007654037504783774 0.00021949171522040768
0 0.0044444444444444444 0.0 1.0 0.0 0.003928888887139858 0.003471052309388601 0.003312945973496432 0.0 0.00439404044023041
0 0.0038461538461538464 0.0 1.0 0.0 0.013328840319800103 0.005332733390395948 0.020412844036697252 0.0020665901262916187 0.09387899461702384
0 0.0028490028490028487 0.0 1.0 0.0 0.00181246160086672 0.002059326923534983 0.012702893436838388 0.000883158173628897 0.0012424908808075336
0 0.00510204081632653 0.0 1.0 0.0 0.0 0.0022313907703212436 0.00851900393184797 0.0009840905363293422 0.022124501100111004
0 0.0022988505747126436 0.0 1.0 0.0 0.011679083889519187 0.0050101849773287075 0.008639143730886851 0.0008419441255262151 0.06068006338249845
0 0.002564102564102564 0.0 1.0 0.0 0.004809532315566254 0.0020149368452375524 0.010409315455187017 0.00017663163472577938 0.002526131274178942
0 0.0011123470522803114 0.0 1.0 0.0 0.005684965329189794 0.002154446260999821 0.009292945270484023 0.00015835939665069876 0.031880672498785734
0 0.001644736842105263 0.0 1.0 0.0 0.010144877537604994 0.0044004813712209215 0.010079671656204733 0.0007251193425584627 0.0480905112588616
0 0.00101010101010101 0.0 1.0 0.0 0.010714991565148433 0.006081476128754903 0.010053516819571864 0.0007654037504783774 0.023760912950476068
0 0.0016339869281045752 0.0 1.0 0.0 0.014117985248772311 0.005956640658403122 0.009747706422018351 0.0007016201046051792 0.051548530153305475
0 0.0012422360248447205 0.0 1.0 0.0 0.007535754877789649 0.003485364261879352 0.010221380135620262 0.0004991763590076375 0.03958594948997145
0 0.0012077294685990338 0.0 1.0 0.0 0.01101095497312213 0.0037489299596922686 0.007329477463103312 0.00044925872310687366 0.03727387998509069
0 0.0009652509652509653 0.0 1.0 0.0 0.005831972903048969 0.0010137441372125146 0.010935452162516386 0.0004920452681646711 0.03285900986311035
0 0.0020242914979757085 0.0 1.0 0.0 0.0028666727605175125 0.0 0.009968242766407905 0.0 0.0005321680383210452
0 0.0011655011655011655 0.0 1.0 0.0 0.007860744822229234 0.0014777085013572939 0.011572143452877399 0.0009915457676651707 0.04169123677918937
0 0.0017857142857142859 0.0 1.0 0.0 0.01462734021354448 0.001937515180813608 0.019741153342070772 0.0008200754469411186 0.06230819690290558
0 0.0010604453870625664 0.0 1.0 0.0 0.011469701534914748 0.0022589888023283058 0.010869565217391308 0.0005990116308091649 0.0362972841089144
0 0.030303030303030304 0.0 1.0 0.0 0.005544463107909084 0.0031049605079699594 0.010361681329423264 0.00163094888606191 0.03030303030303031
0 0.014285714285714285 0.0 1.0 0.0 0.006623985725714315 0.00507186201252349 0.013179723502304144 0.0023988928186990627 0.01264313799651436
0 0.014492753623188404 0.0 1.0 0.0 0.008000613933778364 0.0076850604983528395 0.010472183263207105 0.0021528525296017217 0.0007533196233676652
0 0.010869565217391304 0.0 1.0 0.0 0.0009825506952165673 0.0009550795287112336 0.0060776063581112665 0.0014040342584359052 0.009449663621004167
0 0.005 0.0 1.0 0.0 0.005523626373734675 0.004217297741387057 0.012338709677419357 0.0016146393972012914 0.01635135508591635
0 0.011904761904761904 0.0 1.0 0.0 0.005963332968203157 0.007404484997962747 0.007987711213517665 0.0016146393972012914 0.016083104822813797
0 0.0026455026455026454 0.0 1.0 0.0 0.0058631785719113535 0.004944915046838503 0.012246117084826758 0.0012358968225491364 0.0043713666850210215
0 0.004807692307692308 0.0 1.0 0.0 0.005027953297261271 0.002910968352958297 0.013606286186931348 0.0008280202036929699 0.03095010458720815
0 0.0028490028490028487 0.0 1.0 0.0 0.008168472018057116 0.006126430949737242 0.013647642679900741 0.001545637713560211 0.01251359400667687
1 0.005 0.0 1.0 0.0 0.004164495582521961 0.002111423155271714 0.014086021505376346 0.0010226049515608183 0.03432548036956383
0 0.003246753246753247 0.0 1.0 0.0 0.0010713721826728464 0.0023975102337656373 0.010983102918586788 0.000730432108257727 0.00035140303255248775
0 0.0017730496453900709 0.0 1.0 0.0 0.00683107628288751 0.004228700675927065 0.012903225806451613 0.0008015940269793647 0.010489365492202661
0 0.004273504273504274 0.0 1.0 0.0 0.00795993084169344 0.002956811203997909 0.008900836320191157 0.0005382131324004305 0.03352652125487651
0 0.001984126984126984 0.0 1.0 0.0 0.005276090850139389 0.002604048058659259 0.011439665471923537 0.0008372204281784475 0.01426686206389197
0 0.005555555555555556 0.0 1.0 0.0 0.0029423297927255662 0.003050948494494219 0.00949820788530466 0.00017940437746681017 0.0012008509737478083
0 0.0016891891891891893 0.0 1.0 0.0 0.0035235721149420186 0.001817669979017355 0.008340598663179308 0.0003200186192651209 0.022132228098399497
0 0.001547987616099071 0.0 1.0 0.0 0.00901702852312954 0.006873796274083796 0.010724391624221846 0.0012180612996430795 0.009898276845209502
0 0.001633986928104575 0.0 1.0 0.0 0.0022548202676613512 0.005409610568770333 0.010088551549652117 0.0015829798011777366 0.0012082946570397349
0 0.002631578947368421 0.0 1.0 0.0 0.003252328240342719 0.0029289105547144504 0.008709677419354838 0.00043057050592034443 0.004636773226080347
0 0.002777777777777778 0.0 1.0 0.0 0.003940299547534102 0.004067931325992292 0.00931899641577061 0.00023920583662241356 0.0031576343467918664
0 0.001443001443001443 0.0 1.0 0.0 0.007224691732941861 0.005617425311002265 0.00912349299446074 0.001109045242522099 0.018304743634198817
0 0.0011961722488038277 0.0 1.0 0.0 0.0053875468090731965 0.004506786902623753 0.008828522920203736 0.00045323211149509937 0.003355208984164459
0 0.0014492753623188406 0.0 1.0 0.0 0.006388750600839539 0.0053248752830778 0.007526881720430107 0.0005023322569070685 0.01876336211826195
0 0.0016025641025641025 0.0 1.0 0.0 0.0032204984463507455 0.002172392297383081 0.01513647642679901 0.0017388424277552373 0.00022542862016124992
0 0.0014814814814814814 0.0 1.0 0.0 0.006166599940711668 0.0028664765614980414 0.01027479091995221 0.0009966909859267232 0.00020692259675116566
0 0.0019230769230769232 0.0 1.0 0.0 0.004968362643769949 0.0020052379086114595 0.011397849462365592 0.0007534983853606027 0.00043161544873419075
0 0.0011574074074074073 0.0 1.0 0.0 0.004777212158889033 0.0014169705967414432 0.011189516129032257 0.0004372981700753498 0.00012771130103107246
0 0.001020408163265306 0.0 1.0 0.0 0.005519401608399655 0.004348165344619215 0.01336405529953917 0.0015992618791327076 0.016747044489202993
0 0.0012315270935960591 0.0 1.0 0.0 0.005428019226181365 0.00286094803642179 0.011367127496159755 0.0008457634937721052 0.00033699212838696825
0 0.001282051282051282 0.0 1.0 0.0 0.0039457110955199775 0.0019936267147282988 0.012696443341604632 0.00082802020369297 0.009326282516005438
0 0.001697792869269949 0.0 1.0 0.0 0.002977406990396809 0.001107192986405208 0.016185625353706847 0.001076426264800861 0.00030962021788374824
0 0.001488095238095238 0.0 1.0 0.0 0.003618712717676429 0.001913580970854865 0.014644137224782387 0.0013327182326105902 0.0002480533661149084
0 0.05263157894736842 0.0 1.0 0.0 0.023261476892710367 0.009433271025098514 0.013537781461527837 0.0031855955678670366 0.05263157894736842
0 0.016129032258064516 0.0 1.0 0.0 0.016247390147883383 0.009588488236183502 0.01092202184404369 0.003056027164685908 0.015980778735913213
0 0.013333333333333332 0.0 1.0 0.0 0.02043007310958727 0.009261562612693433 0.009343832020997376 0.0028421052631578945 0.03145840631160665
0 0.01 0.0 1.0 0.0 0.014274852793073107 0.011297152085241464 0.010393700787401573 0.003052631578947368 0.03767099011417172
0 0.014285714285714287 0.0 1.0 0.0 0.011873823912607707 0.011116938219593791 0.012560929883764529 0.0016917293233082709 0.05045089649554667
0 0.006944444444444444 0.0 1.0 0.0 0.010035097518185565 0.013259619993030979 0.0073272090988626415 0.0006578947368421052 0.025591126180721912
0 0.008928571428571428 0.0 1.0 0.0 0.01146279710581122 0.012992756642650184 0.01115485564304462 0.0018092105263157895 0.039306595757758855
0 0.005 0.0 1.0 0.08 0.006623288516749172 0.006697841945112701 0.011128608923884514 0.00042105263157894734 0.025086886488184718
0 0.009259259259259259 0.0 1.0 0.0 0.01946749204234863 0.009986254781050512 0.014654418197725283 0.0006578947368421052 0.060182166363531235
0 0.0058823529411764705 0.0 1.0 0.0 0.03020517925513604 0.014619911050205698 0.014204106839586228 0.001547987616099071 0.044744300493023303
0 0.006060606060606061 0.0 1.0 0.0 0.001691872265022425 0.004208895303233165 0.007349081364829396 0.0007017543859649122 0.0010563084457328082
0 0.003623188405797101 0.0 1.0 0.0 0.016263650954042856 0.009174911467250125 0.010841036174825973 0.0006864988558352403 0.031058705701294705
0 0.005494505494505495 0.0 1.0 0.0 0.02609794146874635 0.00795839260978189 0.01124859392575928 0.0003759398496240601 0.06725301984310603
0 0.006493506493506493 0.0 1.0 0.18181818181818182 0.0009082945573300691 0.0 0.01717967072297781 0.0004784688995215311 0.0012354600824918292
0 0.002898550724637681 0.0 1.0 0.0 0.02381211464346188 0.0012393822430673731 0.013579824261097795 0.00045766590389016015 0.03527315447587959
0 0.002976190476190476 0.0 1.0 0.0 0.012849440314451439 0.003941673873598038 0.013748281464816896 0.0011278195488721803 0.028977870904018217
0 0.003676470588235294 0.0 1.0 0.0 0.003657513929129197 0.0 0.007053805774278215 0.0 0.011754345336971282
0 0.002525252525252525 0.0 1.0 0.0 0.002444383409993882 0.003887153398711306 0.008470532092579338 0.0007177033492822966 0.00045298450558256764
0 0.002631578947368421 0.0 1.0 0.0 0.018117542676843502 0.007909612658083418 0.015091863517060367 0.001973684210526316 0.0470614519125852
0 0.00625 0.0 1.0 0.0 0.01860651348467475 0.017034993859873643 0.017388451443569555 0.003618421052631579 0.07926377401223265
0 0.023255813953488372 0.0 1.0 0.0 0.006108886145068902 0.0027759222392362485 0.016434108527131782 0.0026628794603230986 0.023255813953488372
0 0.0125 0.0 1.0 0.0 0.007355355615707705 0.005057913590414144 0.01138095238095238 0.0026717557251908415 0.02068216151717604
0 0.017543859649122806 0.0 1.0 0.0 0.0026419555471925713 0.0020497372729984865 0.008721804511278195 0.0022097227802330257 0.0012608481915979582
0 0.014705882352941176 0.0 1.0 0.0 0.004024198926647634 0.0037126141174371446 0.013781512605042016 0.0023574315222272117 0.0028097741535169094
0 0.008695652173913044 0.0 1.0 0.0 0.002834246954970573 0.0022576816340273186 0.009275362318840581 0.0011616329239960172 0.0008430084613554297
0 0.009259259259259259 0.0 1.0 0.0 0.011051234479726864 0.0060434586991085235 0.015343915343915342 0.001166242578456319 0.04871486547083588
0 0.004329004329004329 0.0 1.0 0.0 0.006447179093651859 0.003732536160280019 0.012698412698412698 0.0010987739995373582 0.02496817379596483
0 0.0078125 0.0 1.0 0.0 0.01239120522225956 0.005679480360599972 0.008214285714285714 0.0 0.04875864141240942
0 0.0035842293906810036 0.0 1.0 0.0 0.007652365549038868 0.005657550412981402 0.012227342549923198 0.0011696626446688007 0.027560551835528573
0 0.0071428571428571435 0.0 1.0 0.0 0.012929629889015443 0.004636310498448958 0.0108843537414966 0.0006815703380588877 0.06258310965917128
0 0.004545454545454545 0.0 1.0 0.0 0.010113416681390193 0.007616813291877337 0.014095238095238096 0.0015267175572519084 0.03759085472663841
0 0.003623188405797101 0.0 1.0 0.0 0.0033361683931526867 0.002822102042534148 0.011262939958592132 0.00041486890142714906 0.00039332002111675283
0 0.003663003663003663 0.0 1.0 0.0 0.010374232212270362 0.00568955354698643 0.014603174603174602 0.0007270083605961468 0.034996679835660405
0 0.003968253968253968 0.0 1.0 0.0 0.00749395118868832 0.007212038553142823 0.007830687830687832 0.00021204410517387616 0.01203100218597209
0 0.003333333333333333 0.0 1.0 0.0 0.00869291941693848 0.004773350090832256 0.01076190476190476 0.0006679389312977099 0.038940397984934455
0 0.004166666666666667 0.0 1.0 0.0 0.008675326412761801 0.005719774814051161 0.018793650793650796 0.0027989821882951653 0.05925068013699415
0 0.0015082956259426848 0.0 1.0 0.0 0.009285159768285553 0.005655702859656772 0.009474969474969477 0.0005871990604815032 0.014577967083086608
0 0.0024154589371980675 0.0 1.0 0.0 0.004865363285212083 0.004715159617926182 0.009855072463768114 0.0003318951211417192 0.00987746692991289
0 0.0011441647597254005 0.0 1.0 0.0 0.005445702801682159 0.007562116994223289 0.01552795031055901 0.0017009624958513115 0.01775819249440919
0 0.0010869565217391304 0.0 1.0 0.0 0.005197386805055708 0.0017269041983140638 0.00935817805383023 0.0003318951211417192 0.017303004520959526
0 0.03225806451612903 0.0 1.0 0.0 0.014205210917758289 0.008330911027624009 0.01889626818469323 0.0036458746136165507 0.03225806451612903
0 0.011111111111111112 0.0 1.0 0.0 0.007107994425998477 0.008590881668194387 0.015196078431372549 0.0037128037128037125 0.024123169799509726
0 0.006802721088435374 0.0 1.0 0.0 0.009738826659535743 0.009042499933186959 0.015256102440976388 0.002406859549716693 0.020962486212379346
0 0.013888888888888888 0.0 1.0 0.0 0.010621551420536156 0.005571166882329493 0.012527233115468411 0.0004095004095004095 0.054833867727014124
0 0.005128205128205128 0.0 1.0 0.0 0.0038989814095904784 0.0038569616877665723 0.010306686777275012 0.000252000252000252 0.030169286679083366
0 0.008771929824561403 0.0 1.0 0.0 0.01152585977823191 0.006719239235024629 0.015479876160990712 0.001810422863054442 0.0528641677058432
0 0.005291005291005291 0.0 1.0 0.0 0.010099821313438085 0.010374532874561644 0.013435003631082064 0.000637000637000637 0.038348133519226536
0 0.0033783783783783786 0.0 1.0 0.0 0.008394432192535627 0.010250303684006763 0.016030736618971912 0.0023241915133807027 0.029859234703808954
0 0.005555555555555555 0.0 1.0 0.0 0.008263756772196065 0.007781378158120409 0.01580882352941176 0.0011056511056511055 0.001626086510469843
0 0.007692307692307693 0.0 1.0 0.0 0.013497992566566249 0.014637494863216922 0.01791101055806938 0.003213003213003213 0.0162817519962108
0 0.012987012987012988 0.0 1.0 0.0 0.01941052357218897 0.009550571798279131 0.009453781512605041 0.0 0.16808186653873772
0 0.008333333333333333 0.0 1.0 0.0 0.00528169280904908 0.01423253757675898 0.012990196078431373 0.0024570024570024574 0.023813328049963715
0 0.0019723865877712033 0.0 1.0 0.0 0.005883782060722734 0.005914631807150738 0.009489693313222724 0.0013230013230013228 0.02997596123100255
0 0.0035714285714285713 0.0 1.0 0.0 0.0050489771057763925 0.0 0.017034313725490198 0.0006142506142506142 0.007647601561931126
0 0.00196078431372549 0.0 1.0 0.0 0.007311772678857731 0.0026323266666489057 0.014417531718569779 0.0011562364503540975 0.03385689584336155
0 0.025 0.0 1.0 0.0 0.011725769347532791 0.009345163616932894 0.015538461538461543 0.0038580246913580253 0.025000000000000005
0 0.05 0.0 1.0 0.0 0.011618436251692638 0.014268663266095766 0.012923076923076923 0.0027777777777777775 0.03866886408122445
0 0.03333333333333333 0.0 1.0 0.0 0.015235865749994526 0.008398018226326309 0.015692307692307693 0.0027777777777777775 0.0699647699695682
0 0.010869565217391304 0.0 1.0 0.0 0.006290682054689321 0.003129060487813555 0.016187290969899668 0.00322061191626409 0.016422679389570517
0 0.007692307692307693 0.0 1.0 0.0 0.011516349654668108 0.009870965962011575 0.013846153846153843 0.00047483380816714147 0.027950365942857495
0 0.006172839506172839 0.0 1.0 0.0 0.012218658280719328 0.003887971401076995 0.016638176638176638 0.0009144947416552355 0.030495522091422454
0 0.004329004329004329 0.0 1.0 0.0 0.001902941054178836 0.004453494513960921 0.01156177156177156 0.00018705574261129816 0.00014010600148112978
0 0.004807692307692308 0.0 1.0 0.0 0.004112614680409312 0.004776709928186408 0.014911242603550296 0.0016619183285849952 0.01208769560561954
0 0.007936507936507936 0.0 1.0 0.0 0.0010220034939982874 0.0029992922236879676 0.00945054945054945 0.0 0.0023017371688972697
0 0.008333333333333333 0.0 1.0 0.0 0.019935045520353908 0.014141776811954549 0.016666666666666666 0.0020576131687242796 0.07002605429274354
0 0.004132231404958678 0.0 1.0 0.0 0.007795645789711634 0.00812202619389632 0.014125874125874127 0.0016835016835016834 0.020293106990120255
0 0.005208333333333333 0.0 1.0 0.0 0.01280133783722682 0.009746785842685929 0.012115384615384615 0.00038580246913580245 0.04408109742530781
0 0.0016366612111292963 0.0 1.0 0.0 0.0036486368209196138 0.005364889694197734 0.011718494271685762 0.000591016548463357 0.005565947818855977
0 0.0037593984962406013 0.0 1.0 0.0 0.006050871640143262 0.005525011991004151 0.010040485829959516 0.000649772579597141 0.005395950368535769
0 0.03571428571428571 0.0 1.0 0.0 0.006813597394469301 0.005528191932284022 0.009015256588072122 0.0017365130817318815 0.03571428571428571
0 0.02 0.0 1.0 0.0 0.002862029535792897 0.0035753304000676767 0.013203883495145632 0.002269043760129659 0.0005337712097236201
0 0.014492753623188404 0.0 1.0 0.0 0.0042000250356942015 0.003727981587146745 0.018643590825946247 0.0019026143330279754 0.006641708892115041
0 0.008620689655172414 0.0 1.0 0.0 0.004470347896775998 0.0034990134259788013 0.011661644905702487 0.002011959984351421 0.00021010099447841863
0 0.006666666666666667 0.0 1.0 0.0 0.00539680239003706 0.004409980397617057 0.008683926645091693 0.001620745542949756 0.022717483520434213
0 0.020833333333333332 0.0 1.0 0.0 0.0040779294718603105 0.0032410808186193775 0.017394822006472493 0.002025931928687196 0.03087164804767464
0 0.005291005291005291 0.0 1.0 0.0 0.0078137749305964 0.004359752555329323 0.01702025650245715 0.001560717930247914 0.026091608893520274
0 0.015625 0.0 1.0 0.0 0.005170940656882497 0.0027562377485106605 0.010517799352750809 0.0006077795786061589 0.0014770205838849845
0 0.009259259259259259 0.0 1.0 0.0 0.004845835438781289 0.003674983664680881 0.01577669902912621 0.00040518638573743926 0.0007925836696994713
0 0.005 0.0 1.0 0.0 0.007731883018248779 0.003591350941380476 0.011893203883495145 0.0008103727714748784 0.0008273926526486412
0 0.011363636363636364 0.0 1.0 0.0 0.009229421480026215 0.008268713245531982 0.020428802588996767 0.0012155591572123178 0.0006770418930364476
0 0.003968253968253968 0.0 1.0 0.0 0.003530559503358066 0.003149985998297898 0.011095700416088764 0.0006174268735046692 0.0017005363869308763
0 0.006993006993006993 0.0 1.0 0.0 0.0 0.0010129078783589777 0.013386290085319212 0.0014734050390452335 0.007896577307635384
0 0.005494505494505494 0.0 1.0 0.0 0.0008357156728366221 0.0018467732962172514 0.01605675877520538 0.000997381872584466 0.0017161177003037604
0 0.0024691358024691358 0.0 1.0 0.0 0.003255162985478915 0.0020888129366466823 0.015282272563825961 0.0008403865778257997 0.00024744864167697327
0 0.0020833333333333333 0.0 1.0 0.0 0.006730978021320954 0.002939986931744705 0.01197411003236246 0.0005402485143165856 0.019438315915908885
0 0.001838235294117647 0.0 1.0 0.0 0.008506100902338184 0.005147614166947966 0.012287621359223302 0.001012965964343598 0.015203800366325097
0 0.0029239766081871343 0.0 1.0 0.0 0.005674905423227139 0.0011605211572676465 0.011241696474195196 0.00017060479399471124 0.00013522164548244154
0 0.005263157894736842 0.0 1.0 0.0 0.0016406235637295946 0.0033074852982127923 0.009061488673139158 0.0006482982171799027 0.006932138844803602
0 0.002380952380952381 0.0 1.0 0.0 0.009656607947529585 0.003149985998297898 0.010094005239636309 0.0003858917959404183 0.02546303289260827
0 0.0020703933747412005 0.0 1.0 0.0 0.0094491404480184 0.005291935700948901 0.016392289292247078 0.0004932703826368825 0.03025493195045732
0 0.003246753246753247 0.0 1.0 0.0 0.011858894776595326 0.005688937653086821 0.015372168284789644 0.00023153507756425097 0.0003455210476295194
0 0.0013175230566534915 0.0 1.0 0.0 0.004342981743931671 0.004486111015590085 0.010885554574874962 0.00044202151171357 7.294835918940021e-05
0 0.003205128205128205 0.0 1.0 0.0 0.012107634350131556 0.003966431771510451 0.01257157082399801 0.0004986909362922329 0.05699638253374251
0 0.0014285714285714286 0.0 1.0 0.0 0.002925132215664023 0.003149985998297898 0.016296809986130374 0.0012155591572123178 0.006018475178199051
0 0.0017482517482517483 0.0 1.0 0.0 0.005454357100078282 0.005269401036535458 0.012577228596646072 0.00088404302342714 0.00020486144452857202
0 0.0013717421124828531 0.0 1.0 0.0 0.005971673068850736 0.006533304292766011 0.011326860841423947 0.0004201932889128999 0.02784046664750328
0 0.003968253968253968 0.0 1.0 0.0 0.007415525259985314 0.01102495099404264 0.011147069399496584 0.0009004141905276427 0.002815189851793031
0 0.003134796238244514 0.0 1.0 0.0 0.0022859602205313376 0.0010022682721856947 0.009561635775228007 0.0 0.004366703222040241
0 0.0014492753623188406 0.0 1.0 0.0 0.006748711202183656 0.00047934569539315837 0.009145912480652874 0.00021140159255866395 0.034757232032884666
0 0.0024813895781637717 0.0 1.0 0.0 0.01207688765124628 0.0 0.013442867811799849 0.0003740182022191747 0.04731022646954564
0 0.019230769230769232 0.0 1.0 0.0 0.019442075501008408 0.0050730539715326765 0.012085089567966282 0.0019791529225491504 0.019230769230769232
0 0.015625 0.0 1.0 0.0 0.013940073794621989 0.005901412428814409 0.011986301369863015 0.002304888507718697 0.04024443634579602
0 0.00980392156862745 0.0 1.0 0.0 0.020749240511420464 0.012386513570903576 0.012691377921031428 0.0026233477953788724 0.03800516746309535
0 0.013157894736842105 0.0 1.0 0.0 0.025202812237413334 0.010640386485644892 0.01234679163662581 0.0017152658662092624 0.06548426245424052
0 0.005128205128205128 0.0 1.0 0.0 0.02025047176343498 0.007290777232971372 0.013479100807867933 0.0010995294014161936 0.029646031888906885
0 0.006666666666666666 0.0 1.0 0.0 0.009221742418407824 0.004109763089532519 0.014383561643835618 0.000686106346483705 0.023426934624391965
0 0.008403361344537815 0.0 1.0 0.0 0.022101574919877874 0.00480443581306328 0.014202256244963738 0.0004035919685198264 0.07724142871703615
0 0.002840909090909091 0.0 1.0 0.0 0.03212701925980002 0.007877892325752605 0.013114881693648816 0.0007016996725401529 0.014697904222669606
0 0.0065359477124183 0.0 1.0 0.0 0.012682661156392194 0.004582740264951464 0.011583400483481063 0.0008071839370396528 0.03752952355712493
0 0.0019230769230769232 0.0 1.0 0.0 0.01892510861906587 0.006703005546534515 0.012677818756585883 0.0010225623433170602 0.017756019034466792
0 0.00909090909090909 0.0 1.0 0.0 0.002250006415606741 0.005011352190570294 0.00821917808219178 0.0006861063464837049 0.008027395159815862
0 0.0027777777777777775 0.0 1.0 0.0 0.026375897121196402 0.010949877740324734 0.01215753424657534 0.00137221269296741 0.034010034713961496
0 0.0015384615384615385 0.0 1.0 0.0 0.015140935227345088 0.005577212419967026 0.012089041095890412 0.000686106346483705 0.009532644459429746
0 0.0016611295681063121 0.0 1.0 0.0 0.027898555793878895 0.0057643448640970546 0.014733991717107356 0.0010770274043639554 0.01948599406580432
0 0.0023809523809523807 0.0 1.0 0.0 0.021262816405288463 0.008420867264784195 0.011986301369863015 0.001654006370987503 0.0344881569025095
0 0.0021551724137931034 0.0 1.0 0.0 0.02262910048618669 0.009701076509879373 0.012163438828530939 0.0017744129650440644 0.0284999694721888
0 0.004901960784313725 0.0 1.0 0.0 0.01800850296271841 0.012561524419093681 0.009703196347031961 0.002144082332761578 0.023566585210283583
0 0.00326797385620915 0.0 1.0 0.0 0.03150353941055516 0.010681030108721413 0.0136986301369863 0.0018161638583392191 0.061473218685277005
0 0.001547987616099071 0.0 1.0 0.0 0.013059068080934478 0.003871484605456374 0.009014907332796132 0.0007062859449096964 0.016771191791999967
0 0.029411764705882353 0.0 1.0 0.0 0.011821139370490272 0.011021240930003584 0.01369016074898428 0.003809355067328136 0.029411764705882353
0 0.013513513513513514 0.0 1.0 0.0 0.007268110636340287 0.00881028351243806 0.011606200795389984 0.004070335395636601 0.018047054330713488
0 0.016666666666666666 0.0 1.0 0.0 0.007039587049282941 0.012921336154958666 0.012462462462462465 0.004216867469879518 0.010026010324926496
0 0.025 0.0 1.0 0.0 0.0031016137648297226 0.005937962984762948 0.013213213213213216 0.0006024096385542169 0.0011984701654394177
0 0.008 0.0 1.0 0.0 0.010012928817454796 0.007913711461197903 0.012852852852852852 0.000963855421686747 0.02244356117232079
0 0.011904761904761904 0.0 1.0 0.0 0.003736852957632709 0.007317550304780885 0.007722007722007721 0.0004302925989672978 0.014638746409482933
0 0.01020408163265306 0.0 1.0 0.0 0.0014310753133732082 0.004696782440830959 0.012655512655512654 0.0021514629948364886 0.011930094401605336
0 0.002840909090909091 0.0 1.0 0.0 0.00642572393003972 0.0038812427103779297 0.01706251706251706 0.00130065717415115 0.01744673085352504
0 0.01111111111111111 0.0 1.0 0.0 0.005047059337325668 0.006575495417163342 0.007207207207207207 0.0015060240963855422 0.017441066521837464
0 0.00625 0.0 1.0 0.0 0.0084446424662763 0.001280571303336655 0.014076576576576577 0.0009412650602409639 0.04418746077385988
0 0.005681818181818182 0.0 1.0 0.0 0.005273920210061129 0.007683427820019929 0.010885885885885885 0.00037650602409638556 0.0201657905165251
0 0.003968253968253968 0.0 1.0 0.0 0.009242594579253282 0.003902693495883139 0.019591019591019592 0.0008605851979345957 0.03796404032124571
0 0.0032051282051282055 0.0 1.0 0.0 0.004494607904096738 0.005356813389848149 0.013638638638638638 0.0011295180722891568 0.0025076393210458022
0 0.003968253968253968 0.0 1.0 0.0 0.00629299389258959 0.004553142411863662 0.01835168501835169 0.0003346720214190094 0.015033911255779698
0 0.0022222222222222222 0.0 1.0 0.0 0.004568076838274417 0.008307450139658812 0.014714714714714715 0.002108433734939759 0.004689650019685126
0 0.03125 0.0 1.0 0.0 0.007482443764290255 0.002856356474598279 0.014993941841680132 0.0018203883495145645 0.03125
0 0.016129032258064516 0.0 1.0 0.0 0.004848811254448348 0.0037971084606864985 0.012194486424514048 0.0018791105543376147 0.021670322675659985
0 0.0303030303030303 0.0 1.0 0.0 0.0 0.002001292957730012 0.0091055955353209 0.0014710208884966167 0.003643219549568029
0 0.010416666666666666 0.0 1.0 0.0 0.006283826165331367 0.005115820182344441 0.009760366182014002 0.0018203883495145638 0.02145670717382252
0 0.025 0.0 1.0 0.0 0.007868707518290469 0.002751777816878767 0.016558966074313407 0.0016181229773462784 0.021699808246047093
0 0.004629629629629629 0.0 1.0 0.0 0.004961399393208622 0.0054742350123066314 0.008257045413749777 0.0019777058612010074 0.011223024796873508
0 0.005952380952380952 0.0 1.0 0.0 0.00496081077085738 0.0048579931010199326 0.0071351642434033385 0.0007416396979503776 0.021674356316474148
0 0.005208333333333333 0.0 1.0 0.0 0.008305730375974322 0.006071534004560997 0.012318255250403878 0.0009439050701186624 0.03125886343237356
0 0.00326797385620915 0.0 1.0 0.0 0.006408211603407312 0.0063811863090817034 0.012924071082390954 0.0009518370454978107 0.025429845069060972
0 0.003448275862068966 0.0 1.0 0.0 0.004380715977562316 0.003167240103091361 0.012645535067684253 0.000557973440464234 0.021950625203810532
0 0.006060606060606061 0.0 1.0 0.0 0.004442702921964799 0.003669037089171689 0.016693591814754983 0.0006472491909385113 0.006529223883585009
0 0.0030864197530864196 0.0 1.0 0.0 0.0028545599520612983 0.004559724302733559 0.011188894872255129 0.00035958288385472856 0.004030225752877825
0 0.003663003663003663 0.0 1.0 0.0 0.004879001722578569 0.004859925733014396 0.009769982306331254 0.00046232085067036526 0.03148282024714579
0 0.002551020408163265 0.0 1.0 0.0 0.0031531489753020615 0.0029370346854174743 0.012174013385645052 0.00046232085067036526 0.00515601785138386
0 0.0031746031746031746 0.0 1.0 0.0 0.005403153072291316 0.003038070135523654 0.010693130240787755 0.0001541069502234551 0.032172921189241456
0 0.002403846153846154 0.0 1.0 0.0 0.004713441948313737 0.003482222237452517 0.009568783397539457 0.0004978839930296241 0.0017575318374701613
0 0.0053475935828877 0.0 1.0 0.0 0.0027364846067060374 0.004002585915460024 0.0069026288735497135 0.0005884083553986467 0.019031797125658723
0 0.0026455026455026454 0.0 1.0 0.0 0.0022697552474665616 0.0034567723857626687 0.01107777521347796 0.0006164278008938204 0.001061722718831007
0 0.002631578947368421 0.0 1.0 0.0 0.009530033519881626 0.0051425716853196095 0.011550888529886916 0.0008899676375404531 0.04035185889227291
0 0.002631578947368421 0.0 1.0 0.0 0.008410967261707756 0.008963958207693143 0.00918289261117252 0.000510986203372509 0.03693144905624672
0 0.005952380952380952 0.0 1.0 0.0 0.005964370789825658 0.0041276667253181505 0.01373182552504039 0.0004045307443365696 0.02344146310682121
0 0.0021645021645021645 0.0 1.0 0.0 0.0037924231844524156 0.006813926022747423 0.0034618047542118624 0.0003082139004469102 0.0030342672880378416
0 0.001610305958132045 0.0 1.0 0.07407407407407407 0.00787361870426743 0.004008243592215862 0.009932387961467124 0.0008390267289943666 0.028983961420113544
0 0.0018115942028985505 0.0 1.0 0.0 0.004364686732672685 0.0009622203836883843 0.007515628292477348 0.0004924722104966934 0.021006582055153492
0 0.000784313725490196 0.0 1.0 0.0 0.0032521380432676927 0.0004636730446696267 0.012195508251765977 0.0003490069166825306 0.012230781150617256
0 0.0014245014245014246 0.0 1.0 0.0 0.0068126428559603935 0.0015083496373204273 0.015855920540896313 0.0008989572096368213 0.030844259452132934
0 0.02564102564102564 0.0 1.0 0.0 0.007237152550679911 0.007972143275554476 0.012599469496021221 0.0031774181630089392 0.025641025641025637
0 0.014285714285714285 0.0 1.0 0.0 0.006537390347863018 0.007983851556087098 0.015681444991789816 0.003458213256484148 0.024225039526338258
0 0.012345679012345678 0.0 1.0 0.0 0.004198589047372442 0.007894848773916725 0.011813537675606637 0.002561639449247519 0.007325476925138524
0 0.020833333333333332 0.0 1.0 0.0 0.012645098482579354 0.013039169892676153 0.012212643678160919 0.001440922190201729 0.06884621318976426
0 0.009523809523809525 0.0 1.0 0.0 0.003282258913274088 0.004572365395370057 0.01778872468527641 0.0006861534239055852 0.006920178529692261
0 0.004901960784313725 0.0 1.0 0.0 0.008948014731312001 0.0047543358327679025 0.011578769438810005 0.0005933209018477708 0.019398385758460403
0 0.011904761904761904 0.0 1.0 0.0 0.0036336376424374677 0.0048698624514163765 0.011254789272030651 0.0004803073967339097 0.0016788944163473117
0 0.008333333333333333 0.0 1.0 0.0 0.011854537165357214 0.004609164885385022 0.010919540229885057 0.00038424591738712776 0.05198263047485954
0 0.0065359477124183 0.0 1.0 0.0 0.007097086996292186 0.008072005991400266 0.014198782961460448 0.000508560773012375 0.0005568785178787414
0 0.0035714285714285718 0.0 1.0 0.0 0.009054410373136484 0.0035006148432092992 0.009544334975369459 0.0003087690407575134 0.02467170837351267
0 0.006993006993006993 0.0 1.0 0.0 0.008141539458011842 0.007973256635958857 0.014367816091954025 0.001995123032587009 0.06286272635536133
0 0.007575757575757575 0.0 1.0 0.0 0.007725481617349082 0.005346393578719657 0.01018808777429467 0.0 0.002792589133654014
0 0.0032051282051282055 0.0 1.0 0.0 0.008707671749870116 0.004250512509334947 0.016762452107279693 0.001080691642651297 0.02905338134588137
0 0.002040816326530612 0.0 1.0 0.0 0.00795661094253132 0.005991558275645719 0.018390804597701153 0.0011527377521613833 0.02454213100630124
0 0.005128205128205128 0.0 1.0 0.0 0.01015083874952141 0.007104924697538927 0.015251989389920423 0.0013300820217246729 0.061408842983014036
0 0.005208333333333333 0.0 1.0 0.0 0.0027304572128581174 0.0016336202601643396 0.019396551724137928 0.0 0.0012613625895870888
0 0.038461538461538464 0.0 1.0 0.0 0.013364013892583041 0.005590440921256204 0.012480896586856851 0.001938379922464805 0.038461538461538464
0 0.02 0.0 1.0 0.0 0.007873509663595537 0.006198431271553638 0.009536423841059601 0.0015384615384615391 0.05083421297574515
0 0.02564102564102564 0.0 1.0 0.0 0.011443022144700879 0.005707349337960446 0.0044829342842587876 0.001326259946949602 0.09987578006698733
0 0.027777777777777776 0.0 1.0 0.0 0.01673296474085957 0.004009663874638556 0.00986019131714496 0.0011788977306218685 0.14535690071114407
0 0.02 0.0 1.0 0.0 0.007138095293591417 0.0098899877072448 0.022384105960264897 0.004111405835543766 0.00048014956986283696
1 0.005555555555555555 0.0 1.0 0.0 0.007325495858172363 0.007650043814701699 0.009580573951434876 0.0022104332449160045 9.819480517984092e-05
0 0.006211180124223602 0.0 1.0 0.0 0.009367623736796721 0.005111716428238819 0.00978980708321336 0.001729904278629916 0.0524570774355177
1 0.005952380952380952 0.0 1.0 0.0 0.01085103629282678 0.0067623800450062966 0.010785241248817407 0.002210433244916005 0.05752981905503703
0 0.015873015873015872 0.0 1.0 0.0 0.01741982211071311 0.0038664615934014654 0.008893093661305583 0.0011367942402425162 0.18884827573123578
0 0.006666666666666667 0.0 1.0 0.0 0.013968517952423454 0.010375540898175559 0.011743929359823399 0.001768346595932803 0.0808942275907265
0 0.005347593582887701 0.0 1.0 0.0 0.008500326067520955 0.007311268664238138 0.012933385274639657 0.0011702293649555311 0.0006917500459707916
0 0.008333333333333333 0.0 1.0 0.0 0.011062811124518615 0.005408800165850642 0.011655629139072848 0.0009283819628647215 0.00036114332915153125
0 0.0038461538461538464 0.0 1.0 0.0 0.008366458850019394 0.009266958776012165 0.013973509933774834 0.0022546419098143236 0.0019524289080059495
0 0.002232142857142857 0.0 1.0 0.0 0.011353162789988307 0.009308578792170405 0.014279801324503308 0.001699270557029178 0.034501957268672834
0 0.003703703703703704 0.0 1.0 0.0 0.013477916555651781 0.009351547221010208 0.008462104488594555 0.0011788977306218685 0.06617970007419982
0 0.002232142857142857 0.0 1.0 0.0 0.0077783980700325646 0.005496348988654172 0.0087038789025544 0.0008052292535051155 0.042449870954751986
0 0.0021786492374727667 0.0 1.0 0.0 0.010592419108994191 0.005964121181554432 0.01648270787343635 0.0014245014245014246 0.0409885750766614
0 0.0037037037037037034 0.0 1.0 0.0 0.015315489151380217 0.010917801208465718 0.016777041942604858 0.002033598585322723 0.07782095478687769
0 0.0023923444976076554 0.0 1.0 0.0 0.011565109716587824 0.006580581048584602 0.009271523178807946 0.0012056908608632747 0.056051653956369026
0 0.002631578947368421 0.0 1.0 0.0 0.013246243397402256 0.007638261986539887 0.014220982920878355 0.001745078877565266 0.06519144721012807
0 0.0026455026455026454 0.0 1.0 0.0 0.004510668114153581 0.003180657577550682 0.013980868285504044 0.0004420866489832007 0.0002503293376566627
0 0.001893939393939394 0.0 1.0 0.0 0.00920122999212026 0.006524215144730745 0.009271523178807946 0.0012709991158267018 0.052883209838497265
0 0.003105590062111801 0.0 1.0 0.0 0.0072642411190060345 0.004786598882956031 0.009933774834437085 0.00037893141341417203 0.018495331227261456
0 0.0013020833333333333 0.0 1.0 0.0 0.0066070485425388835 0.005486914658666294 0.012086092715231785 0.0011604774535809018 0.0393471794405089
0 0.0033333333333333335 0.0 1.0 0.0 0.0029309333392082437 0.009318496944342313 0.011479028697571744 0.001989389920424403 0.004441895023098349
0 0.0038461538461538464 0.0 1.0 0.0 0.013158782500501062 0.00237676356167301 0.013642384105960265 0.0005305039787798408 0.13111534830551624
0 0.0030864197530864196 0.0 1.0 0.0 0.002399139166490746 0.006855933143914138 0.010264900662251655 0.0011052166224580016 0.0008691393766242983
0 0.005952380952380952 0.0 1.0 0.0 0.02142615506852467 0.0 0.009492273730684328 0.0 0.21961958824539926
0 0.0017241379310344827 0.0 1.0 0.0 0.007758445809941936 0.0010330816016359836 0.009205298013245032 0.00033156498673740057 0.0004901423600195395
0 0.0020833333333333333 0.0 1.0 0.0 0.006350608913343288 0.002466471353193221 0.01705298013245033 0.0007460212201591511 0.017071756745297224
0 0.0011947431302270011 0.0 1.0 0.0 0.006745195704025074 0.002042000991603472 0.008290409614912923 0.0008350525591904902 0.0504989810995311
0 0.0014204545454545455 0.0 1.0 0.0 0.001087934819170807 0.0020078791578051858 0.013546056592414209 0.0008439836026042923 0.0004019912485710868
0 0.002331002331002331 0.0 1.0 0.0 0.011816342129324347 0.004486737583729378 0.018237391747325523 0.001938379922464803 0.10007340977842384
0 0.0021008403361344537 0.0 1.0 0.0 0.010572565898744323 0.0014663587062286685 0.012488174077578048 0.0007578628268283441 0.09389375848069377
0 0.0012987012987012987 0.0 1.0 0.0 0.003951470479832988 0.0014731727954580096 0.006622516556291391 0.0002411381721726549 0.00022131151962945136
0 0.0013227513227513227 0.0 1.0 0.0 0.0024615323282801247 0.0006841101935334622 0.013812677388836328 0.000568397120121258 0.0003947533583238404
0 0.0009319664492078286 0.0 1.0 0.0 0.006825498246193739 0.002301991781494254 0.015026261703585293 0.0009603951339979877 0.04398929517044508
0 0.0012531328320802004 0.0 1.0 0.0 0.0017883560897144516 0.0006841101935334622 0.004162724692526017 0.00025262094227611467 0.0010925152389876537
0 0.0014245014245014244 0.0 1.0 0.0 0.003161268824498886 0.000636234617379356 0.009050772626931568 0.0005894488653109342 0.0002614444051010215
0 0.0014705882352941176 0.0 1.0 0.0 0.0007485309448251347 0.0 0.007401636151149201 0.00015603058199407084 0.0008712215085162748
1 0.03333333333333333 0.0 1.0 0.0 0.007105635652784962 0.008603076342239783 0.012087912087912088 0.0024963289280469916 0.03333333333333333
0 0.013513513513513514 0.0 1.0 0.0 0.005949313562379989 0.004473073075764144 0.013721413721413717 0.0024407667579473768 0.009327814705622314
0 0.01075268817204301 0.0 1.0 0.0 0.006819370858826286 0.005397202559754892 0.021978021978021976 0.0029131732272275135 0.0012055214978270903
0 0.016666666666666666 0.0 1.0 0.0 0.004001140758433529 0.004468201891066879 0.016263736263736266 0.002790014684287813 0.0006908018575831204
0 0.01 0.0 1.0 0.0 0.00543692597138082 0.003164521933633374 0.014945054945054942 0.0009911894273127754 0.029843354623450218
0 0.013888888888888888 0.0 1.0 0.0 0.0006355659804302394 0.0024972080628943875 0.006593406593406593 0.0 0.01600491564702321
0 0.01020408163265306 0.0 1.0 0.0 0.005047179388037855 0.006015220157101037 0.012872841444270016 0.0009439899307740718 0.0005287964010536257
0 0.00390625 0.0 1.0 0.0 0.0006103626846356634 0.0023411325589634885 0.012499999999999997 0.0007571585903083701 0.0012413883088463278
0 0.01111111111111111 0.0 1.0 0.0 0.006144757565977103 0.006575570646092927 0.011428571428571429 0.0004405286343612335 0.027825305636571318
0 0.0033333333333333335 0.0 1.0 0.0 0.004541221580206764 0.005595641465322124 0.012087912087912088 0.00014684287812041118 0.00015700246300770127
0 0.006993006993006993 0.0 1.0 0.0 0.006540825037531129 0.003457672702469152 0.01098901098901099 0.0 0.0007973484671682224
0 0.0030864197530864196 0.0 1.0 0.0 0.006430558996907893 0.005044390795864613 0.018477818477818476 0.00138684940447055 0.0012185235975487457
0 0.005494505494505495 0.0 1.0 0.0 0.0027505852908828 0.0064213921617284255 0.010518053375196233 0.0006293266205160479 0.0014516883516350312
1 0.001152073732718894 0.0 1.0 0.0 0.006561324103113031 0.0059013107471988045 0.014888337468982629 0.0008881625692766805 0.004715789022730552
0 0.00202020202020202 0.0 1.0 0.0 0.008031981095290425 0.008872357321147382 0.015717615717615714 0.0015351755439861167 0.006617513950377227
0 0.005681818181818182 0.0 1.0 0.0 0.00738578539473928 0.0027242269777029682 0.00899100899100899 0.0 0.0038164382931871956
0 0.002262443438914027 0.0 1.0 0.0 0.005785852779620098 0.004789145366250755 0.01724429416737109 0.0020332090816672314 0.000272416569262991
0 0.001984126984126984 0.0 1.0 0.0 0.003869690631704992 0.005351160134773688 0.009183673469387756 0.0 0.008055452381129102
0 0.005263157894736842 0.0 1.0 0.0 0.0021335958770033166 0.0014983248377366325 0.006593406593406593 0.0 0.016103162033334218
0 0.047619047619047616 0.0 1.0 0.0 0.022414971690690066 0.014637737228210606 0.015800865800865798 0.005653402913676886 0.04761904761904763
0 0.029411764705882353 0.0 1.0 0.0 0.006609800283826682 0.010842222437761735 0.012032085561497327 0.0056406124093473006 0.01361477990608322
0 0.008771929824561403 0.0 1.0 0.0 0.021641734822191394 0.015498161232583142 0.017464114832535883 0.005407354001441961 0.01853915027080535
0 0.006578947368421052 0.0 1.0 0.0 0.01608189766508375 0.011386109261793613 0.011124401913875598 0.0009613073780341264 0.016222232434306972
0 0.018181818181818184 0.0 1.0 0.0 0.01898815213459895 0.01694245271064586 0.012396694214876032 0.0 0.07296270406285352
0 0.007575757575757575 0.0 1.0 0.0 0.0174046892016425 0.011445009246985736 0.013016528925619832 0.0012453300124533001 0.02578393950819341
0 0.008403361344537815 0.0 1.0 0.0 0.016302451176351793 0.0036542545062177335 0.01844919786096257 0.0008058017727639 0.05026862632662842
0 0.003676470588235294 0.0 1.0 0.0 0.0209455978601088 0.012459313354467441 0.0143048128342246 0.00147730325006715 0.019098818098830284
0 0.00505050505050505 0.0 1.0 0.0 0.006646502063794113 0.00705935529610244 0.01425619834710744 0.0008302200083022001 0.011347043830771569
0 0.021739130434782608 0.0 1.0 0.0 0.008367734730623314 0.005709752284382101 0.01483845233346629 0.0026374680306905348 0.021739130434782605
0 0.020833333333333332 0.0 1.0 0.0 0.01340981666809657 0.008258896081644845 0.02553516819571865 0.003982843137254902 0.03530360326290419
0 0.007751937984496124 0.0 1.0 0.0 0.009478331430807025 0.004961988420925458 0.019330061873266483 0.002393980848153214 0.01477752555337241
1 0.005681818181818182 0.0 1.0 0.0 0.009586518956251653 0.005862173403644619 0.02172643869891577 0.0017129010695187165 0.01975417717806941
0 0.008333333333333333 0.0 1.0 0.0 0.009221433226355562 0.007291719213886899 0.011085626911314985 0.0008425245098039216 0.033787947984114004
0 0.006666666666666666 0.0 1.0 0.0 0.012831956340979056 0.009956152097939546 0.018642201834862385 0.002058823529411765 0.03613273499757961
0 0.017857142857142856 0.0 1.0 0.0 0.0027334170524084375 0.0015630502673079757 0.022935779816513763 0.0009191176470588235 0.02121272386011554
0 0.00390625 0.0 1.0 0.0 0.007123599523662526 0.0053673733978337745 0.018577981651376155 0.0018956801470588237 0.026742233672262004
0 0.0065359477124183 0.0 1.0 0.0 0.012316515113764415 0.00803525456611882 0.01154883971937399 0.0008650519031141869 0.053379680649628114
0 0.003448275862068966 0.0 1.0 0.0 0.007127916190902446 0.006991154352016917 0.016956659285036382 0.0015846855983772821 0.0002441070738651644
0 0.0036363636363636364 0.0 1.0 0.0 0.009062557437809142 0.005355199613759644 0.017027522935779818 0.000588235294117647 0.03191108104995074
0 0.001937984496124031 0.0 1.0 0.0 0.010091405882628426 0.009429287290186548 0.018561979944527417 0.0028642270861833105 0.015331270948008612
0 0.0026525198938992045 0.0 1.0 0.0 0.01556521850489419 0.009016364820986285 0.023663397658968684 0.0026622718052738336 0.02404637719889114
0 0.007142857142857143 0.0 1.0 0.0 0.01692965249194149 0.007502641283078283 0.008623853211009174 0.0 0.08218814031827408
0 0.0022988505747126436 0.0 1.0 0.0 0.003973248062069034 0.005721833742508746 0.012464409996836444 0.0007606490872210954 0.0017050464057483327
0 0.0025 0.0 1.0 0.0 0.008499023465599704 0.004068579037616611 0.014972477064220184 0.0011029411764705884 0.032272933988242755
0 0.004201680672268907 0.0 1.0 0.0 0.021031929077712726 0.010548949190741912 0.024901703800786372 0.0027573529411764708 0.06768582303451645
0 0.0012077294685990338 0.0 1.0 0.0 0.0057559061932173985 0.0014081022420649497 0.01631431990426805 0.0009990409207161126 0.017000952292996387
0 0.001644736842105263 0.0 1.0 0.0 0.006160245772336331 0.0040169045873008685 0.01897935779816514 0.0017233455882352943 0.025730843503081097
0 0.03333333333333333 0.0 1.0 0.0 0.00861788502686476 0.006874442140325263 0.012682926829268297 0.005065359477124182 0.03333333333333333
0 0.015625 0.0 1.0 0.0 0.006778047968941429 0.010560273351445243 0.014939024390243905 0.004595588235294118 9.887728991998857e-05
0 0.0303030303030303 0.0 1.0 0.0 0.01193906727309843 0.006622997702982785 0.017738359201773836 0.00089126559714795 0.07542230587853851
0 0.009615384615384616 0.0 1.0 0.0 0.007201965840729311 0.007433648985449843 0.01200750469043152 0.0007541478129713424 0.029427814318352744
0 0.009090909090909092 0.0 1.0 0.0 0.011807538780376492 0.007781972063639258 0.013968957871396898 0.001336898395721925 0.03471976252426149
0 0.00980392156862745 0.0 1.0 0.0 0.00471114617851645 0.013330585058290162 0.014921090387374462 0.0005767012687427913 0.0003389234378946738
0 0.005291005291005291 0.0 1.0 0.0 0.00822363252338373 0.016055034844447362 0.011924119241192417 0.0007262164124909223 0.029871394274657057
0 0.010416666666666666 0.0 1.0 0.0 0.003954394676422723 0.013893780153848673 0.01504065040650407 0.0 0.0006259403272750598
0 0.003968253968253968 0.0 1.0 0.0 0.009638968692655162 0.013099849859343038 0.01742160278745645 0.0 0.023821923042902794
0 0.02702702702702703 0.0 1.0 0.0 0.008698156662414374 0.005065542307051954 0.014218009478672985 0.002223742730071843 0.02702702702702703
0 0.02631578947368421 0.0 1.0 0.0 0.007138312068978559 0.005445481733342541 0.013303400681799284 0.002248500999333778 0.033036711199622044
0 0.015873015873015872 0.0 1.0 0.0 0.01133464493248241 0.004586428858451496 0.01128413450688332 0.0018083182640144674 0.0024120286689244576
0 0.011904761904761904 0.0 1.0 0.0 0.007425453977113447 0.005719142276539281 0.012412547957571653 0.0018836648583484034 0.015437529807119774
0 0.011764705882352941 0.0 1.0 0.0 0.005819082677664623 0.005310528524865422 0.007155468822600131 0.00176842889054356 0.022531458039465282
0 0.011904761904761904 0.0 1.0 0.0 0.018043127222763123 0.008565891355416569 0.014556533513879488 0.0019213381555153713 0.02083949803502491
0 0.005291005291005291 0.0 1.0 0.0 0.003944059807356051 0.003532673793449797 0.01222865835820022 0.0014650726676043136 0.014863680171186947
0 0.004310344827586207 0.0 1.0 0.0 0.0073041750594368205 0.004697411573365612 0.011439777741461021 0.0007638585770405937 0.0004284456306373976
0 0.004273504273504273 0.0 1.0 0.0 0.00811929836830029 0.006278145988226054 0.008384979948960992 0.001034566699123661 0.01330337876287509
0 0.004347826086956522 0.0 1.0 0.0 0.008767073367843737 0.005295193475321196 0.013462463081255581 0.0008943313153549807 0.0013810610606544984
0 0.004545454545454545 0.0 1.0 0.0 0.004858784828774882 0.006348294525219292 0.00679304897314376 0.00015822784810126583 0.004280363193555755
0 0.003623188405797101 0.0 1.0 0.0 0.009109644865475261 0.006796886769826174 0.011127137852874513 0.0011695101816180519 0.03613037018305841
0 0.004524886877828055 0.0 1.0 0.0 0.007859806861213528 0.004003312840402278 0.014032153145618436 0.0011169024571854058 0.029954648676557283
0 0.0021645021645021645 0.0 1.0 0.0 0.010439847444449526 0.005929579945020292 0.010723347216238209 0.0007192174913693901 0.020208695990810686
0 0.0015151515151515152 0.0 1.0 0.0 0.006839109588265834 0.005120401448314611 0.01080712336636507 0.0007551783659378597 0.0031885898679548125
0 0.001893939393939394 0.0 1.0 0.0 0.0042496206548348955 0.007294059058810183 0.012446742304562207 0.0011986958189489836 0.00036000887181328485
0 0.0021786492374727667 0.0 1.0 0.0 0.00910683099705674 0.0035877609511204174 0.008601018079691068 0.0002344116268166901 0.0011490547085538836
0 0.001984126984126984 0.0 1.0 0.0 0.007953344182599197 0.0037198645488193314 0.011340555179417738 0.000734629294755877 0.0011513580795096817
0 0.0018148820326678765 0.0 1.0 0.0 0.007070843181656584 0.004680692991021822 0.013782208421855421 0.0010366652116979484 0.011050788519480836
0 0.0017857142857142859 0.0 1.0 0.0 0.013127586805349551 0.001188262553491219 0.006939742721733241 0.0002260397830018083 0.014847277387124016
0 0.0013227513227513227 0.0 1.0 0.0 0.009465970162953325 0.0018940417170500439 0.012331051430577493 0.0005274261603375528 0.012912798346967028
0 0.001976284584980237 0.0 1.0 0.0 0.014883309735438216 0.006729075805100918 0.01277560271996703 0.0012383048981838196 0.012913476682764125
0 0.001402524544179523 0.0 1.0 0.0 0.008704086375417839 0.0014931033865027156 0.010446924527340364 0.0005104124132298898 0.0005622422099945889
0 0.0015432098765432098 0.0 1.0 0.0 0.003879809340037818 0.0014134963177977451 0.015154174711836634 0.000879043600562588 0.0017836888672219666
0 0.045454545454545456 0.0 1.0 0.0 0.012585930975530447 0.0076915363673951955 0.01597659765976598 0.005427408412483041 0.04545454545454545
0 0.020833333333333332 0.0 1.0 0.0 0.013259229459488556 0.008986840743004284 0.01547029702970297 0.005389718076285241 0.03619140037612329
0 0.01515151515151515 0.0 1.0 0.0 0.010854208231871516 0.017915149604531853 0.009675967596759677 0.0022614201718679327 0.03736898574009885
0 0.020833333333333332 0.0 1.0 0.0 0.01623375913774601 0.006692761480495618 0.013613861386138614 0.0012437810945273632 0.07103284837158398
0 0.0044444444444444444 0.0 1.0 0.0 0.00920070760035119 0.011014701585540385 0.013421342134213426 0.0015478164731896075 0.01816739668330228
0 0.006944444444444444 0.0 1.0 0.0 0.009538483731252554 0.013601990469442627 0.011551155115511552 0.0012437810945273632 0.036094635957191985
0 0.007518796992481203 0.0 1.0 0.0 0.013087605725897317 0.022525055332433663 0.007556018759770714 0.0010473946059177796 0.04336787931894075
0 0.003676470588235294 0.0 1.0 0.0 0.008951294220903178 0.0043529016999713285 0.012813046010483402 0.001609599063505999 0.024127001143022547
0 0.029411764705882353 0.0 1.0 0.058823529411764705 0.0186297063930121 0.03549636736080048 0.024276377217553685 0.009013282732447815 0.02941176470588236
0 0.017241379310344827 0.0 1.0 0.0 0.023434944674131212 0.026483183172007884 0.02681992337164751 0.0011123470522803114 0.016142546711409852
0 0.05555555555555555 0.0 1.0 0.0 0.014042762351302203 0.009668248859857339 0.011580181764878334 0.002939447383891828 0.05555555555555555
0 0.011904761904761904 0.0 1.0 0.0 0.008917339560916879 0.006915716173778676 0.012501570549063954 0.0032123960695389264 0.016869841959145024
0 0.010416666666666666 0.0 1.0 0.0 0.0057480470720693315 0.0067484075032979264 0.012450527704485485 0.0025628306878306877 0.011011664947810359
0 0.006756756756756757 0.0 1.0 0.0 0.006033551907286987 0.007353557247682038 0.012550809384582473 0.0007865007865007865 0.019592627350078076
0 0.0071428571428571435 0.0 1.0 0.0 0.008893008365098303 0.009291786476650413 0.016584998115341122 0.0013227513227513227 0.028807744877299646
0 0.010416666666666666 0.0 1.0 0.0 0.013148034383270508 0.0030109060371423134 0.018139841688654356 0.0008267195767195767 0.04777999510388453
0 0.015873015873015872 0.0 1.0 0.0 0.006157157122552218 0.005352721843808557 0.005863383172090296 0.0005878894767783657 0.0010530313430478387
0 0.004807692307692308 0.0 1.0 0.0 0.007674808409724987 0.0049860661074877955 0.009843718286990055 0.000407000407000407 0.029749157061921213
0 0.006172839506172839 0.0 1.0 0.0 0.005743916123109 0.007998112596501246 0.010700674289064788 0.0005878894767783657 0.0003875016997629958
0 0.0035714285714285718 0.0 1.0 0.0 0.008202881101972042 0.0032135273825228223 0.01771579344138711 0.00037792894935752074 0.03214684443976941
0 0.0027548209366391185 0.0 1.0 0.0 0.011174731548791445 0.004427616508161841 0.015591268889421922 0.0005611672278338944 0.019319774844703246
0 0.002976190476190476 0.0 1.0 0.0 0.008161210198084435 0.008091122782369906 0.013758009800226161 0.001511715797430083 0.026521181276058393
0 0.004048582995951417 0.0 1.0 0.0 0.013116670173699075 0.0075771593019485495 0.009582002499652824 0.000278473962684489 0.03650757633734323
0 0.002857142857142857 0.0 1.0 0.0 0.009102884826450013 0.0065751396481386485 0.0158311345646438 0.000529100529100529 0.011210411761314447
0 0.003333333333333333 0.0 1.0 0.0 0.002901322266436413 0.0008997876671063903 0.012532981530343008 0.0 0.0002834458232585258
0 0.045454545454545456 0.0 1.0 0.0 0.01588770024848161 0.004470715848078898 0.018058690744921 0.0020030816640986136 0.045454545454545456
0 0.022727272727272728 0.0 1.0 0.0 0.006151194454157946 0.004334942264105367 0.009798891853067924 0.0012326656394453007 0.024599711623997763
0 0.018518518518518517 0.0 1.0 0.0 0.0015433319969644847 0.0012810536277446912 0.0072736393278154 0.0010671688637790336 0.0008894996041759319
0 0.008620689655172414 0.0 1.0 0.0 0.013201472359944698 0.004878313362676989 0.014672686230248307 0.001948178453146309 0.032490678899301136
0 0.005714285714285714 0.0 1.0 0.0 0.004215122585338714 0.004253733081753915 0.015478877781360856 0.0020661824051654565 0.010982204226636837
0 0.004166666666666667 0.0 1.0 0.0 0.011766169116485706 0.009119724041376561 0.012641083521444699 0.002231638418079097 0.013766255003554264
0 0.005952380952380952 0.0 1.0 0.0 0.01005399360447033 0.004767693654810197 0.009969902182091797 0.0013653483992467047 0.028048357566096638
0 0.0029069767441860465 0.0 1.0 0.0 0.017111081258217895 0.003988046685816829 0.016300068245052233 0.001103665746945211 0.01275572122439458
0 0.0038314176245210726 0.0 1.0 0.0 0.011747337875497305 0.006789283973553955 0.011909395189538412 0.0009351256575102279 0.026901882277730705
0 0.003125 0.0 1.0 0.0 0.0023758797574337117 0.005437823021223473 0.012027370203160274 0.00038841807909604516 0.00011100634377263863
0 0.002457002457002457 0.0 1.0 0.0 0.015547197188209586 0.008797383148476851 0.01015801354401806 0.0014658726523133305 0.018163700691613254
0 0.0037878787878787876 0.0 1.0 0.0 0.0034396348239724584 0.0028056611852737214 0.010260619741432383 0.0003595274781715459 0.00029386161771318407
0 0.002079002079002079 0.0 1.0 0.0 0.0028343328001559577 0.0027699822285429778 0.012567872613019343 0.0005191632310276379 0.00019124789517490127
0 0.007936507936507936 0.0 1.0 0.0 0.012282839632922192 0.004449352187352379 0.006270378730875345 0.0008788449466415567 0.06137342782268683
0 0.0022988505747126436 0.0 1.0 0.0 0.009687297150373126 0.005001088108237095 0.013544018058690748 0.0010520163646990067 0.021847834342021224
0 0.003676470588235294 0.0 1.0 0.0 0.021073508197112904 0.009348073874766069 0.007834284955517195 0.0007311399135925556 0.05617753415279666
0 0.0028011204481792717 0.0 1.0 0.0 0.00722018752351989 0.0030773067973545475 0.01784370633129098 0.00129136400322841 0.024492412938011025
0 0.0024154589371980675 0.0 1.0 0.0 0.015679934508906604 0.006193418329301337 0.013004220237511044 0.0005895357406042742 0.03777287298185086
0 0.0020242914979757085 0.0 1.0 0.0 0.011743957877261148 0.005272737956134464 0.007249522486542804 0.000217296827466319 0.0336300439095733
1 0.008333333333333333 0.0 1.0 0.0 0.039415641103156665 0.00436530565201746 0.021256583897667422 0.0007532956685499058 0.15205681554138153
0 0.0031746031746031746 0.0 1.0 0.0 0.011623459623758449 0.006080580213490987 0.007599699021820917 0.0007532956685499058 0.034755806874925944
0 0.0018181818181818182 0.0 1.0 0.0 0.0022073776296945586 0.0022819737918322943 0.011151241534988716 0.0008135593220338984 0.00026970044958665994
0 0.004347826086956522 0.0 1.0 0.0 0.014388151890435385 0.013066747002995852 0.017155756207674944 0.0014689265536723165 0.036047270114208496
0 0.0013888888888888887 0.0 1.0 0.0 0.014711349766368963 0.0019815907231831667 0.008841234010534237 0.0003389830508474576 0.025030725962420602
0 0.002 0.0 1.0 0.0 0.028121602426058954 0.006137416843490266 0.010327313769751692 0.0010734463276836157 0.03744522775955279
0 0.0008183306055646482 0.0 1.0 0.0 0.010498923094484441 0.003552641359361175 0.014480572498919363 0.0012020675561966582 0.019808560108440332
0 0.0023148148148148147 0.0 1.0 0.0 0.022077132818624223 0.0072881364965197695 0.010510722347629797 0.0015536723163841809 0.05376020667874504
0 0.0009398496240601503 0.0 1.0 0.0 0.009608131391704869 0.00040454325086674463 0.011553997861470836 0.00035682426404995546 0.009315464115220315
0 0.0024630541871921183 0.0 1.0 0.0 0.017515576346744468 0.0023376981828194506 0.01322154143824573 0.0009685230024213075 0.06502592365872281
0 0.0010416666666666667 0.0 1.0 0.0 0.007438018187580762 0.0013477119011070073 0.009558408577878106 0.00031779661016949156 0.02106670406065971
0 0.0017921146953405018 0.0 1.0 0.0 0.0097599848214967 0.0008540357518297942 0.009719087032856786 0.00012554927809165097 0.03992942890229531
0 0.001201923076923077 0.0 1.0 0.0 0.010229129795789466 0.003653500431065896 0.013978121201597499 0.0012603215993046504 0.019459276229122583
0 0.00202020202020202 0.0 1.0 0.0 0.0037201017068692445 0.002434454093849126 0.00511662904439428 0.00045197740112994355 0.014673638247904445
0 0.0010504201680672268 0.0 1.0 0.0 0.012907011960505558 0.006533233938511178 0.014108352144469526 0.0013317191283292976 0.027978963448794785
0 0.0009216589861751152 0.0 1.0 0.0 0.008219919430172721 0.003213886562371633 0.018022282094225597 0.0009841443411700383 0.021508134759767154
0 0.030303030303030304 0.0 1.0 0.0 0.0074371722737288 0.005927690746636975 0.009097055750199768 0.0024636610002463652 0.030303030303030304
0 0.029411764705882353 0.0 1.0 0.0 0.01191624255419771 0.003378895456870227 0.010857892852881516 0.002152080344332855 0.04823676892609213
0 0.016666666666666666 0.0 1.0 0.0 0.007444021089804666 0.005307107065981532 0.008417849898580122 0.002032520325203252 0.03162045030666577
0 0.041666666666666664 0.0 1.0 0.0 0.006174240376241406 0.0028237071707712964 0.024340770791075047 0.002710027100271003 0.03053864352260043
0 0.005555555555555556 0.0 1.0 0.0 0.006537113594167522 0.004695230689063025 0.009691232814965065 0.0018066847335140009 0.015112179092698432
0 0.0030864197530864196 0.0 1.0 0.0 0.00674662897161699 0.0071980423904933755 0.01198257080610022 0.001279735019572418 0.00864642070704896
0 0.010989010989010988 0.0 1.0 0.0 0.005993836988614888 0.007410221293403591 0.014354813543454517 0.002032520325203252 0.0009170837849424734
0 0.004032258064516129 0.0 1.0 0.0 0.008297456386907242 0.006931207103392425 0.018909899888765295 0.0015079989509572517 0.0250009839293375
0 0.007407407407407407 0.0 1.0 0.0 0.005372058363308026 0.0038408600445134313 0.010277214334009466 0.0006775067750677507 0.039448600183981795
0 0.009090909090909092 0.0 1.0 0.0 0.008831491050349983 0.003770728804503499 0.01696477964226443 0.0 0.05481636738530908
0 0.004545454545454545 0.0 1.0 0.0 0.004319637306862332 0.0045534949350519915 0.012576064908722106 0.0011178861788617887 0.0004683537872389172
0 0.004901960784313725 0.0 1.0 0.0 0.0037416625956435625 0.00506307477101129 0.007994272759813863 0.0007173601147776184 0.005049022647327298
0 0.0027472527472527475 0.0 1.0 0.0 0.006875398414643212 0.006409078707511705 0.016589394378441032 0.001451800232288037 0.014957374723321685
0 0.0018315018315018315 0.0 1.0 0.0 0.005910788538001799 0.004657381674895658 0.011806314037551361 0.0007817385866166355 0.020877161791934568
0 0.008333333333333333 0.0 1.0 0.0 0.008688691630416289 0.012042538428160606 0.015973630831643 0.002540650406504065 0.0036883384674617522
0 0.0026041666666666665 0.0 1.0 0.0 0.005552023147587688 0.007117979783921253 0.013691683569979718 0.0010162601626016261 0.00023783088234959472
0 0.004901960784313725 0.0 1.0 0.0 0.004692330628753477 0.00604745667877303 0.018762677484787018 0.0015243902439024393 0.008374465625688084
0 0.001736111111111111 0.0 1.0 0.0 0.004969841905663493 0.008656584908478352 0.01140973630831643 0.0013338414634146342 0.0014521050500280698
0 0.0021929824561403508 0.0 1.0 0.0 0.007179279931810984 0.006449364515825617 0.015043948613928326 0.001693766937669377 0.020504040720727968
0 0.001851851851851852 0.0 1.0 0.0 0.003937687457588182 0.001799916164307598 0.017354068064007213 0.0010538994278831678 0.020839860163686923
0 0.0018315018315018315 0.0 1.0 0.0 0.00804170426016902 0.008292436746613764 0.009907941956623496 0.0013289555972482803 0.021517527904247467
0 0.022727272727272728 0.0 1.0 0.0 0.009953079394338484 0.005100892096966694 0.011563778687066357 0.0025846702317290538 0.022727272727272728
0 0.022727272727272728 0.0 1.0 0.0 0.005795066178910475 0.004907661361014747 0.02010318448674613 0.002762923351158645 0.011286938720386878
0 0.006944444444444444 0.0 1.0 0.0 0.011001146879852418 0.007860594460381136 0.01859099804305284 0.002736928104575162 0.014340663190831214
1 0.006097560975609756 0.0 1.0 0.0 0.00783078722692129 0.006054704543005488 0.016610185671328336 0.001673840267814443 0.02031037020130924
0 0.011111111111111112 0.0 1.0 0.0 0.012271628393327464 0.008104837944616822 0.013916068710589258 0.0010893246187363833 0.03883323777583291
0 0.006944444444444444 0.0 1.0 0.0 0.012004164525956075 0.005418848232385521 0.018672537508153945 0.0012254901960784314 0.03236874739174188
0 0.00303951367781155 0.0 1.0 0.0 0.007288267786299021 0.0076318469913467055 0.012949161010950578 0.0012515644555694619 0.015541795014323236
0 0.005434782608695652 0.0 1.0 0.0 0.01073236664951126 0.009392041411197932 0.021696588105164637 0.0017902813299232737 0.036430272462546924
0 0.0027777777777777775 0.0 1.0 0.0 0.007826646952687493 0.006497736428956946 0.01629158512720157 0.0019607843137254906 0.019499515960587667
0 0.004347826086956522 0.0 1.0 0.0 0.0021375206633241143 0.0029234555044351765 0.02042031821662554 0.0011082693947144075 0.009687743798408189
0 0.004329004329004329 0.0 1.0 0.0 0.010543346641406706 0.006686037961876678 0.016307893020221786 0.0007469654528478057 0.033088563274036184
0 0.003968253968253968 0.0 1.0 0.0 0.005104256461896421 0.004151487025167091 0.01034386357282639 0.0008403361344537815 0.01789764527108571
0 0.0024813895781637717 0.0 1.0 0.0 0.00699693311668414 0.005664073320620254 0.015403067988132062 0.0018975332068311196 0.013034678420241563
0 0.0016611295681063121 0.0 1.0 0.0 0.009531130260419707 0.005790833049853512 0.015837618895917716 0.0009575923392612859 0.0129349149259482
0 0.0017094017094017094 0.0 1.0 0.0 0.007859756849077713 0.006821681857863162 0.010437051532941943 0.00065359477124183 0.012943147450743436
0 0.002403846153846154 0.0 1.0 0.0 0.010518866860370015 0.006448882948478075 0.01783832605750414 0.001583710407239819 0.031086226924173073
0 0.025 0.0 1.0 0.0 0.014600886046553015 0.017037931159244964 0.020119521912350592 0.005700000000000002 0.024999999999999994
0 0.019230769230769232 0.0 1.0 0.0 0.0071022017319313825 0.007538931954521548 0.013637756665645111 0.004153846153846155 0.003482559321462436
0 0.01515151515151515 0.0 1.0 0.0 0.01749621842370898 0.02072398134076406 0.024628757696486772 0.005818181818181819 0.0523130224373174
0 0.015625 0.0 1.0 0.0 0.014559722018167654 0.010987159911358171 0.020418326693227087 0.0015 0.07192339337020631
0 0.006666666666666667 0.0 1.0 0.0 0.010403653406673508 0.0077012562758409595 0.018592297476759622 0.0021333333333333334 0.03708944778002623
0 0.011904761904761904 0.0 1.0 0.0 0.012339867192114029 0.003887082721899606 0.012236767216846897 0.0005714285714285715 0.08395605008483378
0 0.007142857142857143 0.0 1.0 0.0 0.0088782622955312 0.010631796003481773 0.02071713147410358 0.0018000000000000002 0.007047733587976649
0 0.008333333333333333 0.0 1.0 0.0 0.017452371534539286 0.00703648050585022 0.017529880478087647 0.0016 0.08057304277858944
0 0.004115226337448559 0.0 1.0 0.0 0.004101236608595922 0.009069859684432415 0.012394864984506416 0.0 0.0007975360587305543
0 0.0038461538461538464 0.0 1.0 0.0 0.012276451403412133 0.008763006400685355 0.015016855654305852 0.0012307692307692308 0.040947539622917244
0 0.006060606060606061 0.0 1.0 0.0 0.018500619568866106 0.010512673697349473 0.01726427622841965 0.0024000000000000002 0.07156323817399284
0 0.02857142857142857 0.0 1.0 0.0 0.012584116459517325 0.006042708409660014 0.013879100027107617 0.002444323737099404 0.02857142857142857
0 0.013513513513513514 0.0 1.0 0.0 0.010302621178310475 0.008995034420398952 0.01564182778604031 0.00277463775562635 0.022427788126882054
0 0.009259259259259259 0.0 1.0 0.0 0.010097467677931128 0.0041968693492390454 0.01512755639890365 0.002482044782425011 0.016617635444345143
0 0.006097560975609756 0.0 1.0 0.0 0.007943274509950436 0.006496919172235943 0.013884389318276484 0.0019011406844106462 0.0184149231106092
0 0.005555555555555556 0.0 1.0 0.0 0.010477053467111643 0.007381579885673871 0.013862534261016234 0.0010033798056611745 0.017690337107949483
0 0.005555555555555555 0.0 1.0 0.0 0.011877829971674357 0.005505442207408958 0.016192283364958884 0.0011406844106463879 0.021432315197300843
0 0.0049261083743842365 0.0 1.0 0.0 0.010180779748123094 0.004193136441909866 0.014918536936465353 0.0009177920545430708 0.028578755125394456
0 0.002976190476190476 0.0 1.0 0.0 0.004833778131539971 0.00651465293263563 0.016806722689075633 0.0010863661053775123 0.005624285049968283
0 0.00505050505050505 0.0 1.0 0.0 0.0021329058170743475 0.0041148257296292935 0.007503881317923064 0.0005184929139301763 0.0007617953468483196
0 0.003703703703703704 0.0 1.0 0.0 0.011224693705603377 0.011409483337686578 0.01714807786914049 0.001478664976763836 0.028817884649193194
0 0.0026737967914438505 0.0 1.0 0.0 0.011852204561065728 0.009905883503976571 0.015570934256055364 0.001453813464549318 0.015987985859879844
0 0.003472222222222222 0.0 1.0 0.0 0.007909301695554666 0.004900721963222456 0.014864010120177107 0.0010297845373891002 0.019100505209133378
0 0.0026525198938992045 0.0 1.0 0.0 0.007476088528033764 0.004405478594262765 0.014460511679644052 0.0007866789038940606 0.02750392950261569
0 0.002304147465437788 0.0 1.0 0.0 0.012345162455911019 0.009959654450840962 0.011385199240986719 0.0009199067827793451 0.023958486700562116
0 0.002898550724637681 0.0 1.0 0.0 0.01333008737377831 0.004468053809969134 0.012457718010065177 0.001074557778145148 0.028032614719253862
0 0.0021551724137931034 0.0 1.0 0.0 0.009859727305947584 0.002915925757666349 0.014002486422822742 0.0006555657532450504 0.02645425194049987
0 0.00267379679144385 0.0 1.0 0.0 0.011670393161588443 0.007015420848363577 0.014662756598240468 0.0012098167991704113 0.03306562158412527