0 0.03333333333333333 0.0 1.0 0.06666666666666667 0.013688509330936375 0.01392015745294698 0.009639953542392566 0.004079254079254082 0.033333333333333326
0 0.025 0.0 1.0 0.0 0.01099586891095552 0.01814176968274023 0.012543554006968641 0.004020979020979022 0.004149888388980516
0 0.011904761904761904 0.0 1.0 0.0 0.00493265247015202 0.008896456475788128 0.011075161772025884 0.0029970029970029987 0.0049812189342545495
0 0.009259259259259259 0.0 1.0 0.0 0.007859331204496776 0.009602874633945224 0.009291521486643438 0.000518000518000518 6.657999784927196e-05
0 0.025 0.0 1.0 0.0 0.013194553522641952 0.006998573048645321 0.025696864111498255 0.0008741258741258741 0.07802450271738207
0 0.003875968992248062 0.0 1.0 0.0 0.010679574882765226 0.013601885376016363 0.013856251519325827 0.0011383964872336966 0.015205513847178592
0 0.0049261083743842365 0.0 1.0 0.0 0.009835652790514281 0.0027507993608180377 0.012495494413072213 0.0007234145165179648 0.0230704475873484
0 0.005952380952380952 0.0 1.0 0.0 0.010692671104094175 0.009165563880103386 0.012444001991040317 0.0021645021645021645 0.00013604860869249148
0 0.005291005291005291 0.0 1.0 0.0 0.010480163142466213 0.0029333995940898703 0.01095072175211548 0.000666000666000666 0.02011785612614757
0 0.007692307692307693 0.0 1.0 0.0 0.009910608759441665 0.0 0.005628517823639776 0.0 0.0034657007345909926
0 0.007575757575757576 0.0 1.0 0.0 0.010047312011758696 0.008092555125752346 0.016550522648083623 0.0008741258741258741 0.0390742879821396
0 0.005208333333333333 0.0 1.0 0.0 0.013928196066609383 0.015002877226955758 0.010017421602787456 0.002403846153846154 0.0001807667033201869
0 0.004048582995951417 0.0 1.0 0.0 0.010092666116123717 0.003859266549182506 0.013753896937465615 0.0009201324990798675 0.03564889547461524
0 0.03333333333333333 0.0 1.0 0.13333333333333333 0.012400819986940393 0.015117293659262534 0.01288604898828541 0.004166666666666668 0.03333333333333334
0 0.017857142857142856 0.0 1.0 0.0 0.006206183457876063 0.006385777439553999 0.015632131446827933 0.0034340659340659353 0.004515684268038994
0 0.008547008547008546 0.0 1.0 0.0 0.005716464377478691 0.006922114647141586 0.01359875481281232 0.0020545693622616703 0.004621780823239914
0 0.010869565217391304 0.0 1.0 0.0 0.010291539814692642 0.00667976217999212 0.012779552715654953 0.0008361204013377927 0.02258659802227746
0 0.014285714285714287 0.0 1.0 0.0 0.012181094264949082 0.014511621363970467 0.0207667731629393 0.0016025641025641025 0.045895157583228464
0 0.004065040650406504 0.0 1.0 0.0 0.0076144759282819625 0.011260468211270113 0.013714641938751656 0.0010944340212632893 0.018214051697243692
0 0.012987012987012986 0.0 1.0 0.0 0.002441956895186633 0.008415523048280442 0.020621550972988675 0.0005827505827505828 0.018245463425588925
0 0.008333333333333333 0.0 1.0 0.0 0.00695380245742682 0.006143803004150285 0.02726304579339723 0.0008547008547008547 0.008070435578769557
0 0.0026455026455026454 0.0 1.0 0.0 0.008842879887462964 0.010335374439977405 0.018408641411836298 0.0011446886446886445 0.014017847213159604
0 0.0033333333333333335 0.0 1.0 0.0 0.006524368991710602 0.0030413243987331188 0.01288604898828541 0.0012820512820512818 0.01939426566308523
1 0.004545454545454545 0.0 1.0 0.0 0.005317506115146279 0.005128547282742426 0.015175718849840258 0.0011217948717948717 0.006224116341461293
0 0.006944444444444444 0.0 1.0 0.0 0.014179260553804515 0.00504589019406461 0.015175718849840253 0.0010683760683760683 0.045307633533919534
0 0.009615384615384616 0.0 1.0 0.0 0.003524627010198519 0.0 0.014776357827476038 0.0 0.0012122069139433437
0 0.043478260869565216 0.0 1.0 0.08695652173913043 0.029789144500278076 0.030899911319448522 0.014066496163682865 0.012978585334198567 0.04347826086956523
0 0.016666666666666666 0.0 1.0 0.0 0.016453955647418597 0.03722703601819275 0.00980392156862745 0.0 0.01489453025825044
0 0.03333333333333333 0.0 1.0 0.0 0.019990073071224294 0.020305656009923314 0.013235294117647059 0.0 0.039016480474859006
0 0.05 0.0 1.0 0.0 0.04732263581304889 0.0 0.0 0.0 0.0006960693492118164
0 0.022727272727272728 0.0 1.0 0.0 0.011350130670737025 0.014465485940083594 0.011363636363636364 0.006113769271664008 0.02272727272727273
0 0.03125 0.0 1.0 0.0 0.009695934107373754 0.009945021583807471 0.013444767441860466 0.0007309941520467836 0.05385733974046422
0 0.01515151515151515 0.0 1.0 0.0 0.012687872974481583 0.009896557586786219 0.01427061310782241 0.0010632642211589579 0.03641365476946739
0 0.006944444444444444 0.0 1.0 0.0 0.01013939020887764 0.01346425511350495 0.007267441860465117 0.000649772579597141 0.008570231024981357
0 0.016666666666666666 0.0 1.0 0.0 0.007527385359281519 0.013872707783694926 0.009205426356589148 0.0009746588693957114 0.0006313654685242255
0 0.003968253968253968 0.0 1.0 0.047619047619047616 0.008574797457201383 0.015832151329376695 0.014258028792912518 0.0034809245335561123 0.02053399056661978
0 0.03125 0.0 1.0 0.0 0.01986565475542237 0.023584160311715983 0.013567073170731714 0.006127450980392157 0.031249999999999997
0 0.014285714285714285 0.0 1.0 0.0 0.01321049386712246 0.009008566564980417 0.015331010452961676 0.0042016806722689065 0.023243769287114965
0 0.009523809523809523 0.0 1.0 0.0 0.013344265413898335 0.01180283597196868 0.012264808362369341 0.0018207282913165264 0.018903350017355245
0 0.008928571428571428 0.0 1.0 0.0 0.01799931173457359 0.021683986009954304 0.01271777003484321 0.0019257703081232492 0.007796396927292989
0 0.0071428571428571435 0.0 1.0 0.0 0.00793827896796377 0.011666255824951543 0.011498257839721257 0.00035014005602240897 0.02161486284331069
0 0.005952380952380952 0.0 1.0 0.0 0.019417217130871512 0.00570980137410415 0.012717770034843206 0.0012254901960784316 0.027788065091644793
0 0.007518796992481203 0.0 1.0 0.0 0.018800744711005922 0.007388208309839367 0.014634146341463419 0.0012899896800825593 0.04310798201411616
0 0.03225806451612903 0.0 1.0 0.06451612903225806 0.02414194019064553 0.03367236604456626 0.023933402705515087 0.01110523532522475 0.03225806451612903
0 0.016129032258064516 0.0 1.0 0.0 0.033255441275687185 0.0552558502222214 0.02341311134235171 0.005288207297726072 0.014856551147600684
0 0.045454545454545456 0.0 1.0 0.0 0.015531928255830219 0.015184294319614107 0.012062937062937066 0.004563004563004565 0.04545454545454546
0 0.017241379310344827 0.0 1.0 0.0 0.01076876291932463 0.01195248620751501 0.015384615384615389 0.004526694181866598 0.014599552254582045
0 0.006666666666666666 0.0 1.0 0.0 0.008444497641159603 0.003962784966593256 0.01023076923076923 0.0018532818532818534 0.002690109238456426
1 0.0125 0.0 1.0 0.0 0.008885103540759503 0.003455918600961814 0.012884615384615383 0.0007722007722007722 0.0019557854002774377
0 0.005263157894736842 0.0 1.0 0.0 0.009750216366571175 0.007816092932896238 0.014878542510121457 0.000812842918106076 0.019466315654629456
0 0.008771929824561403 0.0 1.0 0.0 0.017689729977962046 0.011058556819060044 0.011336032388663965 0.000812842918106076 0.026454760120381126
0 0.007142857142857143 0.0 1.0 0.0 0.015486028105982083 0.009192425355843662 0.011730769230769232 0.0003861003861003861 0.009037725714934353
0 0.005434782608695652 0.0 1.0 0.0 0.019815521942056293 0.01256107812599755 0.016555183946488295 0.0011750881316098707 0.013692969856877988
0 0.0028490028490028487 0.0 1.0 0.0 0.008184407879072342 0.008754690815089203 0.008086785009861933 0.000297000297000297 0.00481220366930283
0 0.02564102564102564 0.0 1.0 0.0 0.01171753939257245 0.013691066317197529 0.013758599124452786 0.0042137349829657516 0.025641025641025637
0 0.01020408163265306 0.0 1.0 0.0 0.00551314667369873 0.00791903111685002 0.02119035767617153 0.0036392179249322113 0.0016472014450231377
0 0.013333333333333332 0.0 1.0 0.0 0.008998030647920173 0.010208917612981695 0.016864111498257842 0.000979020979020979 0.022684910395308254
0 0.0078125 0.0 1.0 0.0 0.009837820005953084 0.006034756154153281 0.015026132404181186 0.0005463286713286714 0.013012650427202815
1 0.006666666666666667 0.0 1.0 0.0 0.008126969049231225 0.005644253328611482 0.00789779326364692 0.0002331002331002331 0.03272648226822105
0 0.007936507936507936 0.0 1.0 0.0 0.0057460106929784 0.005662999303466793 0.0051435208229633315 0.0 0.0012027915428678639
0 0.008928571428571428 0.0 1.0 0.0 0.006674118826288587 0.00911885607188315 0.019817073170731704 0.0013111888111888112 0.00033095834398360284
0 0.006944444444444444 0.0 1.0 0.0 0.007909669272143443 0.004141550329247156 0.023228803716608598 0.0011655011655011655 0.02911015279633281
0 0.009259259259259259 0.0 1.0 0.0 0.006615536604724327 0.0019820497562133776 0.008130081300813009 0.0 0.002538771563007323
0 0.004166666666666667 0.0 1.0 0.0 0.00933136509457602 0.009363361462428088 0.018292682926829274 0.0011655011655011655 0.04231035988543914
0 0.004329004329004329 0.0 1.0 0.0 0.005907152689862643 0.008951940149081647 0.015098722415795589 0.000999000999000999 0.01248468029273096
0 0.02702702702702703 0.0 1.0 0.0 0.013578371775702541 0.014901416472290407 0.014871330660804344 0.0055873180873180885 0.027027027027027025
0 0.022727272727272728 0.0 1.0 0.0 0.006859458240878083 0.01572468823120384 0.022183558068725528 0.005244755244755243 0.027210145920897856
0 0.027777777777777776 0.0 1.0 0.0 0.005190192528607058 0.014916205785853268 0.017942583732057413 0.0008012820512820514 0.0005890516606410246
0 0.013157894736842105 0.0 1.0 0.0 0.010514482385303614 0.005475596297778484 0.020146058927222363 0.0015182186234817814 0.02510838385073407
0 0.008333333333333333 0.0 1.0 0.0 0.004464725509143614 0.008453658441719903 0.00737639553429027 0.0004006410256410257 0.0076141942537416045
0 0.008771929824561403 0.0 1.0 0.0 0.013313044019651093 0.007377651149981137 0.008310249307479223 0.0010121457489878543 0.043410732460342646
0 0.011904761904761904 0.0 1.0 0.0 0.009241563436393378 0.009235054475135245 0.019138755980861243 0.0008012820512820514 0.02058518401136965
0 0.004032258064516129 0.0 1.0 0.0 0.008214420567165405 0.0 0.010804136440808763 0.00031017369727047146 0.011895031515577787
0 0.003367003367003367 0.0 1.0 0.0 0.015762274884833557 0.022187674311348996 0.008119472234304771 0.0008741258741258741 0.0065484458800420175
0 0.02631578947368421 0.0 1.0 0.0 0.011444332987935527 0.008454159229412665 0.015974145891043397 0.0047257227575982184 0.02631578947368421
0 0.019230769230769232 0.0 1.0 0.0 0.0023286891251751247 0.00649874687350621 0.01592442645074224 0.004062838569880823 0.011609317573721094
0 0.010416666666666666 0.0 1.0 0.0 0.009237591175057219 0.010756578908766736 0.011184210526315788 0.002860915492957747 0.024012927200117086
0 0.007142857142857143 0.0 1.0 0.0 0.008157599335760659 0.00898936592769852 0.01112781954887218 0.0016096579476861167 0.02069401271623167
0 0.005 0.0 1.0 0.0 0.008220722299911394 0.009620994732296568 0.012982456140350878 0.001232394366197183 0.01715746961107245
0 0.005555555555555555 0.0 1.0 0.0 0.007681474293465174 0.003193612564940991 0.01239766081871345 0.0 0.0222871177088966
0 0.008403361344537815 0.0 1.0 0.0 0.0036565127329693525 0.009862627038788355 0.008255933952528379 0.0 0.004296063392681672
0 0.003472222222222222 0.0 1.0 0.0 0.008930606373934055 0.006295395653644195 0.013157894736842105 0.0009780907668231612 0.016180239015212802
0 0.0035842293906810036 0.0 1.0 0.0 0.008433630272533412 0.008581673709165497 0.01686474250141482 0.0014766015447523853 0.02311658417967871
0 0.04 0.0 1.0 0.08 0.01270533462563945 0.005252814489053522 0.012615384615384615 0.003861003861003863 0.04000000000000001
0 0.05 0.0 1.0 0.0 0.012422742807722363 0.015758443467160564 0.01346153846153846 0.0034749034749034747 0.015214354346952253
0 0.037037037037037035 0.0 1.0 0.1111111111111111 0.008816536553745563 0.011672921086785604 0.010256410256410256 0.003861003861003861 0.0026574591063386185
0 0.013888888888888888 0.0 1.0 0.05555555555555555 0.014872420331125168 0.014834816754280349 0.011752136752136754 0.003861003861003861 0.03486875047342585
0 0.005714285714285714 0.0 1.0 0.0 0.008606146278945176 0.007167328739796249 0.01791208791208791 0.0019856591285162713 0.014196293430565596
0 0.005555555555555555 0.0 1.0 0.0 0.008958716970921814 0.003606243149229546 0.014871794871794871 0.0006435006435006435 0.017528263082097085
0 0.0033222591362126242 0.0 1.0 0.0 0.005986371085672999 0.011067076946758908 0.013416815742397137 0.00017958157493041214 0.003056595913737178
0 0.006578947368421052 0.0 1.0 0.0 0.013155285902797487 0.017970154830972574 0.007489878542510121 0.0 0.0283778823324768
0 0.00505050505050505 0.0 1.0 0.0 0.010951931490859228 0.004488058688358957 0.01241258741258741 0.000702000702000702 0.032317170197908134
0 0.0071428571428571435 0.0 1.0 0.0 0.007288208061650647 0.006515736380265068 0.01868131868131868 0.0019305019305019305 0.007126601630802603
0 0.0025974025974025974 0.0 1.0 0.0 0.004878694937351921 0.0027543735976308303 0.01153846153846154 0.0006618863761720905 0.009506602377716975
0 0.07692307692307693 0.0 1.0 0.15384615384615385 0.027568143298910178 0.030780066802372448 0.01217948717948718 0.008403361344537815 0.07692307692307691
0 0.03333333333333333 0.0 1.0 0.0 0.007759812975175435 0.01081712717159934 0.01611111111111111 0.007843137254901959 0.022873277087668384
0 0.01111111111111111 0.0 1.0 0.0 0.012916811624469716 0.014239674837013551 0.011944444444444445 0.0019607843137254897 0.01831497324021179
0 0.009259259259259259 0.0 1.0 0.0 0.023205340943909518 0.018622862903454378 0.0095679012345679 0.0006224712107065047 0.022168172856679467
0 0.009090909090909092 0.0 1.0 0.0 0.02065265105907504 0.011203148429907307 0.014393939393939393 0.0 0.019982659794575197
0 0.01282051282051282 0.0 1.0 0.0 0.019516435390175925 0.019745467300466595 0.009615384615384616 0.0 0.00011590156600577053
0 0.025 0.0 1.0 0.05 0.01414256967965537 0.012105726995074301 0.01580882352941176 0.005788177339901474 0.025
0 0.021739130434782608 0.0 1.0 0.0 0.01210366697312659 0.015432373886127145 0.011722080136402389 0.004069393874491324 0.04161098609179239
0 0.016666666666666666 0.0 1.0 0.0 0.01490869002470514 0.016139178578719 0.013235294117647059 0.0009852216748768472 0.05417558551216105
0 0.008928571428571428 0.0 1.0 0.0 0.010305627317903533 0.007593130167520165 0.010329131652661064 0.0019352568613652359 0.016978982630013944
0 0.010526315789473684 0.0 1.0 0.0 0.004919049189715703 0.009863048964922502 0.014705882352941175 0.0 0.001104805497510565
1 0.008333333333333333 0.0 1.0 0.0 0.008528500391822898 0.0016754666904739684 0.01176470588235294 0.0 0.01881757121326179
0 0.005494505494505494 0.0 1.0 0.0 0.009777468576305888 0.015778812669869368 0.02130467571644042 0.002084122773777946 0.04430789551505392
0 0.004464285714285714 0.0 1.0 0.0 0.010849958501690193 0.011967619217671201 0.014880952380952382 0.0005277973258268825 0.040478004908480414
0 0.03333333333333333 0.0 1.0 0.06666666666666667 0.012988999430031421 0.013824530214847244 0.008020050125313283 0.004276729559748427 0.03333333333333334
0 0.05555555555555555 0.0 1.0 0.0 0.010478125551041256 0.020272843823207702 0.014202172096908938 0.005450733752620545 0.07246360764481083
0 0.009009009009009009 0.0 1.0 0.0 0.009693801985366526 0.009900921027056319 0.014021540337329812 0.004283528811830698 0.019646206957846912
0 0.010416666666666666 0.0 1.0 0.0 0.010026133747882788 0.01239876547761823 0.010025062656641603 0.0006289308176100629 0.03432953575563555
0 0.02 0.0 1.0 0.0 0.012060684763362894 0.018245559440886933 0.013533834586466165 0.0033962264150943396 0.06396571249007449
0 0.006666666666666666 0.0 1.0 0.0 0.009553570371542933 0.008269253014367154 0.010225563909774436 0.0006037735849056604 0.0266653856321663
0 0.007142857142857143 0.0 1.0 0.0 0.010201583352539349 0.009729436171619695 0.010714285714285714 0.0009433962264150943 0.026492628050955487
0 0.006944444444444444 0.0 1.0 0.1111111111111111 0.005806522035658483 0.004278235700203969 0.006892230576441102 0.0006289308176100629 0.013756408132005508
0 0.0035842293906810036 0.0 1.0 0.0 0.009047875679774395 0.006647067950952309 0.012490904681057478 0.001825928180158247 0.02721379376494205
0 0.0038461538461538464 0.0 1.0 0.0 0.010262329687814901 0.010449479321650891 0.012290341237709659 0.0018867924528301885 0.017216087930775576
0 0.0025252525252525255 0.0 1.0 0.0 0.0043709453797608705 0.0064063094710965374 0.012113617376775267 0.0005241090146750524 0.013248887782819335
0 0.03571428571428571 0.0 1.0 0.0 0.011388325968506596 0.010888604581357165 0.009702241552358649 0.0031019450033534556 0.03571428571428571
0 0.020833333333333332 0.0 1.0 0.0 0.008326555350353846 0.007721621678519075 0.011416861826697896 0.00381455399061033 0.0068563288824967554
0 0.023809523809523808 0.0 1.0 0.0 0.00815170828586251 0.011923834073748519 0.010873201739712277 0.002515090543259557 0.0003036996239230299
0 0.017857142857142856 0.0 1.0 0.0 0.004553943772836981 0.006666092938597924 0.01672800267648043 0.003856472166331321 0.015544170187608914
0 0.018181818181818184 0.0 1.0 0.0 0.0019277443875278153 0.0013037233424593184 0.008728975942090695 0.0027742210840802388 0.0027875396445383835
1 0.007575757575757575 0.0 1.0 0.0 0.005555243012642086 0.004280966858662604 0.014370875026612733 0.0012804097311139564 0.006619751341943303
0 0.011904761904761904 0.0 1.0 0.0 0.005158374301302324 0.01064537521646997 0.007806401249024201 0.0003912363067292645 0.0010588011868956086
0 0.005952380952380952 0.0 1.0 0.0 0.002191359485350314 0.00440734118252023 0.008029441284710606 0.000447127207690588 0.0011192751928342222
0 0.006944444444444444 0.0 1.0 0.0 0.008288074100706217 0.01219750396458407 0.011563231850117097 0.0022007042253521123 0.040469695397792625
0 0.0058823529411764705 0.0 1.0 0.0 0.004296346488766161 0.004313640581936174 0.013500482160077147 0.0005523336095001381 0.0004561378680878922
1 0.001594896331738437 0.0 1.0 0.0 0.009963922942451154 0.0036756021266835977 0.011093307038087023 0.000782472613458529 0.010221480111567
0 0.004166666666666667 0.0 1.0 0.2 0.008890784536129183 0.010379240836058217 0.004098360655737705 0.0 0.0005230783080682163
0 0.00591715976331361 0.0 1.0 0.0 0.007043591886248103 0.00930796711189662 0.016393442622950824 0.0032502708559046588 0.020695202983806223
0 0.0026455026455026454 0.0 1.0 0.0 0.00913297312011562 0.007709645003345939 0.014138260039899386 0.0019127108328986261 0.023817778143915433
0 0.0031746031746031746 0.0 1.0 0.0 0.007287599741463361 0.007894726217169938 0.015835842533734813 0.001564945226917058 0.024896037621865753
0 0.0020833333333333333 0.0 1.0 0.0 0.00191561117595204 0.002284847337037322 0.009758001561280252 0.0014866979655712052 0.010717519732224089
0 0.0029411764705882353 0.0 1.0 0.0 0.006610236708610129 0.004307029449673853 0.009367681498829042 0.0009389671361502347 0.011327653227114607
0 0.0016835016835016834 0.0 1.0 0.0 0.008227451158438362 0.008427317779105157 0.012277340146192606 0.0023474178403755865 0.019774831995971694
0 0.001949317738791423 0.0 1.0 0.0 0.007253721982246238 0.00818761849698979 0.012750455373406196 0.002521300643366371 0.023016966830059618
0 0.03225806451612903 0.0 1.0 0.0 0.008161211383392564 0.007343032132438051 0.014980377141763184 0.0024445190049369697 0.03225806451612904
0 0.05555555555555555 0.0 1.0 0.2222222222222222 0.010977839670549796 0.01090080073973977 0.017309594460929775 0.0031368664355291404 0.017609989550399337
0 0.017543859649122806 0.0 1.0 0.0 0.007604411486509012 0.01542788024729816 0.012962673746681244 0.0032063814811918354 0.009643097212925684
0 0.007352941176470588 0.0 1.0 0.0 0.0059398922451051805 0.009419346552754886 0.014967708151509862 0.002665850887160213 0.002129765911339158
0 0.010526315789473684 0.0 1.0 0.0 0.008103421023212034 0.0069956035951159795 0.013587380915196 0.0018769062328927817 0.005917116401752063
0 0.003401360544217687 0.0 1.0 0.0 0.008498895990842095 0.002236577923649859 0.015048749470114453 0.0012129666130939751 0.011619401106955562
0 0.007142857142857143 0.0 1.0 0.0 0.008072388871897339 0.0018540391935057514 0.013501483679525222 0.0003714710252600297 0.03962653349625437
0 0.004807692307692308 0.0 1.0 0.0 0.00866587570228903 0.0067960632222999594 0.013581374115498741 0.0013144359355354894 0.027921840324190858
0 0.005555555555555555 0.0 1.0 0.0 0.008113324730084057 0.005986579210417758 0.006899109792284866 0.0014858841010401186 0.040594226459350374
0 0.005555555555555556 0.0 1.0 0.0 0.005914449485958373 0.005094927849899805 0.006099571381470491 0.00041274558362225524 0.002471692936696686
0 0.0027548209366391185 0.0 1.0 0.0 0.008115716331417477 0.005616762120263551 0.012543835985972484 0.0015309108919807286 0.021877478935062623
0 0.004166666666666667 0.0 1.0 0.0 0.008078359856911488 0.012394499961325712 0.025964391691394657 0.0030460624071322433 0.0034327797064109115
0 0.0038461538461538464 0.0 1.0 0.0 0.007239402615051557 0.007519048806498477 0.016913946587537095 0.0020059435364041607 0.0015559958425892602
0 0.003105590062111801 0.0 1.0 0.0 0.003886927131260074 0.007525297213777879 0.014901303057669976 0.002325731636410621 0.0001649318549298595
0 0.00196078431372549 0.0 1.0 0.0 0.001314575752055185 0.0020737216681798467 0.010560307208936987 0.0006555371034000525 0.0002805247705290475
0 0.004464285714285714 0.0 1.0 0.0 0.009244406077053827 0.00433181581192378 0.004874947011445528 0.0 0.053096470143822676
0 0.0021008403361344537 0.0 1.0 0.0 0.00614062798200811 0.004648567909879123 0.016638406104281474 0.0004776056039057525 0.028510996932990834
0 0.0018518518518518517 0.0 1.0 0.0 0.004632249144113728 0.005817650352166957 0.01691394658753709 0.0008420009905894006 0.00021249028060863997
0 0.0037593984962406013 0.0 1.0 0.0 0.0005005249281098426 0.00433181581192378 0.008372191606612973 0.00021226915729144553 0.012016334075378781
0 0.002173913043478261 0.0 1.0 0.0 0.00591085366277135 0.007342477384229778 0.012579022061669465 0.0009044511919374637 0.0002608409497832981
0 0.0026455026455026454 0.0 1.0 0.0 0.006373540782696851 0.005289334217769629 0.01121002307945928 0.0014033349843156678 0.045416572300042805
0 0.0030303030303030303 0.0 1.0 0.0 0.005233897804950053 0.0 0.0152324431256182 0.00019811788013868252 0.0004972164904795377
0 0.0016722408026755853 0.0 1.0 0.0 0.007857416209009017 0.004390931934823837 0.018545994065281898 0.0013144359355354899 0.029606340319073943
0 0.0013020833333333333 0.0 1.0 0.0 0.0013704896453762348 0.0024262186542196576 0.009551186943620178 0.0007429420505200593 0.007450447811742756
0 0.002 0.0 1.0 0.0 0.01081577763939818 0.004530035379799558 0.018694362017804153 0.001114413075780089 0.03332571645862415
0 0.0019230769230769232 0.0 1.0 0.0 0.008542715408900869 0.00465564493812432 0.009792284866468841 0.0008915304606240713 0.037180478198550054
0 0.0011223344556677889 0.0 1.0 0.0 0.007592762376329994 0.005933409679233963 0.014207355453646252 0.0017110180557431674 0.02123053934921759
0 0.0013736263736263735 0.0 1.0 0.0 0.007838497180692646 0.00534321209986853 0.011412919424788857 0.001657332266544748 0.027563203824857004
0 0.05555555555555555 0.0 1.0 0.0 0.01720861307865086 0.02095312474355206 0.009987515605493134 0.011363636363636362 0.05555555555555555
0 0.015151515151515152 0.0 1.0 0.0 0.0032340879787406355 0.014054534634967584 0.012597889002383383 0.003443526170798898 0.0011775705913541767
0 0.014492753623188404 0.0 1.0 0.0 0.011392451479690516 0.020786356669362953 0.01612115290669272 0.0009881422924901185 0.0183499749046646
0 0.016666666666666666 0.0 1.0 0.0 0.032467828894834086 0.046379964295393025 0.014232209737827715 0.0 0.00020366402088978707
0 0.045454545454545456 0.0 1.0 0.0 0.010016541121814064 0.008068757756429198 0.008039579468150896 0.0035681042506981067 0.045454545454545456
0 0.016129032258064516 0.0 1.0 0.0 0.0025232586564551056 0.007342579469303187 0.020627605881062102 0.0040735439832654385 0.010905811312585213
0 0.00980392156862745 0.0 1.0 0.0 0.010244542303665553 0.01292161537902188 0.021808723489395762 0.0031118249347520588 0.009128463999118675
0 0.007142857142857143 0.0 1.0 0.0 0.004452816784046386 0.007464998863447869 0.04178814382896015 0.0044856167723061925 0.0013201569169766928
0 0.0071428571428571435 0.0 1.0 0.0 0.007439577041754951 0.015198107755835924 0.01797862001943635 0.002072159921989273 0.00011908235368459867
0 0.004065040650406504 0.0 1.0 0.04878048780487805 0.006640917151298148 0.010197128260001267 0.02430728388916543 0.002330808291018064 0.00712863062411412
0 0.0035714285714285713 0.0 1.0 0.0 0.0090501715589854 0.0029269436524110236 0.0201530612244898 0.0006825938566552901 0.010816712527532689
0 0.00625 0.0 1.0 0.0 0.006272469771189078 0.0 0.017176870748299322 0.0 0.020494365370512507
0 0.0044444444444444444 0.0 1.0 0.08 0.008669713172198052 0.005193417045420625 0.017551020408163268 0.0012286689419795222 0.012995101440291533
0 0.005555555555555556 0.0 1.0 0.0 0.008095443366584356 0.004633483187534596 0.02569916855631142 0.0017064846416382253 0.013067974263463247
1 0.030303030303030304 0.0 1.0 0.0 0.019081283267894843 0.01130557035903653 0.015381083562901738 0.009021512838306737 0.03030303030303031
0 0.014705882352941176 0.0 1.0 0.0 0.016427081644459524 0.026027596017915277 0.01492869875222816 0.001796138302649304 0.0203454640551868
0 0.01515151515151515 0.0 1.0 0.0 0.014602794401839009 0.012237748485588585 0.010330578512396695 0.0006939625260235947 0.04229713359488085
0 0.027777777777777776 0.0 1.0 0.0 0.022434699858542635 0.02884815421257129 0.007575757575757575 0.0016963528413910093 0.05342769623659857
0 0.008 0.0 1.0 0.0 0.010235354666973536 0.016703926654618576 0.013636363636363637 0.00183206106870229 0.00015850231226757812
0 0.018518518518518517 0.0 1.0 0.0 0.033809359119278834 0.011539261685028517 0.018518518518518517 0.0016963528413910093 0.12116905455044916
0 0.06666666666666667 0.0 1.0 0.0 0.013541435643747601 0.013532234230392704 0.03204134366925065 0.0078125 0.06666666666666667
0 0.011904761904761904 0.0 1.0 0.0 0.014213869208965798 0.020817861047091386 0.02085640457733481 0.004836309523809524 0.008948776086576246
0 0.01111111111111111 0.0 1.0 0.0 0.009072502869583892 0.009545699348069321 0.014728682170542637 0.0015625 6.363583479057671e-05
0 0.011363636363636364 0.0 1.0 0.0 0.013221339706898443 0.013263008763191099 0.017618040873854827 0.0 0.012628088312676273
0 0.016666666666666666 0.0 1.0 0.0 0.02190872314618599 0.003977374728362217 0.018733850129198967 0.0 0.0008864254960459667
0 0.020833333333333332 0.0 1.0 0.0 0.01159350692900364 0.017898186277629978 0.018410852713178293 0.0 0.0006624782675102418
1 0.03333333333333333 0.0 1.0 0.06666666666666667 0.018145534855246514 0.011775575009363859 0.012244897959183671 0.004371584699453553 0.03333333333333333
0 0.0125 0.0 1.0 0.0 0.006173119858115863 0.004736728379318677 0.01663265306122449 0.0023565573770491805 0.01302811802099973
0 0.020833333333333332 0.0 1.0 0.0 0.011607492994024797 0.018846832422751394 0.011224489795918368 0.0020491803278688526 0.028275401423314372
0 0.0125 0.0 1.0 0.0 0.002753359355375841 0.005684628152615422 0.012040816326530614 0.0012295081967213114 0.0002563399729485194
0 0.005 0.0 1.0 0.0 0.014202630846191347 0.01423754812824794 0.015510204081632653 0.0017418032786885248 0.015201639781748447
0 0.005747126436781609 0.0 1.0 0.0 0.009549579142719701 0.013742245746787441 0.013230119634060516 0.0024024872809496893 0.02074947036586947
0 0.006802721088435374 0.0 1.0 0.19047619047619047 0.016850394586378246 0.016498694696546728 0.007968901846452867 0.00117096018735363 0.001922242164301876
0 0.005681818181818182 0.0 1.0 0.0 0.014762081318141707 0.0032851333024838214 0.013172541743970317 0.0007451564828614009 0.027603164452119813
0 0.0101010101010101 0.0 1.0 0.0 0.004463033323161441 0.008885679987575494 0.027458256029684602 0.003725782414307005 0.0007684151203993329
1 0.00625 0.0 1.0 0.0 0.01015839110780249 0.006969666765701139 0.009948979591836734 0.0005122950819672131 0.04263667081627865
0 0.045454545454545456 0.0 1.0 0.0 0.011537475855784372 0.008747322110350099 0.021043771043771045 0.0035857414047669265 0.04545454545454546
0 0.013513513513513514 0.0 1.0 0.0 0.01063746041240238 0.006465877040388776 0.012074574574574577 0.0031980936853326643 0.02302622799853957
0 0.016666666666666666 0.0 1.0 0.0 0.0017988577655853888 0.003945704619097628 0.009953703703703704 0.003248259860788863 0.0010348058969212649
0 0.006944444444444444 0.0 1.0 0.0 0.0020168521136579663 0.0062137343760684804 0.018454218106995893 0.0019979376127868004 0.0002484422413745057
1 0.002898550724637681 0.0 1.0 0.0 0.005370213226275694 0.00696852397040781 0.022175254965110032 0.002454689128753488 0.012843116552423954
0 0.004901960784313725 0.0 1.0 0.0 0.006675771298564988 0.005441460950236782 0.020220588235294115 0.0018425003412037668 0.021193533902542916
0 0.005714285714285714 0.0 1.0 0.0 0.009148294343265955 0.013542371503045533 0.012685185185185186 0.0024129930394431553 0.01496939523194189
0 0.017857142857142856 0.0 1.0 0.0 0.0020202538302792213 0.006764065061310219 0.0016534391534391533 0.0 0.02102121522055458
0 0.01111111111111111 0.0 1.0 0.0 0.007429353806868419 0.005481684481401654 0.020601851851851854 0.0030162412993039443 0.0006395741762042686
0 0.004347826086956522 0.0 1.0 0.0 0.013256680714478431 0.00714178718404952 0.009158615136876007 0.0007061434479975789 0.03237402127461151
0 0.003134796238244514 0.0 1.0 0.06896551724137931 0.006040118994329987 0.007163275620637516 0.011733716475095784 0.0008800704056324505 0.020682958117390945
0 0.0018518518518518517 0.0 1.0 0.0 0.009361991002054886 0.002529909575948834 0.012448559670781893 0.0006187161639597834 0.012840242757154514
0 0.0032051282051282055 0.0 1.0 0.0 0.007128457222134149 0.0092066441112278 0.007908950617283951 0.0 0.00034583619716584217
0 0.002551020408163265 0.0 1.0 0.0 0.009934495776950977 0.013033387836715907 0.020750661375661377 0.002071594298972489 0.01242564057834136
0 0.002898550724637681 0.0 1.0 0.0 0.003951209202161785 0.0032870833714295777 0.01469404186795491 0.0008070210834258045 0.0016914756453229188
0 0.027777777777777776 0.0 1.0 0.05555555555555555 0.014694549612370393 0.02165662412546563 0.012876157407407407 0.00625363583478767 0.027777777777777776
0 0.015625 0.0 1.0 0.0 0.01176819772636398 0.014342249014947921 0.013346354166666668 0.0037630890052356017 0.03113901622823562
0 0.01111111111111111 0.0 1.0 0.0 0.012907080981132768 0.016084190152979874 0.01336805555555556 0.002792321116928447 0.016727877009232388
0 0.013888888888888888 0.0 1.0 0.0 0.0037664938836072057 0.010379426953177078 0.01099537037037037 0.0005817335660267598 0.012034438926505096
0 0.013333333333333334 0.0 1.0 0.0 0.00895454003646342 0.009497235271656978 0.01423611111111111 0.0 0.032707059449706845
0 0.0045045045045045045 0.0 1.0 0.0 0.008411766578877933 0.005991035613986085 0.013513513513513514 0.0005660110372152257 0.020591052682115064
0 0.007518796992481203 0.0 1.0 0.0 0.007380533829911133 0.010176996763230604 0.01425438596491228 0.002204464039680353 0.0255293290760294
0 0.025 0.0 1.0 0.0 0.0159387904334087 0.007122926453742734 0.010416666666666668 0.0 0.0025799597494575964
0 0.05 0.0 1.0 0.0 0.02163248073624819 0.008467118861199687 0.018795620437956205 0.003663003663003663 0.05
0 0.01 0.0 1.0 0.0 0.011104607693837922 0.014152457506482358 0.017080291970802918 0.005054945054945053 0.015578937622119099
0 0.013888888888888888 0.0 1.0 0.0 0.010002876581003487 0.015934052082582268 0.02204987834549878 0.002136752136752137 0.025130528376724522
0 0.007142857142857143 0.0 1.0 0.0 0.007122725547642566 0.009583305563081138 0.011678832116788322 0.0007326007326007326 0.010471941472959007
0 0.02 0.0 1.0 0.0 0.0018286990124438888 0.002491719693525389 0.00583941605839416 0.0 0.0058344722019728614
0 0.013888888888888888 0.0 1.0 0.0 0.01153263803958191 0.010305753214503523 0.02037712895377129 0.0018315018315018313 0.04327736573995867
0 0.007142857142857143 0.0 1.0 0.0 0.015827262613559805 0.012987357889992548 0.025547445255474456 0.0016483516483516484 0.03805369678520654
0 0.005208333333333333 0.0 1.0 0.0 0.010185270758563963 0.013900281380216832 0.022658150851581505 0.0006105006105006105 0.013405288116906977
0 0.00505050505050505 0.0 1.0 0.0 0.007250105421924025 0.006333962680270744 0.017750497677504976 0.000999000999000999 0.030255359845717013
0 0.0032258064516129032 0.0 1.0 0.0 0.00927384750901534 0.006428500282641999 0.020485048269366608 0.001654259718775848 0.011498466309449
0 0.0034965034965034965 0.0 1.0 0.0 0.0013058715030139214 0.0015260919701900312 0.017686692869174618 0.0008453085376162299 0.0018867410792652538
0 0.02702702702702703 0.0 1.0 0.05405405405405406 0.01965378570076538 0.023060960424247826 0.0138996138996139 0.008225616921269097 0.02702702702702703
0 0.015151515151515152 0.0 1.0 0.0 0.018478282839687055 0.033905302903556346 0.008225108225108226 0.000878348704435661 0.011007658706677552