0 0.037037037037037035 0.0 1.0 0.07407407407407407 0.014331896262713553 0.010103883406975614 0.014287284316957907 0.0030864197530864213 0.037037037037037035
0 0.013888888888888888 0.0 1.0 0.0 0.012180757581432835 0.010593982289740069 0.012776129244971976 0.003968253968253968 0.02631072334188549
0 0.01282051282051282 0.0 1.0 0.0 0.006762254064643536 0.012570634962042443 0.011412919424788863 0.00331959706959707 0.009870677513697187
0 0.016666666666666666 0.0 1.0 0.0 0.006789776590775755 0.004049044501978756 0.01582591493570722 0.0 0.00026852424570598195
0 0.018181818181818184 0.0 1.0 0.0 0.005130544530896348 0.0036809495472534147 0.005934718100890208 0.0 0.006485166140886988
0 0.006172839506172839 0.0 1.0 0.0 0.010858308085060397 0.006118085255452614 0.010550609957138147 0.0016534391534391536 0.03578283116900034
0 0.005291005291005291 0.0 1.0 0.0 0.01150406222593744 0.01027647124692064 0.014177382129904383 0.002535273368606702 0.03607149546444327
0 0.004807692307692308 0.0 1.0 0.0 0.01268427721792013 0.008704634779804817 0.017461766719926955 0.002747252747252747 0.02400672393276615
0 0.004273504273504273 0.0 1.0 0.0 0.009962216436522583 0.002928997094879188 0.007646656014608537 0.0006868131868131868 0.00838647667152214
0 0.005555555555555556 0.0 1.0 0.0 0.0022616750080101536 0.009024238418660312 0.018298714144411473 0.003472222222222222 0.006745938062595447
0 0.005681818181818182 0.0 1.0 0.0 0.009954913942371114 0.01073585317858664 0.015022255192878342 0.004464285714285714 0.008700790384424499
0 0.003968253968253968 0.0 1.0 0.0 0.007878258319372389 0.012010087320435953 0.016391126183411046 0.004676870748299321 0.004586952106534854
0 0.004807692307692308 0.0 1.0 0.0 0.00787098797606313 0.009316809716380521 0.012054896142433236 0.003720238095238095 0.004437805559722296
0 0.0047619047619047615 0.0 1.0 0.0 0.010553195897572155 0.01501565980686318 0.018991097922848664 0.004563492063492063 0.039581023845616674
0 0.0022222222222222222 0.0 1.0 0.0 0.007546331208727306 0.0036364568945025984 0.007220573689416421 0.0 0.022377728235343695
0 0.04 0.0 1.0 0.0 0.041802366141977396 0.017503985623910787 0.017964071856287425 0.006506024096385543 0.04
0 0.014285714285714285 0.0 1.0 0.0 0.012743546422051425 0.015776666139084822 0.012660393498716851 0.003958691910499141 0.02754928529317358
1 0.010416666666666666 0.0 1.0 0.0 0.017327998293208528 0.016236131375353614 0.014034431137724547 0.0013177710843373493 0.03350726982785131
0 0.006756756756756757 0.0 1.0 0.05405405405405406 0.025384978245399082 0.01084950395182729 0.015536494578410746 0.0006512536633018561 0.022568991673420868
0 0.015384615384615385 0.0 1.0 0.0 0.024032185836440404 0.01576087757952806 0.012897282358360204 0.0 0.03983896926909137
0 0.010416666666666666 0.0 1.0 0.0 0.01811935597593462 0.020032713290457024 0.014970059880239523 0.0030120481927710845 0.03821992736347547
1 0.015873015873015872 0.0 1.0 0.0 0.02845632984224518 0.021954285280777055 0.015968063872255488 0.004016064257028113 0.1031274245154794
0 0.03125 0.0 1.0 0.0625 0.0097757316907398 0.0037357439636906673 0.00895979020979021 0.00186077057793345 0.03125
0 0.07142857142857142 0.0 1.0 0.0 0.008982395399757578 0.010558084298490308 0.005244755244755246 0.002251688766574931 0.0017689461041143553
0 0.0101010101010101 0.0 1.0 0.0 0.005865228929317693 0.007516911704299211 0.013138376774740413 0.0026535052804755096 0.03025972112292417
0 0.011363636363636364 0.0 1.0 0.0 0.006040377099149352 0.0058828386192815085 0.014701207883026063 0.0031842063365706105 0.016068908096306265
0 0.0071428571428571435 0.0 1.0 0.0 0.0028529060715753473 0.003829218968596372 0.014423076923076924 0.0018764073054791093 0.0016341942065794157
0 0.0047619047619047615 0.0 1.0 0.0 0.004826370802319201 0.005289715685499107 0.016083916083916086 0.001901426069552164 0.0046987093813011084
0 0.004201680672268907 0.0 1.0 0.058823529411764705 0.006759899310660801 0.007633968804651846 0.015734265734265732 0.0014937673843618009 0.031224095825600713
0 0.0078125 0.0 1.0 0.0 0.005570752587486189 0.007437279618225369 0.011472902097902098 0.001532399299474606 0.0026379964583739804
0 0.006172839506172839 0.0 1.0 0.0 0.0064704904063727815 0.008513816721352688 0.015831390831390832 0.0021404942595835766 0.01032855949651951
0 0.008333333333333333 0.0 1.0 0.0 0.01053733905263179 0.006913673796856139 0.025058275058275056 0.0037945125510799767 0.02562131221815774
0 0.006060606060606061 0.0 1.0 0.0 0.002528295914533162 0.00396655615067025 0.0175990675990676 0.0026853473438412144 0.010681826512089643
0 0.0021929824561403508 0.0 1.0 0.0 0.005863290484107291 0.006598416369960026 0.013617960986382039 0.0017052262881371556 0.026191128851912007
0 0.0026525198938992045 0.0 1.0 0.0 0.005890154919576827 0.005774306198766291 0.019110200144682905 0.0016909233649374962 0.008297770421110769
0 0.003968253968253968 0.0 1.0 0.0 0.0033661276327733823 0.005294722524478934 0.010295260295260294 0.0004864759680871765 0.002098505994666506
0 0.00392156862745098 0.0 1.0 0.0 0.0019716073459121915 0.0035038604941404713 0.015014397367338546 0.00020603688060162769 0.0028190841933759254
0 0.001953125 0.0 1.0 0.0 0.004897140860991592 0.007444700938707441 0.01644449300699301 0.0018060420315236427 0.032582624253176394
0 0.0016339869281045752 0.0 1.0 0.0 0.005829518585772009 0.004286938295730489 0.016802641802641807 0.0018972562755399881 0.0061321339729601305
0 0.0014619883040935672 0.0 1.0 0.0 0.004709779711721216 0.0016609216843052872 0.011409642988590356 0.0006452207576735183 0.022001545018319284
0 0.002288329519450801 0.0 1.0 0.0 0.005046039348312717 0.0024761296873690697 0.012845849802371542 0.00038072032285083377 0.0442480775557848
0 0.0033333333333333335 0.0 1.0 0.0 0.0017812611084580038 0.005559458650702881 0.010722610722610723 0.0008172796263864566 0.0015585641050731805
0 0.001984126984126984 0.0 1.0 0.0 0.004993530548575113 0.001711598401792215 0.011655011655011656 0.0006567425569176883 0.03899767886101327
0 0.002840909090909091 0.0 1.0 0.0 0.0024142060344087067 0.007062651136505251 0.010161713286713288 0.0008756567425569177 0.009415521628136638
0 0.001278772378516624 0.0 1.0 0.0 0.004605554452074177 0.0059439806577367554 0.015322912381735913 0.0010816936231585455 0.0075756768659563855
1 0.034482758620689655 0.0 1.0 0.06896551724137931 0.011104629069442635 0.01339939293224126 0.010033444816053508 0.004165702383707473 0.034482758620689655
0 0.016666666666666666 0.0 1.0 0.0 0.005247521049570816 0.008802830249557808 0.0157190635451505 0.0042505592841163295 0.006254161731904086
0 0.009523809523809523 0.0 1.0 0.0 0.00691191720643274 0.013236111109526326 0.011275680840898228 0.004026845637583891 0.01853265499596637
1 0.007352941176470588 0.0 1.0 0.0 0.007969208145482411 0.008550706092314784 0.018099547511312212 0.0022700355309909197 0.011395716602156719
0 0.02 0.0 1.0 0.0 0.012691666890131969 0.006737731290796104 0.018394648829431436 0.00436241610738255 0.007460417854572697
0 0.006944444444444444 0.0 1.0 0.0 0.009317807926070749 0.008515392699333229 0.012959866220735784 0.0029362416107382547 0.003770328232011085
0 0.008928571428571428 0.0 1.0 0.0 0.00556558140210711 0.012818266058064447 0.01107859531772575 0.0041946308724832215 0.022396678672036756
0 0.00390625 0.0 1.0 0.0 0.00796272324049461 0.015042350421491421 0.01212374581939799 0.002516778523489933 0.006377746733016244
0 0.0044444444444444444 0.0 1.0 0.0 0.002517537596668933 0.00417739624949334 0.013110367892976586 0.0013422818791946308 0.008300971129318959
0 0.005555555555555556 0.0 1.0 0.0 0.00682951810718818 0.015637975975010744 0.015235971757710888 0.004287844891871738 0.0049598741653012245
0 0.005347593582887701 0.0 1.0 0.0 0.0065486826593478065 0.010331566633421762 0.003541215817430651 0.0 0.004513829627306147
0 0.0028735632183908046 0.0 1.0 0.0 0.005275914996635108 0.001413850401010036 0.012570637758044052 0.00023142791020597085 0.00659682501112063
0 0.03225806451612903 0.0 1.0 0.0 0.009756547134547263 0.0149410777513304 0.010309278350515462 0.0035008752188047014 0.03225806451612904
0 0.015625 0.0 1.0 0.0 0.005179894833972337 0.004629338870462546 0.008456829896907214 0.0026647286821705417 0.00011113540413181303
0 0.014492753623188404 0.0 1.0 0.0 0.00951548169031585 0.00620685633346556 0.013670999551770504 0.003258060892034603 0.01166334688545588
0 0.014705882352941176 0.0 1.0 0.0 0.0038771701565502832 0.0010339557323794362 0.0030321406913280777 0.0012159902720778235 0.010346190187798065
0 0.0071428571428571435 0.0 1.0 0.0 0.007943633707404831 0.008218110167942388 0.011782032400589101 0.0005537098560354374 7.392496876359512e-05
0 0.018518518518518517 0.0 1.0 0.0 0.012644583828696598 0.015624219955955927 0.005154639175257732 0.0011484352569623888 0.021748546465839312
0 0.005952380952380952 0.0 1.0 0.0 0.007980398801546319 0.008289810633458836 0.016967353951890033 0.001614987080103359 0.020488768226129366
0 0.010416666666666666 0.0 1.0 0.0 0.010667577289518268 0.014061583662138654 0.012027491408934709 0.002153316106804479 0.022790905779659223
0 0.004830917874396135 0.0 1.0 0.0 0.004149318544977266 0.006178132960471541 0.010757507844016136 0.0011234692731153803 0.01823296907566475
0 0.008333333333333333 0.0 1.0 0.0 0.008899034727192558 0.018423979946735013 0.019329896907216496 0.0034453057708871662 0.05324051884557631
0 0.0019342359767891683 0.0 1.0 0.0 0.004992655273668388 0.0063474701802004605 0.01540908093880236 0.001099565671559734 0.0005057292207570299
0 0.0037878787878787876 0.0 1.0 0.0 0.007520310527175581 0.003195863172809167 0.020852858481724457 0.0007047216349541931 0.022302708167708258
0 0.0027472527472527475 0.0 1.0 0.0 0.00882761982318729 0.007173949507362597 0.005246686303387335 0.0001845699520118125 0.00947380055286456
0 0.003105590062111801 0.0 1.0 0.0 0.007588402545987191 0.005413904810451958 0.015351860152398032 0.0011234692731153803 0.01218566308398007
0 0.005128205128205128 0.0 1.0 0.0 0.0016531458704631056 0.0016845340512274991 0.015463917525773196 0.000795070562512423 0.0009598568927051776
0 0.002403846153846154 0.0 1.0 0.0 0.008148277898553298 0.006175220599772434 0.012192704203013483 0.0003975352812562115 8.34706612739034e-05
0 0.0032679738562091504 0.0 1.0 0.0 0.007155296814258739 0.0 0.009020618556701032 0.0002871088142405972 0.019310183309565142
0 0.045454545454545456 0.0 1.0 0.09090909090909091 0.015896080386594267 0.006851032070745834 0.01751558134536858 0.0035545023696682454 0.04545454545454546
0 0.02 0.0 1.0 0.0 0.0074188681467692716 0.005359577759239662 0.016075650118203312 0.0024644549763033173 0.030484385284750014
0 0.01075268817204301 0.0 1.0 0.0 0.009046250987367055 0.0032627198523146185 0.013726835964310227 0.0028283137134994638 0.02206326009335072
0 0.017857142857142856 0.0 1.0 0.0 0.0076009600379808185 0.011544903868854097 0.010469436001350895 0.004400812457684494 0.03358994638337035
0 0.011111111111111112 0.0 1.0 0.0 0.008331433664884388 0.0067697715714339106 0.01615445232466509 0.0036861506055818833 0.02161591576996704
0 0.006944444444444444 0.0 1.0 0.0 0.007035517610810019 0.006595655113423439 0.0128053585500394 0.002369668246445498 0.018348237195046416
0 0.011904761904761904 0.0 1.0 0.0 0.014147068571942456 0.014321389480083898 0.015366430260047283 0.002764612954186414 0.025983883176234943
0 0.009615384615384616 0.0 1.0 0.0 0.013801818038000829 0.00418026119837426 0.015457355882887797 0.0016405395552314983 0.039822609278487194
1 0.0037037037037037034 0.0 1.0 0.0 0.009409944923464324 0.007750180678177105 0.01276595744680851 0.000947867298578199 0.020946407178103862
0 0.0038461538461538464 0.0 1.0 0.0 0.006641781475595888 0.0060808692363437606 0.008365157301327515 0.0005468465184104995 0.020425120149196466
0 0.005050505050505051 0.0 1.0 0.0 0.011213423320879311 0.004825630002183543 0.009456264775413713 0.0 0.03884570101045333
0 0.004629629629629629 0.0 1.0 0.0 0.008939781783113505 0.005051380190189326 0.008405568689256633 0.0005265929436545551 0.023017557652251806
0 0.004273504273504274 0.0 1.0 0.0 0.0062802651721153195 0.006847152648961835 0.007486209613869189 0.0010531858873091102 0.002799162930274458
0 0.004201680672268907 0.0 1.0 0.0 0.008271954294082139 0.010290584454965772 0.01585314977054652 0.0025090604962364096 0.033368811447633075
0 0.0026666666666666666 0.0 1.0 0.0 0.01338024079409662 0.007425763885742766 0.009361702127659575 0.00047393364928909954 0.021315801945736474
0 0.003289473684210526 0.0 1.0 0.0 0.00717871757661704 0.0026367115820719795 0.010700510140599728 0.0009977550511349462 0.02711901510628344
0 0.00267379679144385 0.0 1.0 0.0 0.008250935982519665 0.0056856962158060185 0.010423382763808296 0.0002154243860404998 0.02459192093582201
0 0.0022222222222222222 0.0 1.0 0.0 0.01445417348884821 0.0073907338347550125 0.01371158392434988 0.001137440758293839 0.022892301847412626
0 0.0020242914979757085 0.0 1.0 0.0 0.006817515296287136 0.0057800562748136185 0.012456810329150757 0.00018228217280349984 0.019609336604049434
0 0.0025 0.0 1.0 0.0 0.004980489898120735 0.0 0.007092198581560284 0.0 0.019888600311331293
0 0.04 0.0 1.0 0.0 0.02984634806791435 0.02168290023680857 0.019310344827586205 0.00454320987654321 0.04
0 0.013157894736842105 0.0 1.0 0.0 0.018360441132738926 0.013262519659046072 0.015815400570391495 0.0037686809616634164 0.017850855917640053
0 0.013333333333333332 0.0 1.0 0.0 0.023940619043414203 0.012747749050240684 0.011527093596059112 0.0014814814814814816 0.036067184760112184
0 0.005208333333333333 0.0 1.0 0.0 0.015483789745934664 0.014241618119846986 0.014111247947454842 0.0022633744855967077 0.022415173756378064
0 0.0058823529411764705 0.0 1.0 0.0 0.01324387925123 0.01531093328588684 0.018690234714575486 0.003050108932461874 0.03731361298897315
0 0.005747126436781609 0.0 1.0 0.0 0.018656277064038697 0.015360821311281931 0.016901647698318326 0.002554278416347382 0.03574352625308502
0 0.005952380952380952 0.0 1.0 0.0 0.03227926752595143 0.014226796445799614 0.016728243021346467 0.001954732510288066 0.03070118530799555
0 0.0078125 0.0 1.0 0.0 0.013172779367307336 0.006354785755174966 0.006927339901477833 0.0006172839506172839 0.0336610500635841
0 0.003968253968253968 0.0 1.0 0.0 0.013682615250289626 0.01053359219219746 0.014778325123152707 0.00326278659611993 0.03333034814470818
0 0.002173913043478261 0.0 1.0 0.0 0.011937039567529907 0.005507235834987615 0.016920111372884985 0.0019323671497584545 0.024319233081113386
0 0.0022727272727272726 0.0 1.0 0.0 0.012583825960799036 0.0051619409141225375 0.016194581280788177 0.0014814814814814816 0.02769875315201703
0 0.003472222222222222 0.0 1.0 0.0 0.021433270357616593 0.0013996697043877184 0.011596880131362888 0.0010288065843621398 0.032447947588842396
0 0.0026525198938992045 0.0 1.0 0.0 0.009365631327035103 0.0024167860692295854 0.01121114319687447 0.0005108556832694764 0.04434255848162291
0 0.038461538461538464 0.0 1.0 0.0 0.020574307212058045 0.014809208271521788 0.0111236802413273 0.0053050397877984065 0.03846153846153845
0 0.013888888888888888 0.0 1.0 0.0 0.014223003282710598 0.01619770432050781 0.020561002178649243 0.004789272030651339 0.018107783279321686
0 0.02222222222222222 0.0 1.0 0.0 0.010104315610628583 0.010796807334829886 0.021895424836601306 0.003284072249589491 0.03581919537862504
0 0.008928571428571428 0.0 1.0 0.0 0.011334968011220964 0.012851316847136463 0.014355742296918763 0.001055594651653765 0.021037499197130417
1 0.01 0.0 1.0 0.0 0.004563388324073935 0.0 0.012009803921568626 0.0 0.0024618708690309753
0 0.00980392156862745 0.0 1.0 0.0 0.009142763204521702 0.004875011692702643 0.007497116493656286 0.0005795421616922632 0.00837805183662373
0 0.011904761904761904 0.0 1.0 0.0 0.005582256403862844 0.002867239668269298 0.012254901960784314 0.0016420361247947454 0.0034314833944500945
0 0.008928571428571428 0.0 1.0 0.0 0.014820013827652186 0.01310022858602736 0.015756302521008403 0.0014074595355383533 0.029625726556621303
0 0.005291005291005291 0.0 1.0 0.0 0.007447157905234244 0.016511244883851906 0.01844070961718021 0.00422237860661506 0.0009017999889585061
0 0.006666666666666667 0.0 1.0 0.0 0.02040934740124031 0.017871644698388995 0.014705882352941175 0.0013136288998357964 0.04767059153849027
0 0.045454545454545456 0.0 1.0 0.09090909090909091 0.013413433304476186 0.009154231048120555 0.00923076923076923 0.0030864197530864196 0.045454545454545456
0 0.023809523809523808 0.0 1.0 0.0 0.005453520601588928 0.009324715631429342 0.016849816849816852 0.004703115814226925 0.00884169199574554
0 0.05555555555555555 0.0 1.0 0.0 0.004093929098068753 0.011762829551437573 0.01846153846153846 0.0051440329218107 0.01583814314344154
0 0.010416666666666666 0.0 1.0 0.0 0.006695832594257211 0.009471549519902672 0.006794871794871795 0.003215020576131687 0.025009668803422532
0 0.004878048780487805 0.0 1.0 0.0 0.0048597977932735344 0.00398729931495247 0.0150093808630394 0.0015055706112616681 0.013782457342761723
0 0.004901960784313725 0.0 1.0 0.0 0.005416582962420402 0.004196665666498754 0.017828054298642537 0.0005446623093681917 0.015446156469984906
0 0.006211180124223602 0.0 1.0 0.0 0.00828876256929295 0.008029422773590835 0.016454849498327758 0.0008051529790660225 0.014121641000583182
0 0.009615384615384616 0.0 1.0 0.0 0.009450468368196975 0.004680445657505457 0.014911242603550295 0.0 0.019556428575212004
0 0.004273504273504273 0.0 1.0 0.0 0.00842785257811949 0.007002732646381151 0.024852071005917162 0.0008309591642924976 0.01117246091032631
0 0.011111111111111112 0.0 1.0 0.0 0.011528071383338596 0.004665565681292394 0.018803418803418806 0.0010288065843621398 0.06454494810305428
0 0.003952569169960474 0.0 1.0 0.0 0.008317454853675662 0.008029422773590835 0.012040133779264215 0.0 0.02147304831944282
0 0.010416666666666666 0.0 1.0 0.0 0.003173625279934134 0.013631141161679166 0.01730769230769231 0.0038580246913580245 0.012789057031352176
0 0.006410256410256411 0.0 1.0 0.0 0.0035424386046062246 0.0064801121483423285 0.012564102564102564 0.0007716049382716049 0.0013966478667301937
0 0.003105590062111801 0.0 1.0 0.0 0.0014887245636305698 0.007209609625071731 0.008963210702341138 0.00026838432635534085 0.004676647340580884
0 0.00392156862745098 0.0 1.0 0.0 0.006590683072892751 0.006619235032615876 0.014479638009049773 0.0014524328249818446 0.010787694925813393
0 0.002717391304347826 0.0 1.0 0.0 0.003980701260374496 0.007074615053845481 0.02274247491638796 0.0017444981213097155 0.0077843595572690385
0 0.034482758620689655 0.0 1.0 0.06896551724137931 0.022692807941315715 0.008466065275985838 0.013262599469496022 0.006067781559863847 0.034482758620689655
0 0.021739130434782608 0.0 1.0 0.0 0.012386518692652601 0.012561953059538049 0.008361204013377926 0.004291845493562234 0.0211234231181728
0 0.020833333333333332 0.0 1.0 0.0 0.014079251871988375 0.007388044705089208 0.016025641025641028 0.004023605150214592 0.06380506154624878
0 0.013888888888888888 0.0 1.0 0.0 0.012213523710373113 0.013008379554022028 0.015194681861348527 0.0019074868860276585 0.05494750170479825
0 0.0125 0.0 1.0 0.0 0.01097230460852819 0.014475891775120868 0.013087606837606838 0.004023605150214592 0.045516962301685886
0 0.005555555555555555 0.0 1.0 0.0 0.009834657426448965 0.014433439299050192 0.01096866096866097 0.002145922746781116 0.016943122121215883
0 0.008403361344537815 0.0 1.0 0.0 0.006814285115406245 0.008586713914824932 0.010055304172951232 0.0005049229992426155 0.00032329075155596194
0 0.006944444444444444 0.0 1.0 0.0 0.0060034170261757105 0.015559348223964382 0.011158594491927824 0.0030996661897949454 0.0018982071508575134
0 0.005847953216374269 0.0 1.0 0.0 0.007690110702572846 0.012346797316062917 0.01439496176338282 0.0029365258640162636 0.0287996118247323
0 0.003448275862068966 0.0 1.0 0.0 0.009376367953179043 0.005955158270688516 0.014883583849101094 0.0011839573775344087 0.022273158830836
0 0.004784688995215311 0.0 1.0 0.0 0.0034534124774544765 0.010443870910877246 0.01686909581646424 0.001581206234470296 0.0028431793568916824
0 0.038461538461538464 0.0 1.0 0.07692307692307693 0.015197715993493687 0.018799525706214036 0.010761259465922678 0.005809294871794871 0.03846153846153847
0 0.029411764705882353 0.0 1.0 0.0 0.010812184420624468 0.022712375985296407 0.01615361170374886 0.006740196078431372 0.01832777083754136
0 0.037037037037037035 0.0 1.0 0.0 0.001641422593404078 0.007472015246579095 0.008059873344847437 0.003472222222222222 0.00271451718682908
0 0.008928571428571428 0.0 1.0 0.0 0.01455655356427216 0.018507979687302393 0.012028127313101405 0.0016741071428571428 0.027049940625410614
0 0.008695652173913044 0.0 1.0 0.0 0.009956419227871452 0.013863576283949002 0.012840729894120297 0.0006793478260869565 0.02157392422835463
0 0.007936507936507936 0.0 1.0 0.0 0.008142886507348243 0.010524858386006577 0.014310387367382185 0.0027281746031746026 0.015993054187302878
0 0.006211180124223602 0.0 1.0 0.0 0.00630697519480567 0.012062597331700039 0.013066005857175038 0.002038043478260869 0.015072732324849033
0 0.006944444444444444 0.0 1.0 0.0 0.014591011794686498 0.016215572493931466 0.01468048359240069 0.00318287037037037 0.0365085016312511
0 0.006944444444444444 0.0 1.0 0.0 0.013096426506937216 0.0066429636360588965 0.012305699481865284 0.0006510416666666666 0.01832586194456538
0 0.008333333333333333 0.0 1.0 0.0 0.004654221456230046 0.00885728484807853 0.009067357512953367 0.0021701388888888886 0.0008591260813199281
0 0.045454545454545456 0.0 1.0 0.09090909090909091 0.015179919178644124 0.011319619884631513 0.007768595041322313 0.003815527538155275 0.045454545454545456
0 0.016666666666666666 0.0 1.0 0.0 0.010033144885085308 0.008275419420102568 0.01878787878787879 0.004136253041362529 0.018040692503275425
0 0.013888888888888888 0.0 1.0 0.0 0.011082053542519612 0.020713796930077733 0.02 0.004562043795620438 5.252545993010532e-05
0 0.017857142857142856 0.0 1.0 0.0 0.009114941220859063 0.014152784427611925 0.015324675324675326 0.0015641293013555788 0.0001269451925954085
0 0.0058823529411764705 0.0 1.0 0.0 0.015066015308280964 0.012436704670301384 0.020855614973262035 0.0017174753112924 0.012494839747586198
0 0.005952380952380952 0.0 1.0 0.0 0.011729334705923756 0.013119085908334825 0.008571428571428572 0.0009124087591240875 0.015859348439972266
0 0.011904761904761904 0.0 1.0 0.0 0.0037188427583914143 0.007814540039507973 0.013636363636363636 0.0009124087591240877 0.001372810827818154
0 0.00625 0.0 1.0 0.0 0.0041665241984666845 0.007447877478092312 0.015636363636363636 0.0 0.009698299328380507
0 0.00505050505050505 0.0 1.0 0.0 0.023686085573549346 0.0061763187859140275 0.01702479338842975 0.0009953550099535502 0.01794301383738473
0 0.005263157894736842 0.0 1.0 0.0 0.004349873107327689 0.005975856329640152 0.023732057416267948 0.0021129466000768342 0.007740982304208065
0 0.0033670033670033673 0.0 1.0 0.0 0.008502967184025247 0.0041517513605632324 0.017373737373737378 0.0010813733441470668 5.379218958210689e-05
0 0.009259259259259259 0.0 1.0 0.0 0.008205405650087462 0.007660913579309772 0.02303030303030303 0.0016220600162206002 0.0005430812757355095
0 0.005494505494505495 0.0 1.0 0.0 0.013372908646641273 0.0 0.01116883116883117 0.0 0.04784747297901475
0 0.030303030303030304 0.0 1.0 0.06060606060606061 0.014305427670165308 0.011480499472008243 0.012263099219620956 0.004474272930648768 0.03030303030303031
0 0.022727272727272728 0.0 1.0 0.0 0.008982844071935208 0.00831863043658494 0.015658254788689572 0.003660768761439902 0.01665536500768517
0 0.017543859649122806 0.0 1.0 0.0 0.014153104981707828 0.01367953168826771 0.016370357331455726 0.005651713175556339 0.03891489177305972
0 0.006944444444444444 0.0 1.0 0.0 0.00843633873487009 0.00820945249727599 0.01393534002229654 0.0017710663683818044 0.014564053039946777
0 0.011111111111111112 0.0 1.0 0.0 0.0019480132242750622 0.009849449104787762 0.020810107766629504 0.0033557046979865775 0.016140655354324684
0 0.008333333333333333 0.0 1.0 0.0 0.01144978839766891 0.010345323411322572 0.016555183946488295 0.0023489932885906043 0.038460021754785405
0 0.009523809523809523 0.0 1.0 0.0 0.00243643536435661 0.010361908793559065 0.017391304347826087 0.0038031319910514544 0.013974653649380228
0 0.004807692307692308 0.0 1.0 0.0 0.005987656106821926 0.004341458216568011 0.008489837921276049 0.0015487867836861124 0.003961333200304679
0 0.0035842293906810036 0.0 1.0 0.0 0.007741189819250134 0.008416121630782019 0.01273060740101413 0.002814462004762936 0.01927704616028661
1 0.003448275862068966 0.0 1.0 0.0 0.006920144579461576 0.002506873595095774 0.014300542036673969 0.0004628558204119417 0.018661050948607764
0 0.003787878787878788 0.0 1.0 0.0 0.008552679346561958 0.015430251329119205 0.014214046822742474 0.004334451901565996 0.012411902351718051
0 0.004166666666666667 0.0 1.0 0.0 0.008863545012508887 0.010090119905081888 0.012040133779264214 0.001006711409395973 0.030178676674225975
0 0.012820512820512822 0.0 1.0 0.0 0.015698779327287762 0.015217885376564454 0.017279821627647716 0.0 0.09144128336000602
0 0.043478260869565216 0.0 1.0 0.0 0.008615934814567938 0.011331532525035406 0.013043478260869565 0.006174427579109854 0.043478260869565216
0 0.017241379310344827 0.0 1.0 0.0 0.005256279589806035 0.009291434768739101 0.012778904665314405 0.004896959804121609 0.002146595359618428
0 0.008547008547008546 0.0 1.0 0.0 0.0059922143861146455 0.013030145160414274 0.014328808446455506 0.0015172204521316946 0.006050674083765998
0 0.015625 0.0 1.0 0.0 0.010741939808026936 0.01206570985780387 0.005514705882352941 0.0 0.00042228474756620066
0 0.0125 0.0 1.0 0.0 0.008131202308096115 0.023023530561186886 0.019852941176470587 0.004437869822485207 0.01884234245404928
0 0.004901960784313725 0.0 1.0 0.0 0.00897743186343131 0.013022335954849881 0.015570934256055364 0.00034806822137138876 0.013349350852628991
0 0.010989010989010988 0.0 1.0 0.0 0.01431206607829043 0.015850206660372273 0.01990950226244344 0.0027309968138370506 0.047145219857515304
0 0.09090909090909091 0.0 1.0 0.0 0.004026545780389642 0.0030766145469580783 0.012601260126012604 0.0045228403437358655 0.09090909090909091
0 0.025 0.0 1.0 0.0 0.018043698761851686 0.01633498448770145 0.01534653465346535 0.006218905472636817 7.888995722109301e-05
0 0.016666666666666666 0.0 1.0 0.0 0.017825356401197777 0.011500116662226438 0.01658415841584159 0.005472636815920398 2.6602488487264013e-05
0 0.016666666666666666 0.0 1.0 0.0 0.007882151538012935 0.011280920005512953 0.016501650165016504 0.0006633499170812604 0.0001649350462836904
0 0.008695652173913044 0.0 1.0 0.0 0.020058607513257092 0.0230219274506894 0.008824795523030565 0.002163097555699762 0.0003731837504509339
0 0.01111111111111111 0.0 1.0 0.0 0.012524948315209774 0.012617505757116445 0.007920792079207921 0.0006633499170812604 0.0008425688291754254
0 0.00510204081632653 0.0 1.0 0.0 0.008060570239602815 0.01347690007890892 0.012729844413012729 0.0010660980810234541 2.896356567353201e-05
0 0.010416666666666666 0.0 1.0 0.0 0.006519404640689986 0.011280920005512953 0.017739273927392742 0.0008291873963515755 0.00017918755897216354
0 0.006944444444444444 0.0 1.0 0.0 0.01367416955026122 0.0068655722445193305 0.008663366336633664 0.0012437810945273632 0.0007920501354024354
0 0.0071428571428571435 0.0 1.0 0.0 0.0021844573526308367 0.008395899116858967 0.009547383309759547 0.0007107320540156361 0.00043365389982164313
0 0.003246753246753247 0.0 1.0 0.0 0.008981928835052753 0.006615289559610831 0.01343705799151344 0.00035536602700781805 0.011107801329832351
0 0.03125 0.0 1.0 0.0 0.01209125856253989 0.009215228697702972 0.015625000000000003 0.004769076305220881 0.03125
0 0.02631578947368421 0.0 1.0 0.0 0.011571357317121063 0.010623604951011376 0.009894736842105265 0.004016064257028112 0.03335173640620072
0 0.02564102564102564 0.0 1.0 0.0 0.004473683246246501 0.011464351509265523 0.00984615384615385 0.004633920296570899 0.025291615221307483
0 0.011904761904761904 0.0 1.0 0.09523809523809523 0.006003220283447021 0.007805386991766276 0.006666666666666669 0.0017211703958691913 0.0015445370834389354
0 0.01 0.0 1.0 0.0 0.004624625369443415 0.009948817945748166 0.0134 0.001004016064257028 0.003048441687231839
0 0.00980392156862745 0.0 1.0 0.0 0.007542891727950311 0.00688351738243632 0.012705882352941178 0.0011811953697141507 0.025037119628603756
0 0.010989010989010988 0.0 1.0 0.0 0.008407155830824188 0.008405801375748298 0.008923076923076922 0.0 0.03352621942315977
0 0.0078125 0.0 1.0 0.0 0.00680843815548687 0.014694963029740563 0.012 0.002259036144578313 0.05237707968238327
0 0.0028490028490028487 0.0 1.0 0.0 0.006721262442207066 0.009531120021327149 0.007487179487179488 0.0009267840593141797 0.007311242876591678
0 0.004545454545454546 0.0 1.0 0.0 0.010808163376315764 0.002483532224652906 0.009454545454545457 0.0 0.02125892608865006
0 0.004545454545454545 0.0 1.0 0.0 0.008342700495094021 0.007135793959983 0.0116 0.0004016064257028112 0.028847665911532795
0 0.004629629629629629 0.0 1.0 0.0 0.007428113100255617 0.010804929397475791 0.013333333333333332 0.0004462293618920125 0.04513748180619049
0 0.03571428571428571 0.0 1.0 0.07142857142857142 0.021361857006963574 0.012784557628009284 0.018528464017185824 0.005256064690026954 0.03571428571428571
0 0.041666666666666664 0.0 1.0 0.0 0.013338373135429548 0.009390700248521058 0.019110275689223057 0.006289308176100628 0.10902170864766875
0 0.011904761904761904 0.0 1.0 0.0 0.009742825529822304 0.010864763189432799 0.016648764769065523 0.005390835579514824 0.042888180912905034
0 0.019230769230769232 0.0 1.0 0.0 0.012835522383125623 0.003747936820345044 0.015326778484673221 0.0 0.03364660769311788
0 0.016666666666666666 0.0 1.0 0.0 0.010542866424603309 0.011335989758448817 0.023496240601503755 0.0047169811320754715 0.040562574855388174
0 0.007246376811594202 0.0 1.0 0.0 0.009428381309349195 0.00866834415372834 0.016835567178816603 0.0011484823625922888 0.05204838370050114
0 0.006211180124223602 0.0 1.0 0.0 0.009501183857131262 0.015792806516709154 0.017652827721477603 0.003445447087776866 0.05300259493376279
0 0.005952380952380952 0.0 1.0 0.0 0.011264288589207206 0.020894465275645046 0.01951306838524883 0.004672057502246181 0.02580740568888002
0 0.006172839506172839 0.0 1.0 0.0 0.005148315481670563 0.010451431767286419 0.014411027568922307 0.0010482180293501049 0.005065642708888739
0 0.0038461538461538464 0.0 1.0 0.0 0.0072946673759742234 0.009126824196950144 0.01532677848467322 0.0020319303338171262 0.01896900625921041
0 0.003246753246753247 0.0 1.0 0.0 0.009800064903629136 0.003667059171603402 0.012352309344790547 0.00026954177897574127 0.04422988308669401
0 0.0024509803921568627 0.0 1.0 0.0 0.008738490707413546 0.010804818611905834 0.01238390092879257 0.0017758046614872365 0.03607934901076197
0 0.02857142857142857 0.0 1.0 0.05714285714285714 0.011942047843478172 0.0092602586276747 0.01175278622087133 0.003762074224707678 0.02857142857142857
0 0.017241379310344827 0.0 1.0 0.0 0.017618368564755744 0.011211295286594921 0.00880410858400587 0.0035587188612099655 0.021386261918012416
0 0.007246376811594202 0.0 1.0 0.0 0.003386067211627985 0.007808744296458775 0.009636139377119953 0.0011604518025684666 0.0037423831938162076
0 0.008928571428571428 0.0 1.0 0.0 0.009149846787212871 0.01101142502145622 0.013931104356636272 0.0012709710218607015 0.017673123454723366
0 0.016666666666666666 0.0 1.0 0.0 0.003602791732874066 0.008154146127099226 0.008865248226950354 0.0005931198102016607 0.01509746619557764
0 0.008333333333333333 0.0 1.0 0.0 0.010604874654897086 0.008102726299215362 0.00673758865248227 0.0 0.01868530735295519
0 0.010989010989010988 0.0 1.0 0.0 0.004184992778693145 0.009431347677384211 0.00845608292416803 0.0010949904188338351 0.0015308472695986718
0 0.005434782608695652 0.0 1.0 0.0 0.00918416743111668 0.006440553736060991 0.016497070613629355 0.0010830883490639022 0.019966673636389425
0 0.007936507936507936 0.0 1.0 0.0 0.004600521561337989 0.0017291293246884368 0.009878419452887538 0.0 0.0016935864231414249
0 0.003125 0.0 1.0 0.0 0.00746110079762299 0.0062061223829753525 0.015181737588652482 0.0011120996441281138 0.008359410994458544
0 0.0030303030303030303 0.0 1.0 0.0 0.009799552533566982 0.0026381691285553076 0.007919621749408984 0.00047449584816132857 0.023700738214558096
0 0.05555555555555555 0.0 1.0 0.0 0.018932350937117228 0.02646551645749212 0.011505588428665352 0.007275132275132276 0.055555555555555566
0 0.017857142857142856 0.0 1.0 0.0 0.022362399980753768 0.014121371649831535 0.018385460693153 0.006802721088435377 0.019379434283482627
0 0.018518518518518517 0.0 1.0 0.0 0.015707047053783976 0.022664695052653068 0.007560815253122947 0.0026455026455026454 0.01678700801079774
0 0.010869565217391304 0.0 1.0 0.0 0.01765796546087091 0.02112544957554133 0.010290712631849755 0.0 0.030690858593809576
0 0.007407407407407408 0.0 1.0 0.0 0.016514169969062267 0.017464901135634887 0.01051939513477975 0.0015432098765432098 0.023702673051816163
0 0.005376344086021505 0.0 1.0 0.0 0.01016823762056847 0.006530716938675412 0.00820767322008017 0.0 0.019467446998860508
0 0.02040816326530612 0.0 1.0 0.0 0.0 0.0 0.01014370245139476 0.0 0.0018659564874891686
0 0.007352941176470588 0.0 1.0 0.0 0.01854011871367498 0.0095509041164736 0.009397841977027498 0.0024509803921568627 0.029605772890708287
0 0.03333333333333333 0.0 1.0 0.0 0.010142061510061846 0.01424007290390031 0.018181818181818188 0.003976861894432395 0.03333333333333333
0 0.012195121951219513 0.0 1.0 0.0 0.00724508148884959 0.00725234380602194 0.021486643437862954 0.0038622295116660485 0.01424164863099325
0 0.027777777777777776 0.0 1.0 0.0 0.009750311738735445 0.0036889342534296697 0.014249639249639253 0.0019884309472161968 0.05507482424705643
0 0.009615384615384616 0.0 1.0 0.0 0.008062423511734283 0.011627458105340912 0.01298701298701299 0.003420657433672619 0.0110650593973692
0 0.007407407407407408 0.0 1.0 0.07407407407407407 0.013173374881855417 0.00966063157086056 0.01002084335417669 0.0016871535309713182 0.014344136968748507
0 0.0037037037037037034 0.0 1.0 0.0 0.010313267592060455 0.010571658281848044 0.020490620490620493 0.001928175463967221 0.01444652855998194
0 0.005952380952380952 0.0 1.0 0.0 0.0012325946224210893 0.0006148223755716116 0.018127705627705628 0.0011749819233550253 0.00024993631794878446
0 0.011363636363636364 0.0 1.0 0.0 0.0013385271080921508 0.005365722550443156 0.014167650531286895 0.0009859988168014198 0.0011498695832150958
0 0.003968253968253968 0.0 1.0 0.07142857142857142 0.016062555303659284 0.013346767460378805 0.01383735312306741 0.0018593120545398205 0.01569972745926536
0 0.0058823529411764705 0.0 1.0 0.0 0.007291193327025936 0.003471938120874983 0.009931245225362874 0.0 0.020107919957797024
0 0.003246753246753247 0.0 1.0 0.0 0.004282854238006562 0.00579689668396091 0.007884972170686457 0.0004648280136349551 0.017519733253481294
0 0.0024509803921568627 0.0 1.0 0.11764705882352941 0.014284538178881916 0.003285718047407619 0.009740259740259742 0.0007017991578410106 0.008093356380602736
0 0.003344481605351171 0.0 1.0 0.0 0.005991539056937051 0.0 0.007716920760399022 0.00018862586060548902 0.0001359059249913522
0 0.004464285714285714 0.0 1.0 0.0 0.005008134281679396 0.0012486903975021941 0.010822510822510824 0.0008134490238611714 0.00028250337807183347
0 0.002898550724637681 0.0 1.0 0.08695652173913043 0.015189940738169403 0.007837816927571132 0.004799548277809147 0.00047156465151372253 0.0034326815139073263
0 0.0020833333333333333 0.0 1.0 0.06666666666666667 0.00556283531007622 0.001458622323357915 0.0158008658008658 0.0007230657989877079 0.00013629059906870953
0 0.004901960784313725 0.0 1.0 0.0 0.005878975402077089 0.0034383387434658423 0.020923520923520924 0.0010845986984815619 0.00042923772295521567
0 0.0022222222222222222 0.0 1.0 0.0 0.0051972691129988265 0.0015287268038264995 0.016883116883116885 0.0005206073752711496 0.0002150493799462599
0 0.005263157894736842 0.0 1.0 0.2 0.014627586327495726 0.002951147402743736 0.0008658008658008658 0.00043383947939262476 0.0059699063280092834
0 0.034482758620689655 0.0 1.0 0.06896551724137931 0.02076842258027826 0.01949084042075501 0.011217282924802658 0.007105538140020901 0.03448275862068966
0 0.05 0.0 1.0 0.0 0.003428530093167255 0.022240186358246334 0.026506024096385545 0.0036363636363636364 0.003477896590489768
1 0.01282051282051282 0.0 1.0 0.0 0.020251333533056085 0.0202573542968105 0.020157553290083414 0.00606060606060606 0.025428178431039766
0 0.011904761904761904 0.0 1.0 0.0 0.022894238921792636 0.01428735542884614 0.01376936316695353 0.0011544011544011544 0.03557859135026509
0 0.008 0.0 1.0 0.0 0.01686277568679952 0.0017184476243892503 0.01710843373493976 0.00048484848484848484 0.03140898913026178
0 0.010416666666666666 0.0 1.0 0.0 0.007475750586798051 0.009835606437264752 0.01882530120481928 0.004166666666666667 0.016093970083378734
0 0.00510204081632653 0.0 1.0 0.0 0.01120900764752528 0.019271456080295547 0.020869191049913947 0.0034632034632034628 0.022933256213761417
0 0.011363636363636364 0.0 1.0 0.0 0.010674124011471912 0.014306336636021459 0.02464403066812705 0.006060606060606061 0.023858511187846345
0 0.02564102564102564 0.0 1.0 0.0 0.00746730580276781 0.004677507149895317 0.011037981626216923 0.001853568118628361 0.02564102564102564
0 0.016666666666666666 0.0 1.0 0.0 0.007657374856546887 0.00611682457094296 0.010561497326203208 0.0018295403837572518 0.026382681965843247
1 0.007751937984496124 0.0 1.0 0.0 0.004839856790853255 0.006235681493481046 0.009140654147494095 0.0017745400205473058 0.004323818552102915
0 0.011363636363636364 0.0 1.0 0.0 0.0060298640981083645 0.005452519487222848 0.018230432668935346 0.0017646342947547763 0.007172647699516524
0 0.011764705882352941 0.0 1.0 0.0 0.005141215643239671 0.005247472499576598 0.014391318024536017 0.0014174344436569805 0.0020719171217439816
0 0.023809523809523808 0.0 1.0 0.0 0.005754094184621418 0.0026017956639220923 0.006875477463712758 0.0013386880856760372 0.007879199864830275
0 0.005952380952380952 0.0 1.0 0.0 0.00572587935341966 0.0036604448994347204 0.00907976827094474 0.0017291387773315482 0.034423381248233076
0 0.005952380952380952 0.0 1.0 0.0 0.0019446849184344317 0.004354570620292246 0.0067481538069773354 0.0007649646203863069 0.0012955729298061212
1 0.013888888888888888 0.0 1.0 0.0 0.002892080948689448 0.0034148568088977465 0.00518048128342246 0.0 0.011050955934154817
0 0.003448275862068966 0.0 1.0 0.0 0.007080525137615317 0.004598237682778434 0.011755485893416929 0.0008309098462816785 0.0075310868999672285
0 0.004132231404958678 0.0 1.0 0.0 0.004594914834371898 0.0028974542620950573 0.01270053475935829 0.0007301935012778385 0.013081244021936127
0 0.005555555555555555 0.0 1.0 0.0 0.006681900889143049 0.003929785310559042 0.010160427807486631 0.00035698348951361 0.00033099337019290066
0 0.002958579881656805 0.0 1.0 0.0 0.006940974706208715 0.003906540968185383 0.010026737967914439 0.0004119040263618577 0.023110296191703107
0 0.0032467532467532465 0.0 1.0 0.0 0.005670291815444448 0.005451524420946616 0.010148274185707339 0.0009127418765972982 0.00676494889990848
0 0.0035087719298245615 0.0 1.0 0.0 0.002232469789318109 0.0009585562972344551 0.010061919504643961 0.00028182907066863944 0.0027744944830959085
0 0.0026041666666666665 0.0 1.0 0.0 0.0007214229030435884 0.004430584146728889 0.010639483065953656 0.0005020080321285141 0.000653336451315528
0 0.0053475935828877 0.0 1.0 0.0 0.007575168049848618 0.0024835322246529066 0.01215362177929023 0.0 0.0009936567550159158
0 0.0021367521367521365 0.0 1.0 0.0 0.008386547162095541 0.006381646754323424 0.016094199917729327 0.0008752960560189475 0.02520479305786901
0 0.001644736842105263 0.0 1.0 0.0 0.004359258326282178 0.003414856808897747 0.011739639037433157 0.000251004016064257 0.00010376037953912017
0 0.004166666666666667 0.0 1.0 0.0 0.0018829178930280701 0.005311999480507605 0.00267379679144385 0.0 0.01498262326989624
0 0.0010822510822510823 0.0 1.0 0.0 0.005936028382071647 0.003940925602454344 0.009024064171122996 0.0005780698551782888 0.01919566335050707
0 0.003246753246753247 0.0 1.0 0.0 0.006374853240317081 0.006484339893089258 0.019862490450725745 0.0011474469305794606 0.0012592391183931535
0 0.004830917874396135 0.0 1.0 0.0 0.0013977051124164973 0.002023618849717183 0.00564468211527035 0.0 0.019337072375662536
0 0.004166666666666667 0.0 1.0 0.0 0.0078122649771854204 0.007502144382734557 0.0034759358288770055 0.000535475234270415 0.09736296559138838
0 0.0014814814814814814 0.0 1.0 0.0 0.002763634922853004 0.0031664963334762978 0.014111705288175876 0.0005949724825226833 0.002749375876109042
0 0.0027472527472527475 0.0 1.0 0.0 0.009744876653998253 0.006122340864852757 0.01680672268907563 0.0016255498183209026 0.04688214903851006
0 0.0011947431302270011 0.0 1.0 0.0 0.008836464741628072 0.0015057153234245366 0.010867690184578229 0.000734119272790085 0.02706590279751719
1 0.0021008403361344537 0.0 1.0 0.0 0.010407360389236788 0.0035600297452254744 0.018323372129600498 0.0007874635798094338 0.007266158352763862
0 0.0009319664492078285 0.0 1.0 0.0 0.0066619962902355135 0.0023256624259367573 0.008418846654140775 0.0007236151814465067 0.019398270097183257
0 0.0010416666666666667 0.0 1.0 0.0 0.0018965757668716696 0.0006851312855123996 0.01575033422459893 0.0007530120481927709 0.012199860803721029
0 0.002932551319648094 0.0 1.0 0.0 0.0038891831038547057 0.0008626745102355674 0.015435099659698588 0.0007301935012778385 0.0023503924936255135
0 0.0020833333333333333 0.0 1.0 0.0 0.006683003744495644 0.002214197909604623 0.01408199643493761 0.0006247211066488176 0.06577195480229278
0 0.0015151515151515152 0.0 1.0 0.0 0.0035772164901784484 0.0005896250991333253 0.004612299465240641 0.00013386880856760375 0.01575270086125507
0 0.0016339869281045752 0.0 1.0 0.0 0.0035723346140294227 0.0008056076754729168 0.008912655971479498 0.00014874312063067083 0.019335107317893365
0 0.03125 0.0 1.0 0.0625 0.010590372896873014 0.006175035067329535 0.011986301369863011 0.0024313501144164773 0.03125
0 0.013513513513513514 0.0 1.0 0.0 0.0070260928492117715 0.007285971813483553 0.013698630136986302 0.002906796957140208 0.01824842288785282
0 0.02564102564102564 0.0 1.0 0.0 0.005637693107094041 0.009785704190192718 0.009834913944502985 0.0035205069530012323 0.0037524282385359682
0 0.006578947368421052 0.0 1.0 0.0 0.005823482753134262 0.007407393464899578 0.013338139870223505 0.002288329519450802 0.009377622924149233
0 0.008 0.0 1.0 0.0 0.010966109390300289 0.004040702620143288 0.015342465753424659 0.0010068649885583523 0.031216389953852012
0 0.01282051282051282 0.0 1.0 0.0 0.01111714025233715 0.0024526128487274523 0.014049877063575692 0.0012321774335504313 0.02401898690462167
0 0.0047619047619047615 0.0 1.0 0.0 0.010012087799180024 0.008284194330761071 0.013089802130898021 0.0010678871090770404 0.025863601055737137
0 0.004807692307692308 0.0 1.0 0.0 0.006652121783430436 0.005872143747682074 0.008166491043203371 0.0005280760429501849 0.03533778376265416
0 0.006172839506172839 0.0 1.0 0.0 0.009411308834704177 0.0046599905284243825 0.009005580923389142 0.0 0.03324561409889126
0 0.005555555555555556 0.0 1.0 0.0 0.00669747703585908 0.0048779918541416376 0.008625063419583967 0.0005085176709890668 0.001196138577806489
0 0.004132231404958678 0.0 1.0 0.0 0.008765693044354912 0.012506197956717561 0.012141967621419674 0.0011441647597254005 0.00048620000088473017
0 0.0037878787878787876 0.0 1.0 0.0 0.00754364850423228 0.013740147208743347 0.01141552511415525 0.002288329519450801 0.03342958668693753
0 0.004048582995951417 0.0 1.0 0.0 0.006188839672440733 0.009530224020296458 0.013938956981494832 0.0014452607491268216 0.0015333797114876991
0 0.005494505494505494 0.0 1.0 0.0 0.004517681158269359 0.005436380573460473 0.010361784334387074 0.0028164055624009857 0.004150084084879971
0 0.002564102564102564 0.0 1.0 0.0 0.005294052398229897 0.003285458658451796 0.011678960309097295 0.0016722408026755853 0.0037664872832824893
0 0.0025 0.0 1.0 0.0 0.009996074216721542 0.0013759181585619007 0.007945205479452055 0.0002745995423340961 0.018588673171352113
0 0.003095975232198142 0.0 1.0 0.0 0.006010774423002135 0.0018104186296867115 0.010454217736121124 0.0009635071660845478 0.01622667112139567
0 0.002525252525252525 0.0 1.0 0.0 0.006929700164247516 0.0010423622413347734 0.009236197592361975 0.00041605991262741833 0.04401292812238422
0 0.002631578947368421 0.0 1.0 0.0 0.005931854709386513 0.0 0.007534246575342465 0.0 0.020879952892963283
0 0.037037037037037035 0.0 1.0 0.07407407407407407 0.01443156951686185 0.009471143585312876 0.013535623977391045 0.004032258064516127 0.037037037037037035
0 0.015625 0.0 1.0 0.0 0.010739957638791119 0.01331583120411774 0.012173694779116463 0.004536290322580644 0.016320488662055054
0 0.027777777777777776 0.0 1.0 0.0 0.018926489968228474 0.013714505571218368 0.014390896921017403 0.0016801075268817205 0.059861952859719215
0 0.025 0.0 1.0 0.0 0.0 0.0027429011142436734 0.01365461847389558 0.0 0.004808846656384621
0 0.0125 0.0 1.0 0.0 0.005486144122276969 0.005696675621801701 0.008032128514056224 0.0005040322580645161 0.01577236299370055
0 0.007246376811594202 0.0 1.0 0.0 0.004929622055331829 0.005962828509225378 0.00995285489785228 0.0007012622720897616 0.00031587869612225507
0 0.007936507936507936 0.0 1.0 0.0 0.004219296961470168 0.0015238339523575965 0.009370816599732261 0.0 0.011554729714956753
0 0.006578947368421052 0.0 1.0 0.0 0.008198814919789937 0.0077610593493902084 0.016487000634115408 0.002758913412563667 0.009523500819284115
0 0.003472222222222222 0.0 1.0 0.0 0.008833285006927724 0.010003916891633075 0.012299196787148593 0.0016381048387096773 0.018422623216029187
0 0.0035714285714285718 0.0 1.0 0.0 0.012689882384280675 0.014527454765305536 0.009179575444635686 0.0012960829493087556 0.029542984554703073
0 0.004132231404958678 0.0 1.0 0.0 0.013207026208765533 0.013714505571218368 0.0104052573932092 0.00036656891495601173 0.03149450069235542
0 0.008333333333333333 0.0 1.0 0.0 0.005721916561890907 0.005328023577249121 0.013654618473895583 0.0012096774193548388 0.0011226188309866939
0 0.08333333333333333 0.0 1.0 0.0 0.005606729194828592 0.003181899782689774 0.013457556935817806 0.005729166666666666 0.08333333333333336
0 0.017857142857142856 0.0 1.0 0.0 0.015075596830684403 0.024107301049110377 0.017080745341614908 0.008035714285714288 0.014789377532089617
0 0.018518518518518517 0.0 1.0 0.0 0.012351549303254002 0.01977253012184123 0.01932367149758454 0.002777777777777778 0.0002531750929336024
1 0.006578947368421052 0.0 1.0 0.0 0.009886232733112307 0.01275859437859359 0.013893429225237005 0.0027960526315789474 0.01255072645897188
0 0.008 0.0 1.0 0.0 0.009369427492480854 0.013604789526648621 0.013416149068322981 0.0015000000000000002 8.646066839444118e-05
0 0.007575757575757575 0.0 1.0 0.0 0.011306658745760447 0.012316056745526329 0.01129305477131564 0.0014204545454545455 5.4650024385885266e-05
0 0.007936507936507936 0.0 1.0 0.0 0.006965119801534757 0.007085827878462824 0.013457556935817804 0.0 0.00015759801112117636