0 0.1111111111111111 0.0 1.0 0.0 0.022163532922267866 0.00865883357666574 0.021428571428571425 0.007194244604316545 0.1111111111111111
0 0.016129032258064516 0.0 1.0 0.0 0.01511737892732928 0.017589001325766022 0.012672811059907836 0.007658389417498263 0.024320807141879522
0 0.016666666666666666 0.0 1.0 0.0 0.014726693347161177 0.02102480724736655 0.015357142857142857 0.0017985611510791366 0.033110960276845916
0 0.03125 0.0 1.0 0.0 0.0 0.006117261477809633 0.0017857142857142857 0.0 0.0019304821284055482
0 0.014285714285714287 0.0 1.0 0.0 0.004345506730314406 0.0034955779873197903 0.011224489795918368 0.0 0.00032244995431262696
0 0.007936507936507936 0.0 1.0 0.0 0.015472933815333056 0.01398231194927916 0.00816326530612245 0.0 0.04110613435660121
0 0.008403361344537815 0.0 1.0 0.0 0.028431413152278255 0.030900727037869658 0.018907563025210086 0.004231908590774439 0.034744384116928886
0 0.00625 0.0 1.0 0.0 0.013478451919315135 0.022369142872689627 0.011785714285714288 0.001079136690647482 0.00018633612728546743
1 0.047619047619047616 0.0 1.0 0.0 0.011224516935851775 0.008675883026938917 0.007419398354242547 0.002976190476190475 0.047619047619047616
0 0.02 0.0 1.0 0.0 0.01446199912428301 0.010377890842723392 0.012011331444759209 0.003181818181818181 0.01894598666944722
0 0.020833333333333332 0.0 1.0 0.0 0.017751636638880377 0.007246869421155161 0.010092067988668556 0.0026633522727272725 0.031696480196669014
0 0.017857142857142856 0.0 1.0 0.0 0.012489881422634366 0.008282136481320184 0.009105625252934036 0.002840909090909091 0.00013216951220155207
0 0.016666666666666666 0.0 1.0 0.0 0.012828027694913098 0.008737282506953449 0.017233238904627007 0.0030776515151515155 0.058070359997115656
0 0.016666666666666666 0.0 1.0 0.0 0.01554182685869275 0.007729994049232173 0.01104815864022663 0.0 0.00021939410566148873
0 0.011904761904761904 0.0 1.0 0.0 0.007084422453829485 0.004831246280770108 0.009442870632672332 0.0004734848484848485 0.026040822533859833
0 0.017857142857142856 0.0 1.0 0.0 0.0026041998069015284 0.0 0.002428166734115743 0.0 0.0023541054128473913
0 0.0038314176245210726 0.0 1.0 0.0 0.009060394644117523 0.006386810439128829 0.011038390153365243 0.0011755485893416929 0.016459237969898684
1 0.003703703703703704 0.0 1.0 0.0 0.005217450631815017 0.0064416617076934754 0.013744622809778617 0.0008417508417508418 0.014425639297965332
0 0.005050505050505051 0.0 1.0 0.0 0.0029886503107249174 0.005368051423077897 0.009915014164305949 0.0006313131313131314 0.0008643975117808939
0 0.006944444444444444 0.0 1.0 0.0 0.0019324581507097953 0.0016104154269233693 0.017233238904627007 0.000946969696969697 0.0005603069330640337
0 0.005128205128205128 0.0 1.0 0.0 0.008501520420001128 0.003127909846943619 0.008309726156751653 0.0007575757575757576 0.042638346728726864
0 0.0047619047619047615 0.0 1.0 0.0 0.012130701706229109 0.005153329366154782 0.01303116147308782 0.0011363636363636363 0.0342802888818678
0 0.0030303030303030303 0.0 1.0 0.0 0.002957884071910205 0.004392042073427371 0.009399948493432913 0.000774793388429752 0.0028250101336762335
0 0.005208333333333333 0.0 1.0 0.0 0.015160011589857686 0.006441661707693477 0.008498583569405102 0.0 0.00018054448968455304
0 0.0032679738562091504 0.0 1.0 0.0 0.006419777178288037 0.00950124709949287 0.010544538873150771 0.0009469696969696969 0.00027662426807436707
0 0.0020576131687242796 0.0 1.0 0.0 0.009762382470735504 0.007437861366123466 0.009547791417479802 0.0011574074074074073 0.0020933854943779077
0 0.0018796992481203006 0.0 1.0 0.0 0.0061890458303792955 0.003450890200550077 0.0077903682719546756 0.0012175324675324677 0.0033126646368977033
0 0.0038461538461538464 0.0 1.0 0.0 0.010471064057542168 0.007432686585800165 0.011985181956853346 0.0 0.014876678724046227
0 0.03125 0.0 1.0 0.0 0.020147438604489115 0.011212373326552475 0.010273235800344236 0.0025862068965517267 0.03125000000000001
0 0.019230769230769232 0.0 1.0 0.07692307692307693 0.015269616019512024 0.009089492474404394 0.00867205084072554 0.0022546419098143254 0.047956469835366264
0 0.05555555555555555 0.0 1.0 0.0 0.01687263827477582 0.013682977972204073 0.014629948364888123 0.0028735632183908046 0.04237293416172297
0 0.0125 0.0 1.0 0.0 0.006995359161705852 0.006331038623745476 0.012220309810671258 0.0019827586206896553 0.013809285786950124
0 0.009090909090909092 0.0 1.0 0.0 0.012096881698854896 0.0067898098945900634 0.012126427789078393 0.0022727272727272735 0.05696634072141846
0 0.013888888888888888 0.0 1.0 0.0 0.01565478812823352 0.013124448382008491 0.01204819277108434 0.0031609195402298854 0.10246911017904393
0 0.00510204081632653 0.0 1.0 0.0 0.008806274809046213 0.00921506679760683 0.008114089009097615 0.002093596059113302 0.013561461636439133
0 0.006578947368421052 0.0 1.0 0.0 0.016424693509845885 0.009750637191657812 0.010961137784219583 0.0007259528130671506 0.06756665968127432
0 0.006172839506172839 0.0 1.0 0.0 0.01855554974051338 0.007034487359717197 0.013482501434308663 0.0004789272030651341 0.06348608893957502
0 0.0058823529411764705 0.0 1.0 0.0 0.011450595679150266 0.010643660843314235 0.009314569201174447 0.0010141987829614604 0.012312607315470367
0 0.005050505050505051 0.0 1.0 0.0 0.00576859089256258 0.0026062815185150614 0.015108051252629567 0.0008620689655172414 0.0017854848876456314
0 0.0037878787878787876 0.0 1.0 0.0 0.004730817047907782 0.004601918595868138 0.011735252699108122 0.00054858934169279 0.0001846071470879049
0 0.004524886877828055 0.0 1.0 0.0 0.005107058303805437 0.00482928634313085 0.010428267692619217 0.00020283975659229209 0.00017061364267770404
0 0.0035714285714285713 0.0 1.0 0.0 0.003079691290236334 0.0029320667083294442 0.011015490533562825 0.0002586206896551724 0.00027162760528816663
0 0.005128205128205128 0.0 1.0 0.0 0.002864445582194046 0.007828160251005646 0.01271018138488018 0.0005305039787798408 0.0005597224531014605
0 0.002717391304347826 0.0 1.0 0.0 0.013616088536016735 0.010515050750889253 0.009803187906907134 0.0015742128935532236 0.05043150849946431
0 0.0029411764705882353 0.0 1.0 0.0 0.016404229541060168 0.011347030560307381 0.010843373493975903 0.001379310344827586 0.060643674279883465
0 0.0017921146953405018 0.0 1.0 0.0 0.01082714131161702 0.006394202808858225 0.009827327744156351 0.0006117908787541713 0.03624520285406345
0 0.002105263157894737 0.0 1.0 0.0 0.009135851272098771 0.00482466996738058 0.012254733218588642 0.0008275862068965517 0.008845060423230612
0 0.001724137931034483 0.0 1.0 0.0 0.010184625583744254 0.0014528531706930715 0.007003382990088434 0.00023781212841854935 0.04270409719528374
0 0.001488095238095238 0.0 1.0 0.0 0.00627429984893759 0.0 0.005378657487091222 0.00010775862068965517 0.03838837056645413
0 0.0017482517482517483 0.0 1.0 0.0 0.01771092755775146 0.004639105737865943 0.012710181384880179 0.0007957559681697613 0.03510213366385195
0 0.0014492753623188406 0.0 1.0 0.06666666666666667 0.0062051953583918745 0.0034002790420666314 0.01210556511761331 0.0012068965517241378 0.013000959612926884
0 0.0016666666666666666 0.0 1.0 0.0 0.01070683248781902 0.0030646421595795503 0.010189328743545611 0.001379310344827586 0.04783242469032392
0 0.005714285714285714 0.0 1.0 0.0 0.004046968831553704 0.0 0.003934103761986722 0.0004926108374384236 0.0020265801458208455
0 0.0038461538461538464 0.0 1.0 0.0 0.005868079285138836 0.0 0.007573149741824441 0.0005172413793103448 0.0005994873502647008
0 0.005291005291005291 0.0 1.0 0.0 0.007227534081788765 0.005026400071421904 0.006392918613228424 0.0014778325123152708 0.0011996443626359624
0 0.0021008403361344537 0.0 1.0 0.0 0.015093126844315826 0.0011156898217226656 0.016806722689075633 0.0008113590263691683 0.07316798972670618
0 0.0038314176245210726 0.0 1.0 0.2222222222222222 0.0 0.0 0.003824823101931536 0.0003831417624521073 0.004538948526488569
1 0.02564102564102564 0.0 1.0 0.0 0.029554308033321222 0.01919402585925585 0.031013431013431007 0.011341222879684417 0.025641025641025647
0 0.03571428571428571 0.0 1.0 0.0 0.023229546164410832 0.02032952295409683 0.02925170068027211 0.004807692307692309 0.11072047405023815
0 0.0303030303030303 0.0 1.0 0.0 0.016303280512125432 0.023178699189455677 0.012987012987012986 0.0 0.018211961173545163
0 0.011904761904761904 0.0 1.0 0.0 0.02358644302560763 0.025684988363820865 0.022222222222222223 0.0022893772893772895 0.07038490177548598
0 0.01 0.0 1.0 0.2 0.03075527309792601 0.019579862275091817 0.021904761904761906 0.00625 0.06915689076283363
0 0.024390243902439025 0.0 1.0 0.0 0.011185522154497692 0.012727429484319938 0.01474950560316414 0.00429929723026044 0.024390243902439022
0 0.03125 0.0 1.0 0.0 0.013797841906279853 0.013505779981827764 0.011190878378378379 0.0038135593220338985 0.029453902687152277
0 0.013333333333333332 0.0 1.0 0.0 0.009693805352160387 0.012694315248109352 0.010270270270270268 0.0035254237288135596 0.028670858699896586
0 0.011904761904761904 0.0 1.0 0.0 0.012984501304782948 0.016246913170096005 0.008365508365508367 0.0 0.028951340143084554
0 0.008 0.0 1.0 0.0 0.014970225114356455 0.00863109742624648 0.01189189189189189 0.0008135593220338983 0.02705293067792303
0 0.016666666666666666 0.0 1.0 0.0 0.002205284822008323 0.008283725535951681 0.008445945945945946 0.0006779661016949152 0.01923279615621864
0 0.007936507936507936 0.0 1.0 0.0 0.0083745193526417 0.011987635314231219 0.012575075075075074 0.0026365348399246705 0.00023049883360391082
0 0.015625 0.0 1.0 0.0 0.008085057203214742 0.006096304266624426 0.017314189189189193 0.001271186440677966 0.030063139238623394
0 0.0044444444444444444 0.0 1.0 0.0 0.0165972176839856 0.013601332747817487 0.013513513513513513 0.0016271186440677966 0.019680034825433197
1 0.003125 0.0 1.0 0.0 0.009714496491636334 0.0053777822803739335 0.010663006756756755 0.0018008474576271184 0.0059394458545048
0 0.005347593582887701 0.0 1.0 0.0 0.005243659995479471 0.003312784457544595 0.013712241653418122 0.0027916251246261218 0.013009763551730875
0 0.003968253968253968 0.0 1.0 0.0 0.01648268607662325 0.005703703242953746 0.00949163449163449 0.0020984665052461663 0.027819139071372165
0 0.003076923076923077 0.0 1.0 0.0 0.008024199763004433 0.0022526934311303246 0.011756756756756756 0.0017627118644067794 0.026700477648761985
0 0.005952380952380952 0.0 1.0 0.0 0.007725064597011525 0.007626796051407228 0.008727477477477479 0.001694915254237288 0.0013788663250500063
0 0.023809523809523808 0.0 1.0 0.0 0.0049168611373077474 0.003469562951965927 0.008712633318311553 0.0009959785018979965 0.023809523809523815
0 0.0625 0.0 1.0 0.0 0.0 0.0 0.01429416403785489 0.0009865824782951855 0.015091387972621623
0 0.007751937984496124 0.0 1.0 0.0 0.00451450475097419 0.0029482364740096114 0.008748441053481036 0.0010095262568601898 0.006789844244581263
0 0.041666666666666664 0.0 1.0 0.0 0.0023296722529165693 0.003396906694577394 0.010646687697160885 0.0007892659826361485 0.026131856256560445
0 0.0064516129032258064 0.0 1.0 0.0 0.008672308870931997 0.0048702906563458425 0.00987076422102371 0.0012220892634366165 0.00682000177774223
0 0.010416666666666666 0.0 1.0 0.0 0.008849064539649367 0.004870949770953507 0.014589905362776023 0.0016278610891870562 0.0002825189308906371
1 0.02040816326530612 0.0 1.0 0.0 0.010934161118480197 0.00920382649226426 0.005069851284362325 0.0014657796820385614 0.029341093367242176
0 0.009615384615384616 0.0 1.0 0.0 0.006768240621820178 0.0028688070080555078 0.008796408638679932 0.0009714042863214133 0.02897985784368964
0 0.006172839506172839 0.0 1.0 0.0 0.002822964394419429 0.003879327980256788 0.0032422011917280055 0.0008769622029290538 0.003074023053943045
0 0.004545454545454546 0.0 1.0 0.0 0.004270599101799052 0.003920664537411832 0.006237453398336681 0.0008968931620865323 0.027748216894736367
0 0.002932551319648094 0.0 1.0 0.0 0.003674553843643755 0.003027227354327005 0.007733794647400021 0.000916566947577462 0.0002439693299779847
0 0.003968253968253968 0.0 1.0 0.0 0.0023115844068882707 0.0025566184700734056 0.007623554153522608 0.0009396023602811287 0.012352700081120644
0 0.006410256410256411 0.0 1.0 0.0 0.001635281563743129 0.000894816464525692 0.009266561514195583 0.0007234938174164694 0.005140442684211394
0 0.008928571428571428 0.0 1.0 0.0 0.006534428108644056 0.004026674090365614 0.006802050473186119 0.0007892659826361484 0.06813468056160506
0 0.006060606060606061 0.0 1.0 0.0 0.006142373990337991 0.002994036405606464 0.008603383997705764 0.0007892659826361485 0.0022799322441333326
0 0.0015625 0.0 1.0 0.0 0.005019760619622752 0.00242174143783237 0.006821766561514194 0.0008089976322020519 0.00898671593283222
0 0.0024509803921568627 0.0 1.0 0.0 0.003847604434561352 0.002684449393577076 0.005191903259726603 6.577216521967904e-05 0.0009066164531573233
0 0.002525252525252525 0.0 1.0 0.0 0.008778778613175055 0.0017410590567647844 0.01053914539718956 7.175145296692258e-05 0.015476087943363514
0 0.0015037593984962405 0.0 1.0 0.0 0.003474865704439637 0.002366591406360996 0.006219017575484454 9.020182658698839e-05 0.0010556547675631637
0 0.002777777777777778 0.0 1.0 0.0 0.007120358023856518 0.001831931636240649 0.010997195934104451 0.00013154433043935807 0.02686946431908004
0 0.0028011204481792717 0.0 1.0 0.0 0.00731401932944799 0.003901605588399814 0.007886435331230285 0.00027856446445981704 0.026668599825184207
0 0.0017482517482517483 0.0 1.0 0.0 0.005495463434966119 0.003468350938479553 0.0063394807085658846 6.0712767895088334e-05 0.007029045321131062
0 0.002898550724637681 0.0 1.0 0.0 0.00630988457332252 0.002160279727326175 0.00977917981072555 0.00047355958958168905 0.0018903362382379498
0 0.001488095238095238 0.0 1.0 0.0 0.005024811374871817 0.0029897882368629274 0.006675304191077063 0.0001691284248506032 0.010574722646215092
0 0.00125 0.0 1.0 0.0 0.005658650912002794 0.0031825816764383405 0.0087243690851735 0.0006906077348066299 0.010641169330456614
0 0.0020242914979757085 0.0 1.0 0.0 0.007972164345438404 0.0031083098241418776 0.005852565166860369 8.308062975117352e-05 0.02029489349860902
0 0.006172839506172839 0.0 1.0 0.0 0.0 0.000894816464525692 0.007229232386961094 0.0 0.04512404890727741
0 0.001152073732718894 0.0 1.0 0.0 0.006504510518589391 0.003657195948926469 0.00859875852243818 0.0003819028948239428 0.004667316296759545
0 0.0011890606420927466 0.0 1.0 0.0 0.001985501119760072 0.0029621510549816023 0.0051941694767758066 0.00021772854693410989 0.0005890951749709254
0 0.0009009009009009009 0.0 1.0 0.0 0.006123544536514199 0.003143141401763223 0.0065649245459971015 0.0001706521043537618 0.006072282430635968
0 0.0011123470522803114 0.0 1.0 0.0 0.004961332256152447 0.002777016614045252 0.00878385728271511 0.0003810249571346923 0.009697207771485397
0 0.0008445945945945946 0.0 1.0 0.0 0.0030578770135311047 0.004162028742230307 0.006373092335237446 0.0007679344695919281 0.00995499113240373
0 0.0013175230566534915 0.0 1.0 0.0 0.004323396206077768 0.003873172583448527 0.009120833904814154 0.0006520023334820358 0.005587015392002464
0 0.0014005602240896359 0.0 1.0 0.0 0.00041450117884079656 0.0002674008303620473 0.009613940213309299 0.0008268500770473936 0.0019035028961306155
0 0.0010582010582010583 0.0 1.0 0.0 0.004980890196703119 0.0019223803234801858 0.009989484752891695 0.00043848110146452694 0.004157827275408021
0 0.0011574074074074073 0.0 1.0 0.0 0.00440594922539785 0.001565928812919961 0.006572029442691904 0.0002302025782688766 0.0010068130238542632
0 0.0008445945945945946 0.0 1.0 0.0 0.005434767422727789 0.0023516322375001604 0.014072358044164039 0.0008879242304656671 0.00867914237053963
0 0.0005847953216374269 0.0 1.0 0.0 0.006275356120762868 0.0028998393856566355 0.010655450403084474 0.0006138735420503376 0.0019705968012177656
0 0.0009496676163342829 0.0 1.0 0.0 0.0034120290401973507 0.000822404921877002 0.009551349456712233 0.00017539244058581075 0.0021824440536332168
0 0.0007142857142857143 0.0 1.0 0.0 0.0025236594223336 0.0012755458044979473 0.010545290671473634 0.0006088623294621716 0.009276106306198493
0 0.0022172949002217295 0.0 1.0 0.0 0.006146019757148682 0.004925325212732352 0.009392027530828793 0.0007892659826361485 0.020828652628497882
0 0.0007936507936507937 0.0 1.0 0.0 0.003935298095387338 0.0016162134675410274 0.006177707676130389 0.00031570639305445933 0.011142112424001744
0 0.0008613264427217916 0.0 1.0 0.0 0.0029313304061230946 0.001401067042982515 0.00893796004206099 0.0007308018357742116 0.016743958706525355
0 0.0006313131313131314 0.0 1.0 0.0 0.005879614210033609 0.001807180809267434 0.007207325622152122 0.0006577216521967904 0.009723080198433346
0 0.001388888888888889 0.0 1.0 0.0 0.0015970364839357723 0.0 0.008675078864353312 0.0004439621152328335 0.005564662668279811
0 0.0006793478260869565 0.0 1.0 0.0 0.003886996285236254 0.0026869796468519157 0.005200118296529968 0.0005672849250197316 0.011720464348918675
0 0.0013297872340425532 0.0 1.0 0.0 0.0031511638513876507 0.0009050880749610604 0.004436119873817035 0.0001973164956590371 0.003807905308445566
0 0.001488095238095238 0.0 1.0 0.0 0.004438039296774336 0.0033275638906631287 0.00546417305092384 0.0005073852745518097 0.0027781121985776523
0 0.0009276437847866418 0.0 1.0 0.0 0.0037072295914955407 0.00109048306681706 0.0047318611987381696 0.0003587572648346129 0.001147210100629448
0 0.0013333333333333333 0.0 1.0 0.0 0.005635020846820682 0.0020127598468309255 0.007939011566771818 0.000684030518284662 0.026397851520086744
0 0.0006127450980392157 0.0 1.0 0.0 0.0031031579867816907 0.0025436525944807714 0.012322555205047317 0.0006906077348066298 0.00016846378225338275
0 0.0009157509157509158 0.0 1.0 0.0 0.001974045336064447 0.0014818684638939368 0.008074207601021484 0.0006389296049911678 0.0015033028022972891
0 0.000673854447439353 0.0 1.0 0.0 0.0038557179202494854 0.0018276761068536636 0.011266336187471833 0.00047919720374337585 0.017329660583498958
0 0.041666666666666664 0.0 1.0 0.0 0.004767511932855528 0.000989295340797602 0.013211382113821135 0.0017452006980802788 0.04166666666666666
0 0.038461538461538464 0.0 1.0 0.15384615384615385 0.0037784592142399293 0.0036527827967911455 0.0012061109622085234 0.0016109544905356426 0.005962867701094004
0 0.007936507936507936 0.0 1.0 0.047619047619047616 0.0036984196575764587 0.007066395291411443 0.005267960842873735 0.0018283054932269577 4.558692251520348e-05
0 0.016666666666666666 0.0 1.0 0.0 0.004486593092056702 0.007914362726380816 0.004065040650406504 0.0017452006980802797 0.0028055344537910322
0 0.018181818181818184 0.0 1.0 0.0 0.0007400971316660523 0.0032376938426103338 0.005068102629078239 0.0015865460891638906 0.012988104757947521
0 0.013888888888888888 0.0 1.0 0.0 0.0030058778282303785 0.00470421110685738 0.006387921022067364 0.0018906340895869693 0.005999904177772801
0 0.023809523809523808 0.0 1.0 0.0 0.00374902507145432 0.009892953407976019 0.005226480836236933 0.0014543339150668994 0.01602553304615944
0 0.015625 0.0 1.0 0.25 0.015383766978094515 0.05402647377993224 0.02460801393728223 0.015488656195462478 0.02439851079169824
0 0.005555555555555555 0.0 1.0 0.1 0.007896320056045963 0.00996984438179698 0.006707317073170731 0.0007853403141361258 0.00021804129103662788
0 0.005555555555555556 0.0 1.0 0.0 0.005647396184715239 0.005588329836286861 0.008710801393728223 0.001745200698080279 0.00027833500728329116
0 0.006060606060606061 0.0 1.0 0.0 0.00198315676884991 0.0063314901811046525 0.008130081300813007 0.0 0.0007789868236703759
0 0.005208333333333333 0.0 1.0 0.0 0.00129808962927833 0.0037098575279910073 0.006641986062717769 0.0002181500872600349 0.0011796449551144416
0 0.015625 0.0 1.0 0.25 0.015383766978094515 0.05402647377993224 0.02460801393728223 0.015488656195462478 0.02439851079169824
0 0.0032467532467532465 0.0 1.0 0.09090909090909091 0.00737238478236752 0.009713081527831001 0.0063351282863477985 0.0013485641757893067 0.00019018272870129874
0 0.0031746031746031746 0.0 1.0 0.0 0.0013349047117840595 0.005653116233129154 0.007632321221171396 0.0002493143854400399 0.0005146474478702724
0 0.003676470588235294 0.0 1.0 0.0 0.003741186778523846 0.002847858062289627 0.009940561590489855 0.0002053177291859152 0.0003185670991613232
0 0.015625 0.0 1.0 0.25 0.015383766978094515 0.05402647377993224 0.02460801393728223 0.015488656195462478 0.02439851079169824
0 0.0015873015873015873 0.0 1.0 0.05714285714285714 0.004789351198582776 0.007392988802394163 0.005774016923842708 9.972575417601596e-05 0.00013895829924079667
0 0.015625 0.0 1.0 0.25 0.015383766978094515 0.05402647377993224 0.02460801393728223 0.015488656195462478 0.02439851079169824
0 0.0015151515151515152 0.0 1.0 0.06060606060606061 0.005026394945410149 0.0042436111269116205 0.010347376201034738 0.00021153947855518537 0.00010926372526554525
0 0.0019047619047619048 0.0 1.0 0.0 0.003028820894053541 0.0 0.009686411149825783 0.00013961605584642233 0.0007565180655529062
0 0.003787878787878788 0.0 1.0 0.0 0.0008280752721626308 0.0 0.005371660859465738 0.0004363001745200698 0.008867157264120405
0 0.006211180124223602 0.0 1.0 0.0 0.00473391984292012 0.0 0.004977600796416127 0.0007479431563201198 0.013062150144931117
0 0.015625 0.0 1.0 0.25 0.015383766978094515 0.05402647377993224 0.02460801393728223 0.015488656195462478 0.02439851079169824
0 0.0022222222222222222 0.0 1.0 0.1111111111111111 0.01737111616966673 0.005276241817587211 0.005323267518389469 0.0007756447547023463 0.026122559933351105
0 0.0020242914979757085 0.0 1.0 0.0 0.005371826285999794 0.0012496362199548657 0.007702182284980744 0.0001837053366400294 0.000227681223636312
0 0.015625 0.0 1.0 0.25 0.015383766978094515 0.05402647377993224 0.02460801393728223 0.015488656195462478 0.02439851079169824
0 0.0012755102040816326 0.0 1.0 0.07142857142857142 0.009213372501988903 0.0 0.006097560975609756 0.0 0.0178825224200144
0 0.0011123470522803114 0.0 1.0 0.0 0.0049900678320470805 0.0 0.008036416769697652 0.0 0.02049563216090896
0 0.004166666666666667 0.0 1.0 0.25 0.009761669061399615 0.04383087786849858 0.022648083623693378 0.013525305410122163 0.03970341832256622
0 0.002932551319648094 0.0 1.0 0.18181818181818182 0.017610875791246816 0.0021584625617402224 0.011403230915426037 0.0006346184356655561 0.049783065033586024
0 0.015625 0.0 1.0 0.25 0.015383766978094515 0.05402647377993224 0.02460801393728223 0.015488656195462478 0.02439851079169824
0 0.002331002331002331 0.0 1.0 0.15384615384615385 0.013658895077719946 0.0018263913983955727 0.0060305548110426155 0.0005369848301785474 0.05133320669873081
0 0.015625 0.0 1.0 0.25 0.015383766978094515 0.05402647377993224 0.02460801393728223 0.015488656195462478 0.02439851079169824
0 0.002857142857142857 0.0 1.0 0.2 0.016055381697909214 0.0 0.010452961672473867 0.00034904013961605586 0.0695793830634244
0 0.015625 0.0 1.0 0.25 0.015383766978094515 0.05402647377993224 0.02460801393728223 0.015488656195462478 0.02439851079169824
0 0.03571428571428571 0.0 1.0 0.0 0.009072940464827251 0.008616312889368418 0.009534583063994828 0.0024295432458697756 0.03571428571428572
0 0.03125 0.0 1.0 0.0 0.012351622789779795 0.009179270516122311 0.00947398190045249 0.0025510204081632655 0.000586893101644018
0 0.013333333333333332 0.0 1.0 0.0 0.006458963229070797 0.0070565404211795114 0.007692307692307693 0.0023582766439909286 0.02855145557613533
0 0.03125 0.0 1.0 0.0 0.0036313833396548287 0.0017316461402393326 0.016402714932126694 0.001984126984126984 0.0020764420544138467
0 0.008 0.0 1.0 0.0 0.007408238729786322 0.007234468630342636 0.008144796380090498 0.002267573696145124 0.025791519793286647
0 0.01111111111111111 0.0 1.0 0.0 0.006936951140448714 0.008121845944978768 0.006787330316742082 0.0012093726379440665 0.0009936400414613754
0 0.01020408163265306 0.0 1.0 0.0 0.002845167271887139 0.006273878691005188 0.01098901098901099 0.0 0.00048356137082285644
0 0.005952380952380952 0.0 1.0 0.0 0.001885341368601506 0.003522911073912285 0.0072182719241542775 0.0 0.0011270937931601437
0 0.00505050505050505 0.0 1.0 0.0 0.015041467939732362 0.011886686191459472 0.008844097079391197 0.0009276437847866418 0.023403710342604536
0 0.006666666666666667 0.0 1.0 0.0 0.00703663570759497 0.011082543141927413 0.00889894419306184 0.0022675736961451243 0.00803584714290061
0 0.006060606060606061 0.0 1.0 0.0 0.011475061012655823 0.009185793446915957 0.010558069381598792 0.0016628873771730912 0.007837911380460789
0 0.003333333333333333 0.0 1.0 0.0 0.014597833790380972 0.007980587150473235 0.011583710407239817 0.0009977324263038547 0.01994924875530629
0 0.007692307692307693 0.0 1.0 0.0 0.002215263486361302 0.004155950736574399 0.008371040723981902 0.00045351473922902497 0.023520745026583526
0 0.0026455026455026454 0.0 1.0 0.0 0.012179996536103037 0.014960271737293428 0.00913356795709737 0.002183589485176787 0.00238221250974063
0 0.003703703703703704 0.0 1.0 0.0 0.010725830662267581 0.013321950862178846 0.007792860734037205 0.001385739480977576 0.00307871159970011
0 0.003472222222222222 0.0 1.0 0.0 0.009121290259624378 0.005101825023050187 0.010809451985922576 0.0018896447467876038 0.00447131869157473
0 0.007352941176470588 0.0 1.0 0.0 0.006091937492441336 0.0023463805233756465 0.013574660633484163 0.0008503401360544217 0.036523428130842174
0 0.0022222222222222222 0.0 1.0 0.0 0.013748779444256539 0.005889821076102479 0.010950226244343894 0.0013605442176870747 0.019633229065807643
0 0.001644736842105263 0.0 1.0 0.0 0.007670376575024574 0.00499697997546828 0.008554864253393666 0.0016298185941043086 6.534146839510186e-05
0 0.0029411764705882353 0.0 1.0 0.0 0.005386694361998694 0.003049926868170441 0.011711471919084377 0.002000800320128051 0.013575488398899611
0 0.0022675736961451248 0.0 1.0 0.0 0.013749283620171263 0.00594812204699027 0.009049773755656108 0.002051614296512256 0.020214071477350718
0 0.0018181818181818182 0.0 1.0 0.0 0.006144450246478191 0.003177331548407872 0.010497737556561089 0.0018140589569160996 0.02994603522535932
0 0.0036231884057971015 0.0 1.0 0.0 0.007483373716568806 0.00765273753457528 0.00942684766214178 0.0017006802721088435 0.0004762019477670945
0 0.02040816326530612 0.0 1.0 0.0 0.004272625469108945 0.003377641990824582 0.011178628754872735 0.0019805390510634646 0.02040816326530612
0 0.045454545454545456 0.0 1.0 0.0 0.008149226695401392 0.005645189546154002 0.0072778345250255365 0.0025572177470911646 0.06342521926655376
0 0.007936507936507936 0.0 1.0 0.0 0.005460582646634809 0.004195878991732567 0.009764579989299091 0.00154041926193825 0.01660410308615139
0 0.011904761904761904 0.0 1.0 0.0 0.0030130381532576978 0.0038304029756100907 0.013911182450508295 0.0017413435134954129 0.004631092186545468
0 0.028571428571428574 0.0 1.0 0.0 0.009363441049151272 0.0054670643064692066 0.004213483146067416 0.0012055455093429777 0.08936360598002381
0 0.005555555555555555 0.0 1.0 0.0 0.006103011807048049 0.007293535307415289 0.012265917602996258 0.002531645569620254 0.00200555954394429
0 0.006802721088435374 0.0 1.0 0.0 0.003099306158697936 0.0023899584666146135 0.01752273943285179 0.0014064697609001405 0.00022612944161482366
0 0.010416666666666666 0.0 1.0 0.0 0.005222811116256183 0.009008356861039823 0.018258426966292138 0.0030473511486169714 0.011298631535289061
0 0.005291005291005291 0.0 1.0 0.0 0.003887411659976877 0.005618347424833823 0.01672017121455324 0.001071596008304869 0.0036988607282447683
0 0.008333333333333333 0.0 1.0 0.0 0.005206159245782198 0.003026639087221912 0.015917602996254682 0.0012892639474917954 0.0003829132418993134
0 0.0033670033670033673 0.0 1.0 0.0 0.007764672997805765 0.007848309209117424 0.01518934665002081 0.0014585612335260719 0.0022248025398524346
0 0.0023148148148148147 0.0 1.0 0.0 0.0070280278822963905 0.007240700650023161 0.012406367041198504 0.001328332551961244 0.0015254747076209778
0 0.0026525198938992045 0.0 1.0 0.0 0.007037579714838602 0.005165017804998711 0.01661177838047269 0.0008729812309035354 0.0016487324538299495
0 0.002857142857142857 0.0 1.0 0.0 0.003604982298309654 0.004592334017434132 0.0073595505617977544 0.00016877637130801687 0.0002051699365880933
0 0.006060606060606061 0.0 1.0 0.0 0.003657235910271245 0.003479040922298586 0.010469867211440246 0.0 0.003979445895266608
0 0.003289473684210526 0.0 1.0 0.0 0.0063777025718960954 0.0038657142297178365 0.007244234180958013 0.00014804944851580428 0.04571332537807538
0 0.0032679738562091504 0.0 1.0 0.0 0.009613505361335097 0.0066946980706589915 0.012094257178526843 0.0009376465072667604 0.04018410079539683
0 0.009259259259259259 0.0 1.0 0.0 0.0010779892757462762 0.0031891208454403706 0.0023408239700374533 0.0 0.06111708696856407
0 0.010526315789473684 0.0 1.0 0.0 0.003237457299148536 0.006210880545252931 0.00646067415730337 0.0005625879043600563 0.04969673525737951
0 0.0029411764705882353 0.0 1.0 0.0 0.004414190762233445 0.0043875952465851405 0.007600793126239258 0.0001654670306941342 0.0033142110350007897
0 0.0031746031746031746 0.0 1.0 0.0 0.001601089591522905 0.004334783777041751 0.01104868913857678 0.0008438818565400845 0.0016604988704128259
0 0.002840909090909091 0.0 1.0 0.125 0.005100797510158542 0.003780906571491041 0.01729283707865169 0.00035161744022503517 0.00027575785775909895
0 0.002173913043478261 0.0 1.0 0.0 0.002645999285999915 0.003914189720099145 0.005056179775280898 0.00028129395218002813 0.0028456073676193013
0 0.0016025641025641025 0.0 1.0 0.0 0.006286214841524928 0.005336156644489309 0.016313742437337946 0.0014064697609001405 0.019211439454210725
0 0.0019047619047619048 0.0 1.0 0.0 0.005697255078283202 0.005735987591498698 0.013710540395933654 0.0012055455093429777 0.006187172961160543
0 0.001282051282051282 0.0 1.0 0.0 0.009010229430640617 0.0033520202642635536 0.011329588014981275 0.0005157055789967183 0.021952926267867347
0 0.0018518518518518517 0.0 1.0 0.0 0.006522766360980084 0.0 0.00933988764044944 0.00042194092827004226 0.023611422234281376
0 0.0012755102040816326 0.0 1.0 0.0 0.003666678326741828 0.0004520604450803963 0.014345906902086678 0.0009041591320072331 0.019072750148828508
0 0.002028397565922921 0.0 1.0 0.0 0.00801867239593516 0.0055256111140147 0.014623265036351623 0.0026474724911061467 0.029687079014137103
0 0.0015151515151515152 0.0 1.0 0.0 0.0034779091307265576 0.00281715059660722 0.011938202247191011 0.0018539828666410947 0.00014985943299802753
0 0.0009775171065493646 0.0 1.0 0.0 0.007384020807060485 0.0021160858238543465 0.01310861423220974 0.001321229169330435 0.02423097480393394
0 0.001488095238095238 0.0 1.0 0.0 0.003922667204047686 0.002045826663573895 0.00996522204387373 0.0006027727546714887 0.03183689108419497
0 0.0012626262626262627 0.0 1.0 0.0 0.007657467382961979 0.0005060347062278845 0.01152855805243446 0.0006446319737458978 0.01684981895913387
0 0.04 0.0 1.0 0.0 0.016147839034182723 0.006906465371940244 0.01030769230769231 0.002543352601156068 0.04
0 0.016129032258064516 0.0 1.0 0.0 0.012524614494355608 0.005109343166200002 0.01054590570719603 0.002610479209397724 0.020961019180172544
0 0.010416666666666666 0.0 1.0 0.0 0.015689134007848236 0.007107367324005844 0.009795673076923079 0.002528901734104046 0.019885021978440092
0 0.008620689655172414 0.0 1.0 0.0 0.005971968952356056 0.00614317573345961 0.007559681697612732 0.0023254268819347538 0.00956628361956826
0 0.011764705882352941 0.0 1.0 0.0 0.0028512707721882378 0.004625905993420137 0.009728506787330319 0.0012467414711549358 0.0013594653823822307
0 0.0047619047619047615 0.0 1.0 0.0 0.007854094278146389 0.007308123226010566 0.010934065934065937 0.00044040737682356175 0.016601114124175167
0 0.005714285714285714 0.0 1.0 0.0 0.0036207147862873084 0.0055515725627710575 0.014461538461538463 0.0009248554913294797 0.0034347802442131346
0 0.003787878787878788 0.0 1.0 0.0 0.009142733220893621 0.007947968488796777 0.011013986013986017 0.0009925848076137093 0.021191145310606205
0 0.0038314176245210726 0.0 1.0 0.0 0.0039158757988402865 0.004213592282722413 0.01107427055702918 0.0007972892166633446 0.007395199929074268
0 0.01 0.0 1.0 0.0 0.002196151436405954 0.003987164928180015 0.011153846153846157 0.0009633911368015413 0.002508484865566639
0 0.004545454545454545 0.0 1.0 0.0 0.009359486060379337 0.008476381967301314 0.013076923076923078 0.0009633911368015413 0.030082994509165413
0 0.007575757575757575 0.0 1.0 0.0 0.010522256308685403 0.013734430081454464 0.015209790209790209 0.0024522683482221053 0.05918534864892555
0 0.003663003663003663 0.0 1.0 0.0 0.00181032789813727 0.004368911216007907 0.013827838827838829 0.0009175153683824203 0.001089903346363612
0 0.0026455026455026454 0.0 1.0 0.0 0.00589513786108969 0.007175625973054016 0.008974358974358974 0.0006422607578676942 0.022382165819074908
0 0.008333333333333333 0.0 1.0 0.0 0.0021175478319836252 0.00327668341200593 0.012019230769230768 0.0 0.0179187429286505
0 0.0078125 0.0 1.0 0.0 0.0 0.00327668341200593 0.012740384615384615 0.0 0.00929934690464889
0 0.0021008403361344537 0.0 1.0 0.0 0.004689053232576512 0.007111842316289059 0.007967032967032968 0.0004816955684007707 0.00021290248633461153
0 0.0027777777777777775 0.0 1.0 0.0 0.01638224277870056 0.009936278565413965 0.013942307692307698 0.0011560693641618496 0.042485750010483395
0 0.004048582995951417 0.0 1.0 0.0 0.008223714363553614 0.0036219045992378035 0.012426035502958581 0.0011857121683711278 0.017788979113991302
0 0.00625 0.0 1.0 0.0 0.012237211855196302 0.0035090206750498535 0.010336538461538461 0.000722543352601156 0.05883981267523198
0 0.003968253968253968 0.0 1.0 0.0 0.00805033672688729 0.0 0.006730769230769231 0.0 0.04154044727774211
0 0.0034965034965034965 0.0 1.0 0.0 0.006469461913896675 0.0 0.010502958579881658 0.0 0.038510604782501914
0 0.0015527950310559005 0.0 1.0 0.0 0.006405976574990086 0.0007849962117611066 0.007623626373626375 0.0004816955684007707 0.01599530215188114
0 0.001984126984126984 0.0 1.0 0.0 0.010517138868788935 0.0023834313966528482 0.013003663003663004 0.0009175153683824203 0.022939448035200156
0 0.0025 0.0 1.0 0.0 0.0013711015564077406 0.0 0.01262019230769231 0.0006021194605009633 0.001512767768442963
0 0.043478260869565216 0.0 1.0 0.0 0.002258361668504233 0.002871420330656105 0.013323983169705473 0.003376952300548757 0.04347826086956521
0 0.027777777777777776 0.0 1.0 0.0 0.01126448670651434 0.00439356172798588 0.007526881720430107 0.0034160373966199225 0.007309175768389534
0 0.01111111111111111 0.0 1.0 0.0 0.003476283242192408 0.007338074178343378 0.00946236559139785 0.003451995685005396 0.0005441241163199703
0 0.013157894736842105 0.0 1.0 0.0 0.004624459408606168 0.014514095741500232 0.00730050933786078 0.003065917220235055 0.0002628398903847033
0 0.009090909090909092 0.0 1.0 0.0 0.005981838723350105 0.010533607909929276 0.005131964809384165 0.00029420417769932336 0.002789012662353473
0 0.023809523809523808 0.0 1.0 0.0 0.009983595211436718 0.025159111468605867 0.005069124423963134 0.001849283402681461 0.009526495190787592
0 0.004329004329004329 0.0 1.0 0.0 0.006369804874217833 0.011340660093803407 0.007429130009775171 0.0005884083553986467 0.003976386372567415
0 0.004166666666666667 0.0 1.0 0.0 0.007080355243398592 0.004789416129277452 0.006559139784946237 0.0004314994606256742 0.00010858379982286792
0 0.006944444444444444 0.0 1.0 0.0 0.006236563282915684 0.009631222359075684 0.010887096774193547 0.0006067961165048543 0.0005005161114223228
0 0.004545454545454546 0.0 1.0 0.0 0.00714061490241292 0.005530375515604246 0.008211143695014663 0.0010297146219476316 0.0004438550337021011
0 0.004545454545454545 0.0 1.0 0.0 0.004552668927891103 0.0 0.008709677419354838 0.0 0.010714261377374657
0 0.0024509803921568627 0.0 1.0 0.0 0.002668488594418539 0.006474771333832392 0.00635673624288425 0.0002855511136493432 0.0005365656729036086
0 0.002136752136752137 0.0 1.0 0.0 0.002494919848539041 0.003057530907643074 0.01057347670250896 0.00017979144192736428 0.0001114960626707746
0 0.0625 0.0 1.0 0.0 0.006285203866786477 0.013200355273505606 0.007279829545454544 0.002670940170940172 0.0625
0 0.05 0.0 1.0 0.0 0.006827137847428779 0.015306555819383064 0.007386363636363637 0.0025641025641025645 0.002189468344610209
0 0.037037037037037035 0.0 1.0 0.0 0.00349717830881956 0.004087256203256941 0.005997474747474748 0.0025324469768914218 0.024751013387211286
0 0.009259259259259259 0.0 1.0 0.0 0.00823140182316236 0.007749292817922078 0.008312289562289561 0.003587633217262846 0.00012232723876694698
0 0.00625 0.0 1.0 0.0 0.005998222588583128 0.0021389128371434034 0.012961647727272728 0.003472222222222222 4.305094743854482e-05
0 0.009259259259259259 0.0 1.0 0.0 0.010481137066339456 0.009256494128845313 0.009627525252525252 0.0011079455523899967 7.982996871570125e-05
0 0.017857142857142856 0.0 1.0 0.0 0.0021694771245612094 0.004845010515188256 0.00887784090909091 0.0 0.002414333259620432
0 0.0023584905660377358 0.0 1.0 0.0 0.007019127798241117 0.009067009338385626 0.009005145797598625 0.0005375477073590281 0.0005551911504268121
0 0.006944444444444444 0.0 1.0 0.0 0.007914735738081454 0.008558235478258298 0.009410511363636362 0.00035612535612535614 0.00031469107535461434
0 0.0029411764705882353 0.0 1.0 0.0 0.007539676234726781 0.0063061938182408794 0.010444518716577538 0.0010055304172951233 0.0015826225719199273
0 0.003952569169960474 0.0 1.0 0.0 0.005109970870185844 0.00674088419504453 0.011116600790513834 0.0004954787563483216 0.0002206616050627711
0 0.003623188405797101 0.0 1.0 0.0 0.011702427071687194 0.0056041599768343825 0.011116600790513836 0.0011148272017837235 0.00015533620401407745
0 0.003663003663003663 0.0 1.0 0.0 0.006982056461718488 0.0012209495781658568 0.009199134199134198 0.000271333604666938 7.415523322582451e-05
0 0.004201680672268907 0.0 1.0 0.0 0.007009638326717664 0.007599598370637206 0.012199197860962565 0.0033517680576504115 0.0001479679215015657
0 0.0030303030303030303 0.0 1.0 0.0 0.00339362850770575 0.004290120216532437 0.011105371900826446 0.0023310023310023314 0.0015912297256355976
0 0.002717391304347826 0.0 1.0 0.0 0.0038891113108094496 0.0025278315731416985 0.00975790513833992 0.0007432181345224824 0.00021217460834711992
0 0.041666666666666664 0.0 1.0 0.0 0.012188746454746074 0.0053145386223923926 0.009078947368421053 0.0018440463645943098 0.04166666666666666
0 0.020833333333333332 0.0 1.0 0.0 0.011978144545996454 0.006361267414342543 0.0074561403508771945 0.00184404636459431 0.0383836525405795
0 0.013888888888888888 0.0 1.0 0.0 0.001429662406075423 0.00433864794630297 0.003947368421052631 0.001053740779768177 0.0018531139578988635
0 0.0078125 0.0 1.0 0.0 0.018531370508845967 0.012398555621375833 0.009210526315789476 0.002502634351949421 0.020368023104958638
0 0.02 0.0 1.0 0.0 0.0004671741423744956 0.0014335921524392646 0.0015789473684210526 0.0009483667017913591 0.004512824029761296
0 0.027777777777777776 0.0 1.0 0.0 0.001800876288983639 0.0038516797320103137 0.0038596491228070177 0.001053740779768177 0.009797811709284626
0 0.007142857142857143 0.0 1.0 0.0 0.0019165620266048573 0.0005279910741934937 0.007052631578947368 0.001053740779768177 0.0009452909693847264
0 0.004807692307692308 0.0 1.0 0.0 0.0027495949029780553 0.003977632372203697 0.008097165991902834 0.00145902569506363 0.0001630181824595043
0 0.007407407407407407 0.0 1.0 0.0 0.0011431201840009335 0.003822912406504705 0.004140350877192982 0.0009834913944502981 0.0016677697264905083
0 0.003703703703703704 0.0 1.0 0.0 0.008679002588999452 0.004507272587848059 0.010409356725146198 0.0018733169418100927 0.03536541304685267
0 0.004784688995215311 0.0 1.0 0.0 0.011695856902523373 0.008108589788089848 0.007867036011080334 0.0020520215184959244 0.05052152297836567
0 0.009259259259259259 0.0 1.0 0.0 0.0031167604514227816 0.0031857603387539213 0.00631578947368421 0.001053740779768177 0.001313381100404973
0 0.004273504273504274 0.0 1.0 0.0 0.007143041439525369 0.0030668678101170516 0.008070175438596493 0.0013464465519260039 0.02466067471737527
0 0.0026455026455026454 0.0 1.0 0.0 0.0030284633572039915 0.0026006967674403157 0.006276803118908382 0.00023416461772626153 0.005456144749407459
0 0.002564102564102564 0.0 1.0 0.0 0.0032776270314568007 0.002425032767642008 0.006234817813765183 0.00016211396611818106 0.005813381988825654
0 0.003125 0.0 1.0 0.0 0.0024263046418160194 0.002760181029105346 0.012368421052631579 0.0010537407797681767 0.0002152948794848032
0 0.002557544757033248 0.0 1.0 0.0 0.0026971127802328456 0.0021815532754510545 0.0075972540045766606 0.0 0.0016961968810117708
0 0.0030864197530864196 0.0 1.0 0.0 0.00514620707837344 0.0019911002117212005 0.006432748538011695 0.00011708230886313078 0.026502243172308367
0 0.001949317738791423 0.0 1.0 0.0 0.004272135462408846 0.002389320254065441 0.006432748538011695 0.0001951371814385513 0.00013123177642153304
0 0.0017857142857142859 0.0 1.0 0.0 0.004533103493493481 0.0028120194897226247 0.008646616541353385 0.00033870239349691406 0.015875790867759833
1 0.000835421888053467 0.0 1.0 0.0 0.004041728740539152 0.0031237947765418274 0.007996306555863343 0.0003327602462425822 0.0056548607040550125
0 0.003787878787878788 0.0 1.0 0.0 0.0042550418036989635 0.003090966584765959 0.007280701754385964 0.0007903055848261327 0.016779525810465715
0 0.002173913043478261 0.0 1.0 0.0 0.003364287060596126 0.0035839803810981613 0.0034736842105263155 0.0001053740779768177 0.0004222949528263404
0 0.0011574074074074073 0.0 1.0 0.0 0.00618320649034568 0.0048804482128141265 0.005438596491228071 0.0002634351949420443 0.01090160478138757
0 0.0017391304347826088 0.0 1.0 0.0 0.0059035421519152515 0.005107519489309277 0.00517162471395881 9.162963302331973e-05 0.019642049297268687
0 0.001201923076923077 0.0 1.0 0.0 0.007538102635863895 0.007967688267233703 0.006118421052631581 0.0007573761854583771 0.025009283480295314
1 0.0037037037037037034 0.0 1.0 0.0 0.017184905611420172 0.011160680930755187 0.008947368421052631 0.002002107481559536 0.08219468694125705
0 0.0017006802721088435 0.0 1.0 0.0 0.01102682052770912 0.007501722080137108 0.007619047619047619 0.0008530282502885242 0.03996093494044427
0 0.002028397565922921 0.0 1.0 0.0 0.010538003480313054 0.008001898905664133 0.007368421052631578 0.0011777102832703154 0.048103665265269886
0 0.0015873015873015873 0.0 1.0 0.0 0.01112467704281039 0.009770216120712064 0.008070175438596491 0.001354809573987656 0.03693680953763773
0 0.002150537634408602 0.0 1.0 0.0 0.0044820359498203045 0.0022919339273271273 0.00575438596491228 0.00028099754127151384 0.00053540576174351
0 0.0010080645161290322 0.0 1.0 0.0 0.009712434013754169 0.0036364401412126023 0.008183361629881153 0.0010197491417111388 0.03014694004640453
0 0.0013774104683195593 0.0 1.0 0.0 0.0031020471526426604 0.0011980244504244191 0.006076555023923444 0.0002873838490276846 0.00044350226760366137
0 0.0010893246187363833 0.0 1.0 0.0 0.012123144572435044 0.004290858528429585 0.00787524366471735 0.0008195761620419154 0.022319491097434696
0 0.0010582010582010583 0.0 1.0 0.07407407407407407 0.00942112340311967 0.0034453524749300853 0.008966861598440547 0.0008976310346173358 0.028412063551583613
0 0.001984126984126984 0.0 1.0 0.0 0.016610283168916537 0.010637688290864799 0.00932330827067669 0.002182748758091224 0.06844028291349794
0 0.001001001001001001 0.0 1.0 0.0 0.0025496339503557402 0.0005309600564589868 0.006198830409356726 0.00015610974515084102 0.0002635210781646741
0 0.0043859649122807015 0.0 1.0 0.0 0.0 0.0 0.00912280701754386 0.0 0.014810853060957302
0 0.001349527665317139 0.0 1.0 0.0 0.004298578206395758 0.0007328211675213699 0.005152354570637119 0.0003882202872830126 0.02536665324099525
0 0.00125 0.0 1.0 0.0 0.009448146668171677 0.006376646539782707 0.00831578947368421 0.0013171759747102212 0.040484010154081165
0 0.0010604453870625664 0.0 1.0 0.0 0.0021666753832877343 0.0016645440875245486 0.007734553775743708 0.0003665185320932789 0.0002511253765326656
0 0.0011337868480725624 0.0 1.0 0.0 0.008519111834527094 0.004429738896338681 0.006165413533834587 0.0008530282502885242 0.0390782640430243
0 0.0013679890560875513 0.0 1.0 0.0 0.0 0.0 0.0063157894736842095 0.0001859542552532077 0.0017021334315676265
0 0.0025252525252525255 0.0 1.0 0.2222222222222222 0.0 0.0 0.003274853801169591 0.00023416461772626156 0.006613238601828883
0 0.05263157894736842 0.0 1.0 0.0 0.03119077521841641 0.019088636121970304 0.01709169831795984 0.005454049631851651 0.05263157894736842
0 0.041666666666666664 0.0 1.0 0.0 0.03072004561681206 0.011748522907295875 0.011168384879725086 0.004749568221070811 0.08939081284762829
0 0.013333333333333332 0.0 1.0 0.0 0.011722232012632783 0.014507363452697432 0.01381443298969072 0.005181347150259069 0.032019816598165794
0 0.008333333333333333 0.0 1.0 0.0 0.011497902277567359 0.0035245568721887625 0.013402061855670102 0.0 0.025258469815610987
0 0.028571428571428574 0.0 1.0 0.0 0.004549076136406484 0.010070162491967892 0.011045655375552283 0.0 0.001385476468754261
0 0.01282051282051282 0.0 1.0 0.0 0.028895018355628535 0.0027111975939913555 0.020618556701030927 0.0 0.08267953034105632
0 0.008928571428571428 0.0 1.0 0.0 0.023543245360770373 0.024870603439957714 0.01675257731958763 0.0016191709844559587 0.04691390405481383
0 0.006578947368421052 0.0 1.0 0.0 0.016313943142258546 0.02411538912550205 0.015735214324470972 0.00109080992637033 0.006346563937459882
0 0.008547008547008546 0.0 1.0 0.0 0.031528322372738185 0.01626718556394813 0.020618556701030924 0.0007971303308090873 0.05629571756295237
0 0.004 0.0 1.0 0.0 0.016400903840771086 0.00563929099550202 0.008865979381443298 0.0 0.00010311833418129971
0 0.006060606060606061 0.0 1.0 0.0 0.038011717775908546 0.0 0.010652920962199311 0.0 0.05433649490532968
0 0.038461538461538464 0.0 1.0 0.0 0.021079218342301788 0.010472538848684333 0.014812321158054201 0.003542510121457489 0.03846153846153847
0 0.027777777777777776 0.0 1.0 0.0 0.018123133445452445 0.002486255395951868 0.010333090201799172 0.002071150097465887 0.055020214578146036
0 0.023809523809523808 0.0 1.0 0.0 0.016610130618736136 0.011993772753754513 0.01422319474835886 0.004072681704260651 0.051140710110411915
0 0.010869565217391304 0.0 1.0 0.0 0.010965900197563619 0.00863244898614431 0.010750642184378269 0.0035278413424866513 0.030953105465245122
0 0.014285714285714287 0.0 1.0 0.0 0.0 0.0010655380268365148 0.015473585495467335 0.0020363408521303257 0.0019546599300192557
0 0.008333333333333333 0.0 1.0 0.0 0.008066470692075393 0.004475259712713362 0.009518599562363238 0.002302631578947368 0.03314248487672496
0 0.017857142857142856 0.0 1.0 0.0 0.005313440497012032 0.003729383093927802 0.013949671772428883 0.001644736842105263 0.0022737033416047967
0 0.013888888888888888 0.0 1.0 0.0 0.014634217293114038 0.004972510791903736 0.012399708242159009 0.0 0.060714914076391464
0 0.003472222222222222 0.0 1.0 0.0 0.006595092257346016 0.005594074640891702 0.008205689277899343 0.0005482456140350877 0.015580166067456033
0 0.0071428571428571435 0.0 1.0 0.0 0.00996781098234357 0.005327690134182573 0.010940919037199124 0.0012531328320802004 0.03694545702063704
0 0.003952569169960474 0.0 1.0 0.0 0.0038351775988068482 0.0019457650924840704 0.013985348682332796 0.0005720823798627002 0.023236937421320956
0 0.0027777777777777775 0.0 1.0 0.0 0.01102001695318011 0.0050377574443347915 0.010357403355215174 0.0006578947368421052 0.028004892449759913
0 0.01098901098901099 0.0 1.0 0.0 0.0014066300938825461 0.004262152107346059 0.008752735229759301 0.0 0.0033770170421294726
0 0.003105590062111801 0.0 1.0 0.0 0.006892642953099511 0.006056575518309508 0.013699933403101517 0.0007627765064836002 0.022660968702035343
0 0.00392156862745098 0.0 1.0 0.0 0.005826618158045375 0.004460273987991016 0.01608958681941048 0.0006449948400412797 0.0307968432971836
0 0.0021551724137931034 0.0 1.0 0.0 0.010788572901016332 0.005763206046407085 0.012223647476043159 0.001058681185722928 0.029055108568617184
0 0.002557544757033248 0.0 1.0 0.0 0.016060016679473675 0.009729625832802073 0.011321472742840833 0.0020976353928299006 0.03863672096495508
0 0.0026455026455026454 0.0 1.0 0.0 0.013648076230695916 0.004972510791903736 0.009586329061164947 0.0 0.040626958427577006
0 0.002770083102493075 0.0 1.0 0.0 0.012747385967277872 0.012760576069177378 0.010825751468386503 0.0017313019390581717 0.02495875070428726
0 0.0016129032258064516 0.0 1.0 0.0 0.015422511900636567 0.00570807469462434 0.013411449142373121 0.001697792869269949 0.02471374630258235
0 0.0031746031746031746 0.0 1.0 0.0 0.012064184938012451 0.004488576967526696 0.014296134208606854 0.0014619883040935672 0.039020679600660794
0 0.0030303030303030303 0.0 1.0 0.0 0.019898485222614986 0.0 0.009044493070751277 0.0 0.05621227961833443
0 0.0016722408026755853 0.0 1.0 0.0 0.006491525111886736 0.0015268071246707289 0.012371654603602088 0.00143387314439946 0.01963230067452783
0 0.04 0.0 1.0 0.0 0.006957612085317405 0.0033560934461132146 0.01796610169491525 0.0030594900849858354 0.04
0 0.038461538461538464 0.0 1.0 0.0 0.005100371454805274 0.005929304653148234 0.001738374619730552 0.0026149487905861852 0.006511282003230825
0 0.011494252873563218 0.0 1.0 0.06896551724137931 0.00952522126164512 0.009410047727853673 0.009448665497759594 0.002930546058415552 0.010800470286894761
0 0.011904761904761904 0.0 1.0 0.0 0.004306055352924584 0.005505782892209075 0.009819747107882701 0.0010791852151625526 0.0005671215247418575
0 0.007692307692307693 0.0 1.0 0.0 0.0047219862815487375 0.006670467734791763 0.012168622338113864 0.0003268685988232731 0.0001912235193216513
0 0.020833333333333332 0.0 1.0 0.25 0.020092895906481306 0.06823683154765094 0.0346045197740113 0.019475920679886686 0.04759850736941535
0 0.0035714285714285713 0.0 1.0 0.05 0.0030365025857169397 0.004413504587352441 0.01694915254237288 0.00056657223796034 0.0003270354521533251
0 0.020833333333333332 0.0 1.0 0.25 0.020092895906481306 0.06823683154765094 0.0346045197740113 0.019475920679886686 0.04759850736941535
0 0.005555555555555555 0.0 1.0 0.1 0.006897545887069585 0.003854048024546352 0.011440677966101697 0.0 0.025305971483700514
0 0.005555555555555556 0.0 1.0 0.0 0.007578804008783763 0.0068023786887941055 0.014595103578154427 0.0003147623544224111 0.02842873261614567
0 0.020833333333333332 0.0 1.0 0.25 0.020092895906481306 0.06823683154765094 0.0346045197740113 0.019475920679886686 0.04759850736941535
0 0.005555555555555555 0.0 1.0 0.13333333333333333 0.003516622565053621 0.010277461398790272 0.007156308851224106 0.0003777148253068933 0.0007598074701078972
0 0.009615384615384616 0.0 1.0 0.25 0.020092895906481306 0.04449176609035833 0.03283898305084745 0.01451841359773371 0.04782820688574277
0 0.002304147465437788 0.0 1.0 0.06451612903225806 0.011175111142806138 0.010377526220856572 0.017495899398578457 0.0012793566663620581 8.602100266072806e-05
0 0.020833333333333332 0.0 1.0 0.25 0.020092895906481306 0.06823683154765094 0.0346045197740113 0.019475920679886686 0.04759850736941535
0 0.003289473684210526 0.0 1.0 0.10526315789473684 0.01168528940956411 0.008611274335339059 0.0034195658638120725 0.000745489786789921 0.0017849842745100387
0 0.020833333333333332 0.0 1.0 0.25 0.020092895906481306 0.06823683154765094 0.0346045197740113 0.019475920679886686 0.04759850736941535
0 0.003968253968253968 0.0 1.0 0.14285714285714285 0.014609821230416663 0.006180946562893937 0.011904761904761906 0.0010117361392148927 0.00027406573737303577
0 0.020833333333333332 0.0 1.0 0.25 0.020092895906481306 0.06823683154765094 0.0346045197740113 0.019475920679886686 0.04759850736941535
0 0.002631578947368421 0.0 1.0 0.10526315789473684 0.01167739355588504 0.0 0.00951531370799881 0.00044729387207395263 0.00040299088568848527
0 0.020833333333333332 0.0 1.0 0.25 0.020092895906481306 0.06823683154765094 0.0346045197740113 0.019475920679886686 0.04759850736941535
0 0.041666666666666664 0.0 1.0 0.0 0.0037057624492299168 0.004907932729671221 0.0040826128722382315 0.0013828763828763833 0.041666666666666664
0 0.0625 0.0 1.0 0.0 0.005741656386778327 0.006134915912089025 0.007024495677233429 0.001443001443001443 0.0001981571904363094
0 0.02222222222222222 0.0 1.0 0.13333333333333333 0.0023083616558865388 0.004757031727466905 0.015177713736791547 0.0020202020202020206 0.0005136718146281718
0 0.010416666666666666 0.0 1.0 0.0 0.005121335776266959 0.008179887882785364 0.007985110470701245 0.001863876863876863 0.00022490606264969387
0 0.007692307692307693 0.0 1.0 0.0 0.00248044650377441 0.006040532590364579 0.008313012635779207 0.001609501609501609 0.000238032900553709
0 0.023809523809523808 0.0 1.0 0.0 0.0017774755510647632 0.0028045329883835545 0.01399752984767394 0.0014430014430014428 0.0023351863840448427
0 0.010989010989010988 0.0 1.0 0.0 0.0005104378392804357 0.004530399442773434 0.006207049434715141 0.0015540015540015544 0.0012357667214131884
0 0.003676470588235294 0.0 1.0 0.0 0.003501697614337343 0.00606274043077033 0.009450754365146636 0.0015278838808250566 3.213117199021869e-05
0 0.004830917874396135 0.0 1.0 0.0 0.002107186328970999 0.003414214072814762 0.007204610951008645 0.0014430014430014434 0.0003969673982022512
0 0.0029411764705882353 0.0 1.0 0.0 0.0032593476917821074 0.005103908992551563 0.010976436684183757 0.0009761480349715644 2.680266954823484e-05
0 0.003246753246753247 0.0 1.0 0.0 0.0033422318014610227 0.006660765847410941 0.004013997529847674 0.00020614306328592042 3.7463325397040114e-05
0 0.003968253968253968 0.0 1.0 0.09523809523809523 0.0032920059176987145 0.0037393773178447396 0.01022368601619322 0.00048100048100048096 0.0002882043976100573
0 0.0024813895781637717 0.0 1.0 0.0 0.0024729509432993824 0.004733217002107495 0.011806265687459327 0.0007447749383233254 3.812885692911717e-05
0 0.0047619047619047615 0.0 1.0 0.0 0.002427769271055477 0.005235128244982635 0.0024975984630163303 0.0 0.00048131656179750096
0 0.011111111111111112 0.0 1.0 0.0 0.0 0.0 0.007204610951008644 0.0 0.0051208957904356695
0 0.001838235294117647 0.0 1.0 0.11764705882352941 0.0033313491453143625 0.0056224768206446256 0.010467875911171388 0.00021220609455903573 0.0001510759924199141
0 0.003676470588235294 0.0 1.0 0.0 0.003740236660148358 0.003555922999533367 0.011167146974063402 0.0008116883116883117 0.0005386580029367432
0 0.0021367521367521365 0.0 1.0 0.0 0.004387190141514657 0.004907932729671221 0.008700953225448905 0.0 0.0001986851185062619
0 0.003289473684210526 0.0 1.0 0.0 0.003644477310646708 0.003680949547253415 0.008465417867435158 0.0 0.000416441720132992
0 0.0029411764705882353 0.0 1.0 0.0 0.0018801080934599118 0.0028870192527477765 0.01076453636209527 0.0 0.0006775000045633664
0 0.0015360983102918587 0.0 1.0 0.06451612903225806 0.004029113639685254 0.002849767391421999 0.006321465092497908 9.309686729041568e-05 0.021768089010603772
0 0.0022727272727272726 0.0 1.0 0.0 0.0031829187526049955 0.0006355699120528052 0.007636887608069165 0.0001443001443001443 0.032619709770158566
0 0.003105590062111801 0.0 1.0 0.0 0.0011712267293226624 0.0 0.009880609304240428 0.0007215007215007214 0.007380105094599984
0 0.0016025641025641025 0.0 1.0 0.0 0.002565846525041511 0.0 0.009643094657503879 0.000666000666000666 0.0275928683684939
0 0.0019047619047619048 0.0 1.0 0.0 0.0033616245099394922 0.0 0.005763688760806916 0.0003435717721432007 0.00034039279081738436
0 0.001201923076923077 0.0 1.0 0.0625 0.003398999686131763 0.0 0.010221541786743516 0.00022546897546897547 0.0011656416262948225
0 0.0021786492374727667 0.0 1.0 0.0 0.002040081455288444 0.0 0.005594168503136125 0.0005092946269416857 0.0006417793824905608
0 0.0032467532467532465 0.0 1.0 0.18181818181818182 0.0008002682188583136 0.0 0.003798794865077286 0.0 0.0013859456240954123
0 0.0018148820326678765 0.0 1.0 0.0 0.0007753313710730539 0.0 0.0037919005005308663 0.000303789777473988 0.00013221824348980002
0 0.003333333333333333 0.0 1.0 0.0 0.0006635691910645664 0.0 0.0024495677233429395 0.0 0.00172627927147241
0 0.001152073732718894 0.0 1.0 0.07142857142857142 0.0025726372598279556 0.00045397850860914656 0.011939069575957185 0.0003607503607503607 0.01235320237328196
0 0.003472222222222222 0.0 1.0 0.0 0.003076750806705789 0.0 0.008965738072366315 0.000320666987333654 0.0014218610083177668
0 0.0021645021645021645 0.0 1.0 0.14285714285714285 0.008033996734039093 0.0 0.008336764100452861 0.0005153576582148011 0.002893489315726049
0 0.003676470588235294 0.0 1.0 0.0 0.003052517373601899 0.0 0.009546109510086456 0.0005411255411255411 0.001492852063543835
0 0.0017857142857142857 0.0 1.0 0.0 0.0 0.0 0.008465417867435158 0.0008116883116883116 0.0012852422204702768
0 0.05263157894736842 0.0 1.0 0.0 0.0067726820372660534 0.008055467482884054 0.007087544297151857 0.002368421052631579 0.05263157894736842
0 0.012195121951219513 0.0 1.0 0.0 0.006005983093018115 0.007889236966227795 0.011799768870506658 0.0029268292682926847 0.01641328532125966
0 0.013888888888888888 0.0 1.0 0.0 0.006896818417377419 0.007505599341075797 0.014131338320864507 0.0026041666666666674 0.004848884433701027
0 0.019230769230769232 0.0 1.0 0.0 0.00521858174050524 0.0026163056782016582 0.013811624784193363 0.0025 0.00024829021280907816
0 0.008333333333333333 0.0 1.0 0.0 0.00635892654938577 0.00850299345415539 0.012884455527847049 0.0012499999999999998 0.0004428672358542539
0 0.01515151515151515 0.0 1.0 0.0 0.0017406174338422604 0.0030919976196928686 0.009521650419406029 0.0013636363636363635 0.0030052600007627298
0 0.007142857142857143 0.0 1.0 0.0 0.00356184516715672 0.005101796072493233 0.01571072319201995 0.0017500000000000003 0.00019831227704930808
0 0.00625 0.0 1.0 0.0 0.00798173394259313 0.005465617880644943 0.012219451371571072 0.0005 0.03860498842079423
0 0.013888888888888888 0.0 1.0 0.0 0.00335261479202783 0.0042514967270776945 0.00529925187032419 0.0 0.0031605339744828686
0 0.004545454545454546 0.0 1.0 0.0 0.007399077970282697 0.0015459988098464343 0.014282475629109047 0.0005681818181818183 0.02757297495109011
0 0.00909090909090909 0.0 1.0 0.0 0.0022761727461771608 0.0034011973816621558 0.013466334164588525 0.0005 0.0007113896338233411
0 0.004166666666666667 0.0 1.0 0.0 0.006085240733128825 0.002550898036246617 0.013216957605985036 0.0 0.038334436522788694
0 0.002849002849002849 0.0 1.0 0.0 0.0031902149088738653 0.003149256834872366 0.011175764292971277 0.00018518518518518518 0.0005029758253847752
0 0.0017857142857142857 0.0 1.0 0.0 0.0038618373739223943 0.004676646399785465 0.009850374064837904 0.0 4.9507410887983406e-05
0 0.007407407407407408 0.0 1.0 0.0 0.005247299674044029 0.007558216403693679 0.01025214740925464 0.0016666666666666666 0.002169591141127825
0 0.003289473684210526 0.0 1.0 0.0 0.012611799895545794 0.01342577913814009 0.008925055781598634 0.0002631578947368421 0.036687393361636546
0 0.0032679738562091504 0.0 1.0 0.0 0.0036828523004224286 0.0018895541009234197 0.011914657799944583 0.0012500000000000002 0.00014173959150617707
0 0.0021367521367521365 0.0 1.0 0.0 0.005947260593792563 0.0013081528391008291 0.006522156148091309 0.00028846153846153843 0.0003153714729137855
0 0.005847953216374269 0.0 1.0 0.0 0.0 0.0 0.005541701302299806 0.0 0.004257671232861945
0 0.004545454545454546 0.0 1.0 0.0 0.004626430353655165 0.002002045222966337 0.011108592155973701 0.0009090909090909091 0.00031989644399817727
0 0.0047619047619047615 0.0 1.0 0.0 0.008845522760841194 0.00220224974526297 0.013466334164588529 0.0017500000000000003 0.08509624870413564
0 0.041666666666666664 0.0 1.0 0.0 0.01331016653239979 0.0043248445245734676 0.009914255091103967 0.0022812667740203974 0.04166666666666668
0 0.015151515151515152 0.0 1.0 0.0 0.010363807287643556 0.00255896735879727 0.008964240475494496 0.0018542917093641732 0.02844706497379577
0 0.013888888888888888 0.0 1.0 0.08333333333333333 0.009002133897410102 0.005132772305754742 0.010182207931404072 0.0017444981213097155 0.029832003188261538
0 0.008333333333333333 0.0 1.0 0.0 0.010813866456898986 0.004795740672474905 0.012272240085744908 0.0019860440150295225 0.021467166134590963
0 0.016666666666666666 0.0 1.0 0.0 0.02117513375064775 0.006944331182652953 0.011923901393354771 0.0017444981213097155 0.06951500875651458
0 0.008333333333333333 0.0 1.0 0.0 0.010262425718678993 0.007777240788579729 0.011093247588424436 0.0020933977455716585 0.024045613046250282
0 0.007936507936507936 0.0 1.0 0.0 0.008104899483258383 0.006930564866392206 0.011075384065737763 0.0018786902844873858 0.00022380641439515375
0 0.005952380952380952 0.0 1.0 0.0 0.010505619829705277 0.006293614313512779 0.011330577246975962 0.0010735373054213634 0.018505646334070897
0 0.0038314176245210726 0.0 1.0 0.0 0.007390234707851895 0.0069240561033223095 0.006153675573788669 0.00027763895829862847 0.026674022100087527
0 0.007692307692307693 0.0 1.0 0.0 0.0202332519811901 0.00674088419504453 0.010883007667573582 0.0007432181345224823 0.0512722219640236
0 0.002840909090909091 0.0 1.0 0.0 0.0027964577715250405 0.004792347357414472 0.011103295819935691 0.00045289855072463763 0.00823557897094604
0 0.0043859649122807015 0.0 1.0 0.0 0.006955316507029766 0.003903682307950756 0.008800135386698257 0.0005932706161539113 0.04181746545510714
0 0.002564102564102564 0.0 1.0 0.0 0.012256285262781852 0.00688482311702979 0.00889603429796356 0.0005367686527106817 0.018156158170640598
0 0.0047619047619047615 0.0 1.0 0.0 0.012062127252533304 0.009853783520242422 0.011361200428724544 0.0008588298443370907 0.03449411092620712
0 0.00392156862745098 0.0 1.0 0.0 0.008542130586661362 0.006012482096695335 0.012010592018157745 0.00047361939945060144 0.009271699954127485
0 0.004464285714285714 0.0 1.0 0.0 0.010696290865296543 0.003912120291766915 0.004937988056959118 0.00023004370830457787 0.00024036364468219408
0 0.004901960784313725 0.0 1.0 0.0 0.003365401021136012 0.0018256561361578935 0.008708467309753484 0.00026838432635534085 0.00045628084478726406
0 0.001984126984126984 0.0 1.0 0.0 0.01511428465210525 0.007559392976794236 0.007636655948553055 0.0003450655624568668 0.020242177563014257
0 0.004048582995951417 0.0 1.0 0.0 0.017844646015758445 0.007013053720293659 0.013727430126143952 0.0012386968908708038 0.04826410743770925
0 0.0038461538461538464 0.0 1.0 0.0 0.01549547882971284 0.0040413327704077375 0.008904279000742022 0.0004954787563483216 0.07523635963323286
0 0.0031746031746031746 0.0 1.0 0.0 0.01643392298944093 0.010687606287766058 0.0105037513397642 0.0011808910359634996 0.06838607954473824
0 0.0023923444976076554 0.0 1.0 0.0 0.010642749830923073 0.005765229903656507 0.006007784735149772 0.0 0.04076923696281006
0 0.002288329519450801 0.0 1.0 0.0 0.009931336157942134 0.0034591379421939038 0.007953968522592657 0.0 0.04184809135375953
0 0.0021929824561403508 0.0 1.0 0.0 0.0018402051291698375 0.0023060919614626024 0.006600101540023694 0.0 0.0008394034736600997
0 0.004 0.0 1.0 0.0 0.014364275937520193 0.0 0.00562700964630225 0.0 0.07877236800148579
0 0.004807692307692308 0.0 1.0 0.0 0.014403211167428093 0.00293265979122524 0.006229903536977492 0.0006038647342995169 0.09936743922226982
0 0.0020576131687242796 0.0 1.0 0.0 0.00420611156410492 0.0018256561361578933 0.008127902822436583 0.0005367686527106817 0.0004269886121008878
0 0.0021008403361344537 0.0 1.0 0.0 0.006245763738202379 0.004526810876810096 0.009551730660109704 0.0010419626787913233 0.041867306247261954
0 0.002652519893899204 0.0 1.0 0.0 0.008769734098823978 0.002527831573141698 0.012490724709374226 0.00037160906726124113 0.00019572954162114223
0 0.002564102564102564 0.0 1.0 0.0 0.007206266410582071 0.0 0.009398961167449912 0.0 0.014139857392763567
0 0.0026881720430107525 0.0 1.0 0.0 0.011563319790858437 0.00273848420423684 0.010986066452304396 0.00040257648953301127 0.00019174300280352195
0 0.000946969696969697 0.0 1.0 0.0 0.010883951668495102 0.0009203535116140129 0.013495079411478126 0.00029278290147855365 0.027681162269376478
0 0.0033670033670033673 0.0 1.0 0.2222222222222222 0.0 0.0 0.0055376920328688815 0.0 0.0038249727406235623
0 0.07142857142857142 0.0 1.0 0.0 0.015394667555903768 0.015187957366286366 0.009870129870129871 0.003122560499609679 0.07142857142857142
0 0.013888888888888888 0.0 1.0 0.0 0.00906739354001852 0.009185373007774333 0.010353535353535356 0.002479255211495647 0.026143528342611022
0 0.016666666666666666 0.0 1.0 0.0 0.003311668983894117 0.0037171556083739404 0.008454545454545454 0.0017304189435336978 0.0002523116750236407
0 0.016666666666666666 0.0 1.0 0.0 0.0005692236283808008 0.0008260345796386534 0.004848484848484849 0.0017000607164541597 0.0012147445962314314
0 0.028571428571428574 0.0 1.0 0.0 0.031558835192058765 0.024704960100490288 0.010909090909090908 0.00468384074941452 0.13922981522177144
0 0.009259259259259259 0.0 1.0 0.0 0.004896033685937781 0.00592507091038799 0.010000000000000002 0.002125075895567699 0.00014565283991706433
0 0.008928571428571428 0.0 1.0 0.0 0.001937017059624098 0.0030976296736449503 0.007840909090909091 0.0019353369763205834 0.0005625016781020656
0 0.006578947368421052 0.0 1.0 0.0 0.004935823749663806 0.003539694016090043 0.005358851674641149 0.001533889368229317 0.00026120013091920555
0 0.007936507936507936 0.0 1.0 0.0 0.006704131393925841 0.004425185248064215 0.0070129870129870125 0.0 0.0003749354416029275
0 0.003703703703703704 0.0 1.0 0.0 0.010971866024324454 0.011018670472442503 0.008215488215488216 0.0010794036294947042 0.03401104786647805
1 0.004329004329004329 0.0 1.0 0.0 0.007519190976206998 0.005310222297677057 0.006493506493506494 0.00034695116662329775 0.00013635136627529175
0 0.003472222222222222 0.0 1.0 0.0 0.01063832406840882 0.01179051186398654 0.008257575757575759 0.001366120218579235 0.03989316461551301
0 0.002958579881656805 0.0 1.0 0.0 0.004673759034527157 0.005242142524629916 0.008951048951048951 0.00014011489421325487 9.473319598436031e-05
0 0.002551020408163265 0.0 1.0 0.0 0.009985284848149107 0.010308517154710792 0.012142857142857141 0.00117096018735363 0.033540011512308045
0 0.003703703703703704 0.0 1.0 0.0 0.015474770555109124 0.016075525421696685 0.007676767676767677 0.002529852256628213 0.051518830646080205
0 0.001524390243902439 0.0 1.0 0.0 0.006888770590499155 0.008751036612734854 0.009223946784922395 0.0006219734328490826 0.022923633496508014
0 0.001278772378516624 0.0 1.0 0.0 0.00739780052871708 0.007043606246379175 0.008932806324110672 0.000950344499881207 0.020232484631087948
0 0.001633986928104575 0.0 1.0 0.058823529411764705 0.008152841458832919 0.0017674018305523182 0.008770053475935829 0.0005893067609557484 0.009478528634783651
0 0.0010964912280701754 0.0 1.0 0.0 0.008186465079724725 0.004440737795602945 0.008295454545454547 0.0008727990285367335 0.01846339863648145
0 0.0033333333333333335 0.0 1.0 0.0 0.017470338235748062 0.007567150238091381 0.007515151515151515 0.0014571948998178506 0.0628785560845532
0 0.0023809523809523807 0.0 1.0 0.0 0.009989757079444895 0.005675362678568536 0.009636363636363636 0.001092896174863388 0.04903428026621827
0 0.003787878787878788 0.0 1.0 0.0 0.001611924537427994 0.0 0.00818181818181818 0.0009107468123861566 0.00130797761010616
0 0.002898550724637681 0.0 1.0 0.0 0.0005886648017295754 0.0 0.007515151515151515 0.0004857316332726169 0.0011414243550745906
0 0.0026041666666666665 0.0 1.0 0.25 0.0043777640773756555 0.0015488148368224752 0.0060227272727272725 0.00022768670309653916 0.0322668654700216
0 0.043478260869565216 0.0 1.0 0.0 0.004174076686144129 0.004251791823811616 0.012780697563306256 0.003114145406635525 0.043478260869565216
0 0.027777777777777776 0.0 1.0 0.0 0.012899914137846104 0.009349935082284001 0.008089133089133088 0.003520048974594429 0.0033629733455690734
0 0.02222222222222222 0.0 1.0 0.0 0.009274238215535031 0.01659898924198728 0.01043956043956044 0.003305785123966942 0.006349624379938354
0 0.01 0.0 1.0 0.0 0.008296953765779847 0.009744477346910856 0.0074725274725274725 0.0027548209366391185 0.00022999619839131702
0 0.007407407407407408 0.0 1.0 0.0 0.005711071294355002 0.008328613117017826 0.005596255596255596 0.0026527905315784106 0.0016018539786116692
0 0.007246376811594202 0.0 1.0 0.0 0.00631981997802828 0.00977706757215136 0.008122312470138558 0.0007186489399928135 0.00014567850560296997
0 0.007936507936507936 0.0 1.0 0.0 0.006182872208839184 0.008945357231049743 0.011141636141636142 0.0006121824303642485 0.0003970950454069079
0 0.004310344827586207 0.0 1.0 0.0 0.007265338534271797 0.009046597006415915 0.0058734369079196675 0.0 0.00010702871533786013
0 0.0027777777777777775 0.0 1.0 0.0 0.005844473752599447 0.010042889963538141 0.011675824175824176 0.0006887052341597796 0.010998806113555254
0 0.0035714285714285718 0.0 1.0 0.0 0.009491353151888081 0.012046743972829359 0.009222919937205653 0.0 0.00040330588342498867
0 0.0036363636363636364 0.0 1.0 0.0 0.004789655362502152 0.002998300722126418 0.006373626373626374 0.0 0.00014714579810958943
0 0.0026041666666666665 0.0 1.0 0.0 0.005944232043849382 0.0012991585439936508 0.01004464285714286 0.0006026170798898072 0.013373416173173525
1 0.0027472527472527475 0.0 1.0 0.0 0.00876919913038781 0.002233800730674035 0.005788854003139716 0.0006887052341597796 0.016385514066141797
0 0.0021645021645021645 0.0 1.0 0.0 0.0049585136087914455 0.0006355559712447317 0.004828504828504828 0.00016695884464479506 0.0009922504002259675
0 0.045454545454545456 0.0 1.0 0.0 0.009577024329064213 0.00643429348593644 0.013710474308300396 0.001607915893630179 0.045454545454545456
0 0.02631578947368421 0.0 1.0 0.0 0.005875255146874196 0.0045732233834503005 0.009939931350114417 0.0014321518080916576 0.023706742394496483
0 0.015873015873015872 0.0 1.0 0.0 0.006364045387845384 0.0026442739604759227 0.011710662525879916 0.0016844833171363782 0.020338905106129544
0 0.016666666666666666 0.0 1.0 0.0 0.001698333437106362 0.00484331127973356 0.008786231884057971 0.0015419501133786847 0.004688493080982249
0 0.00425531914893617 0.0 1.0 0.0 0.006658229881108482 0.0044518016677896205 0.009192876965772435 0.0016500217108119828 0.018184191747586863
0 0.0037037037037037034 0.0 1.0 0.0 0.005213310210112769 0.0035640335604811466 0.011020531400966186 0.0018442932728647001 0.016099164888491075
0 0.01020408163265306 0.0 1.0 0.0 0.007158227335653985 0.005949616411070827 0.007472826086956522 0.0001943634596695821 0.057132292173790976
0 0.00625 0.0 1.0 0.0 0.004721415315189116 0.007166267934473329 0.013383152173913046 0.0007482993197278912 0.00018452952442284224
0 0.0035842293906810036 0.0 1.0 0.0 0.002215644269617222 0.002686923540483599 0.0051718092566619914 0.00026333113890717575 0.0011898189694848015
0 0.002325581395348837 0.0 1.0 0.0 0.009630490652790043 0.005128941583932935 0.0114067239635996 0.000601170700838475 0.015819412271764602
0 0.0018181818181818182 0.0 1.0 0.0 0.007787234048251819 0.004765837847758029 0.013070652173913042 0.0012244897959183675 0.015750167166094474
0 0.0028735632183908046 0.0 1.0 0.0 0.00812417894857899 0.006448846837707327 0.015320464767616197 0.001172882946281961 0.03004852700584499
0 0.002958579881656805 0.0 1.0 0.0 0.005737771118719533 0.0023041990792681353 0.011496655518394648 0.00020931449502878074 0.02969998186757741
0 0.008928571428571428 0.0 1.0 0.0 0.0055125206966122175 0.007891500082226166 0.012737771739130434 0.0015306122448979593 0.0008100340570468833
0 0.005128205128205128 0.0 1.0 0.0 0.01457631396202546 0.009365911423159266 0.01578177257525084 0.001465201465201465 0.06852524294161455
0 0.0021551724137931034 0.0 1.0 0.0 0.004728703285219843 0.00387573159171699 0.007730509745127437 0.0007506450856204552 0.015339923817503908
0 0.00392156862745098 0.0 1.0 0.0 0.009541844604666365 0.006911092560661467 0.012681159420289854 0.0017233560090702948 0.02557581672905594
0 0.003472222222222222 0.0 1.0 0.0 0.0019423035587010124 0.002077975368287199 0.0037364130434782605 0.00017006802721088434 0.004035785466273575
0 0.003508771929824561 0.0 1.0 0.0 0.011136791804822294 0.005729879126469251 0.005978260869565216 0.000634920634920635 0.04577088076896894
0 0.008333333333333333 0.0 1.0 0.0 0.0009973957179633018 0.0015424931436109548 0.008152173913043478 0.0 0.024921028829216877
0 0.002506265664160401 0.0 1.0 0.0 0.002474187723417083 0.004784046170674028 0.01272883295194508 0.0007876834944504118 0.0003427454331307034
0 0.006493506493506494 0.0 1.0 0.0 0.003880237062031556 0.002931083624838405 0.01824534161490683 0.0009718172983479106 0.0011735529639329261
0 0.002898550724637681 0.0 1.0 0.0 0.009689914176433828 0.00421933342898885 0.013768115942028985 0.0009070294784580499 0.051013374361153274
0 0.0013888888888888887 0.0 1.0 0.0 0.007874210580713982 0.001850991772333146 0.01127717391304348 0.0004081632653061224 0.03033165136361703
0 0.002 0.0 1.0 0.0 0.0035209471160983384 0.0009254958861665729 0.0066576086956521745 0.00034013605442176874 0.0017913703042747478
0 0.0022624434389140274 0.0 1.0 0.0 0.003818549298423706 0.002871077056840026 0.013906649616368286 0.0011204481792717088 0.0003160346313326407
0 0.001610305958132045 0.0 1.0 0.0 0.006646112805059103 0.0020692854679908897 0.014236767485822309 0.0011239278320023664 0.03301283890818494
0 0.0016233766233766233 0.0 1.0 0.0 0.007069906981410141 0.00181384307912785 0.010869565217391304 0.0008039579468150895 0.03477139427611602
0 0.0009578544061302681 0.0 1.0 0.0 0.00651267202339308 0.0010864723602188177 0.011548913043478264 0.0006046863189720334 0.018583556490511056
0 0.0017543859649122807 0.0 1.0 0.0 0.006989142040870841 0.0 0.008152173913043478 0.0005728607232366631 0.04102623687249917
0 0.002304147465437788 0.0 1.0 0.0 0.007166953064602395 0.0029506220754518006 0.016789596273291928 0.001360544217687075 0.005479592119822116
0 0.0010416666666666667 0.0 1.0 0.0 0.006994399349895459 0.00037136912128998644 0.008242753623188406 9.070294784580498e-05 0.030937120192142935
0 0.05 0.0 1.0 0.0 0.007583952623673616 0.0025413679065968784 0.01082089552238806 0.0012453300124533005 0.05
0 0.011904761904761904 0.0 1.0 0.0 0.007451762636048733 0.005454859000874427 0.014244254915896709 0.0015121864436932928 0.008232453515414842
0 0.011904761904761904 0.0 1.0 0.0 0.0073104640278937845 0.007674924822726318 0.017768301350390897 0.002357231809286604 0.013479055456906102
0 0.006578947368421052 0.0 1.0 0.0 0.004823150628107992 0.005782672030391745 0.013812516365540718 0.0026545192370715093 0.01947804295657698
0 0.0064516129032258064 0.0 1.0 0.0 0.005229143454825816 0.004319835529711548 0.009950248756218905 0.0014461896918812516 0.012397178994033562
0 0.013888888888888888 0.0 1.0 0.0 0.004737845554151692 0.0039015662884057355 0.01730928689883914 0.002075550020755501 0.055927903559525656
0 0.007142857142857143 0.0 1.0 0.0 0.005116320214297282 0.007114222703324619 0.008208955223880597 0.0019925280199252797 0.030755491058527984
0 0.003289473684210526 0.0 1.0 0.0 0.006480868855575536 0.007443224056815461 0.012863315003927728 0.0009176115881234843 0.009776082211370246
0 0.0065359477124183 0.0 1.0 0.0 0.004338653523442757 0.0024915371633302727 0.010316066725197541 0.0005127829463043 0.00039178369825491085
0 0.002380952380952381 0.0 1.0 0.047619047619047616 0.004198551662085216 0.0043962044248358825 0.009891021085050938 0.0002668564312399929 0.013996475331623806
0 0.004329004329004329 0.0 1.0 0.0 0.0034973750365697364 0.0023381411503781042 0.01042407012556266 0.00023720571665777145 0.030757216798731658
0 0.005952380952380952 0.0 1.0 0.0 0.004104901390258082 0.0045094527770187225 0.015547263681592038 0.0008005692937199787 0.04761039442581584
0 0.006410256410256411 0.0 1.0 0.0 0.0021804370719439906 0.00352967764805122 0.004249585406301825 0.0 0.004412446411371967
0 0.0023809523809523807 0.0 1.0 0.0 0.006894453571515923 0.006301003831906089 0.021102819237147595 0.0022000830220008302 0.012452830003222328
0 0.004166666666666667 0.0 1.0 0.0 0.01214027107288711 0.009279594482796498 0.019434079601990048 0.0014009962640099626 0.023705485396056797
0 0.002976190476190476 0.0 1.0 0.0 0.009153740604424601 0.007500024419197186 0.010957119166074388 0.0008895214374666429 0.018268010669726206
0 0.0058823529411764705 0.0 1.0 0.0 0.0 0.0008471226355322928 0.01567164179104477 0.0006226650062266502 0.0053575176025574
0 0.00505050505050505 0.0 1.0 0.0 0.007195774510288733 0.0030804459473901553 0.005766621438263228 0.0 0.05466751911535232
0 0.003508771929824561 0.0 1.0 0.0 0.0048936653392019505 0.0030236545807615966 0.008540630182421228 0.00049813200498132 0.0435059394566268
0 0.0009090909090909091 0.0 1.0 0.0 0.005507241598417436 0.004539529581371523 0.013885119855269107 0.0004528472772557455 0.011724696380647274
0 0.004329004329004329 0.0 1.0 0.0 0.01105763452859897 0.004969192047539927 0.016847580280416104 0.0010189063738254274 0.045563549770756585
0 0.0023923444976076554 0.0 1.0 0.0 0.008970201786531205 0.009392185693939762 0.01813301911495156 0.001704135806515042 0.0393533982713624
0 0.0010869565217391304 0.0 1.0 0.0 0.005994762042554844 0.0036045671456876463 0.010043532338308458 0.0004669987546699875 0.017614223547824735
0 0.004166666666666667 0.0 1.0 0.0 0.008261471181528004 0.0 0.010945273631840797 0.0 0.0006366561018215995
0 0.002105263157894737 0.0 1.0 0.0 0.008964426610268994 0.0017834160748048267 0.012765121759622938 0.0009176115881234843 0.02069614320498693
0 0.0019230769230769232 0.0 1.0 0.0 0.0014410958299765596 0.00043175356440948426 0.007960199004975122 0.00043586550435865506 0.0023176480726174674
0 0.0020576131687242796 0.0 1.0 0.0 0.005534963839333464 0.0 0.008844665561083473 0.0006918500069185 0.03270998334858805
0 0.0015527950310559005 0.0 1.0 0.0 0.0018204869768335906 0.0007366283787237328 0.008327925589444084 0.0007580269641020088 0.0058378284546686445
0 0.0038314176245210726 0.0 1.0 0.0 0.0 0.0 0.011194029850746268 0.0012453300124533001 0.012145717383320634
0 0.0007575757575757576 0.0 1.0 0.0 0.006256797630237698 0.0010766947769077914 0.011278833107191319 0.0010472093286539115 0.014413851667969952
0 0.0012903225806451613 0.0 1.0 0.0 0.00961920884986805 0.0027107924337033368 0.013233830845771143 0.000846824408468244 0.014336730529321632
0 0.0011160714285714285 0.0 1.0 0.0 0.006522909655144292 0.0006050875968087805 0.00923951670220327 0.0007116171499733144 0.016832373954397302
0 0.001594896331738437 0.0 1.0 0.0 0.001529115166978615 0.0 0.009295627127520292 0.00026217473946385267 0.01243699278159488
0 0.003676470588235294 0.0 1.0 0.0 0.0 0.0 0.016946517412935326 0.0014009962640099626 0.005032053241482856
0 0.0035714285714285713 0.0 1.0 0.0 0.001577037931311921 0.0010793839110237106 0.005286069651741294 0.0006226650062266501 0.011134115349268394
0 0.0027777777777777775 0.0 1.0 0.0 0.0013144571217132309 0.0 0.010696517412935324 0.00049813200498132 0.0035665588941011586
0 0.04 0.0 1.0 0.0 0.005677312593260442 0.007376090707219133 0.00996996996996997 0.003132530120481928 0.04
0 0.015625 0.0 1.0 0.0 0.0032743713008072653 0.0038417139100099646 0.007413663663663664 0.0029179216867469874 0.005174988364022337
0 0.047619047619047616 0.0 1.0 0.0 0.0 0.0 0.008151008151008152 0.0025817555938037863 0.006553904865350848
0 0.006756756756756757 0.0 1.0 0.0 0.005674411180458059 0.00719888732686552 0.008846684522360197 0.0017909475740801046 0.013987619332773033
0 0.007407407407407408 0.0 1.0 0.0 0.005337099411323264 0.010623998961015213 0.0035591146702257815 0.0 0.00045962077045981275
0 0.018518518518518517 0.0 1.0 0.0 0.005186020323156408 0.002276571205931831 0.008008008008008008 0.0 0.002067814601388183
0 0.005714285714285714 0.0 1.0 0.0 0.009640805163436626 0.012280790474000826 0.010570570570570571 0.0015662650602409635 0.0003395237686931046
0 0.003787878787878788 0.0 1.0 0.0 0.00604759964431452 0.00745059667395872 0.008463008463008464 0.0006389193136181087 0.0003422616913090903
0 0.003367003367003367 0.0 1.0 0.0 0.006864348245523173 0.010555011954774854 0.009009009009009005 0.0009127418765972982 0.00011112052025773048
1 0.00625 0.0 1.0 0.0 0.010639600648532532 0.013333803008810046 0.006944444444444445 0.0016942771084337348 0.02236495922059303
0 0.005681818181818182 0.0 1.0 0.0 0.00882296300900802 0.011505307295606358 0.009759759759759758 0.0009412650602409639 0.0008279262408547611
0 0.004166666666666667 0.0 1.0 0.0 0.005342579812291381 0.009658452911917545 0.008408408408408409 0.00030120481927710846 0.0060997394744528415
0 0.006993006993006993 0.0 1.0 0.0 0.004242996799479614 0.0 0.011466011466011467 0.0 0.0021764432286204456
0 0.002747252747252747 0.0 1.0 0.0 0.004884572261661673 0.0 0.006006006006006008 0.0 0.0005333350853962042
0 0.004166666666666667 0.0 1.0 0.0 0.0 0.0 0.00825825825825826 0.00037650602409638556 0.0008951730706705916
0 0.04 0.0 1.0 0.0 0.012396180575664438 0.009048973464814588 0.009147982062780271 0.002606741573033707 0.04
0 0.021739130434782608 0.0 1.0 0.0 0.0060354299546214905 0.010975737893825579 0.01394033924741665 0.0031265266243282845 0.046341764474816825
0 0.027777777777777776 0.0 1.0 0.0 0.0042156216768832735 0.012707383572512705 0.01046337817638266 0.003932584269662921 0.011950819672449485
0 0.0125 0.0 1.0 0.0 0.00561361503743901 0.010700396256914647 0.005829596412556054 0.002359550561797752 0.000372767131567854
0 0.01 0.0 1.0 0.0 0.009603976040911958 0.006476183587804797 0.009080717488789237 0.0025842696629213473 0.004401997471607829
0 0.006666666666666666 0.0 1.0 0.0 0.0061845774196069995 0.006403849299605512 0.006995515695067264 0.0014382022471910113 0.00443569094350613
0 0.005714285714285714 0.0 1.0 0.0 0.0034471215705507317 0.007933897758848608 0.010582959641255607 0.001348314606741573 0.0048324220633727865
1 0.003787878787878788 0.0 1.0 0.0 0.008969064894968168 0.008100341247118018 0.012637586628618016 0.0008171603677221655 0.025751297087265243
0 0.00505050505050505 0.0 1.0 0.0 0.004143609063163406 0.007530636182032085 0.010191602119853243 0.0008171603677221656 0.0011205096892263169
0 0.004166666666666667 0.0 1.0 0.0 0.005315050032127971 0.0036002457534255027 0.014667414050822128 0.001404494382022472 0.0002052928094123514
0 0.003952569169960474 0.0 1.0 0.0 0.0020510546712290134 0.005274746701472529 0.010918307662312342 0.001172447484123107 0.000267396070448508
0 0.003205128205128205 0.0 1.0 0.0 0.00821003038464537 0.010235585325734799 0.009744739565367368 0.001296456352636128 0.0361654207478923
0 0.0015384615384615385 0.0 1.0 0.0 0.003312370059190445 0.007186380082523553 0.009730941704035876 0.0007191011235955057 5.8507894270951616e-05
0 0.008928571428571428 0.0 1.0 0.0 0.016531339556390516 0.00854731878600153 0.008408071748878924 0.0005617977528089888 0.11025750580395537
0 0.0031746031746031746 0.0 1.0 0.0 0.008068871164935428 0.004798734576889289 0.013239376468076018 0.0010700909577314073 0.03986209117747928
0 0.0023148148148148147 0.0 1.0 0.0 0.007295666056552521 0.0050846719709655595 0.010463378176382663 0.0015813566375364131 0.029865703230996302
0 0.0034602076124567475 0.0 1.0 0.0 0.002874958190641282 0.0 0.0055394355051437616 0.0 0.000777304243500309
0 0.001984126984126984 0.0 1.0 0.0 0.005206878507673101 0.0010918771690729232 0.007126841768097374 0.0006420545746388444 9.327549945977613e-05
0 0.006578947368421052 0.0 1.0 0.0 0.009303152013735548 0.007333754179444922 0.009248878923766817 0.0022471910112359553 0.001446564421889074
0 0.005555555555555556 0.0 1.0 0.0 0.001420972215908371 0.0 0.013702042850024913 0.0009987515605493135 0.0013069041183836677