0 0.034482758620689655 0.0 1.0 0.06896551724137931 0.017122565472299782 0.01221853948991517 0.0148435715916876 0.007126436781609191 0.034482758620689655
0 0.027777777777777776 0.0 1.0 0.0 0.016935938356472575 0.02469573158023832 0.018763796909492276 0.004814814814814815 0.012974326659082974
0 0.02564102564102564 0.0 1.0 0.0 0.01316524980330329 0.013953630283742175 0.016811003565970453 0.0010256410256410256 0.0004042485407719487
0 0.013888888888888888 0.0 1.0 0.0 0.014005741192020428 0.025766239638718384 0.02722590139808683 0.0025925925925925925 0.04353684410704191
0 0.014285714285714287 0.0 1.0 0.0 0.01089524065880578 0.022364018170109752 0.026490066225165566 0.0014285714285714286 0.03140856493285783
0 0.006944444444444444 0.0 1.0 0.0 0.01433605154703567 0.006402971102760436 0.01490066225165563 0.0011111111111111111 0.0216187264729882
0 0.012987012987012986 0.0 1.0 0.0 0.02892536213453344 0.013970118769659135 0.0325105358217941 0.0024242424242424242 0.026209229409694248
0 0.005208333333333333 0.0 1.0 0.0 0.013726441996311107 0.0037791082018468394 0.011589403973509936 0.0 0.012759205756910946
0 0.03125 0.0 1.0 0.0 0.010487029108134401 0.011719406590981262 0.012436224489795922 0.00544871794871795 0.03125
0 0.013513513513513514 0.0 1.0 0.0 0.007273538058201737 0.009428128570096065 0.015030336458907891 0.003603603603603603 0.027679538983172342
0 0.008547008547008546 0.0 1.0 0.05128205128205128 0.015551861833731846 0.016771631194519077 0.008634222919937207 0.00039447731755424067 0.019158969469042126
0 0.005681818181818182 0.0 1.0 0.0 0.008090668496542304 0.01585639804970702 0.010320037105751394 0.0 4.995102081453906e-05
0 0.004545454545454546 0.0 1.0 0.0 0.00764773158907247 0.0013878256710727606 0.015538033395176249 0.0008158508158508157 0.021951519773540686
0 0.030303030303030304 0.0 1.0 0.06060606060606061 0.008862832884600214 0.008864265292648252 0.016092603049124795 0.0037760785424336826 0.030303030303030304
0 0.015151515151515152 0.0 1.0 0.0 0.007378619790022172 0.006767265586025038 0.008940335027291552 0.003115264797507788 0.014526964291997284
0 0.011494252873563218 0.0 1.0 0.0 0.006534046483481897 0.01134993104068294 0.017455557935318056 0.0029004189494038026 0.014526760943796537
1 0.006578947368421052 0.0 1.0 0.0 0.005844829355821896 0.013182626584523016 0.012994442628309908 0.0014756517461878996 0.01705519259115236
0 0.004651162790697674 0.0 1.0 0.0 0.005891406365521133 0.010884857064030185 0.015383504261158459 0.0013040643338404696 0.011120519542806443
0 0.01515151515151515 0.0 1.0 0.0 0.005123184559710994 0.008134555950399075 0.027950310559006212 0.002265647125460209 0.019115923044954256
0 0.009523809523809523 0.0 1.0 0.0 0.00511290025269982 0.007044992008276187 0.009523809523809523 0.0008307372793354102 0.0008999936068924424
0 0.003676470588235294 0.0 1.0 0.0 0.0037733039001890435 0.009653616445235842 0.018176835951772014 0.002199010445299615 0.012897954761672768
0 0.0027100271002710027 0.0 1.0 0.0975609756097561 0.008229340838695759 0.0 0.0043932737464020604 0.0 0.008428945718805064
0 0.007692307692307693 0.0 1.0 0.0 0.006006152245335205 0.00364884973857687 0.014094601051122792 0.0009585430146177809 0.02202120802469974
0 0.011363636363636364 0.0 1.0 0.0 0.007641654435714122 0.005929380825187414 0.014751552795031056 0.001557632398753894 0.04008125209165459
0 0.003472222222222222 0.0 1.0 0.0 0.004967969772433593 0.004063185604562839 0.014751552795031058 0.0009086188992731048 0.010198400323908135
0 0.03333333333333333 0.0 1.0 0.06666666666666667 0.01108938802202803 0.01092013391711754 0.015235690235690233 0.003291139240506329 0.03333333333333333
0 0.011904761904761904 0.0 1.0 0.0 0.008587270342870533 0.008322786788709874 0.014309764309764312 0.0031344183242917427 0.012995296228487727
0 0.008547008547008546 0.0 1.0 0.0 0.004319457279869873 0.0044157057859943605 0.01023051023051023 0.0018825056799740346 0.00878140067962912
0 0.008620689655172414 0.0 1.0 0.06896551724137931 0.006319461647296036 0.010107262917458507 0.009143155694879833 0.0005237887385421214 0.007796111724669827
0 0.011111111111111112 0.0 1.0 0.0 0.007444902465202481 0.0051200779871195595 0.018378226711560045 0.0011251758087201125 0.019555462446830558
0 0.01282051282051282 0.0 1.0 0.0 0.007077039106416232 0.013040446179380483 0.011655011655011656 0.0007789678675754625 0.0007931709702592416
0 0.004464285714285714 0.0 1.0 0.0 0.007650664745504381 0.009562198656575083 0.013415404040404042 0.0014240506329113924 0.004690559614285949
0 0.004464285714285714 0.0 1.0 0.0 0.006235210510362442 0.006253156935665008 0.010642135642135642 0.0003616636528028933 0.00026241415108375357
0 0.009259259259259259 0.0 1.0 0.0 0.0037826400620409365 0.011480835043585337 0.010521885521885523 0.0006329113924050633 0.0009453167708468315
0 0.003703703703703704 0.0 1.0 0.0 0.005230492008349972 0.004842622539555059 0.011129816685372242 0.0005625879043600563 0.00021000428672701406
0 0.0034965034965034965 0.0 1.0 0.07692307692307693 0.008760699540515844 0.0018035022599405916 0.01214063714063714 0.001655306718597858 0.010823947374047488
0 0.0030864197530864196 0.0 1.0 0.07407407407407407 0.007927264948184983 0.002918484747228275 0.009072203516647961 0.0006563525550867324 0.024973633517561225
0 0.0034965034965034965 0.0 1.0 0.0 0.006738627588526867 0.0008761018388424211 0.014692378328741963 0.002531645569620253 0.0382320566797312
0 0.0047619047619047615 0.0 1.0 0.0 0.009903730764492902 0.010195885679949784 0.012626262626262626 0.0018565400843881855 0.04482608977123613
0 0.004166666666666667 0.0 1.0 0.0 0.00911782898514787 0.008043613792426959 0.008049242424242424 0.00031645569620253165 0.022949924313388534
0 0.003125 0.0 1.0 0.0 0.011840600014821337 0.004605471031384435 0.00808080808080808 0.0008860759493670887 0.04495479912355382
0 0.030303030303030304 0.0 1.0 0.06060606060606061 0.010701506865127407 0.010117450810901624 0.010160427807486633 0.0034861893268972916 0.0303030303030303
0 0.014705882352941176 0.0 1.0 0.0 0.010583756461388052 0.008475088538472751 0.01557093425605536 0.0032101336109665105 0.015532350064556532
0 0.01111111111111111 0.0 1.0 0.0 0.008541520207164107 0.007206669210922673 0.01745098039215686 0.0032448377581120944 0.010783575537228446
0 0.03125 0.0 1.0 0.125 0.009247127084828702 0.0045053448250474675 0.004044117647058823 0.0 0.02889294050056707
0 0.006060606060606061 0.0 1.0 0.09090909090909091 0.007170216906239987 0.0017640332365004476 0.006506238859180036 0.00017877893984088674 0.008950726849862084
0 0.005747126436781609 0.0 1.0 0.0 0.004529582681394312 0.0012428537448406806 0.006592292089249493 0.0 0.0004220539461031476
0 0.007518796992481203 0.0 1.0 0.0 0.013686241135800564 0.014343355554710276 0.017182662538699694 0.0027945971122496508 0.03269046350486691
0 0.015625 0.0 1.0 0.0 0.010597444193542986 0.00842181966763345 0.01838235294117647 0.0022123893805309734 0.0615769584450258
0 0.004273504273504273 0.0 1.0 0.0 0.011408527508752726 0.015639723487768126 0.013800904977375565 0.0020422055820285907 0.016445754797475034
0 0.005263157894736842 0.0 1.0 0.0 0.00683516880004743 0.010023010670772145 0.016408668730650156 0.0003105107902499612 0.023628731735919384
0 0.006060606060606061 0.0 1.0 0.0 0.011287154368124518 0.0050783254065245535 0.021176470588235293 0.0015732546705998034 0.019394239523854946
0 0.0030864197530864196 0.0 1.0 0.0 0.007135428320086563 0.009123376415966803 0.014596949891067537 0.0016388069485414618 0.013583560625773565
0 0.004807692307692308 0.0 1.0 0.0 0.007209772479138531 0.009965802911690002 0.009191176470588234 0.0007374631268436578 0.0003602475771808811
0 0.0026455026455026454 0.0 1.0 0.0 0.00835326663926607 0.009827139457599733 0.016775599128540302 0.0014202993554026002 0.018772723472430645
0 0.004166666666666667 0.0 1.0 0.0 0.00856674104566617 0.0075247729682791035 0.021139705882352946 0.0011061946902654867 0.025742388994014907
0 0.09090909090909091 0.0 1.0 0.0 0.00798865114643763 0.005153329366154781 0.018031555221637866 0.007575757575757575 0.09090909090909088
1 0.012195121951219513 0.0 1.0 0.04878048780487805 0.01452840685561919 0.019818183503447988 0.01491634751058254 0.006707317073170731 0.010553644443105498
0 0.016666666666666666 0.0 1.0 0.0 0.01639811008990539 0.028343311513851294 0.008264462809917356 0.0 8.89389160669793e-05
0 0.013888888888888888 0.0 1.0 0.0 0.023943797132433095 0.022044797844106564 0.008264462809917356 0.0 7.384642169248812e-05
0 0.0064516129032258064 0.0 1.0 0.0 0.016236037212262903 0.018286007428291156 0.009064249533457745 0.0 2.301834889046819e-05
0 0.038461538461538464 0.0 1.0 0.0 0.02158882594940753 0.016404593975143898 0.026987718164188764 0.007140538786108408 0.038461538461538464
0 0.016129032258064516 0.0 1.0 0.0 0.020278946896816065 0.014098732988616493 0.02873407427487124 0.006669388866203896 0.020467917287044207
0 0.016666666666666666 0.0 1.0 0.0 0.010138256064225228 0.003692708075198563 0.0184873949579832 0.0016877637130801686 0.014687067958313501
0 0.016666666666666666 0.0 1.0 0.0 0.014459014350638419 0.02029397123053645 0.02324929971988796 0.0050632911392405056 0.033770588480467524
0 0.009523809523809525 0.0 1.0 0.0 0.00970333592092151 0.0141091364698773 0.01400560224089636 0.0008036970062286517 0.016690498391428082
0 0.007936507936507936 0.0 1.0 0.0 0.0029280559785319193 0.008187419918485006 0.01400560224089636 0.0018083182640144667 0.002713637129876113
0 0.01020408163265306 0.0 1.0 0.0 0.003240814662951799 0.005275297250283661 0.041116446578631456 0.005123568414707655 0.009579587339256438
0 0.003472222222222222 0.0 1.0 0.0 0.00771263602213923 0.017815166788388084 0.013888888888888888 0.002578527894983591 0.010635294362552278
0 0.005555555555555555 0.0 1.0 0.0 0.009525759267426005 0.013804432543882802 0.01596638655462185 0.003375527426160338 0.024458208831034407
0 0.0029411764705882353 0.0 1.0 0.0 0.014677311301181925 0.021968560547963544 0.021873455264458726 0.004343509555721023 0.027787133579680247
0 0.034482758620689655 0.0 1.0 0.06896551724137931 0.018429250854526184 0.017341693446000166 0.011027481183266234 0.004926108374384239 0.034482758620689655
0 0.02 0.0 1.0 0.0 0.009590385967523408 0.010540116200888714 0.016243654822335026 0.005306122448979593 0.013326855063761266
0 0.0196078431372549 0.0 1.0 0.0 0.009231977921301135 0.018143928080854316 0.017915795759928337 0.0006002400960384153 0.01481918456007989
0 0.013157894736842105 0.0 1.0 0.0 0.005190768925766917 0.014779663792481783 0.012823938017632916 0.0021482277121374865 0.014969352719050494
0 0.0125 0.0 1.0 0.0 0.004897643080709686 0.014741858731553023 0.010469543147208122 0.0 0.018847463853328337
0 0.016666666666666666 0.0 1.0 0.0 0.007257835891984044 0.006587572625555446 0.005076142131979695 0.0 0.030542279245939562
0 0.01020408163265306 0.0 1.0 0.0 0.009582879820541826 0.009916027351784708 0.018129079042784626 0.0014577259475218659 0.017850767004605243
0 0.00390625 0.0 1.0 0.0 0.009758766630870115 0.005422827458007262 0.011579949238578678 0.0012755102040816326 0.008168590005498933
0 0.0031746031746031746 0.0 1.0 0.05714285714285714 0.009361443329743877 0.000991602735178471 0.013488034807831761 0.0008746355685131195 0.015241678595901205
0 0.027777777777777776 0.0 1.0 0.05555555555555555 0.009641424358883677 0.008736186486746999 0.008733911216180723 0.002632964718272774 0.027777777777777776
0 0.016129032258064516 0.0 1.0 0.0 0.006700110755670584 0.006550905718973498 0.02554716693357737 0.0037456046476073983 0.014010799537911003
0 0.007936507936507936 0.0 1.0 0.047619047619047616 0.010496358900895338 0.012504652721960288 0.02155803219633008 0.003272399006996163 0.012834083609139433
0 0.007352941176470588 0.0 1.0 0.0 0.0073180396784135685 0.012394158245953432 0.013975803087192328 0.0009060496236409256 0.013033423678003581
0 0.008 0.0 1.0 0.0 0.007162304428793076 0.009065690006171818 0.024491725768321516 0.0015165876777251187 0.013269101826800687
0 0.005952380952380952 0.0 1.0 0.0 0.008136740156164508 0.0026438206748799742 0.021276595744680857 0.002031144211238998 0.031091117117535073
0 0.017857142857142856 0.0 1.0 0.0 0.009205810018203413 0.005646118288947892 0.018912529550827423 0.001184834123222749 0.029076901750336878
0 0.003205128205128205 0.0 1.0 0.05128205128205128 0.004396686950601266 0.0077431994225957285 0.01933684912408317 0.0013974966581601653 0.003370009527842297
0 0.005291005291005291 0.0 1.0 0.0 0.006681521795755964 0.005507529617020952 0.012833502195204323 0.001466937485894832 0.02073545214377885
0 0.0030303030303030303 0.0 1.0 0.0 0.008837348521261062 0.009221918831811558 0.02027365857153092 0.002010627603044664 0.013057075263733207
0 0.006060606060606061 0.0 1.0 0.0 0.00173374617116372 0.0 0.018282111899133178 0.0 0.0004907610896536334
0 0.006944444444444444 0.0 1.0 0.0 0.008108535769530344 0.0058342791022131454 0.015957446808510637 0.001184834123222749 0.05484646392171372
0 0.002079002079002079 0.0 1.0 0.0 0.004586795725226023 0.0029708332371122777 0.02114880838285094 0.0010887664916100937 0.011627428788370446
0 0.0017421602787456446 0.0 1.0 0.0975609756097561 0.007902828225914935 0.0004343858889840351 0.006976878279421093 0.00011559357299734135 0.016372304041073177
0 0.005128205128205128 0.0 1.0 0.0 0.006916509045472818 0.009848522705961262 0.01854882705946536 0.002369668246445498 0.010708525561865868
0 0.0078125 0.0 1.0 0.0 0.0058170513671393555 0.004510263613471943 0.014775413711583925 0.001184834123222749 0.026383361371108936
0 0.03125 0.0 1.0 0.0625 0.013716829919356122 0.0099229040950765 0.01087269585253456 0.0031755196304849875 0.031249999999999997
0 0.018518518518518517 0.0 1.0 0.0 0.002724780427443495 0.004992957028119944 0.013568868407578084 0.0025660764690787785 0.0008583127923908691
0 0.02564102564102564 0.0 1.0 0.0 0.006507852718854303 0.0064326165205112395 0.015242821694434595 0.0023094688221709002 0.028942818856066473
0 0.010869565217391304 0.0 1.0 0.0 0.006424093560922827 0.0012309368993035214 0.013424163494289721 0.002510292198011849 0.021159730784450523
0 0.006060606060606061 0.0 1.0 0.0 0.0034795838020512397 0.006895958751468512 0.011869850579527998 0.00139967807404297 0.011790707428489365
0 0.007575757575757575 0.0 1.0 0.0 0.006897808798029487 0.010986204922300251 0.009949727691663175 0.0019945412555112322 0.00021618304066692445
0 0.004201680672268907 0.0 1.0 0.0 0.007641857049122856 0.005082620730645797 0.01111412306858227 0.000611329982339356 0.020812783270697074
0 0.006944444444444444 0.0 1.0 0.0 0.006828115635216952 0.009279139930667098 0.015232974910394263 0.002566076469078778 0.017801425317204786
0 0.004273504273504273 0.0 1.0 0.0 0.009001475738917977 0.008372448253045273 0.011875221552640909 0.0016876887546633504 0.023494760729738558
0 0.002777777777777778 0.0 1.0 0.05555555555555555 0.007294209150468857 0.005177334505776122 0.010496671786994368 0.0007698229407236336 0.0068433332460246165
0 0.005050505050505051 0.0 1.0 0.0 0.01066098283814395 0.00909383464007608 0.009344598054275472 0.0010264305876315114 0.027391362874982443
0 0.0027777777777777775 0.0 1.0 0.0 0.006115616637226729 0.007236723757124294 0.010061443932411675 0.0015396458814472672 0.0192248026054946
0 0.0034965034965034965 0.0 1.0 0.0 0.007416248611922999 0.009603807076004832 0.010682865521575198 0.001259710266638673 0.03485800076188174
0 0.004464285714285714 0.0 1.0 0.0 0.008859714996593288 0.005891219483248537 0.0066244239631336405 0.0 0.025303694543600132
0 0.002150537634408602 0.0 1.0 0.0 0.003780642592406145 0.005439955068570535 0.01873048907388138 0.001862474856589436 0.0020691417918241263
0 0.0078125 0.0 1.0 0.125 0.0075607136979845 0.003927479655499025 0.0031682027649769587 0.0 0.0224518138129197
0 0.0024509803921568627 0.0 1.0 0.0 0.0036744857934771138 0.004064767932611701 0.0074884792626728125 0.00038491147036181676 0.031085552675403926
0 0.004273504273504273 0.0 1.0 0.0 0.005322744772044487 0.004983661833579522 0.013647642679900745 0.0012435601350151006 0.030852888077108835
0 0.006578947368421052 0.0 1.0 0.0 0.007453825000283163 0.0032967631262445034 0.011808755760368663 0.0008660508083140878 0.05955549193812529
0 0.03571428571428571 0.0 1.0 0.0 0.0169726328379586 0.01163915825095555 0.017660910518053373 0.004201680672268908 0.03571428571428571
1 0.01020408163265306 0.0 1.0 0.0 0.012002273241224798 0.012724924147491247 0.021080959856470058 0.004051620648259302 0.01047117352601757
0 0.005952380952380952 0.0 1.0 0.03571428571428571 0.009720377687704068 0.010408903844692508 0.01327838827838827 0.001706932773109244 0.008050645654922212
0 0.013157894736842105 0.0 1.0 0.0 0.009333917901925259 0.005287802261794433 0.016965490649701175 0.0011609907120743034 0.028702041378072026
0 0.005405405405405406 0.0 1.0 0.0 0.0049043449240489135 0.008808493581698492 0.012870012870012873 0.0013910969793322736 0.007600301075503072
0 0.005376344086021505 0.0 1.0 0.0 0.009466588667873928 0.012051094712769486 0.014888337468982627 0.0026091081593927895 0.0130847510153651
0 0.0038610038610038607 0.0 1.0 0.0 0.008379848738266965 0.005118780812108778 0.014652014652014654 0.0005961844197138314 0.020692841748739126
0 0.0078125 0.0 1.0 0.0 0.008317733584059723 0.015570705721432904 0.009157509157509158 0.0013786764705882352 0.0003855650405341311
0 0.029411764705882353 0.0 1.0 0.0 0.015994042176319157 0.012474654023649308 0.021860095389507152 0.006388075592227843 0.02941176470588236
0 0.020833333333333332 0.0 1.0 0.0 0.01313071108936253 0.006325367717702636 0.02102102102102102 0.005467571644042231 0.028142009712552405
0 0.012345679012345678 0.0 1.0 0.07407407407407407 0.007712104703560702 0.011625714218161663 0.015348682015348685 0.0018434724317077263 0.006755515391717204
0 0.016666666666666666 0.0 1.0 0.0 0.01986589467820559 0.02305638764431863 0.02072072072072072 0.0024132730015082957 0.045426205879437895
0 0.004878048780487805 0.0 1.0 0.0 0.010954309584729352 0.016049982807645476 0.019336409580312016 0.002207261891623441 0.01143402965643296
0 0.006172839506172839 0.0 1.0 0.0 0.009344059982143039 0.009424411225449805 0.017017017017017015 0.0026814144461203286 0.0247676975486376
0 0.004464285714285714 0.0 1.0 0.0 0.011945731167087874 0.005367666271021716 0.017736486486486486 0.0009898190045248868 0.022137677226403803
0 0.005681818181818182 0.0 1.0 0.0 0.014688200663874924 0.015171757691164762 0.0085995085995086 0.0008227067050596463 0.027171292017356605
0 0.041666666666666664 0.0 1.0 0.08333333333333333 0.013460674048461664 0.012246603983493852 0.015303497942386834 0.0045149638802889575 0.041666666666666664
0 0.022727272727272728 0.0 1.0 0.0 0.015335916465177868 0.019907358951707962 0.02777777777777778 0.005769772023641992 0.010808580054702711
0 0.01075268817204301 0.0 1.0 0.0 0.009813606150283483 0.01187675249316066 0.018319394663480686 0.003994806751223407 0.018701145611257252
0 0.014705882352941176 0.0 1.0 0.0 0.0035644762633269505 0.004829071548486123 0.010167029774872912 0.001092697140775815 0.0004406101394669718
0 0.014285714285714287 0.0 1.0 0.0 0.00403354241245037 0.005863872594590292 0.015873015873015872 0.0 0.0004055500136562051
0 0.008333333333333333 0.0 1.0 0.0 0.0 0.005050414776393447 0.009876543209876543 0.00046439628482972134 0.0007655957405716973
0 0.003484320557491289 0.0 1.0 0.0975609756097561 0.009011748450853955 0.0005675258363816186 0.00617283950617284 0.00015102318205844598 0.005894056330346397
0 0.009615384615384616 0.0 1.0 0.0 0.008803136640017757 0.008857563156320102 0.017568850902184234 0.002143367468444868 0.00021345882193046396
0 0.013888888888888888 0.0 1.0 0.0 0.008190418404047427 0.002946333196416656 0.015046296296296295 0.0007739938080495357 0.001000461005149866
0 0.004166666666666667 0.0 1.0 0.0 0.005142282599027846 0.0011363517777414707 0.017618312757201646 0.0009029927760577915 0.022828387093876353
1 0.0025252525252525255 0.0 1.0 0.0 0.012490117952061668 0.016749990960269138 0.021862139917695467 0.003611971104231166 0.013759723580693026
0 0.002525252525252525 0.0 1.0 0.0 0.007268749037139343 0.011532681747682304 0.018986157875046768 0.001876348625574632 0.008963020016362816
0 0.0034965034965034965 0.0 1.0 0.0 0.010732141890385469 0.009660041864600448 0.01739618406285073 0.0012665353222628766 0.022987012050031362
0 0.0037593984962406013 0.0 1.0 0.0 0.008659779223833123 0.006247944595599679 0.017218973359324236 0.0004888381945576014 0.0001632649418999724
0 0.029411764705882353 0.0 1.0 0.058823529411764705 0.012900994550823035 0.013119501137566065 0.018977591036414564 0.004422293977256771 0.029411764705882353
0 0.02 0.0 1.0 0.0 0.01093601489438778 0.007496341590711545 0.018285714285714284 0.0031503579952267295 0.025859381601439822
0 0.01075268817204301 0.0 1.0 0.0 0.011946450201286306 0.013880692659462542 0.022350230414746545 0.004311340364924165 0.018068367810003604
0 0.008620689655172414 0.0 1.0 0.0 0.006265938560436705 0.00819822910333257 0.015845648604269295 0.0027158258579540783 0.01596333831036897
0 0.011111111111111112 0.0 1.0 0.0 0.006583950091683052 0.009217572294853366 0.022354497354497356 0.0017236807212940863 0.012364816560643633
0 0.008333333333333333 0.0 1.0 0.0 0.006175221731827064 0.005215586466226408 0.019047619047619046 0.0019093078758949881 0.02067103758164916
0 0.004608294930875576 0.0 1.0 0.0 0.008778376813420356 0.010549966379598135 0.025576036866359446 0.003464469936099777 0.015189067059621567
0 0.007352941176470588 0.0 1.0 0.0 0.0045774766168384705 0.004580328436824606 0.009103641456582632 0.00028078056998455706 0.020381929714084937
0 0.0037037037037037034 0.0 1.0 0.0 0.005472585294718049 0.006312877593956251 0.019444444444444438 0.002068416865552904 0.016239477643740344
0 0.00196078431372549 0.0 1.0 0.0 0.0060464230732418765 0.00976074464726627 0.020634920634920634 0.001871870466563714 0.011932316499306836
0 0.002457002457002457 0.0 1.0 0.0 0.0036666792680036934 0.004298371494041361 0.01196911196911197 0.0001935109333677353 0.014481615006378666
0 0.002032520325203252 0.0 1.0 0.0975609756097561 0.007143217039830667 0.0005833442335521574 0.006039488966318235 0.00011642121194481635 0.0104752360759295
0 0.0026525198938992045 0.0 1.0 0.0 0.004420318349168001 0.0 0.005500821018062398 0.0 0.013614232179205881
0 0.0037593984962406013 0.0 1.0 0.0 0.008512856272759257 0.009895428615893292 0.01704260651629072 0.002386634844868735 0.02466402647012644
0 0.008333333333333333 0.0 1.0 0.0 0.007934546331231515 0.007949474173148043 0.015476190476190478 0.002684964200477327 0.07792920740246437
0 0.02127659574468085 0.0 1.0 0.0 0.011153728299622943 0.010433558529049394 0.016087182148417235 0.006526563111865292 0.02127659574468085
0 0.0125 0.0 1.0 0.0 0.0062073665002328905 0.009032266920256571 0.0038109756097560966 0.0007668711656441719 0.0001193706074870805
0 0.008771929824561403 0.0 1.0 0.0 0.01215819727550835 0.020215867401432285 0.007862644415917844 0.0009686793671294802 0.033288719403218606
0 0.00641025641025641 0.0 1.0 0.0 0.015252932173826443 0.016487320810838233 0.009224515322076299 0.0015730690577316344 0.025312215927441366
0 0.018518518518518517 0.0 1.0 0.037037037037037035 0.01286938099501266 0.013155909568544845 0.0175867691590962 0.005743084857008906 0.018518518518518517
0 0.00847457627118644 0.0 1.0 0.0 0.014562157838203084 0.01664047172293529 0.018015136979000108 0.0007509118214975327 0.013709355921210259
1 0.007246376811594202 0.0 1.0 0.0 0.012863999194909277 0.010345485072943772 0.022969647251845776 0.000550357732526142 0.021678942914098193
0 0.03571428571428571 0.0 1.0 0.14285714285714285 0.017552040287621962 0.01810011985258458 0.013764880952380949 0.004977600796416127 0.035714285714285705
0 0.022727272727272728 0.0 1.0 0.0 0.00836838381674432 0.011850861957010994 0.009311868686868686 0.0033259423503325942 0.006890390466977087
0 0.016666666666666666 0.0 1.0 0.0 0.0031945461534637746 0.01122961356342066 0.010069444444444443 0.004006968641114982 0.0030191698554179955
0 0.008620689655172414 0.0 1.0 0.06896551724137931 0.006242294683415216 0.02065966708166992 0.011374521072796937 0.0037246185269734465 0.01415345991135896
0 0.0064516129032258064 0.0 1.0 0.0 0.007022070915711231 0.009014456648786287 0.008736559139784945 0.0006743846240305722 0.01764532458957237
0 0.013888888888888888 0.0 1.0 0.0 0.00550981456139744 0.008432683076958639 0.01996527777777778 0.0020325203252032522 0.01918959264525458
0 0.015873015873015872 0.0 1.0 0.0 0.019427400740297283 0.01580114927601466 0.013117283950617285 0.0 0.08931361131808138
0 0.0125 0.0 1.0 0.0 0.004025812797380464 0.0030087025181437703 0.0125 0.0017421602787456448 0.0007680008418131988
0 0.006944444444444444 0.0 1.0 0.0 0.008995588615415424 0.012249943286224477 0.009765625 0.00043554006968641115 0.00019964011519641087
0 0.002777777777777778 0.0 1.0 0.0 0.007397316678414131 0.008457821509912058 0.011766975308641974 0.0009678668215253582 0.015357343826753737
0 0.005347593582887701 0.0 1.0 0.0 0.0041775974155456716 0.0013942190537659994 0.011233660130718956 0.0006148800983808158 0.001500828720777714
0 0.0026041666666666665 0.0 1.0 0.0 0.005147610643328638 0.0 0.011067708333333334 0.0003266550522648084 0.01740624642398403
0 0.002958579881656805 0.0 1.0 0.0 0.0010567329000574215 0.0029804028080569877 0.00908119658119658 0.0005360493165371214 0.00029663944161982775
0 0.03333333333333333 0.0 1.0 0.06666666666666667 0.011306485715375032 0.006398975325844935 0.006651549508692364 0.0025757575757575763 0.03333333333333333
0 0.017857142857142856 0.0 1.0 0.0 0.010630661776642526 0.008670844270701373 0.012066731454486555 0.002678571428571429 0.02102355704916219
0 0.02222222222222222 0.0 1.0 0.0 0.008238561317866547 0.008386637438381946 0.012396069538926684 0.003484848484848485 0.02524497269279392
0 0.009615384615384616 0.0 1.0 0.07692307692307693 0.010076579571570439 0.0037879160840217693 0.011512297226582941 0.0032342657342657346 0.011977356028332773
0 0.005263157894736842 0.0 1.0 0.05263157894736842 0.007729569866499577 0.001884990364556259 0.012531328320802006 0.0011961722488038277 0.022551842213574994
0 0.00505050505050505 0.0 1.0 0.0 0.008890447189143445 0.0050137640171744775 0.01539201539201539 0.002341597796143251 0.024380067187708705
0 0.008928571428571428 0.0 1.0 0.0 0.016631612046930398 0.0032184802660756556 0.011904761904761906 0.0008522727272727272 0.05221933829499559
0 0.006944444444444444 0.0 1.0 0.0 0.005069771800145306 0.0042944411384623175 0.014487276392038296 0.0007575757575757576 0.0003595987563741435
0 0.0044444444444444444 0.0 1.0 0.08 0.009572507646431427 0.0051779244232534605 0.011972789115646261 0.0007272727272727272 0.021053347399940914
0 0.004761904761904762 0.0 1.0 0.0 0.007019401368399512 0.004417139456704098 0.00928625418421337 0.00021645021645021645 0.002145413917716448
0 0.010101010101010102 0.0 1.0 0.0 0.007726118209122301 0.009095600513724525 0.004787100025195263 0.000505050505050505 0.0004982864159098093
0 0.003968253968253968 0.0 1.0 0.0 0.006569720287560638 0.006204516512100451 0.011337868480725623 0.0008658008658008658 0.0015554683505780633
0 0.003663003663003663 0.0 1.0 0.0 0.0060658874061594575 0.00811914485833655 0.016088975272648742 0.000974025974025974 0.014471217441371864
0 0.0021645021645021645 0.0 1.0 0.0 0.0065351824297090536 0.009999047460929113 0.013742870885728032 0.0016528925619834713 0.00370663245641576
0 0.0024691358024691358 0.0 1.0 0.0 0.004033744173155794 0.004947598334566587 0.009154278995548838 0.0005892255892255892 0.00019363074558713782
0 0.00625 0.0 1.0 0.0 0.0030703517019299432 0.009127737134978674 0.009297052154195011 0.0006818181818181818 0.025250139818274103
0 0.001838235294117647 0.0 1.0 0.0 0.0065065227553882925 0.007002047163974989 0.014172335600907032 0.0013494318181818184 0.005326880245452808
0 0.0014619883040935672 0.0 1.0 0.05263157894736842 0.004569419699717495 0.0060953948920628555 0.008473564864542309 0.0005382775119617225 0.010327995716094919
0 0.03571428571428571 0.0 1.0 0.0 0.007311526993503857 0.006804702106248347 0.015368494586098501 0.003063725490196079 0.035714285714285705
0 0.03125 0.0 1.0 0.0 0.007103803620061103 0.009378301603847856 0.016809290953545237 0.002450980392156862 0.02598741685910829
0 0.01515151515151515 0.0 1.0 0.0 0.002726576739233818 0.006820582984616622 0.01011335852411647 0.002339572192513368 0.0019955596824828285
0 0.013888888888888888 0.0 1.0 0.0 0.003091429539266149 0.005557512061539469 0.007606628633523498 0.002314814814814814 0.0017398584258827728
0 0.006896551724137932 0.0 1.0 0.0 0.005959056386142109 0.006898980490186929 0.014838546496922693 0.0028735632183908046 0.007004617904680482
0 0.010416666666666666 0.0 1.0 0.0 0.0035914357485487486 0.0010420335115386506 0.008863080684596578 0.0009191176470588235 0.03472362208715534
0 0.01020408163265306 0.0 1.0 0.0 0.0092615271143033 0.009527163534067662 0.013098148794970312 0.0007002801120448179 0.01447629662314595
0 0.004166666666666667 0.0 1.0 0.0 0.004579022440545482 0.0044460096492315755 0.012387938060309698 0.0001633986928104575 0.012385491915531786
0 0.003472222222222222 0.0 1.0 0.0 0.006352966232618219 0.009378301603847856 0.011384474327628364 0.0 0.0063338052963906434
0 0.0035714285714285718 0.0 1.0 0.0 0.003157681220810613 0.004168134046154602 0.015106531610199094 0.0 0.00019376204368837095
0 0.003134796238244514 0.0 1.0 0.0 0.002533517016143854 0.0022996601633956427 0.010454430486468255 0.0 0.0036789602666773436
0 0.003472222222222222 0.0 1.0 0.0 0.004357694852429003 0.006946890076924338 0.01202118989405053 0.0008169934640522876 0.004674255722886005
0 0.007692307692307693 0.0 1.0 0.0 0.0010179309128872987 0.005001760855385523 0.0012224938875305623 0.0 0.01649415249918409
0 0.002857142857142857 0.0 1.0 0.0 0.002655094883767235 0.006669014473847364 0.010855745721271393 0.0 0.007106864129666938
0 0.002898550724637681 0.0 1.0 0.0 0.004210327556410611 0.0014497857551842095 0.007441267141490379 0.000319693094629156 0.0008450851989132274
0 0.003125 0.0 1.0 0.0 0.007470262078171317 0.002857568474900321 0.016381418092909533 0.0011029411764705882 0.0009485151111735849
0 0.0032679738562091504 0.0 1.0 0.0 0.0075828852577602196 0.0018525040205131565 0.0033958163542515624 0.00027233115468409583 0.0023132017325977147
0 0.0020576131687242796 0.0 1.0 0.0 0.00418425721774273 0.0 0.010323281716924749 0.0 0.0005163611355827385
0 0.03225806451612903 0.0 1.0 0.06451612903225806 0.010095712543433426 0.0077427456970331375 0.013115916341722796 0.0029131732272275135 0.03225806451612903
0 0.01282051282051282 0.0 1.0 0.0 0.009371245955805007 0.0065450636954208 0.012341504649196958 0.002767423472269289 0.011759474241211893
0 0.037037037037037035 0.0 1.0 0.1111111111111111 0.0062280484586476025 0.008970994982032843 0.01221001221001221 0.0029368575624082235 0.0014793695573809855
0 0.007352941176470588 0.0 1.0 0.08823529411764706 0.005084366028919893 0.0016729259323773876 0.0059469941822883 0.0017491578129048989 0.019630787786306513
0 0.00625 0.0 1.0 0.0 0.004496691328437863 0.004165550088294335 0.013461538461538459 0.0013078193832599119 0.00012042034574728855
0 0.020833333333333332 0.0 1.0 0.0 0.004300850490471168 0.00419235957023163 0.017582417582417582 0.0011013215859030838 0.0009542291287871868
0 0.003968253968253968 0.0 1.0 0.0 0.00782633779869479 0.011450967138060077 0.011782661782661784 0.0018355359765051399 0.023132060257580415
0 0.00390625 0.0 1.0 0.0 0.009298748148060686 0.012111997759056227 0.01875 0.0021338105726872248 0.017697756295709223
0 0.003968253968253968 0.0 1.0 0.0 0.006831772435938939 0.008642172293690752 0.02229199372056515 0.0021239773442416616 0.03180098130017472
0 0.004166666666666667 0.0 1.0 0.0 0.006435154578056299 0.006547791555025905 0.01236263736263736 0.0011930983847283406 0.019443700069072093
0 0.002457002457002457 0.0 1.0 0.0 0.005723009206617444 0.006286042977427119 0.015622215622215621 0.0008929634480295273 0.016237486740846668
0 0.0043859649122807015 0.0 1.0 0.0 0.004824749344329979 0.006434325477066035 0.014459224985540774 0.0009274287039183864 0.014575458500461906
0 0.002403846153846154 0.0 1.0 0.0 0.004562241354176421 0.005199547014118995 0.013392857142857146 0.0008948237885462555 0.015148386712170829
0 0.002747252747252747 0.0 1.0 0.0 0.00782131702041439 0.0063390666211934465 0.013186813186813187 0.0014401897661809558 0.02581371294314375
0 0.004166666666666667 0.0 1.0 0.0 0.008002925271403834 0.008046388236189292 0.013598901098901097 0.002064977973568282 0.013593495383952674
0 0.0021551724137931034 0.0 1.0 0.0 0.0058962246148186815 0.003399858015493687 0.009776430466085636 0.00037976606410451165 0.008609758647029465
0 0.002557544757033248 0.0 1.0 0.0 0.0014460300378632345 0.0026057823264984915 0.004491161012900143 0.0 0.0023126224613433093
0 0.02702702702702703 0.0 1.0 0.0 0.009414238438612672 0.011235352809813026 0.01920341394025605 0.003565570847892747 0.027027027027027032
0 0.011627906976744186 0.0 1.0 0.0 0.009379938619936768 0.009645855888924845 0.014504283965728275 0.003374854267656623 0.012054875645972539
0 0.0101010101010101 0.0 1.0 0.0 0.006155932275703844 0.009973166772704318 0.016347687400318982 0.002078835851922924 0.013547694173180155
0 0.011363636363636364 0.0 1.0 0.0 0.00787399774788951 0.009364097319351367 0.016507177033492824 0.0010793955384984409 0.018713132546029035
0 0.007692307692307693 0.0 1.0 0.0 0.010619749673268734 0.00712911341775884 0.015587044534412951 0.0008118530545971179 0.01659878607815817
0 0.005952380952380952 0.0 1.0 0.0 0.00964685164485747 0.006886287143893223 0.019548872180451125 0.0016019600452318128 0.00734626980642695
0 0.004464285714285714 0.0 1.0 0.0 0.0041530502643744895 0.0021389402809889294 0.01389802631578947 0.00041226912928759896 0.0031395075883251865
0 0.004166666666666667 0.0 1.0 0.0 0.0062188369411741735 0.0044004851026394265 0.01929824561403509 0.0011433597185576078 0.020059749998177726
0 0.004629629629629629 0.0 1.0 0.0 0.00805628253671621 0.009040976971428251 0.018092105263157892 0.0005496921723834653 0.011937465326575828
0 0.0058823529411764705 0.0 1.0 0.0 0.010013009652107677 0.009979052637365543 0.01888544891640867 0.0027937296290547883 0.0036408813955626264
0 0.00909090909090909 0.0 1.0 0.0 0.009139139059371778 0.008750634446910118 0.02631578947368421 0.0013192612137203166 0.0005420280829076568
0 0.003472222222222222 0.0 1.0 0.0 0.007529719380803632 0.010012603738256451 0.010526315789473684 0.0006596306068601584 0.01721086577654878
0 0.002958579881656805 0.0 1.0 0.0 0.006535891715400168 0.006116208959958268 0.015789473684210527 0.001116297950071037 0.0004700161972931987
0 0.002551020408163265 0.0 1.0 0.0 0.009441921033406204 0.008531458678314017 0.018421052631578946 0.0016961929890689784 0.010548332778686513
0 0.034482758620689655 0.0 1.0 0.06896551724137931 0.018526822428680388 0.012848028746869673 0.015102913659449343 0.004696095532000536 0.034482758620689655
0 0.013888888888888888 0.0 1.0 0.05555555555555555 0.015057415465539832 0.014092246928055961 0.011412575366063741 0.003891050583657586 0.02174076821763033
0 0.020833333333333332 0.0 1.0 0.0 0.01566756459519203 0.017185666175390985 0.011385658914728682 0.0017023346303501946 0.025636116151295043
0 0.008333333333333333 0.0 1.0 0.0 0.0047902094031843446 0.002646846211410238 0.015245478036175712 0.0 0.007226669926641343
0 0.008695652173913044 0.0 1.0 0.0 0.011433943343472702 0.014129193093820573 0.01651499831479609 0.0013534088986635088 0.020102529324635326
0 0.018518518518518517 0.0 1.0 0.0 0.0033950217261221136 0.008822820704700793 0.01119724375538329 0.0 0.03513790924150073
1 0.005291005291005291 0.0 1.0 0.0 0.01535212280758417 0.009702743081813903 0.011771461383864487 0.0017293558149589277 0.02272431713637685
0 0.004807692307692308 0.0 1.0 0.07692307692307693 0.011333735752696344 0.0 0.01282051282051282 0.001197246333433104 0.012147376843505626
0 0.0029239766081871343 0.0 1.0 0.05263157894736842 0.008088585874160746 0.0007695827003073699 0.012545899632802938 0.0008191685439279131 0.01720920825702009
0 0.004166666666666667 0.0 1.0 0.0 0.008854690469005277 0.012487608134549874 0.012435400516795867 0.00032425421530479895 0.022549578952049832
0 0.03125 0.0 1.0 0.0625 0.017671999456114824 0.011140067707858654 0.01921791443850267 0.0062163978494623635 0.03125
0 0.022727272727272728 0.0 1.0 0.0 0.0189820432687739 0.02304394612104921 0.017744287797763734 0.007331378299120233 0.0328198963920485
0 0.009009009009009009 0.0 1.0 0.0 0.009795429179548103 0.008367442320327942 0.015753721636074577 0.0013077593722755014 0.013274816632185282
0 0.007352941176470588 0.0 1.0 0.058823529411764705 0.012980238904764005 0.006771184819366451 0.012425290972003775 0.00031625553447185326 0.009327179288388355
0 0.01 0.0 1.0 0.0 0.00743108342510185 0.015516662908545076 0.024331550802139036 0.0024193548387096775 0.0010262842290001488
0 0.010416666666666666 0.0 1.0 0.0 0.014976173201222926 0.015206036481300715 0.021390374331550797 0.0023521505376344087 0.032216995808998006
0 0.005494505494505494 0.0 1.0 0.0 0.004500833449255408 0.014066159560223971 0.009461127108185932 0.0 0.004885633319886289
1 0.030303030303030304 0.0 1.0 0.0 0.009095614998736682 0.00942977279144551 0.013897596656217346 0.003669917164726852 0.030303030303030304
0 0.022727272727272728 0.0 1.0 0.0 0.01348123490862872 0.010319761128381623 0.012068965517241381 0.004561182761874802 0.04576729559594206
0 0.011494252873563218 0.0 1.0 0.0 0.00952713736415839 0.007291398678795451 0.01688466111771701 0.0036988426202123835 0.004222792591347475
0 0.008928571428571428 0.0 1.0 0.0 0.005218470937595793 0.008702067848158643 0.006650246305418721 0.0004943153732081068 0.030358725285412606
0 0.007407407407407408 0.0 1.0 0.0 0.011547204702400617 0.012617250097578948 0.009323116219667946 0.0015378700499807769 0.013085783928343852
0 0.005376344086021505 0.0 1.0 0.0 0.00940183585722727 0.009975240362916244 0.015016685205784202 0.00044647840160732226 0.009915008044749403
0 0.008403361344537815 0.0 1.0 0.0 0.01645396554211671 0.01588545048268586 0.011561866125760649 0.0008141664970486464 0.0157161055210989
0 0.0033783783783783786 0.0 1.0 0.0 0.007740385903808536 0.006675470794078856 0.009692451071761416 0.0009351912466099318 0.0038220204840820325
1 0.008547008547008546 0.0 1.0 0.0 0.004489804592039408 0.00579997814233483 0.011140583554376658 0.002129358530742614 0.008073795771215685
0 0.0032258064516129032 0.0 1.0 0.0 0.007544674059421529 0.0044372264848556225 0.005672969966629588 0.00044647840160732226 0.0005856097450659494
0 0.004132231404958678 0.0 1.0 0.0 0.00660287814963107 0.002505210817225403 0.01426332288401254 0.0009436929852154765 0.038905734844540324
0 0.02 0.0 1.0 0.0 0.007219266061352688 0.012313412439004382 0.014666666666666663 0.006341463414634149 0.019999999999999997
0 0.019230769230769232 0.0 1.0 0.07692307692307693 0.008154659026411123 0.015953083403668647 0.006993006993006992 0.0 0.0001787694547983672
0 0.0101010101010101 0.0 1.0 0.0 0.011423951668683027 0.02745505272415116 0.0108356290174472 0.0014781966001478197 0.02074378212081432
0 0.006944444444444444 0.0 1.0 0.0 0.00688377861602212 0.007692218126360022 0.013636363636363637 0.001016260162601626 0.002963363989874917
0 0.01 0.0 1.0 0.0 0.005913554842700798 0.0 0.017878787878787876 0.0 0.0002135594694555583