0 0.015873015873015872 0.0 1.0 0.0 0.004971431195400063 0.00351650257953372 0.009465223998095972 0.0014846585285384348 0.015873015873015872
0 0.027777777777777776 0.0 1.0 0.0 0.0074358656731161755 0.006216050329330772 0.008009739843649877 0.0019245573518090842 0.039251201243511974
0 0.007246376811594202 0.0 1.0 0.0 0.0029005113123417026 0.004929636379840968 0.004362870467880246 0.0012049402550456867 0.0065050407409513
0 0.016666666666666666 0.0 1.0 0.0 0.0028286169796407773 0.00314198372439922 0.007304882737408689 0.001077752117013087 0.020641899243484307
0 0.022222222222222223 0.0 1.0 0.0 0.005560301590325837 0.006689814015449614 0.0029475842624631546 0.001411342057993328 0.01107433164398334
0 0.007936507936507936 0.0 1.0 0.0 0.00495127427071264 0.0027173281357960226 0.007085187015982862 0.0014296711756296059 0.03098337121130803
0 0.008928571428571428 0.0 1.0 0.0 0.005392858568074257 0.0026746921207281425 0.008073817762399077 0.001948614318706698 0.04122000008413363
0 0.0024509803921568627 0.0 1.0 0.0392156862745098 0.0035171528671921327 0.0023642910620223483 0.008571363955039915 0.0009056740479101573 0.012136027178734401
0 0.0031746031746031746 0.0 1.0 0.0 0.00427595458788177 0.0026487247843420287 0.005173834239578183 0.00026393929396238865 0.017860025332301986
0 0.005 0.0 1.0 0.0 0.0047869535687220756 0.0037555035119856846 0.005190311418685121 0.00040415704387990767 0.032962159332442474
0 0.004132231404958678 0.0 1.0 0.0 0.004446413900518308 0.0024672086999659214 0.011534025374855823 0.0010497585555322277 0.028936151335937636
0 0.002525252525252525 0.0 1.0 0.0 0.006386017210036342 0.0038449216239078484 0.007968962986264023 0.0003849114703618168 0.026980064588608854
0 0.0038461538461538464 0.0 1.0 0.1 0.007754169102282093 0.0069689967631192005 0.0070934256055363324 0.0009815242494226328 0.026426685274478567
0 0.005494505494505494 0.0 1.0 0.0 0.002208725202208163 0.005177551850446966 0.005855735959542188 0.0007994315153668503 0.010112839290789164
0 0.003703703703703704 0.0 1.0 0.0 0.004346835380319213 0.002498437777109423 0.007433038574907087 0.0003207595586348473 0.03649100407951104
0 0.003289473684210526 0.0 1.0 0.0 0.008896471879397261 0.0066864332375651874 0.00874157712620652 0.0009724079251245898 0.04449193479025446
0 0.0058823529411764705 0.0 1.0 0.0 0.0017740094802849119 0.003862649770248289 0.006574394463667821 0.0008083140877598153 0.012618664999314225
0 0.001984126984126984 0.0 1.0 0.0 0.0033303918866046675 0.0034235826262376955 0.0057670126874279125 8.248102936324645e-05 0.0210856493707196
0 0.0023923444976076554 0.0 1.0 0.0 0.006892039221701215 0.004485224916941265 0.00959421201635734 0.0008922947722023935 0.03990982070345345
0 0.0038461538461538464 0.0 1.0 0.0 0.008582461964976458 0.00785495931099805 0.009138497027770382 0.0006217800675075503 0.04100281072368258
0 0.002976190476190476 0.0 1.0 0.0 0.009932499492256172 0.003904400603203738 0.010236447520184544 0.0006495381062355658 0.05422843696299891
0 0.0016233766233766235 0.0 1.0 0.0 0.002255727069452464 0.0016832055666424393 0.008032624814631734 0.0004948861761794787 0.0005163745023142428
0 0.0033444816053511705 0.0 1.0 0.15384615384615385 0.005281059248089911 0.0030211381965377115 0.008783603939313283 0.0 0.045860654764810986
0 0.0021929824561403508 0.0 1.0 0.0 0.0017823418297632423 0.0033073512888412843 0.006131245067686517 0.0 0.00214998939717471
0 0.0017391304347826088 0.0 1.0 0.0 0.005429900799534429 0.004097663177575196 0.009728699664008826 0.0007028818154433176 0.02696307647504001
0 0.0018315018315018315 0.0 1.0 0.0 0.001711242841994127 0.0024658624557918397 0.006975339155269951 0.00021994941163532388 0.005456008429079372
0 0.0028490028490028487 0.0 1.0 0.0 0.0012945713665038945 0.0024565523322016046 0.008961050483541831 0.0009770829632261503 0.012100462002803661
0 0.0015527950310559005 0.0 1.0 0.08695652173913043 0.001259068865173937 0.0023723325750417846 0.010932250137906824 0.0014057636308866352 0.001219610097519279
0 0.002028397565922921 0.0 1.0 0.0 0.003711545448411154 0.00415850787052838 0.007666734513874753 0.0002717022143730471 0.004248735390401086
0 0.0022222222222222222 0.0 1.0 0.0 0.0020452519036073566 0.0028933033692169893 0.0116878123798539 0.0005388760585065436 0.0008563832942771434
0 0.001466275659824047 0.0 1.0 0.0 0.0029045170944637126 0.00332064115919498 0.007549543881723811 0.000419903422212891 0.005095589291374097
0 0.001736111111111111 0.0 1.0 0.0 0.007688841919942198 0.0010683442221475626 0.009291298218633857 0.0010264305876315114 0.0354135461954121
0 0.002331002331002331 0.0 1.0 0.0 0.002669393376601048 0.001073851316686231 0.006121905775885015 0.00044412861964825015 0.005320842889759135
0 0.001278772378516624 0.0 1.0 0.0 0.004831603319282984 0.0008469028548659976 0.010882102201494407 0.0007028818154433176 0.027558937292783647
0 0.0035714285714285713 0.0 1.0 0.0 0.0010901546384997852 0.0 0.012399077277970013 0.0007217090069284065 0.011550740606131805
0 0.0012077294685990338 0.0 1.0 0.0 0.004475475619151861 0.0 0.005265533323303747 0.0 0.028452125440614463
0 0.0016891891891891893 0.0 1.0 0.0 0.005497316570853159 0.0015579850294227446 0.009587658592848904 0.0005051963048498846 0.040149802727481025
0 0.0020242914979757085 0.0 1.0 0.0 0.002529069232169603 0.0020871365315834065 0.009759559932570312 0.00044412861964825015 0.0016672817341363505
0 0.0014245014245014244 0.0 1.0 0.0 0.0031377146887018354 0.0024773636132030827 0.008201973599897475 0.0006415191172696946 0.007625268995282091
0 0.0014705882352941176 0.0 1.0 0.0 0.0022150083218050957 0.0 0.007056109641088269 0.00020377666077978538 0.0050710279808641075
0 0.001524390243902439 0.0 1.0 0.0 0.0 0.0 0.0066320645905421 0.0008660508083140878 0.0026128600764123953
0 0.021739130434782608 0.0 1.0 0.0 0.007720127186805487 0.005126317171901199 0.012638026224982746 0.0021177284121358794 0.021739130434782615
0 0.016666666666666666 0.0 1.0 0.0 0.007806542381735294 0.004095583797716675 0.012566137566137565 0.0024519549370443992 0.024494393084694695
0 0.006060606060606061 0.0 1.0 0.0 0.006295153726152685 0.005723206968559256 0.011255411255411255 0.0019880715705765393 0.016885683020508198
0 0.005952380952380952 0.0 1.0 0.0 0.004500186567372106 0.007256958308714325 0.009306500377928947 0.0013253810470510272 0.022193520746187842
0 0.008333333333333333 0.0 1.0 0.0 0.0011110679478462879 0.005562365140594001 0.007523148148148148 0.00033134526176275674 0.0029880672583658535
0 0.006172839506172839 0.0 1.0 0.0 0.0025919638244339014 0.002003503354193155 0.011243386243386243 0.00044179368235034236 0.010089773943455902
0 0.007518796992481203 0.0 1.0 0.0 0.006191935418682897 0.004865751398739009 0.007623224728487884 0.0003139060374594538 0.029996617415618328
0 0.008928571428571428 0.0 1.0 0.0 0.006398104430568451 0.009377654655953213 0.006519274376417234 0.001136040897472309 0.0021728829919117807
0 0.0037037037037037034 0.0 1.0 0.0 0.006995926524331603 0.005760743002765639 0.013293650793650793 0.0007289595758780649 0.016569698165440697
0 0.007692307692307693 0.0 1.0 0.0 0.00599691197554592 0.007737625123103044 0.008394383394383394 0.0012234286588163326 0.038128017142414455
0 0.004545454545454545 0.0 1.0 0.0 0.004230528941052504 0.011603537146430141 0.007539682539682539 0.0015904572564612324 0.0015216817376086955
0 0.004629629629629629 0.0 1.0 0.0 0.0015907045539173166 0.0050093881427873185 0.006944444444444444 0.0014358294676386123 0.007578957219746336
0 0.0038461538461538464 0.0 1.0 0.0 0.0076391378145951715 0.007349293149851601 0.01240079365079365 0.0006958250497017891 0.020219985905884683
0 0.003968253968253968 0.0 1.0 0.0 0.00904429362698205 0.0025754096261527077 0.012235449735449735 0.00044179368235034236 0.021605957687002797
0 0.0024691358024691358 0.0 1.0 0.0 0.007609718420925466 0.007892539596303585 0.007569077013521456 0.0006626905235255136 0.02106563180382934
0 0.003289473684210526 0.0 1.0 0.0 0.004733514914826433 0.006357573446478186 0.010547201336675019 0.0010463534581981791 0.0062714334799622165
0 0.002352941176470588 0.0 1.0 0.0 0.012590244647299902 0.005495935022628692 0.015317460317460311 0.0013518886679920474 0.03509820003011351
0 0.0027777777777777775 0.0 1.0 0.0 0.004227961361602545 0.005100137231394114 0.00992063492063492 0.0008946322067594431 0.0005954495903325252
0 0.004784688995215311 0.0 1.0 0.0 0.0034765432702331804 0.0012294225128003451 0.0101010101010101 0.0 0.0018454688945377634
0 0.0019230769230769232 0.0 1.0 0.0 0.0017985533359700827 0.0005201402938770692 0.007326007326007326 0.0006117143294081663 0.0008498390198460252
0 0.043478260869565216 0.0 1.0 0.0 0.008247923643551418 0.005415963118481931 0.006624111766831268 0.0026570048309178733 0.04347826086956523
0 0.02 0.0 1.0 0.0 0.0061561681732351225 0.0059695567695593945 0.012299168975069252 0.0031111111111111105 0.02755057109339551
0 0.016666666666666666 0.0 1.0 0.0 0.010323903931475805 0.010007465788101058 0.005678670360110803 0.003055555555555555 0.035266743942939986
0 0.010416666666666666 0.0 1.0 0.0 0.005963929450814358 0.008577481494199936 0.010156971375807943 0.0028935185185185175 0.00012859646898225692
0 0.008 0.0 1.0 0.0 0.004194023954941632 0.0036597798428467053 0.012742382271468143 0.0018888888888888887 0.00112518955870798
0 0.010416666666666666 0.0 1.0 0.0 0.007283169238442556 0.006261746571559264 0.00986842105263158 0.0006944444444444445 0.00020548534148414303
0 0.005952380952380952 0.0 1.0 0.0 0.006059636519809823 0.007844570318901803 0.0110803324099723 0.0015046296296296298 0.000630078488799737
0 0.0125 0.0 1.0 0.0 0.012057994115155693 0.006177712709367012 0.008310249307479225 0.0005555555555555556 0.07195065466376649
0 0.007407407407407407 0.0 1.0 0.0 0.006648365040002223 0.008304476781672296 0.008679593721144968 0.0007407407407407408 0.0003595814359373577
0 0.005 0.0 1.0 0.0 0.013299784179442106 0.008502993454155389 0.008587257617728532 0.0005555555555555556 0.03021430086238879
0 0.005681818181818182 0.0 1.0 0.0 0.010731700041980062 0.0070858278784628245 0.010041551246537397 0.0 0.04288875796338227
0 0.0030864197530864196 0.0 1.0 0.0 0.006974644243417606 0.0036994724390997705 0.009438801682568996 0.00041152263374485596 0.03233619003524078
0 0.006410256410256411 0.0 1.0 0.0 0.006305743579804829 0.006298513669744733 0.007156048014773778 0.0 0.0029850326755960417
0 0.0024630541871921183 0.0 1.0 0.0 0.010022416238477543 0.002792766029188262 0.009552010698251982 0.0003831417624521073 0.02539891226576519
0 0.008333333333333333 0.0 1.0 0.0 0.008390672716286803 0.0094477705046171 0.006232686980609419 0.0006944444444444445 0.04401752115839219
0 0.004464285714285714 0.0 1.0 0.0 0.006483785407006472 0.006810379552924651 0.007123070834982194 0.000992063492063492 0.015681632729886156
0 0.00980392156862745 0.0 1.0 0.0 0.0 0.0 0.00554016620498615 0.0 0.013390147644166872
0 0.009259259259259259 0.0 1.0 0.0 0.0 0.0 0.024007386888273318 0.000925925925925926 0.004362706728595032
0 0.0037593984962406013 0.0 1.0 0.0 0.005948492600956598 0.008160061053584236 0.0055401662049861505 0.0005952380952380952 0.025339217925539663
0 0.004545454545454546 0.0 1.0 0.0 0.011862228538030468 0.003435552910769854 0.003273734575673634 0.0 0.06835082693812379
0 0.002976190476190476 0.0 1.0 0.0 0.0 0.0 0.007617728531855956 0.0008680555555555555 0.0008888279720851435
0 0.037037037037037035 0.0 1.0 0.0 0.01853244241720047 0.012971239368362822 0.009143034247636758 0.004357298474945533 0.03703703703703704
0 0.027777777777777776 0.0 1.0 0.0 0.008263371504033312 0.0038551269822274287 0.015574151557415154 0.004435107376283847 0.04438042603653805
0 0.02222222222222222 0.0 1.0 0.0 0.0045757947809073034 0.00342254766541421 0.0100418410041841 0.0039215686274509795 0.00032715856480041263
0 0.009615384615384616 0.0 1.0 0.0 0.009718617716524259 0.011868139630809234 0.008368200836820083 0.0008080155138978668 0.026300365025720362
0 0.007692307692307693 0.0 1.0 0.0 0.014291288432835945 0.011186759231660615 0.018667524943675576 0.0006464124111182935 0.02813338595256198
0 0.011904761904761904 0.0 1.0 0.0 0.0037488144125894444 0.0077500854418299375 0.009264793783622235 0.0 0.0004959150792832633
0 0.011904761904761904 0.0 1.0 0.0 0.007207150875627261 0.01142355723231851 0.013249651324965132 0.0 0.0003838993258324348
0 0.010416666666666666 0.0 1.0 0.0 0.018977542071083844 0.022021725811736708 0.013249651324965132 0.0014005602240896359 0.061553567454794594
0 0.005555555555555555 0.0 1.0 0.0 0.012312000650714125 0.013853887834362033 0.011297071129707112 0.0 0.011991104494283453
0 0.01 0.0 1.0 0.0 0.00966972691566103 0.012073050066130688 0.02175732217573222 0.001680672268907563 0.03276929954271553
0 0.0025974025974025974 0.0 1.0 0.0 0.009765959670080737 0.0032139496580273212 0.01446503287507472 0.0009603841536614645 0.0319861698572983
0 0.003472222222222222 0.0 1.0 0.0 0.00695332069386824 0.001215052609646046 0.011157601115760111 0.0007002801120448179 0.024626745177108857
0 0.043478260869565216 0.0 1.0 0.0 0.012412161334402125 0.006886313864703012 0.00914262494920764 0.0028510334996436214 0.043478260869565216
0 0.05555555555555555 0.0 1.0 0.0 0.0032806256824704626 0.0017700740992256858 0.013759086188992731 0.002081706999739786 0.022900355496336896
0 0.013888888888888888 0.0 1.0 0.0 0.011012218312856918 0.005536723974059565 0.014602803738317753 0.003220140515222483 0.03308141498262708
0 0.004901960784313725 0.0 1.0 0.0 0.008179275106454383 0.005495271020691457 0.006322155030236392 0.0024337603894016638 0.01429523812079252
0 0.018181818181818184 0.0 1.0 0.18181818181818182 0.0 0.0 0.008920985556499575 0.0010645092612305727 0.003278539037617366
0 0.003472222222222222 0.0 1.0 0.0 0.007253886165749783 0.003378466244095067 0.01158489096573208 0.0011221701795472285 0.016791855778339953
0 0.006493506493506493 0.0 1.0 0.0 0.01043525119038919 0.012865664477463951 0.009770603228547154 0.0017032148179689163 0.033330495285039466
0 0.005208333333333333 0.0 1.0 0.0 0.00822639560904985 0.005172791185899827 0.013531931464174455 0.0009758001561280249 0.035577372888814844
0 0.003367003367003367 0.0 1.0 0.0 0.004401877951969793 0.013406161212297627 0.0038232795242141033 0.00078064012490242 0.00015872986965226714
0 0.0033333333333333335 0.0 1.0 0.0 0.005000244517144006 0.008919158205729387 0.008722741433021807 0.000624512099921936 0.00019303560068219505
0 0.006993006993006993 0.0 1.0 0.0 0.007475072356742656 0.009801249430119967 0.010424155283968367 0.0012610340479192938 0.005715516323803616
0 0.005952380952380952 0.0 1.0 0.0 0.007858671756934386 0.0045516191122946205 0.01034712950600801 0.0 0.053030826569990086
0 0.001876172607879925 0.0 1.0 0.0 0.0068273308499507985 0.005138253957120573 0.008149076817870981 0.0003427200548352088 0.01559064836411355
0 0.008928571428571428 0.0 1.0 0.0 0.0061928428116740505 0.006617215710570595 0.012266355140186916 0.000585480093676815 0.001100406818512792
0 0.002777777777777778 0.0 1.0 0.0 0.0076628243241833515 0.007636215774077995 0.011876947040498438 0.000585480093676815 0.026912090845143278
0 0.0078125 0.0 1.0 0.0 0.016931368549244093 0.0019913333616288966 0.006717289719626168 0.0 0.08892402555471018
0 0.002028397565922921 0.0 1.0 0.0 0.00987069538386196 0.003684911555943601 0.008620689655172414 0.00032302349995962207 0.020599028752781287
0 0.003472222222222222 0.0 1.0 0.0 0.0 0.0 0.005841121495327103 0.000585480093676815 0.0012142353640175894
0 0.025 0.0 1.0 0.0 0.007274668908316938 0.006202193192994916 0.009388646288209606 0.0023522975929978103 0.025
0 0.020833333333333332 0.0 1.0 0.0 0.008085496818520185 0.0038181527471923293 0.010098253275109171 0.0023705324580598113 0.02986965700628672
0 0.013888888888888888 0.0 1.0 0.0 0.008116538570660994 0.007873057109913949 0.008278748180494904 0.0020970094821298334 0.026269300649349583
0 0.022727272727272728 0.0 1.0 0.0 0.005173951090891652 0.008119030948865298 0.009527590313616514 0.0019892580067634776 0.0013259832390582092
0 0.006666666666666667 0.0 1.0 0.0 0.005535847364582989 0.0032709098921247554 0.00851528384279476 0.001531728665207878 0.02451978462015131
0 0.00641025641025641 0.0 1.0 0.0 0.006193555020070298 0.0072024997285532475 0.008229761504870675 0.000504965494024575 0.004265277927895764
0 0.007142857142857143 0.0 1.0 0.0 0.004396394162212981 0.006894073517940526 0.01277292576419214 0.0010940919037199124 0.006245027982845303
0 0.010416666666666666 0.0 1.0 0.0 0.005037595606709986 0.007316050583403705 0.004184861717612808 0.0 0.0032299436251088825
0 0.0031746031746031746 0.0 1.0 0.0 0.006404049350361382 0.005225326768321126 0.009482220835932628 0.0003751172241325414 0.01964379469785706
0 0.0032258064516129032 0.0 1.0 0.06451612903225806 0.005957683079137209 0.001977871763218294 0.011903084941541062 0.001129385190936684 0.02009706804778853
0 0.002840909090909091 0.0 1.0 0.0 0.005468668526416527 0.004607197771995868 0.011258187772925768 0.0008889496717724288 0.02199958054909847
0 0.003968253968253968 0.0 1.0 0.0 0.00486823154111828 0.006249629947079523 0.01372426699937617 0.001562988433885589 0.00022160651703911292
0 0.002958579881656805 0.0 1.0 0.0 0.006378782770620707 0.0062718814498621675 0.012512596573731946 0.0004208045783538125 0.029996643874125116
0 0.0035714285714285713 0.0 1.0 0.0 0.004799788093854878 0.0030657012329883557 0.008624454148471615 0.00021881838074398248 0.011974845694603147
0 0.0047619047619047615 0.0 1.0 0.0 0.005700041384285961 0.0053160321688998985 0.010917030567685589 0.00031259768677711783 0.018736107924335155
0 0.002717391304347826 0.0 1.0 0.0 0.008979931192081254 0.00388301480163123 0.009777862160622744 0.0003805537056417087 0.0244239782645933
0 0.007352941176470588 0.0 1.0 0.0 0.005470125866917309 0.005925711599786017 0.008733624454148471 0.0016411378555798686 0.0031694234484832408
0 0.0037037037037037034 0.0 1.0 0.0 0.001969231007085788 0.003969304019445258 0.010480349344978166 0.0008752735229759299 0.00564546353807385
0 0.004048582995951417 0.0 1.0 0.0 0.006882753373326583 0.0011449915440707474 0.010077258985555927 0.0 0.06064161824703677
0 0.004545454545454546 0.0 1.0 0.0 0.0 0.0 0.017467248908296942 0.0011935548040580863 0.00734619245786841
0 0.007936507936507936 0.0 1.0 0.0 0.0 0.0 0.014919941775836972 0.0 0.007838000494601751
0 0.002840909090909091 0.0 1.0 0.0 0.0 0.0 0.006413755458515283 0.0008205689277899343 0.0015772834830015757
0 0.03225806451612903 0.0 1.0 0.0 0.01085630794968631 0.006459733094697152 0.01453763440860215 0.0030188028290495067 0.03225806451612903
0 0.022727272727272728 0.0 1.0 0.0 0.005550218778049356 0.010970310328994206 0.01321212121212121 0.003038405444822555 0.014368484154241006
0 0.014492753623188404 0.0 1.0 0.0 0.007194360814762605 0.005576699387805497 0.017507246376811596 0.0032550569634968596 0.029606896200776934
0 0.022727272727272728 0.0 1.0 0.0 0.006498563987392786 0.0132277973034989 0.0048484848484848485 0.0024307243558580457 0.02664000732280393
0 0.013333333333333334 0.0 1.0 0.0 0.003413538931935025 0.007275288516924396 0.007111111111111111 0.00142602495543672 0.010018317885161212
0 0.018518518518518517 0.0 1.0 0.0 0.010701902253105768 0.0020209134769234435 0.006518518518518519 0.0005941770647653 0.07558062372916848
0 0.004081632653061224 0.0 1.0 0.0 0.004558997213777359 0.004878920133680934 0.008685714285714286 0.0008403361344537816 0.004180411767176674
0 0.007352941176470588 0.0 1.0 0.0 0.00903866690979475 0.007489267590951584 0.01019607843137255 0.0006291286568103177 0.030959346955372332
0 0.007407407407407407 0.0 1.0 0.0 0.005458732288200219 0.004363246403846295 0.005866666666666667 0.0005347593582887701 0.002983531142925373
0 0.007692307692307693 0.0 1.0 0.0 0.005456853588423649 0.012306717093541527 0.012923076923076923 0.0004113533525298231 0.013480676003358035
0 0.004545454545454545 0.0 1.0 0.0 0.0067129940017799095 0.009452978784455616 0.011733333333333333 0.0009358288770053477 0.007684658130201574
0 0.011904761904761904 0.0 1.0 0.0 0.0025913884812664044 0.005196634654945998 0.0064761904761904765 0.0 0.012191313968544143
0 0.006410256410256411 0.0 1.0 0.0 0.010895692823768045 0.0064023750350693034 0.013999999999999999 0.000445632798573975 0.04676634285444097
1 0.0016233766233766233 0.0 1.0 0.0 0.007459950718588949 0.0030542218657775163 0.014787878787878787 0.0009722897423432182 0.013300554830434314
0 0.002777777777777778 0.0 1.0 0.0 0.006630394032770688 0.007988840561818939 0.01011111111111111 0.0012254901960784316 0.020532624544270035
0 0.002976190476190476 0.0 1.0 0.0 0.0025206385610951534 0.005196634654945998 0.007365079365079364 0.0005092946269416857 0.002636566523414616
0 0.0014705882352941176 0.0 1.0 0.0 0.0014137036200049793 0.0025428997231086957 0.007333333333333333 0.0004010695187165775 0.0012014146776761114
0 0.003472222222222222 0.0 1.0 0.0 0.0 0.0 0.009499999999999998 0.0011697860962566844 0.0007878961756419748
0 0.030303030303030304 0.0 1.0 0.0 0.014191702314411794 0.012003754405367573 0.015584415584415583 0.004843517138599108 0.03030303030303031
0 0.016129032258064516 0.0 1.0 0.0 0.015154839766887598 0.01223579300176668 0.01619486504279131 0.004494976203067161 0.026454139591767227
0 0.041666666666666664 0.0 1.0 0.0 0.015421841780789675 0.005549283198979939 0.018877551020408164 0.0020491803278688526 0.07030904957850208
0 0.008928571428571428 0.0 1.0 0.0 0.0011418120564814693 0.008614463213685886 0.008454810495626824 0.00117096018735363 0.0010911651390876351
0 0.0058823529411764705 0.0 1.0 0.058823529411764705 0.016792698622645735 0.010078141354705403 0.014765906362545015 0.001325940212150434 0.019960515658296124
0 0.005555555555555555 0.0 1.0 0.0 0.012567158682952792 0.01061312369437922 0.012517006802721085 0.0017759562841530056 0.025300235841206428
0 0.004081632653061224 0.0 1.0 0.0 0.010765366852864652 0.010533420612097173 0.00979591836734694 0.000468384074941452 0.011202201226060254
0 0.007352941176470588 0.0 1.0 0.0 0.01664673289850891 0.008268605473457789 0.009843937575030012 0.0009643201542912247 0.03559264402853342
0 0.009259259259259259 0.0 1.0 0.0 0.013761977274437285 0.005745787346829516 0.012925170068027214 0.0006830601092896175 0.05106578250474902
0 0.0058823529411764705 0.0 1.0 0.0 0.01083793966070532 0.0032798431838593593 0.013205282112845138 0.00048216007714561236 0.026248104984485703
0 0.023809523809523808 0.0 1.0 0.0 0.008185708861083543 0.005519864229691952 0.008398161244695898 0.0016522098306484918 0.023809523809523808
0 0.018518518518518517 0.0 1.0 0.0 0.007900938627728542 0.0030907284471866085 0.011688668866886694 0.0019275781357565738 0.027887111957768523
0 0.008547008547008546 0.0 1.0 0.0 0.005153048118811008 0.005441490896744885 0.010884742320385889 0.0017793028945445298 0.021007375553604813
0 0.01 0.0 1.0 0.0 0.005572604367018308 0.0026404421440200366 0.009009900990099011 0.0015861214374225524 0.027029961404158042
0 0.006666666666666667 0.0 1.0 0.0 0.0048497681294163136 0.0035451202590869478 0.011303630363036308 0.0023543990086741014 0.019155537265436888
0 0.027777777777777776 0.0 1.0 0.0 0.0 0.0 0.005775577557755776 0.0006195786864931846 0.020296874098605148
0 0.005714285714285714 0.0 1.0 0.0 0.0073742080189294545 0.0027941145158086674 0.010940594059405943 0.0007930607187112763 0.010336192721889702
0 0.002840909090909091 0.0 1.0 0.0 0.007549610690383574 0.005869896971800842 0.006638163816381639 0.0009856933648755208 0.010633088076538637
0 0.008547008547008546 0.0 1.0 0.0 0.011875175255708683 0.006395611752430673 0.010091393754760092 0.001143837575064341 0.05375086412889832
0 0.007692307692307693 0.0 1.0 0.0 0.0008386328047459902 0.0030483551848370935 0.008663366336633662 0.0005719187875321704 0.0037849302979904597
0 0.0021645021645021645 0.0 1.0 0.0 0.004595166316267821 0.0013528805057515672 0.008516030174446017 0.00041305245766212306 0.01823726387245934
0 0.003968253968253968 0.0 1.0 0.0 0.0064315746218370365 0.005223974955790883 0.007779349363507781 0.0014161798548415646 0.028502287485005908
0 0.004273504273504274 0.0 1.0 0.0 0.00787645803635522 0.003586180399764775 0.005500550055005502 0.00027536830510808204 0.0397728582947143
0 0.006493506493506493 0.0 1.0 0.0 0.0032793421012506777 0.005354900109291344 0.0074257425742574245 0.0011265067027148813 0.0023019485553519205
0 0.0024691358024691358 0.0 1.0 0.0 0.006448144062668028 0.00816103816672517 0.014484781811514488 0.0019734728532745877 0.013672455634311577
0 0.002976190476190476 0.0 1.0 0.0 0.002439932405536247 0.003629115706830483 0.011315417256011316 0.0011211423850829053 0.00063726452235679
0 0.002557544757033248 0.0 1.0 0.0 0.003537806570062644 0.001610367433862423 0.006941455015066724 0.0007003932977749043 0.02765410730153738
0 0.0014619883040935672 0.0 1.0 0.0 0.004413250092371639 0.004138239827308817 0.007197759249609173 0.0003260940455227288 0.01497889231330429
0 0.0020242914979757085 0.0 1.0 0.0 0.006752690123037484 0.005445240268300133 0.011233815689261236 0.000953197979220284 0.026912876825875988
0 0.001851851851851852 0.0 1.0 0.0 0.009076008153042926 0.005030741200711031 0.013201320132013205 0.0013309468080223966 0.030782652145948792
0 0.0022675736961451248 0.0 1.0 0.0 0.0033919440139095086 0.005682067343021093 0.008074021687883076 0.001239157372986369 0.005670314786147035
0 0.0016233766233766235 0.0 1.0 0.0 0.006277607737123446 0.004528191554242838 0.010564002828854316 0.0008408567888121791 0.017739616682141305
0 0.0036231884057971015 0.0 1.0 0.0 0.006133346850624469 0.005069201175769605 0.00525990099009901 0.0012391573729863693 0.053651078658596835
0 0.0021929824561403508 0.0 1.0 0.0 0.006497906961389074 0.007040898548346508 0.011464304325169358 0.0013043761820909147 0.011068538929703041
0 0.005714285714285714 0.0 1.0 0.0 0.0030522991842202715 0.001838540219823052 0.00830975954738331 0.0008851124092759781 0.02858013108284504
0 0.004807692307692308 0.0 1.0 0.0 0.006345506324693327 0.0076429963900140115 0.013149752475247523 0.002323420074349442 0.010360241266975588
0 0.004629629629629629 0.0 1.0 0.0 0.0007751601630718217 0.0018925797963954044 0.011912128712871289 0.0007744733581164808 0.005496862969230191
0 0.002551020408163265 0.0 1.0 0.0 0.0034833172231779064 0.003852902395734517 0.010696605374823198 0.0009736236502035758 0.0028910905959586833
0 0.0014992503748125937 0.0 1.0 0.0 0.007559868384376828 0.005486449184297521 0.0092552733534223 0.0011852809654652225 0.027065198431482054
0 0.0015873015873015873 0.0 1.0 0.0 0.004733212267325128 0.006019425729855211 0.00766148043375766 0.0014751873487932965 0.00795297989403723
0 0.0032258064516129032 0.0 1.0 0.0 0.010721543194755507 0.004784976294509249 0.011509900990099011 0.0011152416356877324 0.07082330137212904
0 0.001644736842105263 0.0 1.0 0.0 0.0035299582888374407 0.005712584475713482 0.010747785304846274 0.0013695949911954606 0.003945957351209686
0 0.0015151515151515152 0.0 1.0 0.0 0.003661316822390552 0.0018235105754832938 0.01175742574257426 0.0003097893432465923 0.013012612800928422
0 0.000980392156862745 0.0 1.0 0.0 0.003675440434832877 0.0035299486454906633 0.011303630363036304 0.0009913258983890955 0.008067250861134358
0 0.001680672268907563 0.0 1.0 0.0 0.0019360653024093454 0.0017487209875668083 0.007280139778683753 0.0005831328814053503 0.0018994337948778064
0 0.001633986928104575 0.0 1.0 0.0 0.00045513160134592667 0.0011970496363140548 0.009755387303436228 0.0005102412712296815 0.003556798096350957
0 0.0016891891891891893 0.0 1.0 0.0 0.0 0.0 0.005801361386138614 0.0005421313506815366 0.0035339957802546563
0 0.03125 0.0 1.0 0.0 0.005647160665466224 0.0030912014548005722 0.007190609452736318 0.0013620797011207973 0.03125000000000001
0 0.025 0.0 1.0 0.0 0.00818243922732896 0.0032829739966264058 0.009390547263681593 0.001681195516811955 0.04149696265246559
0 0.020833333333333332 0.0 1.0 0.0 0.002404884907546287 0.003706161530453781 0.00808457711442786 0.001167496886674969 0.0019446398628762576
0 0.008064516129032258 0.0 1.0 0.0 0.004959429233980136 0.0030238472461814898 0.006218905472636816 0.0012855019483388906 0.02691574263001635
0 0.014285714285714287 0.0 1.0 0.0 0.0012605867261412467 0.002173722676664069 0.008972992181947406 0.0016011385874399576 0.0021145906821181124
0 0.008771929824561403 0.0 1.0 0.0 0.008070362952818579 0.006097321109636224 0.009426551453260013 0.002031854230844858 0.04633691047599291
0 0.0049261083743842365 0.0 1.0 0.0 0.001973739008531295 0.0003516420803213896 0.0073769085606450475 0.0013312148408983556 0.0022480992925979124
0 0.00390625 0.0 1.0 0.0 0.005841776733717306 0.0027690912363930735 0.005363805970149254 0.0015177459526774595 0.024959169471121964
0 0.007407407407407407 0.0 1.0 0.0 0.002971308372876825 0.0059406253179796155 0.004145936981757877 0.0008302200083022002 0.0014995948818572154
0 0.011111111111111112 0.0 1.0 0.0 0.003311988975844566 0.0018824947456273172 0.014648977335544497 0.0006918500069185 0.000767124600550769
0 0.012987012987012988 0.0 1.0 0.0 0.004797238454509877 0.004840700774470244 0.0033759772565742714 0.0007116171499733144 0.00320227255246774
0 0.005208333333333333 0.0 1.0 0.0 0.002510278847685742 0.0012299201513064166 0.007384950248756218 0.00046699875466998757 0.0008424596062196307
0 0.0032051282051282055 0.0 1.0 0.0 0.005829200685335181 0.002523786560336351 0.008654643449419568 0.00010377750103777501 0.03496408345562998
0 0.003105590062111801 0.0 1.0 0.0 0.0012490741826782497 0.0023004420720313555 0.007084144494916721 0.0005955926146515783 0.0017241215207205965
0 0.009523809523809523 0.0 1.0 0.0 0.0027773764700604027 0.003928069798678913 0.005508173418621179 0.000889521437466643 0.00611248692072888
0 0.005208333333333333 0.0 1.0 0.0 0.008092394751786353 0.002823742118440976 0.010053897180762853 0.00041511000415110004 0.0729035754431008
0 0.0028011204481792717 0.0 1.0 0.0 0.007444556987219255 0.0016957761616804327 0.00923951670220327 0.00011860285832888572 0.04205245120045048
0 0.006944444444444444 0.0 1.0 0.0 0.002856006304167961 0.001058903294415366 0.0035758706467661694 0.0 0.004768329477906525
0 0.003095975232198142 0.0 1.0 0.0 0.007547057619862661 0.0019932297306642184 0.007974831723734269 0.00043952823968940007 0.05323226408755555
0 0.005 0.0 1.0 0.0 0.0056853774862288655 0.006422199981622162 0.004601990049751243 0.0007471980074719801 0.002385312516309581
0 0.005291005291005291 0.0 1.0 0.0 0.0024600770113740273 0.003034656758553581 0.008706467661691543 0.001383700013837 0.0027858694654353273
0 0.002066115702479339 0.0 1.0 0.0 0.005704777877575886 0.0027596927102050296 0.009328358208955223 0.00028302954828484094 0.03899155824519552
0 0.002898550724637681 0.0 1.0 0.0 0.005847897932125127 0.007860538423917708 0.009618573797678274 0.00215857202158572 0.011727908899823438
0 0.0016666666666666666 0.0 1.0 0.0 0.003453463774906211 0.0003388490542129171 0.00835820895522388 0.00029887920298879206 0.035286551086537936
0 0.002 0.0 1.0 0.0 0.006781169805309603 0.006122249406546289 0.007400497512437812 0.000809464508094645 0.04265958497962903
0 0.005494505494505495 0.0 1.0 0.0 0.0023994160440161303 0.003630525580852683 0.012437810945273632 0.0008895214374666429 0.0036973951284850247
0 0.005291005291005291 0.0 1.0 0.0 0.005302179853102935 0.004840700774470244 0.013326226012793178 0.0 0.0009539012384289261
0 0.0014285714285714286 0.0 1.0 0.0 0.0028953211280270297 0.004222134891008968 0.009004975124378109 0.000547945205479452 0.0002211487796002269
0 0.0049261083743842365 0.0 1.0 0.0 0.014669315536797057 0.006050875968087806 0.009061833688699361 0.0 0.11965005464065674
0 0.003333333333333333 0.0 1.0 0.0 0.0020107287933176067 0.005429124035228444 0.00808457711442786 0.0007471980074719801 0.002710522167201302
0 0.0010080645161290322 0.0 1.0 0.0 0.003622656499592085 0.0041646421018889865 0.009950248756218907 0.0006615815691158156 0.026986834135408557
0 0.0009765625 0.0 1.0 0.0 0.0037612819179466636 0.0036225884497362673 0.009211753731343282 0.0006226650062266501 0.0068317251365237796
0 0.003787878787878788 0.0 1.0 0.0 0.0026339316522346404 0.004235613177661464 0.010727611940298507 0.0 0.00139813807040382
0 0.001278772378516624 0.0 1.0 0.0 0.005570851098414851 0.0036586198208836593 0.00865239022279905 0.0005955926146515783 0.03658493697931164
0 0.0008403361344537815 0.0 1.0 0.0 0.00272316234718755 0.004250581592826729 0.012108574773192857 0.0005860376529192 0.00012362693456693382
0 0.0007716049382716049 0.0 1.0 0.0 0.0041899449146244865 0.004893593319105114 0.00597705914870094 0.00020755500207555002 0.0005378338760820928
0 0.001001001001001001 0.0 1.0 0.0 0.005210492012607256 0.0009544479487687043 0.007785148332412014 0.0001844933351782667 0.030239614544498274
0 0.0012531328320802004 0.0 1.0 0.0 0.003934054102216501 0.0022634107886876807 0.005212035062781331 0.0005930142916444287 0.0008920734869762032
0 0.002564102564102564 0.0 1.0 0.0 0.0 0.0 0.004850746268656716 0.0 0.009780759917257364
0 0.0025 0.0 1.0 0.0 0.008929841853946139 0.0 0.010199004975124378 0.0 0.08793822471383025
0 0.0024390243902439024 0.0 1.0 0.0 0.0 0.0009027001078396925 0.008582089552238806 0.0007471980074719801 0.006439183210639324
0 0.002976190476190476 0.0 1.0 0.0 0.0 0.0 0.0032649253731343282 0.0 0.014729020147936681
0 0.0017889087656529517 0.0 1.0 0.0 0.007453614244976208 0.0007720674472812586 0.005262150784538844 0.0001915892326851231 0.06732829296164917
0 0.0011363636363636363 0.0 1.0 0.0 0.002546973925511037 0.0 0.008644278606965174 0.0003113325031133251 0.0010152274940415833
0 0.00202020202020202 0.0 1.0 0.0 0.0017936158304556976 0.0 0.006331976481230212 0.0 0.003676547166726561
1 0.019230769230769232 0.0 1.0 0.0 0.004460304878360085 0.006261035920456088 0.011892712550607289 0.0018495996756866307 0.019230769230769232
0 0.016129032258064516 0.0 1.0 0.0 0.003301752886422624 0.0030147557663491435 0.008701188455008491 0.0016150282629946015 0.0007337292981379798
0 0.05555555555555555 0.0 1.0 0.0 0.0036921245332270573 0.005120280798240364 0.01381578947368421 0.0013175230566534913 0.008422390418103875
0 0.009259259259259259 0.0 1.0 0.0 0.0034506551851152655 0.0018042767555663905 0.013352826510721248 0.0016591031083784697 0.011132871254789675
0 0.004761904761904762 0.0 1.0 0.0 0.0023183933797220556 0.002922206071424196 0.00968045112781955 0.0013175230566534902 0.008769299423410495
0 0.008333333333333333 0.0 1.0 0.0 0.002868509940812467 0.0 0.011513157894736841 0.0007246376811594203 0.022405070162601813
0 0.005952380952380952 0.0 1.0 0.0 0.00623310132050581 0.003290709914644868 0.013870614035087719 0.0004391743522178305 0.01190778444259012
0 0.003289473684210526 0.0 1.0 0.0 0.0021190850202056953 0.003501818621152506 0.008760387811634351 0.0007974481658692185 0.002311627691054819
0 0.003003003003003003 0.0 1.0 0.0 0.005329862520383574 0.001946282075864619 0.00956614509246088 0.00046291350639176724 0.004390718887685398
1 0.011111111111111112 0.0 1.0 0.0 0.0047500388882829245 0.0009958124379043055 0.007456140350877193 0.0 0.018049222228222375
0 0.002457002457002457 0.0 1.0 0.0 0.00468201991835702 0.003521474813018322 0.008819345661450923 0.0006765658939571983 0.009656392643042667
0 0.0028735632183908046 0.0 1.0 0.0 0.005741437355580651 0.0026719998952876496 0.011569872958257713 0.0007723411021761846 0.005469737454557956
0 0.002849002849002849 0.0 1.0 0.0 0.0038199864450567823 0.00033524607752284555 0.01091617933723197 0.00029278290147855365 0.00035502890872067533
1 0.002857142857142857 0.0 1.0 0.0 0.008691104378291438 0.0043687079250880265 0.010421052631578949 0.0008959156785243741 0.0010312487074110822
0 0.0031746031746031746 0.0 1.0 0.0 0.004218345527530399 0.005229247636658882 0.015852130325814534 0.0017566974088713222 0.03217598450540741
0 0.002840909090909091 0.0 1.0 0.0 0.005753528581535976 0.005506355140499721 0.010167464114832535 0.001137860821655288 0.004486852590942388
0 0.0021786492374727667 0.0 1.0 0.0 0.005432062076697792 0.0056864922257244 0.013352826510721248 0.0007807544039428098 0.001321507617163062
0 0.004273504273504273 0.0 1.0 0.0 0.0043871003618019735 0.0048258602759977875 0.006477732793522267 0.0003040437823046519 0.012147048594340397
0 0.005263157894736842 0.0 1.0 0.0 0.011677957936203126 0.007152843354982785 0.012368421052631579 0.0006587615283267457 0.0030877888505080444
0 0.002777777777777778 0.0 1.0 0.0 0.0014586361467026567 0.0019613440255131127 0.00928362573099415 0.00043917435221783044 0.010311383029373702
0 0.003968253968253968 0.0 1.0 0.0 0.00047340878437898134 0.0007468593284282291 0.01655701754385965 0.0004391743522178305 0.006504153483976978
0 0.0012987012987012987 0.0 1.0 0.0 0.0021939827383686723 0.003911071846961571 0.01368421052631579 0.0010916619612271786 0.019616104922246764
0 0.001610305958132045 0.0 1.0 0.0 0.002869100954440177 0.003046853312554101 0.013499025341130602 0.001024740155174938 0.0023731765391766077
0 0.001736111111111111 0.0 1.0 0.0 0.005586609941443205 0.00513208523895004 0.016008771929824563 0.0007136583223539745 0.010651957412775971
0 0.0026666666666666666 0.0 1.0 0.0 0.007540807091605211 0.005990936558441243 0.009649122807017543 0.00202020202020202 0.0033789173635548346
0 0.0011655011655011655 0.0 1.0 0.0 0.004919081950941141 0.0051901173992795315 0.012320574162679426 0.0011578232922106438 0.007289444512619527
0 0.0028490028490028487 0.0 1.0 0.0 0.00927425947648912 0.00602096285005171 0.015182186234817818 0.0013175230566534917 0.0006327292363547615
0 0.0016233766233766233 0.0 1.0 0.0 0.005843301456023727 0.004990490202714268 0.016686602870813395 0.001197748233321356 0.003816832038775154
0 0.001277139208173691 0.0 1.0 0.0 0.004990255241585738 0.0030703943338415787 0.009502923976608188 0.0005367686527106816 0.0016672224186177471
0 0.0009009009009009009 0.0 1.0 0.0 0.004196403390302239 0.004656223110104779 0.011237553342816496 0.0012819143253925865 0.0012655873734158615
0 0.03225806451612903 0.0 1.0 0.06451612903225806 0.012107738433590105 0.011587738588789935 0.010441426146010188 0.003149204187590433 0.03225806451612903
0 0.023809523809523808 0.0 1.0 0.0 0.009320885404601293 0.008957197716608528 0.017669172932330824 0.0032667420530217363 0.04170320647392266
0 0.015873015873015872 0.0 1.0 0.0 0.0058554983596227446 0.009561975426904094 0.01503759398496241 0.0027641663525568546 0.004723383077792291
0 0.014705882352941176 0.0 1.0 0.0 0.011713731839372262 0.012663828137804362 0.022136222910216715 0.004035387241968027 0.04554905908506796
0 0.014285714285714287 0.0 1.0 0.0 0.013407494531198745 0.009249197054528733 0.019360902255639103 0.0020731247644176403 0.05560974410602161
0 0.010416666666666666 0.0 1.0 0.0 0.009941848498457357 0.00659501061298001 0.01875 0.0013192612137203166 0.04693819864473726
0 0.005952380952380952 0.0 1.0 0.0 0.011289006650822324 0.007540459297661381 0.01074561403508772 0.0 0.021958183440817833
0 0.005952380952380952 0.0 1.0 0.0 0.008648631027110911 0.0037376215878381783 0.013157894736842105 0.0008795074758135445 0.03689948446937448
0 0.006172839506172839 0.0 1.0 0.0 0.0011758553360066608 0.0032600067067899796 0.01330409356725146 0.0008795074758135445 0.0033643500070790807
0 0.007692307692307693 0.0 1.0 0.0 0.01264947134512506 0.0046306332248071454 0.02550607287449393 0.0010148163182463975 0.056587225048750585
0 0.003952569169960474 0.0 1.0 0.0 0.006665731862855616 0.0057715854811521625 0.013157894736842105 0.0008030285648732362 0.017795292754102625
0 0.0023809523809523807 0.0 1.0 0.0 0.007585884672866439 0.004102461975619637 0.01105263157894737 0.0003769317753486619 0.02484999173492324
0 0.004524886877828055 0.0 1.0 0.0 0.012150913925284258 0.005632600090485532 0.013003095975232198 0.0009312432096849295 0.017360265368997166
0 0.002304147465437788 0.0 1.0 0.0 0.006079196453063826 0.004476288799043147 0.012563667232597624 0.001361818027066133 0.023096545754179756
0 0.0047619047619047615 0.0 1.0 0.0 0.01583000904490848 0.00716957780959406 0.015037593984962407 0.0007538635506973238 0.06468725224466708
0 0.004464285714285714 0.0 1.0 0.0 0.004507052578147813 0.00923641126300449 0.011090225563909775 0.0026385224274406327 0.0007011571190683959
0 0.00196078431372549 0.0 1.0 0.0 0.007250722929039066 0.00495951849721343 0.00956140350877193 0.0007036059806508355 0.009631298207043936
0 0.0027777777777777775 0.0 1.0 0.0 0.00484195711929497 0.0027585505470362455 0.012105263157894737 0.0005277044854881266 0.00870538663847636
0 0.030303030303030304 0.0 1.0 0.0 0.009118411336048224 0.0061189174422601675 0.011915269196822592 0.0028017400280173983 0.030303030303030304
0 0.02631578947368421 0.0 1.0 0.0 0.0022914158521207977 0.005920152257926787 0.013541134389371486 0.0023050326546292734 0.0011860049013708261
0 0.011904761904761904 0.0 1.0 0.0 0.006790018751321038 0.00887998528149205 0.017770457697642163 0.0027806743135210276 0.022613933540571982
0 0.006756756756756757 0.0 1.0 0.0 0.0066805270766163724 0.008705389178351165 0.009052742062450797 0.0018412573157098697 0.006056964278980836
0 0.022222222222222223 0.0 1.0 0.0 0.0035498804677372114 0.011188900200333453 0.005663430420711973 0.0008110300081103001 0.009527190883804207
0 0.010416666666666666 0.0 1.0 0.0 0.005681546871672589 0.010771548432082174 0.014866504854368932 0.0007603406326034063 0.00682738250443826
0 0.006211180124223602 0.0 1.0 0.0 0.0012552646662476684 0.003059232031058573 0.011080624736175602 0.0007405056595789696 0.0010890996875047947
0 0.009615384615384616 0.0 1.0 0.0 0.0008724744752314142 0.007746161677153928 0.018483943241224796 0.0011229646266142615 0.0023813916602520224
0 0.005847953216374269 0.0 1.0 0.0 0.007449946189833327 0.0 0.011113949923352068 0.0 0.037854683636322585
0 0.002631578947368421 0.0 1.0 0.0 0.006319808633847889 0.0025206014747918763 0.01200817577925396 0.0011525163273146371 0.01897893151609452
0 0.007575757575757576 0.0 1.0 0.0 0.0 0.0 0.004449838187702265 0.0 0.010524973826475825
0 0.004629629629629629 0.0 1.0 0.0 0.007790304676264965 0.0030221071626625614 0.02319309600862999 0.0006758583400919166 0.03731113202678448
0 0.002403846153846154 0.0 1.0 0.0 0.010462249278823353 0.008807449509542452 0.021086165048543687 0.0017487834549878346 0.017447466150852527
0 0.003401360544217687 0.0 1.0 0.0 0.007554916532570263 0.00784330488500378 0.0186084142394822 0.0017379214459506433 0.029528153667233898
0 0.003703703703703704 0.0 1.0 0.0 0.004210014132056811 0.005879792140366418 0.017529665587918013 0.0010813733441470666 0.003930816039806915
0 0.002717391304347826 0.0 1.0 0.0 0.008659692378501 0.00757079926725648 0.017306880540312368 0.0014810113191579392 0.0001797360295228424
0 0.0021786492374727667 0.0 1.0 0.0 0.00391439041544999 0.004393325350858976 0.014113628191298092 0.0003604577813823556 0.025535674962925085
0 0.0021367521367521365 0.0 1.0 0.0 0.006449837187198816 0.0019097121738698233 0.007001493651979088 0.00018716077110237696 0.024833023094092226
1 0.017241379310344827 0.0 1.0 0.0 0.009024490002831929 0.010577957097691276 0.00791213982050071 0.003910415926057586 0.017241379310344824
0 0.02631578947368421 0.0 1.0 0.0 0.007421949832057987 0.012440328064024272 0.008471521268925739 0.004702477844094774 0.0016818102045607034
0 0.027777777777777776 0.0 1.0 0.0 0.011001748018434373 0.016296892240631976 0.009988584474885844 0.004295532646048111 0.07362665342567605
0 0.005952380952380952 0.0 1.0 0.0 0.008747692600469073 0.00959852782072611 0.007990867579908675 0.0006545573555882834 0.004375497807028799
0 0.03333333333333333 0.0 1.0 0.0 0.0031499146114116494 0.01207569675468472 0.010273972602739725 0.005154639175257732 0.005861128038897326
0 0.020833333333333332 0.0 1.0 0.0 0.003896476600021113 0.00905677256601354 0.00898972602739726 0.002147766323024055 0.00392013138630902
0 0.0047619047619047615 0.0 1.0 0.0 0.0057105601934799135 0.007791975673911008 0.005136986301369862 0.0 0.029383789941718294
0 0.009615384615384616 0.0 1.0 0.0 0.01701415867385344 0.00840992578358058 0.008956796628029505 0.000528680941052075 0.05405198546809401
0 0.003367003367003367 0.0 1.0 0.0 0.00693142024112953 0.012156059597758721 0.00726442507264425 0.0006248047485160887 0.0022220379032596225
0 0.0020833333333333333 0.0 1.0 0.0 0.008605103015573623 0.0013617475607712655 0.006635273972602741 0.000286368843069874 0.016878984930092506
0 0.012987012987012988 0.0 1.0 0.0 0.0 0.0 0.009295499021526418 0.0 0.002793078945232699
0 0.005208333333333333 0.0 1.0 0.0 0.0011383818651253329 0.0 0.006635273972602739 0.000429553264604811 0.008560601215669037
0 0.03571428571428571 0.0 1.0 0.0 0.006925531005471232 0.008282441017463277 0.014014466546112119 0.0035147392290249446 0.03571428571428572
0 0.0125 0.0 1.0 0.0 0.006869474520019322 0.008387048351549822 0.011867088607594934 0.0034126984126984137 0.00638381635062015
0 0.02564102564102564 0.0 1.0 0.0 0.002082722170605885 0.006306052427882137 0.014605647517039922 0.0031746031746031746 0.0008073917419994998
0 0.006097560975609756 0.0 1.0 0.0 0.005329901939224859 0.012533579555452075 0.009339302253782033 0.0006968641114982577 0.0020395817444794915
0 0.006666666666666667 0.0 1.0 0.0 0.004161813692810565 0.0073489320770637545 0.0100210970464135 0.0007407407407407407 0.0068864089799660615
0 0.011904761904761904 0.0 1.0 0.0 0.006793566561566876 0.00601279634302433 0.01469258589511754 0.001360544217687075 0.0418319734408645
0 0.009523809523809523 0.0 1.0 0.0 0.0007829857194021087 0.007198301336851122 0.004852320675105485 0.0004232804232804233 0.007975568488721212
0 0.008333333333333333 0.0 1.0 0.0 0.0022724844267072585 0.005758641069480899 0.009915611814345993 0.0004232804232804233 0.00342825195899059
0 0.006944444444444444 0.0 1.0 0.0 0.01171203813792989 0.005398726002638342 0.009098101265822785 0.0 0.024822559838993015
0 0.005555555555555556 0.0 1.0 0.0 0.0028469078044126347 0.003599150668425562 0.0056258790436005636 0.0003527336860670194 0.0032109497294574244
0 0.004329004329004329 0.0 1.0 0.0 0.008389667302052756 0.0 0.011301989150090416 0.0 0.0038552118075109508
0 0.0030864197530864196 0.0 1.0 0.0 0.0047197819901641635 0.0 0.007501172058134086 0.00023515579071134627 0.0030339680622834715
0 0.0020242914979757085 0.0 1.0 0.0 0.005509298230114145 0.0051145825288152705 0.006412391738840774 0.0 0.000465078529887796
0 0.03571428571428571 0.0 1.0 0.0 0.01747040059026215 0.01495915269813466 0.01809523809523809 0.004897276636407071 0.03571428571428572
0 0.02 0.0 1.0 0.0 0.002993695780542496 0.006370135564317081 0.0104 0.0034782608695652162 0.0003097573368524662
0 0.013888888888888888 0.0 1.0 0.0 0.015661044097271377 0.011458650777214571 0.015694444444444445 0.004598662207357858 0.04067585948522232
0 0.03571428571428571 0.0 1.0 0.0 0.00248832382980751 0.011501360352350479 0.01 0.003344481605351171 0.005927093534904701
0 0.014285714285714287 0.0 1.0 0.0 0.020027668512333195 0.014021914014055028 0.01880952380952381 0.002388915432393693 0.06542997586236392
0 0.013888888888888888 0.0 1.0 0.0 0.003903076841465845 0.0037917473597125478 0.015555555555555553 0.0008361204013377926 0.0007160432196784702
0 0.012987012987012986 0.0 1.0 0.0 0.012134574606354582 0.018094082514360368 0.019090909090909092 0.004256612952265127 0.06466604521651352
0 0.006944444444444444 0.0 1.0 0.0 0.015256941603973851 0.014999916740230494 0.01314814814814815 0.001300631735414344 0.039273983905393356
0 0.0101010101010101 0.0 1.0 0.0 0.019309417400189887 0.0108496411872979 0.021212121212121213 0.0015202189115232593 0.08441568815106892
0 0.003448275862068966 0.0 1.0 0.0 0.0007215708315390033 0.001568998907467261 0.008275862068965516 0.0008072886633606274 0.0005014383859361246
0 0.006060606060606061 0.0 1.0 0.0 0.012007834799106996 0.006066795775540076 0.019555555555555555 0.0 0.047120144188756534
0 0.002525252525252525 0.0 1.0 0.0 0.01442817100429521 0.009320193258153737 0.013636363636363636 0.0011148272017837237 0.016351821291273886
0 0.0032051282051282055 0.0 1.0 0.0 0.008064856381363677 0.005687621039568822 0.012083333333333333 0.0002787068004459309 0.027732172827872954
0 0.003968253968253968 0.0 1.0 0.0 0.0102135606666795 0.0037917473597125478 0.006851851851851852 0.0 0.03774609671732261
0 0.006666666666666666 0.0 1.0 0.0 0.014524481777482034 0.0027848410927819745 0.015666666666666666 0.0006688963210702341 0.069372639361098
0 0.006944444444444444 0.0 1.0 0.0 0.0019581567999738068 0.005055663146283397 0.008888888888888889 0.0 0.005185773435211079
0 0.004901960784313725 0.0 1.0 0.0 0.014269465737391915 0.01369594298978929 0.006666666666666667 0.0005574136008918618 0.057050124481836044
0 0.02127659574468085 0.0 1.0 0.0 0.00785397486214646 0.004937728931871429 0.011151706187167177 0.0016495338273966045 0.02127659574468085
0 0.017241379310344827 0.0 1.0 0.0 0.008022980766667106 0.0028758400019099953 0.009752699407871821 0.0017047655947307232 0.026115853329855214
1 0.008547008547008546 0.0 1.0 0.0 0.007470453576560105 0.00564282860149682 0.013727013727013727 0.0020743301642178044 0.021234553726137036
0 0.006944444444444444 0.0 1.0 0.0 0.004969437092067672 0.0030648191576826463 0.013655069210624766 0.002028714107365794 0.020542241118695435
0 0.006666666666666667 0.0 1.0 0.0 0.0048616502130248 0.0030376182865487094 0.012457912457912456 0.002397003745318352 0.02065020502314859
0 0.027777777777777776 0.0 1.0 0.0 0.0 0.0 0.006172839506172839 0.0009363295880149814 0.03806656191295287
0 0.005952380952380952 0.0 1.0 0.0 0.008025545174662923 0.0032885547400853346 0.013000374111485224 0.0010767790262172286 0.014981408551162529
0 0.002976190476190476 0.0 1.0 0.0 0.00764665778930403 0.00592134681703566 0.007027951472395918 0.0009363295880149813 0.010447967047020078
0 0.008547008547008546 0.0 1.0 0.0 0.008415660635265462 0.0011860477581940368 0.014849348182681518 0.0003457216940363008 0.04906119959758775
0 0.00625 0.0 1.0 0.0 0.0060314575917642345 0.0031401051670474195 0.014099326599326601 0.0004915730337078652 0.04028222526866866
0 0.003787878787878788 0.0 1.0 0.0 0.004296394105657679 0.0028925853468260115 0.010147774036662928 0.0002808988764044944 0.02661323544788957
0 0.003968253968253968 0.0 1.0 0.0 0.005048498725289952 0.00337938059725547 0.009032120143231254 0.0006420545746388444 0.03039598831197144
0 0.00591715976331361 0.0 1.0 0.0 0.011720560481737445 0.005461049255775458 0.010446343779677113 0.0011235955056179776 0.05309094963749453
0 0.0047619047619047615 0.0 1.0 0.0 0.0032775828197493585 0.004579793093395347 0.010924055368499814 0.0008239700374531836 0.0021144027318850725
0 0.0016260162601626016 0.0 1.0 0.0 0.004884956816990947 0.0020366637990164188 0.008568065478634581 0.000602904905453549 0.020571644168070176
0 0.002403846153846154 0.0 1.0 0.0 0.006892014713681842 0.005463007748466469 0.009928343261676595 0.0018582541054451166 0.028266642258240375
0 0.0032679738562091504 0.0 1.0 0.0 0.004509879278585041 0.0028271199577814495 0.008043396932285821 0.0002496878901373284 0.015613195055169263
0 0.00505050505050505 0.0 1.0 0.0 0.003174462345912545 0.004855510548537208 0.0071421283542495665 0.0010214504596527069 0.004851160300396116
0 0.0018148820326678765 0.0 1.0 0.0 0.0054411469122802045 0.0075768610330893575 0.014590347923681258 0.0017047655947307245 0.011627957555006495
0 0.002380952380952381 0.0 1.0 0.0 0.0022126435282528484 0.00363100131044711 0.01143712254823366 0.0011235955056179778 0.0009051832600283435
1 0.0020703933747412005 0.0 1.0 0.0 0.003553067764678236 0.0007052233732380298 0.007514761137949544 0.00034196384953590623 0.0282646735882207
0 0.0011961722488038277 0.0 1.0 0.0 0.004456920433256522 0.003934770887307497 0.007324709079095044 0.0005026611472501479 0.015934833856033725
0 0.0036231884057971015 0.0 1.0 0.0 0.003725700854344538 0.00265334450654184 0.016741488963711186 0.000749063670411985 0.01989049912298962
0 0.002976190476190476 0.0 1.0 0.0 0.008644896438706692 0.004292066681228173 0.005772005772005771 0.0001605136436597111 0.0456959591565912
0 0.0014814814814814814 0.0 1.0 0.0 0.009085653236522785 0.004894057553817583 0.014465644095273726 0.0014565126924677488 0.03279324246691245
0 0.0019230769230769232 0.0 1.0 0.0 0.003179337112959574 0.004551500544220708 0.008922558922558926 0.001292134831460674 0.005320512103309199
0 0.0013227513227513227 0.0 1.0 0.0 0.006665884472865281 0.004251338575146369 0.011624178290844955 0.000882825040128411 0.019792696263226942
0 0.0021008403361344537 0.0 1.0 0.0 0.01112265207546134 0.0057865772076552595 0.013335974120287848 0.0013879709187045606 0.03836204831551859
0 0.0049261083743842365 0.0 1.0 0.0 0.0030278042967744234 0.0016670808510080935 0.00753567420234087 0.0008025682182985554 0.03278251320671534
0 0.004166666666666667 0.0 1.0 0.0 0.005981757028037302 0.006930222569372256 0.012205387205387205 0.002106741573033708 0.013240523184609054
0 0.004032258064516129 0.0 1.0 0.0 0.0007029510794186667 0.0017160807816753837 0.012906846240179574 0.0007022471910112359 0.010659744068435005
0 0.002232142857142857 0.0 1.0 0.0 0.0031588331271916363 0.0034935867790536583 0.01170434503767837 0.0008828250401284107 0.0031213627337441743
0 0.0013175230566534915 0.0 1.0 0.0 0.00741482826705623 0.005695076068372412 0.009661835748792272 0.0012212994626282366 0.027663617408661387
0 0.0014005602240896359 0.0 1.0 0.0 0.004483538254438912 0.005458063555048489 0.007161562717118273 0.0012306046013911183 0.009642275034842048
0 0.002857142857142857 0.0 1.0 0.0 0.011268004255981946 0.0048694058335206885 0.011560044893378228 0.0011235955056179776 0.07077240292652832
0 0.0014619883040935672 0.0 1.0 0.0 0.0035194000981557776 0.004095997339906668 0.010691712446098412 0.0013601419278533413 0.00505645852480244
0 0.0013513513513513514 0.0 1.0 0.0 0.003975889335382839 0.002082302717705535 0.012626262626262628 0.000449438202247191 0.015174126288487019
0 0.0008771929824561403 0.0 1.0 0.0 0.0038304569786292045 0.0031755472746848885 0.012719790497568276 0.0010486891385767792 0.008898794363744208
0 0.0014245014245014244 0.0 1.0 0.0 0.0017329847446158149 0.0006483092198364807 0.0076692854470632255 0.0007490636704119852 0.0026290437406270135
0 0.0014705882352941176 0.0 1.0 0.0 0.0004127343814674621 0.0010854146702308342 0.009110714993067934 0.0004626569729015202 0.007051892769690476
0 0.001524390243902439 0.0 1.0 0.0 0.0 0.0 0.007295173961840628 0.0007724719101123596 0.004946682760877992
0 0.02631578947368421 0.0 1.0 0.0 0.012144531690022603 0.012998350895951609 0.010621433100824348 0.006220095693779909 0.02631578947368421
0 0.022727272727272728 0.0 1.0 0.0 0.011182407388798048 0.011243627707974067 0.009309967141292442 0.003305785123966941 0.015929205689004303
0 0.01515151515151515 0.0 1.0 0.0 0.007392075255285056 0.01384580579152474 0.007119386637458927 0.0005509641873278236 0.012942381475648919
0 0.013888888888888888 0.0 1.0 0.0 0.010746026513743876 0.013742211643079417 0.004350736278447122 0.0 0.010220175665330738
0 0.025 0.0 1.0 0.0 0.01863388121024973 0.015459988098464342 0.010542168674698794 0.0 0.022695023043391136
0 0.016666666666666666 0.0 1.0 0.0 0.016939126109835438 0.020613317464619123 0.007228915662650602 0.0 0.0006535058859883094
0 0.005494505494505494 0.0 1.0 0.0 0.010859808896072754 0.009513838829824211 0.010658016682113068 0.0 0.022508752937541957
0 0.005681818181818182 0.0 1.0 0.0 0.007275036340769675 0.007495751805316045 0.005750273822562979 0.0 0.022842886636769553
0 0.03571428571428571 0.0 1.0 0.0 0.004904225445116689 0.002581813371848703 0.009810160144235868 0.001167480365102951 0.03571428571428571
0 0.0625 0.0 1.0 0.0 0.0014428810766333308 0.002449655668156715 0.007423904974016331 0.0013001485884101042 0.030038506408636614
0 0.018518518518518517 0.0 1.0 0.0 0.002850360193745939 0.0019653608776320857 0.00837251505402953 0.0009080402839689616 0.001708940906395138
0 0.011904761904761904 0.0 1.0 0.0 0.00579311978742555 0.0018141914450913042 0.006822922190405486 0.0009198330149295979 0.0362238919091467
0 0.01 0.0 1.0 0.0 0.003197435433675484 0.0014055855781116874 0.008389012620638455 0.0009658246656760775 0.0002032631604944823
0 0.007936507936507936 0.0 1.0 0.0 0.0036604882165181046 0.002131193201621095 0.010570226605861347 0.0010613457864572281 0.02180881934050843
0 0.006493506493506493 0.0 1.0 0.0 0.00463538248587883 0.0029121270885411263 0.004791793210501451 0.0007429420505200598 0.037184661094333965
0 0.013888888888888888 0.0 1.0 0.0 0.0019303799666101668 0.0027908665776524757 0.005939123979213066 0.0010731385174178637 0.01531608996389652
0 0.00505050505050505 0.0 1.0 0.0 0.0042829758718062215 0.0033029496125631867 0.007390159951407169 0.0012157233553964613 0.019803455395395835
0 0.003448275862068966 0.0 1.0 0.0 0.005656923975463385 0.002887132044153595 0.010111870568056725 0.0009991289644924943 0.0192547805942288
0 0.005681818181818182 0.0 1.0 0.0 0.006331193092110471 0.0006317231392388847 0.007284706755753526 0.0006965081723625558 0.04738218557568755
0 0.005208333333333333 0.0 1.0 0.0 0.0016710245843337347 0.0006317231392388847 0.008259094283593168 0.0007893759286775633 0.0009149198510769141
0 0.004048582995951417 0.0 1.0 0.0 0.0016883261611262599 0.001253238261930011 0.012073613878794982 0.0008211464768905921 0.002636116286038327
0 0.01020408163265306 0.0 1.0 0.0 0.011479671384492237 0.003951480539321773 0.006469402905928518 0.0007429420505200594 0.11056478945713297
0 0.008333333333333333 0.0 1.0 0.0 0.0030858990304744203 0.00403583583394414 0.01224944320712695 0.0007429420505200594 0.0024701209448363226
0 0.0078125 0.0 1.0 0.0 0.0009203472165528481 0.0018951694177166542 0.011878247958426133 0.0007429420505200594 0.0053001463858460855
0 0.0015898251192368838 0.0 1.0 0.0 0.003528377860865118 0.0008195327211747693 0.009871787154637934 0.0009437371993092649 0.020118995936732536
0 0.001984126984126984 0.0 1.0 0.0 0.00075152012534567 0.0025095839922654605 0.010976773783009864 0.0010878794311186587 0.0010961162357248535
0 0.0018148820326678765 0.0 1.0 0.0 0.0045912451724108546 0.0024250213515866507 0.009907073189463173 0.0005636112107393553 0.024385443549827187
0 0.0020833333333333333 0.0 1.0 0.0 0.00310338484906723 0.002496738480119828 0.009125216530561742 0.0005881624566617137 0.0005744742375231393
0 0.0031746031746031746 0.0 1.0 0.0 0.0008558055631971458 0.0021224124686446267 0.013758970551843606 0.00039623576027736503 0.0008273666885317639
0 0.002840909090909091 0.0 1.0 0.0 0.00033178649158236535 0.0012634462784777694 0.010764662212323682 0.0006036404160475483 0.0008601059686948802
0 0.002173913043478261 0.0 1.0 0.0 0.001596573109518064 0.0010304972282601506 0.0037490720118782475 0.00014858841010401187 0.008127450707841119
0 0.0018115942028985505 0.0 1.0 0.0 0.005448270955946126 0.002541847527904765 0.010522578354475324 0.0007429420505200594 0.03170816846872252
0 0.0016666666666666668 0.0 1.0 0.0 0.0037574801391340278 0.00375673105257344 0.008228161346201435 0.0004024269440316989 0.0186006911957338
0 0.0032051282051282055 0.0 1.0 0.0 0.0024879443472486753 0.0029480413164481283 0.015157139321950014 0.00012382367508667657 0.001979248003779659
0 0.0012345679012345679 0.0 1.0 0.1 0.0026095951272355144 0.0031061519438680798 0.011655530809205642 0.00039623576027736503 0.01518295036738947
0 0.0023809523809523807 0.0 1.0 0.06666666666666667 0.0012535811358469603 0.0006738380151881437 0.02291512001979708 0.0012877662209014363 0.000698429958851994
0 0.002652519893899204 0.0 1.0 0.0 0.002674255596945334 0.002332516206420497 0.005767803095197304 0.00011429877700308607 0.0050787948797716455
0 0.001388888888888889 0.0 1.0 0.08333333333333333 0.0019050299016512941 0.001988911847919092 0.011166790398416233 0.0003095591877166914 0.00027974947611489575
0 0.0012406947890818859 0.0 1.0 0.0 0.0018693892037562375 0.0019437635053504146 0.008651704642795957 0.0001714481655046291 0.00017441782051510194
0 0.002840909090909091 0.0 1.0 0.0 0.0061816103508069735 0.0015748857730100375 0.00674900452183303 0.00027016074564365796 0.07542553472864587
0 0.001443001443001443 0.0 1.0 0.0 0.001239361481455126 0.001684595037970359 0.007989535829179481 0.00017689096440953796 0.0003476029274772428
0 0.0014005602240896359 0.0 1.0 0.0 0.0025411939295350594 0.001847517637064256 0.009580372609325838 0.00038916012170098343 0.0023758803786716057
0 0.0015037593984962405 0.0 1.0 0.0 0.006525550047184486 0.0022792867761671585 0.0053139530340327425 0.000273715492296864 0.04947860028289161
0 0.002525252525252525 0.0 1.0 0.0 0.007554956660366372 0.00183774004142221 0.014645339812377672 0.0 0.073280657470015
0 0.0022522522522522522 0.0 1.0 0.0 0.0016468254605032796 0.002123463069830541 0.010331601088839395 0.00012382367508667657 0.0007959249464491066
0 0.0037593984962406013 0.0 1.0 0.0 0.0016550929927005593 0.0014439386039745935 0.011029801675681409 0.0 0.005219026366545002
0 0.001221001221001221 0.0 1.0 0.0 0.005287371850079676 0.004623996819195052 0.008484462827447236 0.0010259675935753202 0.03380725725317538
0 0.002777777777777778 0.0 1.0 0.0 0.003778139118397612 0.004741820709895572 0.005939123979213066 0.0008254911672445105 0.006219161686117754
0 0.0020325203252032522 0.0 1.0 0.0 0.007798054822794967 0.004110528520351973 0.013796090076713686 0.0014858841010401188 0.062103576551558855
0 0.001984126984126984 0.0 1.0 0.0 0.0009901275802496885 0.0018252547798242322 0.010393466963622864 0.0007429420505200594 0.002844398197052735
0 0.0015503875968992248 0.0 1.0 0.0 0.003034089242235491 0.0027260756792076356 0.006879485275921801 0.00029717682020802375 0.003590953410115126
0 0.000946969696969697 0.0 1.0 0.0 0.003897158100280638 0.002833789713497847 0.010424399901014599 0.0005262506191183754 0.03290698104852436
0 0.001388888888888889 0.0 1.0 0.0 0.003136086116990378 0.0024238407251525396 0.010950259836674088 0.0005107726597325408 0.0029045651466671238
0 0.002717391304347826 0.0 1.0 0.0 0.0008639957663317875 0.0031586156961944233 0.0016703786191536749 0.0 0.035416826557215
0 0.0006447453255963894 0.0 1.0 0.0 0.0025605598490574407 0.0020311530364610472 0.010101010101010102 0.0005853482822279257 0.023970617842863973
0 0.0010964912280701754 0.0 1.0 0.0 0.002783531433902872 0.003512060150322043 0.008674246864376978 0.0002346132791115977 0.0019217964795027508
0 0.0011337868480725622 0.0 1.0 0.0 0.0006141328956146455 0.001938544665085946 0.012166955374082323 0.0003714710252600297 0.0055817326102714365
0 0.0008333333333333334 0.0 1.0 0.0 0.00344845217903768 0.0012059239184617466 0.010486265775798068 0.0005881624566617137 0.033568550857066205
0 0.0016339869281045752 0.0 1.0 0.0 0.009480756440600228 0.0036031470795710435 0.012435040831477359 0.0005572065378900445 0.08002370970609568
0 0.0011312217194570137 0.0 1.0 0.0 0.0031771873855116397 0.0020380874709541663 0.010262456875846107 0.000174809894240014 0.02909289308864747
0 0.0005717552887364208 0.0 1.0 0.0 0.005366241406248181 0.0029675646325771662 0.011315830914940048 0.0006078616776982303 0.026263115386100055
0 0.0010893246187363833 0.0 1.0 0.0 0.0017991360762095608 0.0030415228594824913 0.005284073540329273 0.00043702473560003493 0.008186064576478845
0 0.0011363636363636363 0.0 1.0 0.0 0.0021885292639826394 0.0034229206687126368 0.007887899034892353 0.0002786032689450223 0.00144131465607594
0 0.0006613756613756613 0.0 1.0 0.0 0.004443933626012702 0.002031949165254264 0.00646154692182903 0.00011006548896593473 0.013891721237451637
0 0.0009233610341643582 0.0 1.0 0.0 0.0006912374748947851 0.0 0.0059391239792130675 7.820442637053257e-05 0.008547403247563187
0 0.0011494252873563218 0.0 1.0 0.0 0.003202089902410346 0.0008111628652247847 0.00955209106656768 0.0010401188707280832 0.00026900260184134554
0 0.0007369196757553427 0.0 1.0 0.08695652173913043 0.0024060038763656756 0.001564303041523564 0.00855362964397534 0.0006137347373861361 0.00021885923711920124
0 0.0016666666666666666 0.0 1.0 0.0 0.00208689580511002 0.0 0.003934669636228657 0.0 0.009476359035160127
0 0.0006830601092896175 0.0 1.0 0.0 0.0029198598737940912 0.0002924067125832389 0.014198218262806235 0.0003714710252600297 0.019109868738304395
0 0.001466275659824047 0.0 1.0 0.0 0.0014935176519188552 0.0 0.007558885064452992 0.0 0.0032807676770125697
0 0.0007936507936507937 0.0 1.0 0.0 0.004371481093532333 0.001640082742959526 0.00712694877505568 0.0002600297176820208 0.023398229100048958
0 0.0010416666666666667 0.0 1.0 0.0 0.005668733767781777 0.0011701862364953508 0.010838901262063846 0.0006934125804853887 0.05343994833603809
0 0.0010256410256410256 0.0 1.0 0.0 0.002179409215093515 0.0 0.0036624597871813907 0.0 0.006469452458592605
0 0.0008912655971479501 0.0 1.0 0.0 0.0025810175669679406 0.0004257119179051084 0.004235992838115201 0.00021851236780001746 0.006337749575841637
0 0.0010660980810234541 0.0 1.0 0.0 0.006616566271053265 0.0010025373002853905 0.004401315091738254 0.00021226915729144553 0.057155792227249154
0 0.0007739938080495355 0.0 1.0 0.0 0.0049647037599311215 0.0014553669990956047 0.011292150197319578 0.0007038398373347932 0.022389303667681337
0 0.0008051529790660225 0.0 1.0 0.0 0.0011152996097175518 0.0008079700128523691 0.009279881217520415 0.0005778438170711573 0.0034673839558397885
0 0.0005952380952380952 0.0 1.0 0.0 0.001456705360380775 0.001982179529637897 0.014909675822816134 0.0009596334819217432 0.0008445480341516869
0 0.0007042253521126761 0.0 1.0 0.0 0.004729907135849862 0.002012904948298324 0.007720861172976985 0.0005200594353640416 0.03892546087203103
0 0.0005555555555555556 0.0 1.0 0.0 0.001992436306997899 0.0005446580311528409 0.007364513734224202 8.915304606240712e-05 0.0023641096000495813
0 0.0009132420091324201 0.0 1.0 0.13333333333333333 0.0008232143029897637 0.0 0.012026726057906457 0.0007924715205547301 0.0027000810929621796
0 0.022222222222222223 0.0 1.0 0.0 0.009730834731741463 0.007196179642790553 0.007260726072607263 0.002536531568789632 0.022222222222222227
0 0.014705882352941176 0.0 1.0 0.0 0.01118874074196011 0.006503648014680867 0.013468258590564941 0.0031382279959130044 0.02731932602800388
0 0.01111111111111111 0.0 1.0 0.0 0.008507797320317773 0.009525883657600069 0.012211221122112214 0.002729528535980149 0.011591320545818509
0 0.015625 0.0 1.0 0.0 0.007983204974415563 0.007169737745370702 0.01608910891089109 0.0018610421836228286 0.031005620244293184
0 0.010526315789473684 0.0 1.0 0.0 0.007126729374151921 0.0059176445505280655 0.014721208963001565 0.0013059945148230377 0.043914993480507605
0 0.008333333333333333 0.0 1.0 0.0 0.010952555835108598 0.008767674852755303 0.014603960396039607 0.0009925558312655087 0.04876893893326553
0 0.007936507936507936 0.0 1.0 0.0 0.008038403153340907 0.007501951765452783 0.005363036303630363 0.0 0.026644755018646476
0 0.00625 0.0 1.0 0.0 0.008870476098006896 0.0075957261625209434 0.005569306930693069 0.0 0.04378449768127955
0 0.005291005291005291 0.0 1.0 0.0 0.007141406847604369 0.0064302443703881 0.013790664780763792 0.0007089684509039348 0.009283354247747958
0 0.0038461538461538464 0.0 1.0 0.0 0.005441190061719312 0.003895244185908176 0.013804265041888808 0.0005726283641916397 0.00021155918602416742
0 0.0033670033670033673 0.0 1.0 0.0 0.004741287198074783 0.010002602353937047 0.006967363403006969 0.0 0.004398018865282259
0 0.0043859649122807015 0.0 1.0 0.0 0.0033587248565729046 0.0035535560994250028 0.008467952058363733 0.0005223978059292151 0.0005490813536769458
0 0.007692307692307693 0.0 1.0 0.0 0.0019455251020370364 0.0033758782944537527 0.002722772277227723 0.0004962779156327543 0.002412960020158248
0 0.007142857142857143 0.0 1.0 0.0 0.0 0.0 0.005940594059405941 0.0004962779156327543 0.003963222090442757
0 0.002564102564102564 0.0 1.0 0.0 0.0055149822249634765 0.0 0.004093678598629093 0.0 0.033489882188806525
0 0.002717391304347826 0.0 1.0 0.0 0.002308991535785753 0.0 0.007748600947051228 0.0 0.008629372693045295
0 0.0024509803921568627 0.0 1.0 0.0 0.005598252371033292 0.0 0.004331683168316832 0.0 0.03503324567793382
0 0.003472222222222222 0.0 1.0 0.0 0.0008227908530113793 0.0 0.009746287128712873 0.0012406947890818859 0.007400888267940519
0 0.027777777777777776 0.0 1.0 0.0 0.009875223317394 0.006197947025110623 0.009803921568627454 0.002182214948172395 0.027777777777777776
0 0.011904761904761904 0.0 1.0 0.0 0.007449953286294331 0.003959727223227268 0.011009959539371303 0.002026342451874366 0.02134161330685162
0 0.016666666666666666 0.0 1.0 0.0 0.008954326702355842 0.005300239996870624 0.007189542483660131 0.0019639934533551557 0.0368637937553722
0 0.010416666666666666 0.0 1.0 0.0 0.006625853873710916 0.004894498394229631 0.014161220043572982 0.002045826513911621 0.030139023732623834
0 0.0058823529411764705 0.0 1.0 0.0 0.004668255568860284 0.0031992487331738624 0.013600538254517494 0.0017810724944642348 0.018361762467531156
0 0.008771929824561403 0.0 1.0 0.0 0.0012361436714989702 0.003288807442560082 0.011179910560715512 0.001033680764923766 0.0005667301001801972
0 0.004081632653061224 0.0 1.0 0.0 0.007015127968781323 0.0028599616053773683 0.01335200746965453 0.00018704699555763387 0.01686283950181163
0 0.009615384615384616 0.0 1.0 0.0 0.00304324908937845 0.004512722558273934 0.009678230266465561 0.0005035880649628604 0.001270207315149331
0 0.0101010101010101 0.0 1.0 0.0 0.0009074936991628588 0.0020242210276221724 0.010843731431966725 0.0005951495313197441 0.003918494591661603
0 0.008333333333333333 0.0 1.0 0.0 0.00810508739584793 0.004449765337629796 0.01116557734204793 0.0 0.04877332677573043
0 0.003134796238244514 0.0 1.0 0.0 0.005150391616297049 0.00517355440235915 0.008451656524678837 0.0009029854957954738 0.025785068000085398
0 0.011904761904761904 0.0 1.0 0.0 0.0016895205915764713 0.0 0.007703081232492998 0.0 0.0153600645488169
0 0.003076923076923077 0.0 1.0 0.0 0.00789711141167183 0.007001278904098904 0.013333333333333329 0.0011783960720130931 0.027793706596465868
0 0.0032467532467532465 0.0 1.0 0.0 0.01187300803148481 0.009754134209416758 0.015522875816993464 0.0015622675197143282 0.03317058935291895
0 0.0026666666666666666 0.0 1.0 0.0 0.005117266008365 0.003754972485114132 0.01091503267973856 0.0007855973813420622 0.017776563002124372
0 0.004166666666666667 0.0 1.0 0.0 0.0007809489908326653 0.002741968086373967 0.008714596949891068 0.0 0.003898124336372465
0 0.002557544757033248 0.0 1.0 0.0 0.0042351948923268785 0.00491322841249378 0.01037226484796817 0.0006404326478332029 0.011430705165534528
0 0.0027777777777777775 0.0 1.0 0.0 0.002795850854801207 0.003896625478172682 0.004575163398692811 0.0 0.001231800301788674
0 0.001697792869269949 0.0 1.0 0.0 0.00611046326895736 0.005151012178252747 0.01349356947079907 0.0010031149358534397 0.014762571939266687
0 0.0015625 0.0 1.0 0.0 0.002971395307613898 0.005069438322407955 0.008884803921568627 0.0006137479541734861 0.00037201563479236164
0 0.0023809523809523807 0.0 1.0 0.0 0.006619975182370763 0.007203970512783578 0.008496732026143788 0.0008183306055646482 0.0184223795429697
0 0.0015151515151515152 0.0 1.0 0.0 0.007910025626510404 0.003946708865096568 0.009803921568627449 0.0007092198581560284 0.02561385602108364
0 0.000966183574879227 0.0 1.0 0.0 0.009281427778851447 0.0043734818667036345 0.011510530137981118 0.0007637752318603382 0.013790666608175349
1 0.0026041666666666665 0.0 1.0 0.0 0.002911106976186353 0.002776702182094893 0.008680555555555554 0.0005114566284779051 0.0005184416003764181
0 0.003076923076923077 0.0 1.0 0.0 0.0076764981008697695 0.0017213386163917896 0.015208647561588738 0.0010071761299257208 0.047206033582298176
0 0.002958579881656805 0.0 1.0 0.0 0.0008762435855122254 0.0 0.005153343388637506 0.0003776910487221453 0.004963574775127793
0 0.022222222222222223 0.0 1.0 0.0 0.004686870631658073 0.006447946036321015 0.009812409812409814 0.00300925925925926 0.02222222222222222
0 0.017857142857142856 0.0 1.0 0.0 0.003944010473124029 0.007057687275568435 0.00862708719851577 0.002697172619047619 0.011188735148357188
0 0.00980392156862745 0.0 1.0 0.0 0.004190844664495286 0.003540936656108325 0.010160427807486633 0.002374387254901961 0.017970777418309835
0 0.009615384615384616 0.0 1.0 0.0 0.004867375855407682 0.004087977622190091 0.008191808191808191 0.0 0.02130681244024026
0 0.013333333333333334 0.0 1.0 0.0 0.006043027018563091 0.004048222006108788 0.006233766233766234 0.0006944444444444444 0.003486339312210867
0 0.005747126436781609 0.0 1.0 0.0 0.006510397160898361 0.008895835721904144 0.011016569637259294 0.0011673850574712642 0.006470817794427746
0 0.005291005291005291 0.0 1.0 0.0 0.004643153650855896 0.006841678443138194 0.00634920634920635 0.00019290123456790122 0.001337856818161728
0 0.015625 0.0 1.0 0.0 0.0053305844946132 0.0066429636360588965 0.014935064935064937 0.0 0.002003426041451205
0 0.01111111111111111 0.0 1.0 0.0 0.004729859665619925 0.005314370908847117 0.007272727272727273 0.0005208333333333333 0.005231515738054514
0 0.011111111111111112 0.0 1.0 0.0 0.005190647990832826 0.009841427608976144 0.014718614718614718 0.0 0.0028926349365566606
0 0.003787878787878788 0.0 1.0 0.0 0.004369534939013603 0.006691388885910071 0.009415584415584417 0.0010850694444444443 0.024804220204858268
0 0.003968253968253968 0.0 1.0 0.0 0.006089858864092534 0.0027196756441054968 0.006555349412492271 0.000248015873015873 0.029688525229520046
0 0.002564102564102564 0.0 1.0 0.0 0.0026928644201636037 0.005943596765266626 0.011515151515151516 0.0006944444444444444 0.0004068168906984089
0 0.002040816326530612 0.0 1.0 0.0 0.0019902330732763864 0.0030367833764840674 0.010463821892393322 0.0005952380952380952 0.0027131248936213543
0 0.007407407407407408 0.0 1.0 0.0 0.007340852399812966 0.0039365710435904575 0.007792207792207791 0.0 0.07605607925956037
0 0.003289473684210526 0.0 1.0 0.0 0.002413224792011066 0.005594074640891703 0.008749145591250854 0.0005482456140350877 0.0009589727626422773
0 0.003676470588235294 0.0 1.0 0.0 0.0 0.0 0.006980519480519481 0.0009765625 0.001561818977110035
0 0.030303030303030304 0.0 1.0 0.0 0.009342707635651289 0.011560672131381542 0.010885554574874962 0.005321507760532153 0.030303030303030304
0 0.016129032258064516 0.0 1.0 0.0 0.011322181608095297 0.01276889236988945 0.0142499217037269 0.0037765538945712046 0.02498912908913496
0 0.013333333333333332 0.0 1.0 0.0 0.004241219338071553 0.012167997493289204 0.015339805825242716 0.000975609756097561 0.0002660553924748853
0 0.010869565217391304 0.0 1.0 0.0 0.008911176934922087 0.011706908376114274 0.014563106796116504 0.0012725344644750794 0.036065565950922994
0 0.018181818181818184 0.0 1.0 0.0 0.0026664202470991776 0.008434984447384941 0.007060900264783759 0.0 0.002983297423601042
0 0.0045045045045045045 0.0 1.0 0.0 0.009383551874857985 0.011365328376220394 0.017843085804250848 0.000922874093605801 0.014032232884471953
0 0.005291005291005291 0.0 1.0 0.0 0.010708106519968988 0.0037331441858361736 0.013484358144552315 0.001084010840108401 0.03228073210722878
0 0.006578947368421052 0.0 1.0 0.0 0.010190150102204453 0.003350353809772164 0.014052120592743996 0.0005134788189987163 0.024706439440192254
0 0.034482758620689655 0.0 1.0 0.0 0.008050353849052744 0.008151774767440409 0.012338878484080643 0.0037577365163572072 0.034482758620689655
0 0.020833333333333332 0.0 1.0 0.0 0.012197037692585603 0.0074024459598701535 0.010383386581469648 0.0033386752136752153 0.029391957699634153
0 0.016666666666666666 0.0 1.0 0.0 0.002525031477937575 0.015017565194658545 0.01086261980830671 0.004487179487179487 0.0007476679327652527
0 0.013157894736842105 0.0 1.0 0.0 0.011338002627057071 0.0 0.0121069446779889 0.002530364372469636 0.043663860878781914
0 0.008333333333333333 0.0 1.0 0.0 0.0056007408680482755 0.0036337578863911914 0.011581469648562303 0.0009348290598290597 0.0021904698122530483
0 0.01111111111111111 0.0 1.0 0.0 0.013967561767608676 0.004064292719840394 0.0134185303514377 0.0 0.057384495112405655
0 0.008403361344537815 0.0 1.0 0.0 0.008952030380339721 0.008062732481023861 0.009020860740462319 0.0 0.04698899064611467
0 0.013888888888888888 0.0 1.0 0.0 0.0018234208439666675 0.0024225052575941276 0.0046148384806531766 0.0 0.005551958002069392
1 0.00505050505050505 0.0 1.0 0.0 0.008852477550169345 0.012075459568580492 0.009875108916642462 0.0007284382284382284 0.034815532219019715
0 0.00625 0.0 1.0 0.0 0.0074045467196322745 0.008175955244380181 0.01697284345047923 0.001001602564102564 0.00012896833506170028
0 0.004132231404958678 0.0 1.0 0.0 0.005284056338613037 0.008493431420932257 0.009294220156839965 0.0010198135198135198 0.00038765805417538784
0 0.004901960784313725 0.0 1.0 0.0 0.009453058922234614 0.009507951368783976 0.012779552715654953 0.0005656108597285068 0.0005946474673974864
0 0.005128205128205128 0.0 1.0 0.0 0.008784467742209931 0.005814012618225907 0.010010649627263045 0.00042735042735042735 0.05440052471753674
0 0.002747252747252747 0.0 1.0 0.0 0.011073435159947572 0.006713508395107834 0.011304988940771686 0.0011094674556213016 0.022354686623145513
0 0.0022222222222222222 0.0 1.0 0.0 0.005023826983271356 0.004791044297118631 0.009052183173588923 0.001175213675213675 0.026364520168333967
0 0.0078125 0.0 1.0 0.0 0.0 0.0 0.011980830670926517 0.0 0.0039253259984430005
0 0.02 0.0 1.0 0.0 0.00594470920709607 0.00457732455520432 0.008300751879699248 0.001987951807228917 0.02
0 0.014705882352941176 0.0 1.0 0.0 0.0036405398039129153 0.005821339607920155 0.013489606368863337 0.001993267186392629 0.01017240408387748
0 0.00980392156862745 0.0 1.0 0.0 0.004307724435431545 0.004643572545699674 0.011189739053516145 0.0019932671863926287 0.009195549023248177
0 0.007352941176470588 0.0 1.0 0.0 0.0069520458763394 0.0039867538421420375 0.009243697478991597 0.00203756201275691 0.016796417439582368
0 0.0064516129032258064 0.0 1.0 0.0 0.005151217507382614 0.0052714360113664364 0.011593499878729081 0.001603186941313642 0.024641144927533727
0 0.005952380952380952 0.0 1.0 0.0 0.0034997697009834213 0.003493306396133982 0.01288936627282492 0.001506024096385542 0.014079731512598708
0 0.004081632653061224 0.0 1.0 0.0 0.003419059621644425 0.006825307290759809 0.005714285714285715 0.0012048192771084338 0.010519825076600976
0 0.025 0.0 1.0 0.0 0.006951757692795026 0.004097828170677296 0.007518796992481203 0.0 0.08553142154112717
0 0.00326797385620915 0.0 1.0 0.0 0.0030642812246395802 0.0049667610797034505 0.015302963290579386 0.0014174344436569811 0.0123558008657789
0 0.004761904761904762 0.0 1.0 0.0 0.006978547902909911 0.0025484978428510718 0.00895094880057286 0.000717154331612163 0.036821496254059026
0 0.0025974025974025974 0.0 1.0 0.0 0.003224675533581548 0.0031583100450717928 0.00893662728249194 0.000559380378657487 0.018714004033336687
0 0.0030864197530864196 0.0 1.0 0.0 0.0020974323310127565 0.0034148568088977465 0.007685881370091896 0.0 0.0014828009632574335
0 0.004524886877828055 0.0 1.0 0.0 0.0014258491078583033 0.0006026217898054847 0.01238390092879257 0.0009744861800141745 0.0015735145744655804
0 0.008928571428571428 0.0 1.0 0.0 0.009438624744598492 0.0061175832856224625 0.009210526315789475 0.0005647590361445783 0.08791042737738604
0 0.008333333333333333 0.0 1.0 0.0 0.008520099565079754 0.001280571303336655 0.008270676691729324 0.00037650602409638556 0.08691061543749413
0 0.0012755102040816326 0.0 1.0 0.0 0.004899831032748371 0.004502049075892889 0.012950744207457416 0.000799114826653553 0.01379727179358252
0 0.0032679738562091504 0.0 1.0 0.0 0.003912884917582563 0.0020072542861804756 0.009440267335004176 0.0008366800535475234 0.010079777369242192
0 0.0018518518518518517 0.0 1.0 0.0 0.005042086198287628 0.004027903199802081 0.01343358395989975 0.0015562248995983935 0.02024371134984879
0 0.0011198208286674132 0.0 1.0 0.0 0.004552940016444354 0.0020999258536159612 0.011038233882578786 0.0008972058446552167 0.012017501866714814
0 0.003125 0.0 1.0 0.0 0.004606833005913829 0.0029007676063083822 0.009304511278195489 0.0004706325301204819 0.00572107102278215
0 0.0020703933747412005 0.0 1.0 0.0 0.0015946422841148973 0.003563328844067214 0.010591696632886565 0.0010476689366160294 0.001853785656745561
0 0.007575757575757576 0.0 1.0 0.0 0.0011277718472005678 0.0034148568088977465 0.0067669172932330835 0.0 0.0248677034088894
0 0.0033444816053511705 0.0 1.0 0.0 0.005258005065931244 0.001500517184963963 0.00670908039329092 0.00034754402224281743 0.053611444310775344
0 0.0026041666666666665 0.0 1.0 0.125 0.005650822281827982 0.004481999561678292 0.005263157894736842 0.0 0.018304516113484198
0 0.0026666666666666666 0.0 1.0 0.0 0.0028899558743711346 0.0062245325340882784 0.008320802005012532 0.0006024096385542168 0.0032973855119506888
0 0.002564102564102564 0.0 1.0 0.0 0.0015969771905257868 0.006146742256015944 0.005513784461152882 0.000502008032128514 0.005627628183349253
0 0.0023148148148148147 0.0 1.0 0.0 0.0 0.0 0.008082706766917294 0.0006588855421686747 0.002698985223720949