1 0.02702702702702703 0.0 1.0 0.0 0.009465243871532414 0.007782404175873439 0.009986257443884565 0.0038610038610038615 0.027027027027027025
0 0.029411764705882353 0.0 1.0 0.0 0.015509404831255968 0.005444093448038664 0.01036889332003988 0.0032012805122048804 0.051569801345793344
1 0.015873015873015872 0.0 1.0 0.0 0.013050425899493914 0.00458482522785794 0.0064568200161420515 0.0032393909944930343 0.04164303691663306
0 0.010416666666666666 0.0 1.0 0.0 0.012699431031311931 0.010006903194519074 0.01228813559322034 0.0015589569160997733 0.01947734990211014
0 0.025 0.0 1.0 0.0 0.00360705155826295 0.00289217464427054 0.005932203389830509 0.0 0.002332443991184601
0 0.008333333333333333 0.0 1.0 0.0 0.011034179030353785 0.008471766653164353 0.010169491525423732 0.0006802721088435374 0.033442140969658626
0 0.010989010989010988 0.0 1.0 0.0 0.01270785677813312 0.008898998905447816 0.014080834419817471 0.0010465724751439038 0.05900870433093661
0 0.006944444444444444 0.0 1.0 0.0 0.005940499531618095 0.00834232071664663 0.008851224105461393 0.0011337868480725622 0.008623247758490778
0 0.003968253968253968 0.0 1.0 0.0 0.011342702924792492 0.013319774682185486 0.01295399515738499 0.0018221574344023325 0.024731720919939186
0 0.00625 0.0 1.0 0.0 0.013587609800011327 0.014555305431609116 0.012076271186440678 0.0017006802721088437 0.04102236585788281
0 0.006060606060606061 0.0 1.0 0.0 0.00567207274827195 0.011426790251737484 0.014237288135593221 0.0011337868480725624 0.0004669927646050813
0 0.003205128205128205 0.0 1.0 0.0 0.013654169422532834 0.00935327213704197 0.010299869621903521 0.0018315018315018315 0.03209628105026459
0 0.004273504273504274 0.0 1.0 0.0 0.01911218660975304 0.008189458964301528 0.007909604519774011 0.0017006802721088435 0.04691230248920983
0 0.0035714285714285713 0.0 1.0 0.0 0.017743511414568248 0.016780144091821096 0.011694915254237288 0.0011904761904761904 0.04187895248084976
0 0.0047619047619047615 0.0 1.0 0.0 0.002016144035694456 0.0 0.00847457627118644 0.0 0.0009826069124066557
0 0.02857142857142857 0.0 1.0 0.0 0.005632863273857711 0.0009401447352502073 0.010569777043765482 0.0007712082262210793 0.028571428571428577
0 0.027777777777777776 0.0 1.0 0.0 0.0015403879179412914 0.003655382895488284 0.00845643331192464 0.0007497857754927161 0.007313632751861478
0 0.018518518518518517 0.0 1.0 0.0 0.008306042249428972 0.0037116191095256925 0.010026404053379005 0.0010711225364181665 0.05328036211074487
0 0.01 0.0 1.0 0.0 0.0024539148335674422 0.0014312692911423969 0.009145793192035965 0.0007197943444730076 0.005070356438259943
0 0.009523809523809525 0.0 1.0 0.0 0.007588519443029871 0.0038974168892987374 0.010612594427623329 0.0010711225364181663 0.04581092415842944
0 0.00641025641025641 0.0 1.0 0.0 0.0019135034203279166 0.0020508937936204842 0.014006224988883948 0.0009145738580185878 0.0046449551052403825
0 0.023809523809523808 0.0 1.0 0.0 0.019658399234797713 0.0014572396665219174 0.007707129094412331 0.000535561268209083 0.16035186602902302
0 0.008333333333333333 0.0 1.0 0.0 0.002174051980195889 0.0020401355331306848 0.01070434596446157 0.0008140531276778062 0.010490997501062157
0 0.012345679012345678 0.0 1.0 0.0 0.015193346280005068 0.0009714931110146116 0.007064868336544635 0.0005712653527563553 0.10844160669393564
0 0.0035714285714285718 0.0 1.0 0.0 0.001638141387471526 0.001316603166586169 0.009610973483805853 0.0007574366507528458 0.0014789269375068154
0 0.0027548209366391185 0.0 1.0 0.0 0.005059154785627572 0.002871030526410167 0.00901111305735583 0.0010321726260029598 0.029345431512492113
0 0.0028735632183908046 0.0 1.0 0.034482758620689655 0.007739043970295312 0.0019597361032536132 0.007906451398578165 0.0006205123659250065 0.03067801252750724
0 0.004273504273504274 0.0 1.0 0.05555555555555555 0.0023251934222598028 0.0016603692576129057 0.010847070577321058 0.0012496429591545269 0.009927507236783404
0 0.005952380952380952 0.0 1.0 0.0 0.0034560035838311176 0.0038154896882021914 0.006154998929565403 0.0006962296486718081 0.01008032299936901
0 0.002777777777777778 0.0 1.0 0.0 0.006108683837888287 0.003200405681177306 0.010864911153928495 0.0007497857754927163 0.03963271928574725
0 0.004807692307692308 0.0 1.0 0.0 0.0021204623089817283 0.0020177164613380395 0.008052961810187245 0.0005932370970931383 0.005344255894978187
0 0.0024509803921568627 0.0 1.0 0.0 0.004947246028369966 0.003062998665677172 0.009981802611860413 0.0005891173950299915 0.000171031595530927
0 0.002525252525252525 0.0 1.0 0.0 0.0034906868024843275 0.0024595491878569827 0.009955041746949262 0.00032133676092544985 0.0034357261736672608
0 0.002631578947368421 0.0 1.0 0.0 0.009563125750633611 0.002052219297875432 0.007964033397559408 0.00012853470437017994 0.044831669088738944
0 0.004545454545454546 0.0 1.0 0.0 0.010820430318220801 0.004219044701959187 0.014771997430956972 0.0017527459686842717 0.08699157391769903
0 0.002506265664160401 0.0 1.0 0.0 0.006636321424761725 0.003240914091245348 0.008957847412365208 0.0004397239886348261 0.05049455029460198
0 0.004545454545454545 0.0 1.0 0.0 0.0003742986527791289 0.0029189934939546245 0.008542068079640332 0.0002570694087403599 0.01901416065629977
0 0.004347826086956522 0.0 1.0 0.0 0.011602992382177744 0.0026230313997394517 0.007000642260757866 0.00012853470437017994 0.09624719999059946
0 0.0018115942028985505 0.0 1.0 0.0 0.006740318901119048 0.002528201704565031 0.012175030018709333 0.0007265005029618866 0.041117357627768185
0 0.005714285714285714 0.0 1.0 0.0 0.0025335033474000175 0.0031226564282612517 0.008257638315441783 0.00045905251560778547 0.016812735387305176
0 0.0009615384615384616 0.0 1.0 0.0 0.0037333429799505423 0.0017983618413902832 0.012219010918432879 0.00022493573264781492 0.023752714101895663
0 0.001949317738791423 0.0 1.0 0.0 0.0015584649538626894 0.0025309952102749093 0.008856437819017677 6.764984440535787e-05 0.0015272738779364306
0 0.0007288629737609329 0.0 1.0 0.0 0.005817757572614683 0.002013646668448283 0.01065628563564154 0.0006033261633702323 0.014084167554070949
0 0.002028397565922921 0.0 1.0 0.0 0.006859488153117362 0.0027222353172480845 0.01363859609354339 0.0009451081203689702 0.0563079587852717
0 0.001851851851851852 0.0 1.0 0.0 0.004482546880832718 0.002636753645082122 0.012345679012345677 0.0005355612682090831 0.004258683267710718
0 0.0024813895781637717 0.0 1.0 0.0 0.010839543955683883 0.003767951854845801 0.00909045995751198 0.0006426735218508997 0.07342272663053226
0 0.000946969696969697 0.0 1.0 0.0 0.00842831245936475 0.0028874813124564716 0.010723808411669682 0.00025317441769883933 0.020573946150996232
0 0.0033670033670033673 0.0 1.0 0.0 0.01397004810781105 0.0033536445413617885 0.008135302932990795 0.00021422450728363323 0.10692651661578084
0 0.0014005602240896359 0.0 1.0 0.0 0.002608679165257267 0.003180174933061781 0.011958283634584212 0.0007344840249724567 0.002098121586736302
0 0.0017857142857142857 0.0 1.0 0.0 0.0008934287520830054 0.0013661621873642977 0.013286769428387923 0.0006426735218508997 0.00197563944257828
0 0.0013227513227513227 0.0 1.0 0.0 0.000871288095380753 0.0010908762886421505 0.00954215983117717 0.0004590525156077855 0.0044177059349977755
0 0.0008718395815170009 0.0 1.0 0.0 0.007521428174898439 0.0020785661153471307 0.011394948929910702 0.000228045443237416 0.027882939580851043
0 0.0020242914979757085 0.0 1.0 0.0 0.0046351839156422376 0.0024347569277397433 0.009633911368015412 0.0004943642475776152 0.00213904761364293
0 0.003205128205128205 0.0 1.0 0.0 0.015869323459709837 0.002610588240137092 0.013888888888888888 0.00032133676092544985 0.12004869587523519
0 0.002272727272727273 0.0 1.0 0.0 0.01613686922263003 0.0031794319996841834 0.010101010101010098 0.0003505491937368544 0.08252386833824644
0 0.0040650406504065045 0.0 1.0 0.0 0.001628534479204736 0.0023608273437256085 0.010811389424106185 0.0006426735218508997 0.02509830496029468
0 0.003401360544217687 0.0 1.0 0.0 0.001006917130158738 0.0020987718601741924 0.00908340214698596 0.0003672420124862284 0.027858174895308823
0 0.0015503875968992248 0.0 1.0 0.0 0.008780488853519992 0.0047016169067326105 0.007878398629843717 0.0009425878320479862 0.06374587597005617
0 0.003787878787878788 0.0 1.0 0.0 0.001328926336101542 0.0007286198332609587 0.01070434596446157 0.00042844901456726646 0.027529097710758222
0 0.003703703703703704 0.0 1.0 0.0 0.003123726403370757 0.0014572396665219174 0.006315564119032326 0.0 0.01931520682382072
0 0.0018115942028985507 0.0 1.0 0.0 0.0014223300973342124 0.00047177586659446656 0.004923999143652323 0.0002677806341045415 0.010314665109810283
0 0.0007092198581560283 0.0 1.0 0.06666666666666667 0.008949877761623941 0.002185859499782876 0.008820381074716332 0.00023564695801199656 0.022499728258668857
0 0.0010416666666666667 0.0 1.0 0.0 0.0030964016317503408 0.004380586977905978 0.009216441875401413 0.0008033419023136246 0.002130289683781218
0 0.0008873114463176574 0.0 1.0 0.0 0.0009304789118100982 0.0015326886710674383 0.009438440702577417 0.0006426735218508997 0.004825063948739806
0 0.0006666666666666666 0.0 1.0 0.0 0.005250787797259415 0.002204516455345131 0.008092485549132947 0.0004498714652956298 0.03141186593338081
0 0.0008169934640522876 0.0 1.0 0.0 0.005094595796599314 0.0018215495831523968 0.012764932562620422 0.00016066838046272492 0.03982138376459426
0 0.0009157509157509158 0.0 1.0 0.0 0.002186442351273514 0.002815515967890464 0.013518059760834325 0.001040519035377647 0.0003733098056808518
0 0.0005390835579514824 0.0 1.0 0.0 0.0084021877816344 0.003962025654556371 0.01014771997430957 0.0007161219243481452 0.019674848317743444
0 0.0011574074074074073 0.0 1.0 0.0 0.002887559100574768 0.003313624676137422 0.013005780346820811 0.0013255141388174804 0.0009950764087633419
0 0.0015151515151515152 0.0 1.0 0.0 0.002374212920848003 0.002144822813095653 0.014397345322200814 0.0011782347900599827 0.006922677314909316
0 0.0016233766233766233 0.0 1.0 0.0 0.0022268406710406904 0.0004141502950809568 0.006130670870555263 0.00023369946249123625 0.008849997134572666
0 0.0012531328320802004 0.0 1.0 0.0 0.00873730482178472 0.0 0.003670061473529682 9.18105031215571e-05 0.06857431090588209
0 0.001326259946949602 0.0 1.0 0.0 0.010656149771313643 0.004064642506033351 0.011017242231115063 0.001235910618944038 0.07384526793343973
0 0.0015408320493066256 0.0 1.0 0.0 0.001351138067602281 0.0009548743879980334 0.010451334150756116 0.0003505491937368544 0.011934894640667272
0 0.000925925925925926 0.0 1.0 0.0 0.008017779198792775 0.0015469727624244482 0.01070434596446157 0.000499857183661811 0.05283589108180898
0 0.0007127583749109052 0.0 1.0 0.0 0.006432022397292714 0.0016284560748597338 0.007902599759850325 0.0004191349055549345 0.04215628761305753
0 0.0007331378299120235 0.0 1.0 0.0 0.006948708254313743 0.002396824196479867 0.012845215157353885 0.0006718859546623042 0.04308946590533461
0 0.0007215007215007215 0.0 1.0 0.0 0.007174787024279517 0.004038011012881784 0.014304898697962283 0.0015190465061930352 0.043682299490568066
0 0.0026041666666666665 0.0 1.0 0.0 0.004017666677702783 0.005371376921109984 0.01220295439948619 0.001178234790059983 0.013297477956569168
0 0.0010256410256410256 0.0 1.0 0.0 0.00809101040354978 0.00040470893073217437 0.010361806893598802 8.568980291345329e-05 0.06366244360304016
0 0.001893939393939394 0.0 1.0 0.0 0.0030064824047973766 0.0 0.009553628773281952 0.0 0.011034432454149945
0 0.0006218905472636816 0.0 1.0 0.0 0.009602241385458234 0.0009738197043424371 0.011507171911796189 0.00040167095115681235 0.028226545382890864
0 0.0007739938080495355 0.0 1.0 0.0 0.012047670898230748 0.0030573328976036492 0.014941013419869517 0.0006764984440535787 0.03564783855747051
0 0.0018115942028985507 0.0 1.0 0.0 0.015638107338128315 0.0041942994475128136 0.01123956326268465 0.001205012853470437 0.12011749734723867
0 0.002040816326530612 0.0 1.0 0.0 0.00301147023780471 0.0 0.008624644462794751 0.0002754315093646713 0.01434705580989523
0 0.001564945226917058 0.0 1.0 0.0 0.002003713386700222 0.001707770826125092 0.011417969028759007 0.0005712653527563553 0.013738242222215834
0 0.0009259259259259259 0.0 1.0 0.0 0.009350045215125497 0.003534861441436366 0.010318989509740953 0.0006855184233076265 0.06367857459880083
0 0.001141552511415525 0.0 1.0 0.0 0.002239827140363839 0.0 0.009259259259259259 0.00010711225364181662 0.006828426380550395
0 0.0013513513513513514 0.0 1.0 0.0 0.01418556404803474 0.003465645112514873 0.011881824020552344 0.0006426735218508997 0.09662855993269188
0 0.0006349206349206349 0.0 1.0 0.0 0.0018971662510078053 0.0005149866300030905 0.007095452182157384 0.00015301750520259517 0.007365090379499905
0 0.002631578947368421 0.0 1.0 0.0 0.0037377166518283273 0.001748687599826301 0.009890815671162493 0.0002570694087403599 0.034500297656727984
0 0.0016233766233766235 0.0 1.0 0.0 0.0009252848414393693 0.0 0.0027296082209377005 0.0 0.02235654864352546
0 0.00037707390648567115 0.0 1.0 0.0 0.004958080404475253 0.000371591679788162 0.013223015603158406 0.0007560864962951762 0.027868985119259396
0 0.00039556962025316455 0.0 1.0 0.0 0.005441435563448912 0.00025087661372511053 0.012965639049454079 0.000261086118251928 0.029573709698350787
0 0.000390625 0.0 1.0 0.0 0.004621773955001278 0.0007253717156459238 0.012363519588953114 0.00040167095115681235 0.029799687919003146
0 0.0007716049382716049 0.0 1.0 0.0 0.0010951129011122726 0.0 0.004576107899807321 8.033419023136246e-05 0.010108909476997482
0 0.0003586800573888092 0.0 1.0 0.0 0.00463306355672021 0.0005217492371353177 0.010200612036722203 0.00020792378648117342 0.027788946498520595
0 0.0012048192771084338 0.0 1.0 0.0 0.013285848997466815 0.0030975334736701348 0.007578676942838791 0.0008354755784061696 0.09581378791272602
0 0.0007002801120448179 0.0 1.0 0.0 0.0016533999319209396 0.0 0.006800408024481468 0.00030243459851807047 0.004955056575015116
0 0.001680672268907563 0.0 1.0 0.0 0.0013958866964612023 0.0007960994559023589 0.008257638315441783 0.00045905251560778547 0.021899730504776446
0 0.0007267441860465116 0.0 1.0 0.0 0.00018667164442168606 0.0 0.0073458574181117535 0.0006426735218508997 0.003025232760885007
0 0.047619047619047616 0.0 1.0 0.0 0.021593901345357307 0.009649207597378438 0.012860618700034757 0.003368176538908248 0.04761904761904763
0 0.03333333333333333 0.0 1.0 0.0 0.011436148433063538 0.00543040722229685 0.012165450121654499 0.0027642276422764228 0.00015949861826773778
0 0.02222222222222222 0.0 1.0 0.0 0.01676048635107276 0.006546975706745942 0.016707218167072182 0.0037398373983739833 0.08406497685516963
0 0.027777777777777776 0.0 1.0 0.0 0.0031293095608156455 0.007373869662140175 0.009732360097323601 0.002168021680216802 0.007250458086551878
0 0.0125 0.0 1.0 0.0 0.021791373493692718 0.012253021948099133 0.011253041362530414 0.0036585365853658543 0.07187927755870899
0 0.01282051282051282 0.0 1.0 0.0 0.021674914063710752 0.016133255511940343 0.013101253977166384 0.004127579737335836 0.09462288884887163
0 0.007518796992481203 0.0 1.0 0.0 0.025976176305655945 0.013021832673694209 0.011909335382251246 0.003594351732991014 0.047910274116540065
0 0.005434782608695652 0.0 1.0 0.0 0.021249487827121275 0.008771477656398774 0.012800169258436477 0.0015906680805938497 0.03870223630109785
0 0.004629629629629629 0.0 1.0 0.0 0.008930047852146693 0.006655247499069767 0.01064476885644769 0.0007113821138211383 0.05120397932109385
0 0.005 0.0 1.0 0.0 0.011874401147050979 0.0036054868391371814 0.00924574209245742 0.0004878048780487805 0.05667413303404657
0 0.004132231404958678 0.0 1.0 0.0 0.016655314569555366 0.008906094604293783 0.014709135147091351 0.0013303769401330377 0.0509000679370127
0 0.005555555555555555 0.0 1.0 0.0 0.009181321551330971 0.006360938676288041 0.00957015409570154 0.0009756097560975609 0.0004303040279698326
0 0.003344481605351171 0.0 1.0 0.0 0.012519565859651836 0.009232088550927709 0.01438696710039141 0.0013785790031813363 7.155087955974632e-05
0 0.00510204081632653 0.0 1.0 0.0 0.004022843784933264 0.0011850861957010995 0.0038234271810914148 0.0 0.0006539998059028024
0 0.003333333333333333 0.0 1.0 0.0 0.010446089150492052 0.0036100932252870572 0.010340632603406327 0.0004878048780487805 0.06296624727739235
0 0.002403846153846154 0.0 1.0 0.0 0.010463070653044736 0.003816631476329336 0.009358038555118846 0.0009380863039399625 0.04407084192524524
0 0.002557544757033248 0.0 1.0 0.0 0.008093686510883207 0.005476836626124572 0.008991854437744631 0.0004241781548250265 0.00010422085730474163
0 0.0020576131687242796 0.0 1.0 0.0 0.012913725107492047 0.00871641770599685 0.010182932324051543 0.0005420054200542005 0.037648339831065906
0 0.0020242914979757085 0.0 1.0 0.0 0.013903910355499623 0.00687720178172349 0.013756316676024703 0.00075046904315197 0.0431623767910561
0 0.0020833333333333333 0.0 1.0 0.0 0.00690135985888522 0.005307107065981532 0.007806163828061638 0.0004065040650406504 0.00010021647257330649
0 0.002976190476190476 0.0 1.0 0.0 0.0 0.0 0.005626520681265207 0.0003048780487804878 0.0018620886539016937
0 0.0625 0.0 1.0 0.0 0.023233899269973473 0.007399990707767321 0.010346283783783784 0.001797800338409475 0.06249999999999999
0 0.016666666666666666 0.0 1.0 0.0 0.00347863261313267 0.0021456164612355375 0.008727477477477477 0.001635645798082347 0.002429677798686548
0 0.009259259259259259 0.0 1.0 0.0 0.005501883211024621 0.004574693553850427 0.011495870870870869 0.0018800526414739617 0.038138433069495964
0 0.007142857142857143 0.0 1.0 0.0 0.01403325141646632 0.007482344780926656 0.007915057915057915 0.002127145274353396 0.02672117368307502
0 0.010526315789473684 0.0 1.0 0.0 0.02213372194583595 0.008715797907768762 0.01653627311522048 0.003205984504408229 0.04933119311359377
0 0.004273504273504273 0.0 1.0 0.0 0.015616742848698415 0.010214211696908618 0.010438322938322938 0.0019523623584537292 0.02292910983226639
0 0.010989010989010988 0.0 1.0 0.0 0.004370137135262778 0.005432827773510968 0.013383575883575884 0.0010412599245086555 0.006539221039075673
0 0.0078125 0.0 1.0 0.0 0.017390472637939264 0.010199107063903912 0.009818412162162162 0.0019035532994923859 0.07945077908688841
0 0.003003003003003003 0.0 1.0 0.0 0.016254391912139433 0.009564973895950431 0.01050036523009496 0.0017835093977225957 0.02075355862061291
0 0.003703703703703704 0.0 1.0 0.0 0.014294821378127329 0.004594282822157822 0.01758008008008008 0.0009400263207369807 0.03676890968783936
0 0.0023923444976076554 0.0 1.0 0.0 0.011003566469737665 0.004623915830170483 0.012935633001422479 0.0008905512512245079 0.02467652713526479
0 0.00641025641025641 0.0 1.0 0.0 0.004556984387638491 0.009840737359873532 0.005587318087318088 0.0006507874528179097 0.00048104076360060177
0 0.004273504273504274 0.0 1.0 0.0 0.013558707051556866 0.0038186920185873563 0.007132132132132132 0.0008460236886632827 0.07149879255869837
0 0.0037593984962406013 0.0 1.0 0.0 0.010554124855275815 0.0030289405839007528 0.005956614509246087 0.0 0.07207361948521078
0 0.0022988505747126436 0.0 1.0 0.0 0.0047609975723263195 0.0024175668613427587 0.010484622553588075 0.0003500787677227376 0.00015685533379389272
0 0.005681818181818182 0.0 1.0 0.0 0.0036305260597231733 0.004305433286054173 0.008906633906633907 0.001076757421935087 0.0005390381185409076
0 0.0034602076124567475 0.0 1.0 0.0 0.00034481222706171573 0.00067705730698958 0.009638314785373608 0.00019906439733253706 0.001237843597030761
0 0.0021367521367521365 0.0 1.0 0.0 0.009923084911530653 0.004233941667810664 0.015397609147609147 0.0008460236886632824 0.051129033656885606
0 0.0020242914979757085 0.0 1.0 0.0 0.011387094361697138 0.007813761063308163 0.013903326403326402 0.001822204867890147 0.04834309212637644
0 0.002631578947368421 0.0 1.0 0.0 0.012405753491144063 0.001621512942276313 0.015024893314367002 0.0008014961261020571 0.07026826517241118
0 0.0015873015873015873 0.0 1.0 0.0 0.010314748760432282 0.004433051006943128 0.013063063063063063 0.0005076142131979696 0.042832671187306055
0 0.002840909090909091 0.0 1.0 0.0 0.0009004644353388491 0.002158120166029286 0.004750844594594595 0.0 0.0010453650681424345
0 0.0015527950310559005 0.0 1.0 0.0 0.01937125261254638 0.005822982003430571 0.018520752895752893 0.0007855934251873338 0.028499978574293584
0 0.0023148148148148147 0.0 1.0 0.0 0.0016803784443817171 0.0028946322609281214 0.013044294294294295 0.0008460236886632825 0.00042551771301225046
0 0.0025 0.0 1.0 0.0 0.0007189731146537637 0.0 0.008551520270270271 0.0005287648054145516 0.001083855293244078
0 0.03333333333333333 0.0 1.0 0.0 0.015783619893839407 0.008169217464055776 0.011370716510903427 0.005007824726134587 0.03333333333333333
0 0.015151515151515152 0.0 1.0 0.0 0.018990511975890714 0.01271313440815889 0.012744265080713678 0.004837103428652723 0.019917324084062236
0 0.017543859649122806 0.0 1.0 0.0 0.020640775032864093 0.023543179880925268 0.013526807673389079 0.004447739065974795 0.046171462060036916
0 0.007575757575757576 0.0 1.0 0.0 0.01231170967814947 0.012344158487308184 0.012461059190031152 0.0014226774790155072 0.026941806955978295
0 0.006060606060606061 0.0 1.0 0.0 0.017918209262697715 0.01675044248023916 0.010053809119229679 0.0008536064874093043 0.019653304635376855
0 0.009259259259259259 0.0 1.0 0.0 0.03808878371045106 0.016470974350897186 0.018691588785046728 0.0020865936358894104 0.03686749878181531
0 0.007142857142857143 0.0 1.0 0.0 0.0315658076105149 0.011092047002272832 0.015654205607476636 0.0009389671361502347 0.031981159616219876
1 0.009615384615384616 0.0 1.0 0.0 0.010512822803382895 0.0 0.008626887131560028 0.0 0.016008385172148126
0 0.007407407407407407 0.0 1.0 0.0 0.034738452438438316 0.02375358614065297 0.017133956386292833 0.004381846635367763 0.04065274102487783
0 0.05263157894736842 0.0 1.0 0.0 0.010566437860213327 0.011167143833098428 0.008650097465886937 0.0029307607766516056 0.05263157894736842
0 0.014285714285714285 0.0 1.0 0.0 0.011938270862169004 0.007508214929244505 0.006547619047619047 0.0027179317202519057 0.020296853878171466
0 0.013333333333333332 0.0 1.0 0.0 0.014882996241285404 0.005459124027261378 0.011851851851851851 0.003433874709976798 0.02627616176882812
0 0.009259259259259259 0.0 1.0 0.0 0.01616966609924569 0.009660882420866932 0.012431412894375857 0.0036951104236487065 0.025211142973249376
0 0.02 0.0 1.0 0.0 0.0023619426261542744 0.0015782818476390511 0.005092592592592592 0.0013921113689095127 0.0011958045502415454
0 0.020833333333333332 0.0 1.0 0.0 0.025066235571868923 0.007422203129735716 0.012731481481481483 0.0014501160092807424 0.11142666586337298
0 0.014285714285714285 0.0 1.0 0.0 0.014202743497671566 0.003769907472532079 0.012499999999999997 0.0013921113689095127 0.0003079302774987534
0 0.005208333333333333 0.0 1.0 0.0 0.015701199121953977 0.006675332236198691 0.010320216049382715 0.0008700696055684454 0.029114572259327374
0 0.004629629629629629 0.0 1.0 0.0 0.014107336150610938 0.005918556928646442 0.01138117283950617 0.0 0.03038819849589763
0 0.0125 0.0 1.0 0.0 0.025548341378220193 0.001972852309548814 0.012731481481481479 0.000580046403712297 0.111299115050025
0 0.0033670033670033673 0.0 1.0 0.0 0.012688485985506537 0.008599473984133407 0.011488340192043893 0.0018905216120993383 0.027032617761542754
0 0.004629629629629629 0.0 1.0 0.0 0.015606749376905002 0.0020943930402955993 0.00861625514403292 0.0002577984016499098 0.04119696673189553
0 0.004273504273504274 0.0 1.0 0.0 0.022071323035820364 0.015039295453336408 0.012860082304526744 0.0028357824181490074 0.03906916661425902
0 0.003968253968253968 0.0 1.0 0.0 0.002800740603606983 0.007014585989506893 0.0046296296296296285 0.0 0.00051509587705614
0 0.004166666666666667 0.0 1.0 0.0 0.020519104278785828 0.013951665154529773 0.011429398148148147 0.0027552204176334106 0.04418404633613262
0 0.003289473684210526 0.0 1.0 0.0 0.009238294210286246 0.005101847954097477 0.009502923976608187 0.0008548052265233849 0.00016093007434841533
0 0.003676470588235294 0.0 1.0 0.0 0.012558518556633633 0.003945704619097628 0.013888888888888888 0.0007250580046403712 0.05810724693747221
0 0.004629629629629629 0.0 1.0 0.0 0.0032359847056760323 0.003945704619097628 0.005401234567901233 0.0 0.0011623878796208863
0 0.002770083102493075 0.0 1.0 0.0 0.017026696280379578 0.008916646475819516 0.00999025341130604 0.0006105751618024178 0.03870482539419438
0 0.0025 0.0 1.0 0.0 0.01297449924691147 0.0036240585956359367 0.010648148148148146 0.0002320185614849188 0.03726677154320633
0 0.001443001443001443 0.0 1.0 0.0 0.009413086493628622 0.006648427351001753 0.008838383838383838 0.0009140125149405892 0.0223805258125642
0 0.0017482517482517483 0.0 1.0 0.0 0.0023412751728835624 0.0 0.006677350427350427 0.0008031411743708727 0.000366011456864741
0 0.043478260869565216 0.0 1.0 0.0 0.014466792115206536 0.0062991173425480974 0.011814744801512289 0.002843265015993365 0.04347826086956523
0 0.012195121951219513 0.0 1.0 0.0 0.00991995808402315 0.007050304392787046 0.010206786850477201 0.002990629361334484 0.01581426324196778
0 0.008130081300813007 0.0 1.0 0.0 0.010887111179217517 0.008668930513489744 0.010935843054082715 0.0024589619193194647 0.017003265965598986
0 0.0125 0.0 1.0 0.0 0.01679788110833045 0.006584484091437008 0.011684782608695652 0.0008174386920980926 0.03233678194708835
0 0.01 0.0 1.0 0.0 0.006809603286047168 0.009267567797444564 0.008695652173913044 0.0009536784741144414 0.0028123877491793075
0 0.027777777777777776 0.0 1.0 0.0 0.026323991856310496 0.007917933441976747 0.01494565217391304 0.0013623978201634877 0.1467980077237012
0 0.01020408163265306 0.0 1.0 0.0 0.006101638612510741 0.006619691283888974 0.006211180124223602 0.0 0.022747275610263764
0 0.015625 0.0 1.0 0.0 0.007340432302560781 0.004633783898722282 0.01120923913043478 0.0 0.017009063012187752
0 0.004115226337448559 0.0 1.0 0.0 0.007932652923683446 0.007074731059755725 0.012077294685990336 0.0018165304268846498 0.03284054793050046
0 0.006666666666666667 0.0 1.0 0.0 0.010945561048455548 0.0024713514126518837 0.0161231884057971 0.0009082652134423251 0.054979360766269844
0 0.004545454545454545 0.0 1.0 0.0 0.008893406559353122 0.006487297458211196 0.008695652173913045 0.0 0.040641737100678886
0 0.0043859649122807015 0.0 1.0 0.0 0.003089766302365764 0.003902133809450343 0.014588100686498856 0.0011472823748745159 0.0006903601898247248
0 0.0024813895781637717 0.0 1.0 0.06451612903225806 0.0062376370980834215 0.004216003350405179 0.011132538569424963 0.0013184495033840202 0.0258260602295754
0 0.006493506493506493 0.0 1.0 0.0 0.003327120872489406 0.011108291954676837 0.014822134387351776 0.0004954173891503591 0.0016519515905577494
0 0.002564102564102564 0.0 1.0 0.0 0.008024460251684927 0.007128898305726588 0.0082566889632107 0.0005239991616013414 0.030488049070818916
0 0.0020833333333333333 0.0 1.0 0.0 0.0022455246768848924 0.0013004667951431502 0.011503623188405797 0.00018165304268846503 0.00041746097600514035
0 0.003676470588235294 0.0 1.0 0.0 0.001156608923573446 0.0 0.008491847826086956 0.0008514986376021798 0.007183086134533437
0 0.04 0.0 1.0 0.0 0.009037859785878628 0.005681936392718305 0.010938775510204078 0.0019073569482288822 0.04000000000000001
0 0.017241379310344827 0.0 1.0 0.0 0.00931551630032109 0.006592398087200091 0.010462115880835092 0.0018791694071220518 0.030955361594641025
0 0.018518518518518517 0.0 1.0 0.0 0.012915229519462819 0.007280309484269361 0.01005291005291005 0.0017408416590977893 0.052510748831483406
0 0.020833333333333332 0.0 1.0 0.0 0.0035340542507754148 0.004652237344143194 0.020975056689342405 0.002611262488646684 0.012720905386405065
0 0.016666666666666666 0.0 1.0 0.0 0.01162975727721601 0.0051336593854555785 0.008503401360544218 0.0019300635785649406 0.07781064439478512
0 0.020833333333333332 0.0 1.0 0.0 0.0007005352726376888 0.0011584459746805705 0.0039115646258503405 0.0011920980926430516 0.009818839207316785
0 0.004464285714285714 0.0 1.0 0.0 0.006485616650108229 0.004264638807269807 0.010799319727891155 0.0018307220708446861 0.028497483227893798
0 0.004807692307692308 0.0 1.0 0.0 0.006621233896827567 0.0048453883932495796 0.013396127681841964 0.0020435967302452314 0.0354702333589197
0 0.0037037037037037034 0.0 1.0 0.0 0.006509756122241459 0.002717698121765365 0.013151927437641724 0.002225249772933696 0.030719970343229444
0 0.0058823529411764705 0.0 1.0 0.0 0.008442000990623559 0.002180604187634015 0.008403361344537815 0.0007212694342041995 0.0549297007362344
0 0.0036363636363636364 0.0 1.0 0.0 0.0014030491974395792 0.0 0.007945578231292516 0.00021798365122615803 0.0010645186245938952
0 0.0030864197530864196 0.0 1.0 0.0 0.0067054368838485 0.004821139872523912 0.012698412698412698 0.0011605611060651934 0.03523833929648305
0 0.0034965034965034965 0.0 1.0 0.0 0.00725953456989535 0.004189949499607083 0.006431663574520718 0.0003715630418627694 0.04217517301931531
0 0.008928571428571428 0.0 1.0 0.0 0.01690354478353176 0.0011584459746805705 0.007993197278911564 0.0 0.11716912087403134
0 0.0044444444444444444 0.0 1.0 0.0 0.010340852501876744 0.0018535135594889127 0.009795918367346938 0.0 0.06140013824088757
0 0.00390625 0.0 1.0 0.0 0.008930987451384508 0.003217270586951277 0.010459183673469387 0.0005108991825613079 0.058043112948791935
0 0.0029411764705882353 0.0 1.0 0.0 0.004200921694769227 0.003642993926982494 0.0034013605442176865 0.00027247956403269756 0.0010306037832364839
0 0.0016835016835016834 0.0 1.0 0.0 0.009881148421220707 0.004167408199482527 0.012368583797155224 0.0010734043431591116 0.019681899253832735
0 0.003508771929824561 0.0 1.0 0.0 0.004168569581511354 0.005492331881216599 0.011972789115646258 0.0007266121707538601 0.008209972763325395
0 0.0019230769230769232 0.0 1.0 0.0 0.007175403986069794 0.005290584498462929 0.014756671899529044 0.001100398239362817 0.03625044395324757
0 0.003401360544217687 0.0 1.0 0.0 0.010906486159728666 0.006983064482282091 0.016326530612244896 0.0013623978201634875 0.06787588717237396
0 0.001976284584980237 0.0 1.0 0.0 0.005758380674771899 0.004800129798731599 0.01603076013013901 0.0008292856296647315 0.040514594559383464
0 0.0033444816053511705 0.0 1.0 0.0 0.010361078494652105 0.003564449152863294 0.007639979068550498 0.00020959966464053657 0.07184829183182619
0 0.002976190476190476 0.0 1.0 0.0 0.00081031450115025 0.003025229859674358 0.013216715257531583 0.0008758271701050993 0.0017284408304751547
0 0.0044444444444444444 0.0 1.0 0.0 0.01847120014837564 0.006394348827687071 0.007860922146636433 0.0009082652134423251 0.10173849075549889
0 0.0015384615384615385 0.0 1.0 0.0 0.0013803416998454756 0.0027854133980632816 0.00985034013605442 0.0010899182561307902 0.0006475499648448228
0 0.0015432098765432098 0.0 1.0 0.0 0.002655308758885685 0.004029752146512723 0.008786848072562357 0.0006244323342415986 0.00034281171433259264
0 0.002551020408163265 0.0 1.0 0.0 0.0029266310351011007 0.0051005752225324556 0.006219630709426628 0.0012650836901518098 0.0021371436414334504
0 0.002028397565922921 0.0 1.0 0.0 0.0014339811678495838 0.002418155572449293 0.007603041216486595 0.0005609873377143773 0.0012780646878272608
0 0.001851851851851852 0.0 1.0 0.0 0.018572454683031384 0.005212053816536526 0.008994708994708993 0.000681198910081744 0.03858145030062786
0 0.0016129032258064516 0.0 1.0 0.0 0.001979223998899272 0.002316891949361141 0.007210884353741495 0.0 0.0012242326336326255
0 0.0011160714285714285 0.0 1.0 0.0 0.008245890468429617 0.0025524279681087498 0.01423712342079689 0.0006325418450759051 0.03322251533345322
0 0.0009775171065493646 0.0 1.0 0.0 0.0056195253297446094 0.0029033264097398106 0.010313802940531048 0.00039553485101520607 0.02957582820075556
0 0.002262443438914027 0.0 1.0 0.0 0.011437257710769729 0.003910584964348641 0.006593406593406593 0.00031439949696080485 0.07289826242319859
0 0.002197802197802198 0.0 1.0 0.0 0.012869617152435366 0.005788989986929915 0.010465724751439035 0.0009431984908824146 0.07321337616986814
0 0.0010288065843621398 0.0 1.0 0.0 0.001171610668348598 0.002015355039664528 0.010330057949105567 0.0009082652134423252 0.0004885378426927404
0 0.0016891891891891893 0.0 1.0 0.0 0.0004343184529337022 0.0 0.007142857142857142 0.0005960490463215259 0.0022008376667081555
0 0.045454545454545456 0.0 1.0 0.0 0.014614457222746029 0.007953881146865356 0.014511310285958173 0.005145797598627787 0.04545454545454544
0 0.017241379310344827 0.0 1.0 0.0 0.024622467782125353 0.011439218757853043 0.014084507042253523 0.005204944697462589 0.021523913542513654
0 0.047619047619047616 0.0 1.0 0.0 0.0033605870517077504 0.01646697461661554 0.0026827632461435278 0.0 0.004665163271173978
0 0.011904761904761904 0.0 1.0 0.0 0.008717087703897458 0.013155154353848921 0.010507489380728818 0.0011230907457322552 0.00012905314498986594
0 0.013333333333333334 0.0 1.0 0.0 0.023112602261212593 0.017259637709603908 0.01533646322378717 0.0025157232704402514 0.0553410344581603
0 0.00980392156862745 0.0 1.0 0.0 0.028498871248336086 0.03390207582256532 0.016293841480254073 0.005549389567147614 0.03814882609473295
0 0.014285714285714285 0.0 1.0 0.0 0.026629143354827255 0.016038365798899223 0.015492957746478875 0.0037735849056603774 0.08847757795107897
0 0.005952380952380952 0.0 1.0 0.0 0.012205344728278994 0.01808135929411548 0.012519561815336464 0.002021563342318059 0.00010867989481752805
0 0.0029239766081871343 0.0 1.0 0.0 0.009292036768962442 0.007442035941466643 0.012478379046207067 0.0004965243296921549 0.02379264797725673
0 0.0058823529411764705 0.0 1.0 0.0 0.028908438554614953 0.01377466728675937 0.015189174261253798 0.0019422863485016647 0.03763001526200657
1 0.005681818181818182 0.0 1.0 0.0 0.016195885879285596 0.0020054229844706103 0.011443661971830986 0.0005896226415094339 0.05789089410840357
0 0.045454545454545456 0.0 1.0 0.0 0.007522887763111369 0.002760413850879807 0.009526885192959793 0.0021837593011970243 0.04545454545454546
0 0.022727272727272728 0.0 1.0 0.0 0.0019026993989926314 0.00393031840645136 0.008477313095430329 0.0019411193788417991 0.0012383782654784739
0 0.011494252873563218 0.0 1.0 0.0 0.008866106237740012 0.0060910689304407685 0.010718441844796964 0.0019634310958399808 0.03119489710853525
0 0.006756756756756757 0.0 1.0 0.0 0.01242930330378553 0.00424725337395517 0.01204934952714704 0.0024526305665095683 0.01600008217185479
0 0.022222222222222223 0.0 1.0 0.0 0.007965211696741909 0.0 0.015591079534241168 0.0019770660340055358 0.0011318560269504398
0 0.004629629629629629 0.0 1.0 0.0 0.011178037013930183 0.003817631760363951 0.01337083086639037 0.0017299327797548445 0.020207638069628452
0 0.005714285714285714 0.0 1.0 0.0 0.009985645514206219 0.0037581021668772947 0.008525754884547073 0.00035587188612099647 0.03298512470679339
0 0.006944444444444444 0.0 1.0 0.0 0.0074925351377087435 0.003815247561312423 0.013420169725675942 0.0003954132068011071 0.00019657583408567072
0 0.0101010101010101 0.0 1.0 0.0 0.0075931601315879374 0.0 0.009365412562570645 0.0 0.0007235196721763221
0 0.0125 0.0 1.0 0.0 0.004219456016505861 0.003613945997912202 0.016429840142095916 0.0013345195729537367 0.0016442766628344387
1 0.0030303030303030303 0.0 1.0 0.0 0.0059502816748257786 0.00450203650047644 0.016104203670811126 0.0007117437722419929 0.00013869719559829891
0 0.0024509803921568627 0.0 1.0 0.0 0.01083672184343607 0.006208538068832318 0.010604952460557935 0.0007326774126020516 0.01960464163790355
0 0.003076923076923077 0.0 1.0 0.0 0.008289647899430338 0.006020432709823586 0.01463587921847247 0.0012099644128113877 0.03748839038255758
0 0.002551020408163265 0.0 1.0 0.0 0.012737243787655034 0.0068847015532138385 0.008817558995178889 0.0002541942043721403 0.023724267731100975
0 0.0035087719298245615 0.0 1.0 0.0 0.010443116777234489 0.007145302625271801 0.009722352061325606 0.0011238059561715676 0.04987281428767082
0 0.00390625 0.0 1.0 0.0 0.008619055001280691 0.005331319503265561 0.008103907637655419 0.0010008896797153025 0.05997652825088898
0 0.0024509803921568627 0.0 1.0 0.0 0.00688606443709621 0.0050432938636746074 0.010139135583185317 0.00014827995255041517 0.03992208671042324
0 0.0017921146953405018 0.0 1.0 0.0 0.005092243084609215 0.00563334296589106 0.006646421818598521 0.00011479738261967626 0.00023014532492674053
0 0.0037593984962406013 0.0 1.0 0.0 0.0019431450419862763 0.002593693987032655 0.004567368688150215 0.0002541942043721403 0.00255068760352322
0 0.0020833333333333333 0.0 1.0 0.0 0.008695585102988504 0.005229713988058466 0.009917110716400236 0.00029655990510083033 0.03824858371876803
0 0.003663003663003663 0.0 1.0 0.0 0.01642399754836985 0.008826692671038059 0.01707883590654461 0.002737476047084588 0.06906327047554855
0 0.0016835016835016836 0.0 1.0 0.0 0.0075331555598309625 0.003848011582196969 0.00940727583711598 0.0007249242124686964 0.03417815535197088
0 0.003952569169960474 0.0 1.0 0.0 0.013734823341874742 0.008256990421538515 0.017277571451638947 0.0009705596894208995 0.08642341088851932
0 0.004166666666666667 0.0 1.0 0.0 0.001786396027497049 0.0036311715818457173 0.00674955595026643 0.0003558718861209964 0.003166375219162841
0 0.0033333333333333335 0.0 1.0 0.0 0.011205804271665745 0.003398816566972483 0.010065127294256957 0.0005931198102016607 0.08053915845462764
0 0.0032051282051282055 0.0 1.0 0.0 0.001251910337480632 0.0010086587727349214 0.009177027827116638 0.0 0.0031818553533771773
0 0.0023148148148148147 0.0 1.0 0.0 0.0 0.0 0.008214920071047956 0.0006672597864768683 0.0014564420603166495
0 0.05263157894736842 0.0 1.0 0.0 0.01177616694142258 0.003587382535241172 0.00936842105263158 0.002109482122139015 0.05263157894736842
0 0.025 0.0 1.0 0.0 0.015648159523527636 0.006881859295309337 0.0083 0.0022044088176352704 0.028396589509923326
0 0.009259259259259259 0.0 1.0 0.0 0.007994295089278331 0.006278686709717598 0.011111111111111115 0.0026720106880427533 0.025092126879338022
0 0.009615384615384616 0.0 1.0 0.0 0.012846407785867738 0.008418922288341919 0.009538461538461539 0.0023123169415754587 0.02821567748435397
0 0.008695652173913044 0.0 1.0 0.0 0.013334894159060874 0.0073281795264804024 0.01391304347826087 0.0027010542824779994 0.024660993506728096
0 0.008333333333333333 0.0 1.0 0.0 0.004677423353141409 0.006134424135262404 0.008200000000000002 0.0 0.00026618169134996403
0 0.017857142857142856 0.0 1.0 0.0 0.0015049531632956772 0.0 0.01125 0.0 0.0017753715243566278
0 0.005 0.0 1.0 0.0 0.0077057402439153575 0.005950697649338191 0.010480000000000003 0.001442885771543086 0.028627178743562166
0 0.015873015873015872 0.0 1.0 0.0 0.0028872064790049982 0.0019474362334166364 0.005714285714285713 0.000572573718866304 0.002358638978967785
0 0.0032258064516129032 0.0 1.0 0.0 0.01803505860544321 0.012751676563568438 0.012645161290322584 0.0020040080160320635 0.018281726588782125
0 0.005050505050505051 0.0 1.0 0.0 0.015083346233980067 0.011791156120352133 0.012777777777777782 0.0023380093520374077 0.031754284868992025
0 0.0043859649122807015 0.0 1.0 0.0 0.007211700636053819 0.00411416983164903 0.01368421052631579 0.0007383187427486552 0.024382308098147176
0 0.006410256410256411 0.0 1.0 0.0 0.012277161349130499 0.00959674996301117 0.006333333333333333 0.001002004008016032 0.00033362548417833105
0 0.0019305019305019303 0.0 1.0 0.0 0.0069566286535160705 0.004509508299019596 0.009729729729729733 0.0005957861669284515 0.015561957038077842
1 0.003333333333333333 0.0 1.0 0.0 0.014806673091588143 0.007874522432578832 0.0131 0.0019038076152304607 0.03715588059890401
0 0.0021551724137931034 0.0 1.0 0.0 0.00802124681483342 0.0038872047246453455 0.013862068965517244 0.001174763319742934 0.02187391902272575
0 0.002557544757033248 0.0 1.0 0.0 0.0060887904643297614 0.004500006045513175 0.01295652173913044 0.0013940925328918706 0.005112157943326325
0 0.0030864197530864196 0.0 1.0 0.0 0.01294331199076799 0.009578227616014094 0.008111111111111112 0.0010020040080160322 0.03297128710994343
0 0.005263157894736842 0.0 1.0 0.0 0.008194764276297697 0.00426918511723985 0.014400000000000001 0.0008016032064128255 0.05000609468077488
0 0.002272727272727273 0.0 1.0 0.0 0.009520793518467048 0.007941594398348519 0.009181818181818182 0.0005465476407360174 0.013136073554417477
0 0.001763668430335097 0.0 1.0 0.0 0.007495500565162897 0.0030781100507600336 0.008 0.00044533511467379194 0.027448936295688495
0 0.004132231404958678 0.0 1.0 0.0 0.0005954941052366534 0.001305709214230683 0.009090909090909092 0.0007287301876480232 0.0013713658344415892
0 0.0033444816053511705 0.0 1.0 0.0 0.003178308704696521 0.0 0.007384615384615386 0.0010790812394018807 0.0009384089915778367
0 0.0016025641025641025 0.0 1.0 0.0 0.0022629161873282547 0.0 0.006692307692307694 0.00023123169415754585 0.0002232584993269973
0 0.05263157894736842 0.0 1.0 0.0 0.022409967793138624 0.007362365525492392 0.011956394326573675 0.0027020676691729313 0.05263157894736842
0 0.05 0.0 1.0 0.0 0.0023278075708078882 0.0015183916882420337 0.0024498886414253897 0.002008928571428571 0.0020023942615765263
0 0.018518518518518517 0.0 1.0 0.0 0.00863106219794535 0.003444152925543408 0.012496906706260826 0.0024801587301587296 0.06832407331023534
0 0.009615384615384616 0.0 1.0 0.0 0.010149423179420275 0.007498628256029757 0.009422648620866884 0.00257554945054945 0.04715429618863398
0 0.025 0.0 1.0 0.0 0.005805532124889018 0.011001136779806355 0.0041759465478841875 0.0019531249999999996 0.0015027335254495613
0 0.01282051282051282 0.0 1.0 0.0 0.006495193643878557 0.009483188242240868 0.0066815144766147 0.0022321428571428566 0.018254796003474072
0 0.006802721088435374 0.0 1.0 0.0 0.003542891886619846 0.005221177799749835 0.009014741754162689 0.002338435374149659 0.0016576177459457695
0 0.0078125 0.0 1.0 0.0 0.0038110046028444313 0.0009489948051512711 0.0089086859688196 0.00027901785714285713 0.0025232988561044965
0 0.004115226337448559 0.0 1.0 0.0 0.01111103829231024 0.00908386874052009 0.0076713684731502104 0.0013227513227513225 0.044924503797465036
0 0.011111111111111112 0.0 1.0 0.0 0.003326597333649237 0.0048893941243583795 0.007176441474882455 0.000744047619047619 0.0015742356437589136
0 0.00909090909090909 0.0 1.0 0.0 0.003912656581552603 0.0030367833764840674 0.008908685968819599 0.0011160714285714285 0.0012182170823836747
0 0.005952380952380952 0.0 1.0 0.0 0.0011041012577629994 0.003253696474804358 0.005249761374482978 0.0 0.005704432345799449
0 0.004048582995951417 0.0 1.0 0.0 0.014495413679191915 0.004704283618330714 0.008791466416598288 0.000587406015037594 0.06425409517600061
0 0.01020408163265306 0.0 1.0 0.0 0.0035799503192187393 0.0031339613252947857 0.010181355392936684 0.0015943877551020406 0.0019704222149403523
0 0.0024691358024691358 0.0 1.0 0.0 0.007827507822835696 0.004810191664478562 0.00808380763837334 0.0004133597883597883 0.043876294123838505
0 0.005208333333333333 0.0 1.0 0.0 0.013368082222220514 0.00812272472683328 0.008908685968819599 0.0018601190476190473 0.10481891353820472
0 0.0028011204481792717 0.0 1.0 0.0 0.008982859703951032 0.005860173043630097 0.007848128115388694 0.0006377551020408163 0.057227406624295055
0 0.00505050505050505 0.0 1.0 0.0 0.0013772817905090726 0.004141068240660092 0.0030370520348248636 0.0 0.0014260827479890075
0 0.002770083102493075 0.0 1.0 0.0 0.010746446315783552 0.004143467003696699 0.011018637908803188 0.00046992481203007516 0.06405805170919454
0 0.002380952380952381 0.0 1.0 0.0 0.005569536788080241 0.006183227784389768 0.01102980167568141 0.0009566326530612244 0.008557256447608918
0 0.003401360544217687 0.0 1.0 0.0 0.00892592593139238 0.004338261966405811 0.01034043907095132 0.0007971938775510203 0.08872749214973726
0 0.0018181818181818182 0.0 1.0 0.0 0.010829895976700579 0.006492582829780998 0.009265033407572384 0.0011607142857142855 0.047781672408993774
0 0.001278772378516624 0.0 1.0 0.0 0.008181723855081976 0.007366955335729654 0.00864666579326608 0.0008534663865546219 0.03492843782910726
0 0.003205128205128205 0.0 1.0 0.0 0.015410130998373866 0.011429932219016404 0.01027925304094569 0.00206043956043956 0.09549438443228099
0 0.002105263157894737 0.0 1.0 0.0 0.010551762025236522 0.005010214995734748 0.00691595358105732 0.00023496240601503758 0.06277340881324482
0 0.002403846153846154 0.0 1.0 0.0 0.0004739778216871137 0.0 0.004732739420935412 0.0004185267857142857 0.0012549765676818276
0 0.029411764705882353 0.0 1.0 0.0 0.014041415479746987 0.005894853044969164 0.012827393731215114 0.0023658457898698792 0.029411764705882353
0 0.022727272727272728 0.0 1.0 0.0 0.011301285416902779 0.00422339580866874 0.01028533510285335 0.0019112514542130635 0.05835284163600061
0 0.017543859649122806 0.0 1.0 0.0 0.008983415730907178 0.0050903287504281206 0.008259700345754897 0.0019243721735783704 0.06819980584120865
0 0.011904761904761904 0.0 1.0 0.0 0.010687995510821852 0.0046003411161078785 0.010253736531108792 0.00261164794985636 0.059215557402526785
0 0.0064516129032258064 0.0 1.0 0.0 0.00982459707347593 0.00892060414148714 0.010536849540852367 0.002771716695170136 0.041985723083560696
0 0.007575757575757575 0.0 1.0 0.0 0.012568086857149564 0.005228939445852747 0.0112806901128069 0.00116337045039056 0.05878084938218324
0 0.012987012987012986 0.0 1.0 0.0 0.0014402245308254055 0.002030662317688006 0.006469807564698075 0.0 0.004337186384299049
0 0.013888888888888888 0.0 1.0 0.0 0.0 0.004309996852770518 0.004866180048661801 0.0004062563477554337 0.006410421697435946
0 0.005555555555555555 0.0 1.0 0.0 0.01453564681181153 0.0073134058251332484 0.008029197080291973 0.0011882998171846434 0.06207119476326619
0 0.005 0.0 1.0 0.0 0.0028095652730911595 0.0027637373862977495 0.010492700729927005 0.0002742230347349177 0.0004877234936803759
1 0.005050505050505051 0.0 1.0 0.0 0.009519627308937165 0.0026096087395797492 0.007907542579075425 0.0003046922608165752 0.07179685258470331
0 0.00641025641025641 0.0 1.0 0.0 0.0032375209941082456 0.0053088217771479615 0.013756316676024703 0.0007031359864997891 0.0011803714582195935
0 0.004048582995951417 0.0 1.0 0.0 0.0031462465012517997 0.0039782329367277856 0.010468689973107952 0.000192437217357837 0.002136603973261131
0 0.002747252747252747 0.0 1.0 0.0 0.0140446840163916 0.009381769537756738 0.010597978663672094 0.0012656447756996202 0.04537771730321722
0 0.005128205128205128 0.0 1.0 0.0 0.017499296634711274 0.008154395661085896 0.011791128579449748 0.0014062719729995782 0.10041537827817694
0 0.010416666666666666 0.0 1.0 0.0 0.0015257027202916435 0.0020726370394041167 0.006690997566909975 0.0 0.008457144534552935
0 0.003676470588235294 0.0 1.0 0.0 0.01855882026472159 0.012958800604831983 0.016195255474452556 0.002627970749542962 0.08008285142787049
1 0.0009746588693957114 0.0 1.0 0.0 0.017121310770737835 0.007857244921120988 0.011429120245870152 0.0016677892171012541 0.012140582508008443
1 0.0015037593984962405 0.0 1.0 0.0 0.013799278282959883 0.007989663416076435 0.01569343065693431 0.001880386523896579 0.027336714054410863
0 0.0033333333333333335 0.0 1.0 0.0 0.030364743103169414 0.016692673775562255 0.014841849148418492 0.0036563071297989027 0.06342153844681131
0 0.0020703933747412005 0.0 1.0 0.0 0.013714345344688994 0.009912185423030405 0.00801332910187242 0.0015896987520864797 0.055946349795689757
0 0.005050505050505051 0.0 1.0 0.0 0.025227748614961683 0.011698319465467337 0.008921330089213302 0.001421897217144018 0.13735783344819438
0 0.005434782608695652 0.0 1.0 0.0 0.003446649667617091 0.003108955559106175 0.010720802919708028 0.0004570383912248629 0.004992514197270862
0 0.0012254901960784314 0.0 1.0 0.0 0.005931798182170368 0.0014630379101676118 0.00708458565908115 0.0 0.03782887703227049
0 0.0026666666666666666 0.0 1.0 0.0 0.015155471757748597 0.007067142906274443 0.012165450121654502 0.001218769043266301 0.08698529183021178
0 0.002403846153846154 0.0 1.0 0.0 0.0035080806652237227 0.005440672228435806 0.0038777372262773727 0.00022851919561243144 0.0035028384716312092
0 0.0023148148148148147 0.0 1.0 0.0 0.000582525662237721 0.0 0.00752737226277372 0.0 0.0014944448317478632
0 0.03333333333333333 0.0 1.0 0.0 0.010905957711023432 0.005819654968236772 0.01316455696202532 0.003130287648054145 0.033333333333333326
0 0.021739130434782608 0.0 1.0 0.0 0.003291942865401119 0.0055330605851382445 0.012107870115575126 0.002869123813727654 0.00019817113056754988
0 0.02564102564102564 0.0 1.0 0.0 0.007495027181752278 0.005280718118743324 0.004868549172346641 0.002538071065989848 0.007912823874271486
0 0.015625 0.0 1.0 0.0 0.0032164653368487693 0.010435083318919628 0.007120253164556962 0.002855329949238579 0.006598857511143044
0 0.008 0.0 1.0 0.0 0.004232031906818639 0.006057754857590792 0.013265822784810127 0.0029441624365482227 0.0029066992534482485
0 0.006944444444444444 0.0 1.0 0.0 0.007732306410717474 0.003952832245615272 0.012763713080168779 0.0011632825719120135 0.0345188942281172
0 0.006493506493506493 0.0 1.0 0.0 0.0015852263969771416 0.005895217026193649 0.005293440736478711 0.0009229349330872172 0.0013143518674353413
0 0.005208333333333333 0.0 1.0 0.0 0.01106815340873537 0.007532945161959872 0.00917721518987342 0.000317258883248731 0.03810742535650413
0 0.004629629629629629 0.0 1.0 0.0 0.01419179217323163 0.005874291284175559 0.014556962025316459 0.0009517766497461928 0.029755894583719186
0 0.0032258064516129032 0.0 1.0 0.0 0.007886771180032495 0.005413697171211087 0.012903225806451616 0.000736859341738988 0.025923934635049807
0 0.0034965034965034965 0.0 1.0 0.0 0.009283299019638336 0.007139771789996225 0.011489776046738074 0.0005857087075361188 0.03540536640407382
0 0.005952380952380952 0.0 1.0 0.0 0.03312627916450383 0.010493443191732147 0.01862567811934901 0.002175489485134155 0.04207286477208718
0 0.012820512820512822 0.0 1.0 0.0 0.002328559911805705 0.008526589680230507 0.012236286919831224 0.0008460236886632825 0.003993437491696852
0 0.0017421602787456446 0.0 1.0 0.0 0.006387690373602725 0.004460427985287089 0.010558814448903983 0.0 0.02218577118914117
0 0.004166666666666667 0.0 1.0 0.0 0.01621820743208497 0.006704104661369991 0.014715189873417724 0.0011104060913705582 0.056815298520754995
0 0.0020833333333333333 0.0 1.0 0.0 0.009638667789599951 0.0037939234027944495 0.0063291139240506345 0.0 0.019587083788143427
0 0.004201680672268907 0.0 1.0 0.0 0.0047978262571194506 0.008632480664117146 0.0059674502712477396 0.0 0.0018303762486664601
0 0.003472222222222222 0.0 1.0 0.0 0.0008081621845728381 0.0 0.009335443037974686 0.00031725888324873094 0.0011512255462308397
0 0.0625 0.0 1.0 0.0 0.024462468977593233 0.009450161096911045 0.012653374233128838 0.0030737704918032786 0.06250000000000001
0 0.017857142857142856 0.0 1.0 0.0 0.01112920341659615 0.007743528498711865 0.008618171194858313 0.0022687353629976593 0.04371095633704889
0 0.015873015873015872 0.0 1.0 0.0 0.01159320076902983 0.006478247986084318 0.009640666082383875 0.00312256049960968 0.059972733539211676
0 0.013157894736842105 0.0 1.0 0.0 0.007893088667422232 0.005166411241431355 0.004843396835647401 0.002049180327868852 0.00029570683654787255
0 0.009523809523809525 0.0 1.0 0.0 0.008808292952138263 0.006710702562389877 0.012464699581264 0.002537080405932865 0.06382881990265175
0 0.00980392156862745 0.0 1.0 0.0 0.015227714786267296 0.009213660473175461 0.008781426681101892 0.0032545805207328843 0.07643646423641912
0 0.007142857142857143 0.0 1.0 0.0 0.009978761696638805 0.008104975990247388 0.01370143149284254 0.0018442622950819673 0.06549375102297508
0 0.004310344827586207 0.0 1.0 0.0 0.00824011180107466 0.006415270601933302 0.007897891545025034 0.0007772752967778406 0.04363575241322113
0 0.0044444444444444444 0.0 1.0 0.0 0.01635566519593841 0.00886601238047073 0.01096114519427403 0.0014754098360655738 0.037103426445286025
0 0.0038461538461538464 0.0 1.0 0.0 0.012902700602883276 0.0030036823152535096 0.010067641969482463 0.0009457755359394705 0.04942008008906355
0 0.0030303030303030303 0.0 1.0 0.0 0.003271945161610554 0.005274158712765664 0.007907293796864352 0.0004781420765027323 0.0001419114619970988
0 0.004901960784313725 0.0 1.0 0.0 0.0021112942731182065 0.005298178282877772 0.009142307229640325 0.0009643201542912247 0.0005102990727783263
0 0.002958579881656805 0.0 1.0 0.0 0.012466300370767631 0.005369820250039221 0.008494572911750826 0.0009457755359394705 0.04606086055983091
0 0.005494505494505494 0.0 1.0 0.0 0.005580258558664773 0.0 0.006921503854019192 0.0 0.00043177867909273334
0 0.00202020202020202 0.0 1.0 0.0 0.010648840783292146 0.007831904412991269 0.008551775422941069 0.0009314456035767512 0.038359809297866185
0 0.002232142857142857 0.0 1.0 0.0 0.012247676080864448 0.010255417842673921 0.013292433537832313 0.00197599531615925 0.041800783308369005
0 0.0028011204481792717 0.0 1.0 0.0 0.01876218420267842 0.007585856453348787 0.010224948875255626 0.00117096018735363 0.043768482106008054
0 0.004629629629629629 0.0 1.0 0.0 0.01270563002393004 0.005808055638084283 0.008350374914792093 0.0 0.11287740541275691
0 0.002288329519450801 0.0 1.0 0.0 0.009090012226944565 0.0026802423307317434 0.010224948875255626 0.0008018531717747683 0.05797333642052798
0 0.0013157894736842105 0.0 1.0 0.0 0.012811011759318956 0.008209518643582615 0.010171133354859543 0.001186367558239862 0.02464171001241081
0 0.0018315018315018315 0.0 1.0 0.0 0.0020727804357174766 0.0 0.00778669183577159 0.00015762925598991173 0.0003166390927220858
0 0.038461538461538464 0.0 1.0 0.0 0.02147009988985712 0.02531324884356095 0.013502454991816692 0.010339123242349046 0.03846153846153847
0 0.023809523809523808 0.0 1.0 0.0 0.0344383208186228 0.04266161004361314 0.016717325227963525 0.004608294930875576 0.024462741186466085
0 0.047619047619047616 0.0 1.0 0.0 0.011320052460547911 0.010449147101880663 0.007598784194528875 0.0 0.0012704602438815815
0 0.013157894736842105 0.0 1.0 0.0 0.020937197618604138 0.03175356274016934 0.017917133258678608 0.005093378607809847 0.004166806344819468
0 0.009523809523809525 0.0 1.0 0.0 0.022886016291024318 0.006966098067920441 0.01266464032421479 0.0 0.030768005397454605
0 0.043478260869565216 0.0 1.0 0.0 0.015785580827903732 0.013739447381328424 0.011978704525288375 0.0040065291586288765 0.04347826086956523
0 0.05 0.0 1.0 0.0 0.018599023385193817 0.006663282167168716 0.013265306122448977 0.00341296928327645 0.08336898488207523
0 0.047619047619047616 0.0 1.0 0.0 0.012872071112897742 0.0033166234828494933 0.011661807580174929 0.002925402242808386 0.0008866604990189678
0 0.01 0.0 1.0 0.0 0.018790494680099256 0.008197954581648972 0.013197278911564627 0.0038225255972696233 0.02651533175710683
0 0.0071428571428571435 0.0 1.0 0.0 0.007379400200560513 0.004642893615944771 0.01141885325558795 0.0029254022428083864 0.008461863995658219
0 0.010416666666666666 0.0 1.0 0.0 0.01776940286893404 0.011730488772969722 0.012967687074829934 0.0006399317406143345 0.056094972834583146
0 0.008403361344537815 0.0 1.0 0.0 0.010960839678340802 0.010762143546790236 0.009203681472589036 0.0006022886970487853 0.04851272598799912
0 0.004464285714285714 0.0 1.0 0.0 0.012821842278998111 0.010992465906158017 0.010082604470359574 0.00036567528035104824 0.02791320085293796
0 0.009259259259259259 0.0 1.0 0.0 0.007683610066640975 0.00947634432197429 0.006519274376417234 0.0 0.022007824321675126
0 0.005 0.0 1.0 0.0 0.02024339857573441 0.00869431265695507 0.015646258503401362 0.0013651877133105802 0.0403823631254376
0 0.005347593582887701 0.0 1.0 0.0 0.01840100323796501 0.006420608641326349 0.013005202080832333 0.0006022886970487853 0.042535866164522956
0 0.008333333333333333 0.0 1.0 0.0 0.0042630482376126615 0.00464327287598929 0.005442176870748299 0.0 0.0014466322932850635
0 0.005128205128205128 0.0 1.0 0.0 0.015781461712244028 0.006191030501319054 0.011564625850340135 0.0 0.0589386101254742
0 0.0023809523809523807 0.0 1.0 0.0 0.010187502995260122 0.008325161902601972 0.011224489795918372 0.0012514220705346986 0.02420394681185639
0 0.006060606060606061 0.0 1.0 0.0 0.018218399472357285 0.007940352588063528 0.012059369202226345 0.0015513496742165685 0.07243216345087411
0 0.006944444444444444 0.0 1.0 0.0 0.0 0.0 0.0037792894935752075 0.0 0.004902954880084968
0 0.003676470588235294 0.0 1.0 0.0 0.0007238640882228369 0.0 0.007865646258503401 0.0006399317406143345 0.0015596614767974062
0 0.037037037037037035 0.0 1.0 0.0 0.009877262842988618 0.004761588887163108 0.011987433862433863 0.002402850277570635 0.037037037037037035
1 0.013157894736842105 0.0 1.0 0.0 0.013325680862320853 0.004825936661423454 0.013157894736842105 0.0028258565877781728 0.02052596561473035
0 0.0303030303030303 0.0 1.0 0.0 0.027094645380830954 0.012126079502800046 0.015625 0.0032540166768354685 0.07234818212792192
0 0.011904761904761904 0.0 1.0 0.0 0.02234532787016732 0.011093463045947374 0.015412414965986393 0.004048151699158412 0.029235125277451424
0 0.02 0.0 1.0 0.0 0.005875734304669139 0.007409288704152406 0.005133928571428571 0.002460850111856823 0.002609976328215807
0 0.005952380952380952 0.0 1.0 0.0 0.008862251426588395 0.006338283036639874 0.008928571428571428 0.0011984659635666344 0.03466333578874836
0 0.007142857142857143 0.0 1.0 0.0 0.012174116084810895 0.008007850251638738 0.009486607142857144 0.002013422818791946 0.04293299428569947
0 0.0078125 0.0 1.0 0.0 0.014650236214894663 0.00811344156917191 0.01674107142857143 0.0012583892617449664 0.05522428658676653
0 0.0030864197530864196 0.0 1.0 0.0 0.00911524303749494 0.004516359187965339 0.00979662698412698 0.0008078548347004721 0.02423257120078416
0 0.005263157894736842 0.0 1.0 0.0 0.012509823671103487 0.0038982104135794806 0.008811090225563908 0.0008242081714352997 0.04496035337722656
0 0.007575757575757576 0.0 1.0 0.0 0.01580727722926058 0.01165823606835741 0.013578869047619048 0.0022371364653243847 0.07664344732711637
0 0.008333333333333333 0.0 1.0 0.0 0.012400176934783872 0.011101424510290326 0.012053571428571429 0.002013422818791946 0.0005781184873825235
0 0.004048582995951417 0.0 1.0 0.0 0.023687137816368734 0.012838915561078593 0.017034774436090222 0.0028258565877781706 0.03196221072404384
0 0.005952380952380952 0.0 1.0 0.0 0.004757012339160874 0.0038044713441411134 0.006882440476190475 0.0 0.0011112286501538658
0 0.002564102564102564 0.0 1.0 0.0 0.012568420253334338 0.00939362712226382 0.010130494505494508 0.0016348304938908964 0.033135367589365465
0 0.003472222222222222 0.0 1.0 0.0 0.017987663345502034 0.008195861487614696 0.011284722222222222 0.0013671389510315683 0.0462508026837477
0 0.00392156862745098 0.0 1.0 0.0 0.017837397312579033 0.013469930707074656 0.014732142857142859 0.002982848620432513 0.061410099206792565
0 0.0015015015015015015 0.0 1.0 0.0 0.0047334232784713715 0.007461622229638793 0.009954150579150578 0.00018138944313440957 8.815745447189667e-05
0 0.0029239766081871343 0.0 1.0 0.0 0.02667507111556456 0.015331723747795999 0.017733134920634924 0.0032314193388018895 0.03332873937753352
0 0.0019230769230769232 0.0 1.0 0.0 0.012886674991979968 0.011740135672481573 0.013392857142857142 0.0024092238857339526 0.034965451012510515
0 0.003663003663003663 0.0 1.0 0.0 0.007040121641183648 0.00468242626971214 0.010302197802197802 0.0 0.006669084873560673
0 0.002840909090909091 0.0 1.0 0.0 0.0009500716157924734 0.0 0.008928571428571428 0.0009787472035794184 0.0014313316358450197
0 0.034482758620689655 0.0 1.0 0.0 0.013193649071507552 0.0052316918888034745 0.01048951048951049 0.0024156048070535672 0.034482758620689655
0 0.010416666666666666 0.0 1.0 0.0 0.012869583320892766 0.005412042987684625 0.012929778554778554 0.0021891418563922964 0.016840202309220426
0 0.008547008547008546 0.0 1.0 0.0 0.010646450609619397 0.006800783145571727 0.011655011655011656 0.0023350846468184476 0.031028875478025453
0 0.008928571428571428 0.0 1.0 0.0 0.011909680292013877 0.013706533808787431 0.008803696303696304 0.0033775331498623975 0.04386394071801408
0 0.0064516129032258064 0.0 1.0 0.0 0.019586416405788853 0.012450757402257163 0.012801714414617641 0.001977289418676911 0.025537494929589042
0 0.008333333333333333 0.0 1.0 0.0 0.003108467342013501 0.004066654116765844 0.011013986013986014 0.0005253940455341507 0.00037241182876838113
0 0.006493506493506493 0.0 1.0 0.0 0.019343914953610507 0.012484060524322644 0.01335028607755881 0.002547365069256488 0.042381278358068514
0 0.004032258064516129 0.0 1.0 0.0 0.017197399748018347 0.013351138641378043 0.012294157455447778 0.002598723235975369 0.03049374481799196
0 0.00505050505050505 0.0 1.0 0.0 0.0028671859741672707 0.002100569561412367 0.008502860775588048 0.000318420633657061 0.0003606551180369033
0 0.0125 0.0 1.0 0.0 0.004677756635598113 0.005269778287537117 0.008741258741258742 0.0017513134851138354 0.0013572987581823462
0 0.005681818181818182 0.0 1.0 0.0 0.0006007150777146996 0.0007304419572076586 0.011145104895104894 0.00021891418563922942 0.0017775913111216406
0 0.009259259259259259 0.0 1.0 0.0 0.0007953272265388696 0.005294722524478934 0.005439005439005439 0.0 0.0033633908503920263
0 0.003344481605351171 0.0 1.0 0.0 0.01251474229289924 0.0096086128574107 0.009805411979325022 0.000913728774842001 0.05510441003238862
0 0.0032467532467532465 0.0 1.0 0.0 0.009951758686422025 0.00746425338520694 0.01184043229497775 0.0015124980098710397 0.06126684697772713
0 0.006666666666666666 0.0 1.0 0.0 0.0051550904696110785 0.007026483607598234 0.007867132867132868 0.0003502626970227671 0.001511613441155575
0 0.003289473684210526 0.0 1.0 0.0 0.003149964143351138 0.00415290770138686 0.009201324990798676 0.0005530463637201586 0.000542809374096444
0 0.00130718954248366 0.0 1.0 0.0 0.0072111053069166655 0.006796492468176065 0.008780108780108781 0.0009340338587273788 0.027307774119287406
0 0.001736111111111111 0.0 1.0 0.0 0.007109151867493179 0.004057065886300183 0.00874125874125874 0.0010945709281961471 0.042075900488695625
0 0.0029239766081871343 0.0 1.0 0.0 0.014318520464860204 0.006153360194374393 0.010392385392385394 0.0010702471297917883 0.07010989962328634
0 0.0011363636363636365 0.0 1.0 0.0 0.01176401438824085 0.0043998420893302 0.011085505403687225 0.001154274797006846 0.02026819871640403
0 0.0026455026455026454 0.0 1.0 0.0 0.014606036892488176 0.009350806034409794 0.013111888111888114 0.0020431990659661413 0.0699754962265417
0 0.0023923444976076554 0.0 1.0 0.0 0.0100355416173724 0.0006270066147409264 0.007913139492086862 0.0 0.07172879462527194
0 0.002288329519450801 0.0 1.0 0.0 0.009842255488211809 0.0017413414035005897 0.009753404490246595 0.0002765231818600793 0.0717332218783893
0 0.06666666666666667 0.0 1.0 0.0 0.010299706564110212 0.0035453777157868323 0.00731070496083551 0.001742919389978213 0.06666666666666667
0 0.038461538461538464 0.0 1.0 0.0 0.0019541978580243694 0.0013680029689943308 0.007632054629443664 0.0014077425842131724 0.0008477656135125048
0 0.015873015873015872 0.0 1.0 0.0 0.00841398514530448 0.003141622340166824 0.012184508268059184 0.0023031434796140686 0.0430309241302962
0 0.013157894736842105 0.0 1.0 0.0 0.0024066816066445093 0.0031613194328783873 0.009138381201044387 0.0014447884416924665 0.009350723481636
0 0.01 0.0 1.0 0.0 0.007652161637399779 0.007271356547972181 0.016383812010443866 0.0033986928104575162 0.046868576157810954
0 0.005376344086021505 0.0 1.0 0.0 0.009288660147647893 0.008318956611901794 0.011875684325781182 0.0024457094665823313 0.02217106287669855
0 0.0047619047619047615 0.0 1.0 0.0 0.006931941242283945 0.005189403154329708 0.010400348128807661 0.002570806100217866 0.02959218655607683
0 0.007352941176470588 0.0 1.0 0.0 0.010966916365425681 0.007093363767080681 0.009983105513745968 0.0019223375624759708 0.05102990757734172
0 0.012345679012345678 0.0 1.0 0.0 0.0014114331813424817 0.0009880021442736835 0.005657093124456048 0.0013071895424836603 0.002803981425808689
0 0.008333333333333333 0.0 1.0 0.0 0.0010914948965010712 0.0007417631601866192 0.007832898172323759 0.0015250544662309365 0.0016689784383368052
0 0.004784688995215311 0.0 1.0 0.0 0.008808741325787246 0.004474689834027315 0.008519994503229355 0.0009631922944616442 0.04579769130002056
0 0.008333333333333333 0.0 1.0 0.0 0.0034418420482831306 0.002725943972889065 0.008616187989556134 0.00065359477124183 0.0009405373331241111
0 0.004524886877828055 0.0 1.0 0.0 0.0122817500383923 0.007998989865149984 0.011979726616495165 0.001845444059976932 0.05092587072683065
0 0.0047619047619047615 0.0 1.0 0.0 0.012719625437363888 0.005559412757835793 0.008964316797214968 0.00130718954248366 0.05765017237702989
0 0.0023809523809523807 0.0 1.0 0.0 0.001977002323405294 0.004801431544526179 0.007086907870197689 0.0007002801120448179 0.00018792039223455978
0 0.005208333333333333 0.0 1.0 0.0 0.0015170848666303301 0.002964767984802407 0.009899912967798085 0.000980392156862745 0.0009482060994873468
0 0.00980392156862745 0.0 1.0 0.0 0.003057240345795701 0.006805966251499296 0.007180156657963445 0.00043572984749455336 0.00219229695706536
0 0.002525252525252525 0.0 1.0 0.0 0.007753478119630976 0.004303579181416419 0.013410871113220986 0.0019013666072489601 0.0395671217090965
0 0.001949317738791423 0.0 1.0 0.0 0.0008720255387397656 0.002305676804185864 0.0063340102504593375 0.0004841442749939481 0.0005769727912595129
0 0.0020833333333333333 0.0 1.0 0.0 0.0010433802867508427 0.0021057783068798345 0.009899912967798087 0.0007625272331154685 0.0003246040667964673
0 0.003663003663003663 0.0 1.0 0.0 0.013237217547734707 0.008962519116047639 0.009439646515364532 0.002212166918049271 0.06736992064610446
0 0.0025252525252525255 0.0 1.0 0.0 0.0034629891036999285 0.004940010721368416 0.005439512619669277 0.00014524328249818444 0.00040320018176543516
0 0.001976284584980237 0.0 1.0 0.0 0.007106460087113911 0.0034603221612752653 0.009197721338713506 0.00077243018419489 0.03965440504588765
0 0.000992063492063492 0.0 1.0 0.0 0.009084335348846836 0.004722166893844133 0.00932487877657591 0.0009025832555244319 0.015151877065058513
0 0.003076923076923077 0.0 1.0 0.0 0.010631790587663654 0.00606929402558697 0.01285398674432617 0.0014077425842131722 0.07482413042314422
0 0.0015384615384615385 0.0 1.0 0.0 0.008930967939292324 0.005789059212649501 0.011697127937336816 0.0018823529411764702 0.03544168976252285
0 0.0020576131687242796 0.0 1.0 0.1111111111111111 0.007939923078872292 0.004037380641713777 0.01073397156948071 0.0010893246187363833 0.051390717717396395
0 0.0017857142857142857 0.0 1.0 0.1 0.0026754891233378352 0.0031122067544621028 0.006201044386422976 0.000130718954248366 0.0002139059169906083
0 0.0014992503748125937 0.0 1.0 0.08695652173913043 0.00704066333073007 0.005308692161689432 0.007322056987172211 0.0007388462631429382 0.040168292926634784
0 0.003333333333333333 0.0 1.0 0.0 0.0024831448993280734 0.0044460096492315755 0.010443864229765013 0.0 0.0008063336440335385
0 0.0012406947890818859 0.0 1.0 0.0 0.00020749109408815176 0.0013680029689943308 0.006376782486443062 0.0005027652086475616 0.0004861113309902393
0 0.002232142857142857 0.0 1.0 0.0 0.01044037789439481 0.007467829766178443 0.010816859380828048 0.0014939309056956115 0.06638792323979674
0 0.00202020202020202 0.0 1.0 0.0 0.009716986810521614 0.004329658268349842 0.009747606614447348 0.0007843137254901959 0.06334191688345074
0 0.0017301038062283738 0.0 1.0 0.11764705882352941 0.00120796309902854 0.0028908491161151605 0.008063277530333283 0.00015378700499807765 0.0005207883701898096
0 0.0025974025974025974 0.0 1.0 0.0 0.0010334692202950719 0.0008083653907693774 0.007595537621647281 0.00023767082590612002 0.0013799236071973598
0 0.0009259259259259259 0.0 1.0 0.0 0.007032896138499575 0.005393417586884139 0.008050478677110532 0.001176470588235294 0.02948581442947408
0 0.002457002457002457 0.0 1.0 0.0 0.01026916558764763 0.007058165747867384 0.0075955376216472826 0.00154486036838978 0.08619848843327027
0 0.001644736842105263 0.0 1.0 0.0 0.0009956896746519898 0.0005557512061539469 0.008648825065274151 0.00065359477124183 0.0006847213578363381
0 0.0011148272017837235 0.0 1.0 0.08695652173913043 0.0022645423954280085 0.0038660953471578914 0.007208536723805199 0.00011366865586814435 0.00029865958680142294
0 0.0015625 0.0 1.0 0.0 0.0017375071446634445 0.0 0.006772193211488251 0.0 0.0005070146363650859
0 0.001524390243902439 0.0 1.0 0.0 0.0008133880613331102 0.0 0.006282637075718016 0.0008169934640522876 0.0008987211042031548
0 0.038461538461538464 0.0 1.0 0.0 0.015345721238451312 0.005324494051613982 0.010195840904502321 0.003238866396761133 0.03846153846153847
0 0.017241379310344827 0.0 1.0 0.0 0.02182050272612685 0.008810477480389095 0.012761335867499323 0.0034482758620689646 0.02140011632989731
0 0.012345679012345678 0.0 1.0 0.0 0.01525357105751771 0.010012841785398009 0.010498687664041995 0.003118908382066276 0.030552362128057526
0 0.0125 0.0 1.0 0.0 0.022796044274950165 0.013559424732007344 0.014304461942257218 0.004342105263157894 0.030337645775186668
0 0.014285714285714287 0.0 1.0 0.0 0.005945307230979774 0.007986252749689305 0.009936257967754032 0.0011278195488721805 0.02228500411109834
0 0.011904761904761904 0.0 1.0 0.0 0.0010153919014256505 0.004593419235161177 0.00712410948631421 0.0 0.0012868992159534266
0 0.014285714285714285 0.0 1.0 0.0 0.02160748917618481 0.010141628447717915 0.012335958005249344 0.0015789473684210526 0.08503732051547151
0 0.004807692307692308 0.0 1.0 0.0 0.015382125362519304 0.006028646671014838 0.01110438118312134 0.0010121457489878543 0.029895761907660166
0 0.01111111111111111 0.0 1.0 0.0 0.010731522295862791 0.0063882235478851385 0.012860892388451445 0.0005263157894736842 0.00042249049264623417
0 0.01 0.0 1.0 0.0 0.011126992868970778 0.004823090196919236 0.007086614173228346 0.0 0.003080096416237268
0 0.0026737967914438505 0.0 1.0 0.0 0.009174501562080387 0.005201371780991333 0.007951211980855336 0.0004643962848297214 0.026376396550179173
0 0.0037878787878787876 0.0 1.0 0.0 0.011476319372920894 0.009095959395639697 0.009782868050584587 0.001674641148325359 0.03228968013799457
0 0.006993006993006993 0.0 1.0 0.0 0.019082134398542037 0.007901833535511814 0.011930326890956812 0.0009569377990430622 0.07568898471236413
0 0.0023809523809523807 0.0 1.0 0.0 0.01384077765269764 0.007299868097909884 0.009623797025371831 0.0006140350877192982 0.017582960580026317
0 0.006666666666666666 0.0 1.0 0.0 0.005774646531330962 0.0016076967323064117 0.008398950131233596 0.0010526315789473684 0.0011030465099872149
0 0.004166666666666667 0.0 1.0 0.0 0.010417835894558056 0.008209568266742996 0.01014873140857393 0.0005263157894736842 0.0016010274778903918
0 0.0034602076124567475 0.0 1.0 0.0 0.017806902985431385 0.007594750394130403 0.012814574648757142 0.0017027863777089782 0.04567856311052498
0 0.00505050505050505 0.0 1.0 0.0 0.0039414319058059125 0.005846169935659679 0.010260081126222858 0.0009569377990430622 0.001024364638958577
0 0.002770083102493075 0.0 1.0 0.0 0.01579547347747221 0.00798940981556351 0.011051250172675782 0.001662049861495845 0.04169413233622063
0 0.0019230769230769232 0.0 1.0 0.0 0.0026603402442673123 0.0 0.0067635776297193615 0.0004048582995951417 0.0002866476690974382
0 0.038461538461538464 0.0 1.0 0.0 0.015345721238451312 0.005324494051613982 0.010195840904502321 0.003238866396761133 0.03846153846153847
0 0.017241379310344827 0.0 1.0 0.0 0.02182050272612685 0.008810477480389095 0.012761335867499323 0.0034482758620689646 0.02140011632989731
0 0.012345679012345678 0.0 1.0 0.0 0.01525357105751771 0.010012841785398009 0.010498687664041995 0.003118908382066276 0.030552362128057526
0 0.0125 0.0 1.0 0.0 0.022796044274950165 0.013559424732007344 0.014304461942257218 0.004342105263157894 0.030337645775186668
0 0.014285714285714287 0.0 1.0 0.0 0.005945307230979774 0.007986252749689305 0.009936257967754032 0.0011278195488721805 0.02228500411109834
0 0.011904761904761904 0.0 1.0 0.0 0.0010153919014256505 0.004593419235161177 0.00712410948631421 0.0 0.0012868992159534266
0 0.014285714285714285 0.0 1.0 0.0 0.02160748917618481 0.010141628447717915 0.012335958005249344 0.0015789473684210526 0.08503732051547151
0 0.004807692307692308 0.0 1.0 0.0 0.015382125362519304 0.006028646671014838 0.01110438118312134 0.0010121457489878543 0.029895761907660166
0 0.01111111111111111 0.0 1.0 0.0 0.010731522295862791 0.0063882235478851385 0.012860892388451445 0.0005263157894736842 0.00042249049264623417
0 0.01 0.0 1.0 0.0 0.011126992868970778 0.004823090196919236 0.007086614173228346 0.0 0.003080096416237268
0 0.0026737967914438505 0.0 1.0 0.0 0.009174501562080387 0.005201371780991333 0.007951211980855336 0.0004643962848297214 0.026376396550179173
0 0.0037878787878787876 0.0 1.0 0.0 0.011476319372920894 0.009095959395639697 0.009782868050584587 0.001674641148325359 0.03228968013799457
0 0.006993006993006993 0.0 1.0 0.0 0.019082134398542037 0.007901833535511814 0.011930326890956812 0.0009569377990430622 0.07568898471236413
0 0.0023809523809523807 0.0 1.0 0.0 0.01384077765269764 0.007299868097909884 0.009623797025371831 0.0006140350877192982 0.017582960580026317
0 0.006666666666666666 0.0 1.0 0.0 0.005774646531330962 0.0016076967323064117 0.008398950131233596 0.0010526315789473684 0.0011030465099872149
0 0.004166666666666667 0.0 1.0 0.0 0.010417835894558056 0.008209568266742996 0.01014873140857393 0.0005263157894736842 0.0016010274778903918
0 0.0034602076124567475 0.0 1.0 0.0 0.017806902985431385 0.007594750394130403 0.012814574648757142 0.0017027863777089782 0.04567856311052498
0 0.00505050505050505 0.0 1.0 0.0 0.0039414319058059125 0.005846169935659679 0.010260081126222858 0.0009569377990430622 0.001024364638958577
0 0.002770083102493075 0.0 1.0 0.0 0.01579547347747221 0.00798940981556351 0.011051250172675782 0.001662049861495845 0.04169413233622063
0 0.0019230769230769232 0.0 1.0 0.0 0.0026603402442673123 0.0 0.0067635776297193615 0.0004048582995951417 0.0002866476690974382
0 0.03571428571428571 0.0 1.0 0.0 0.019639978910245017 0.01317703160352039 0.01380262249827467 0.005547850208044381 0.03571428571428571
0 0.023809523809523808 0.0 1.0 0.0 0.020210905222085167 0.007992613027024123 0.015182884748102138 0.005316689782709198 0.03683461855934918
0 0.037037037037037035 0.0 1.0 0.0 0.049151500936937285 0.006964208385161097 0.017176596886741814 0.0016181229773462782 0.07021291533185817
0 0.041666666666666664 0.0 1.0 0.0 0.004443387271320065 0.01080458190998431 0.012077294685990338 0.0016181229773462782 0.0018365992496403828
0 0.009090909090909092 0.0 1.0 0.0 0.023802865803213124 0.014937153557155457 0.015810276679841893 0.0017652250661959398 0.024473345587327458
0 0.008333333333333333 0.0 1.0 0.0 0.014322774558313095 0.0019562165247983153 0.012318840579710144 0.0004854368932038835 0.04247223236002741
0 0.007936507936507936 0.0 1.0 0.0 0.02156829760300461 0.013373066491367956 0.015029522275899087 0.0018878101402373245 0.048272993663954857
0 0.002840909090909091 0.0 1.0 0.0 0.02234682541317529 0.018028405592591088 0.015810276679841896 0.002537511032656663 0.012111240821226926
0 0.005555555555555555 0.0 1.0 0.0 0.02360518918589666 0.01729685101102641 0.015458937198067629 0.0014563106796116503 0.03821481358171423
0 0.005263157894736842 0.0 1.0 0.0 0.0008734042545989922 0.001737964936976063 0.011695906432748539 0.0005109862033725089 0.0004868338357457559
0 0.03125 0.0 1.0 0.0 0.008127572516898454 0.007113302632231497 0.007750984251968502 0.002403846153846154 0.031249999999999997
0 0.013157894736842105 0.0 1.0 0.0 0.007350717051835775 0.005285470952271016 0.008651056775797762 0.00212810131838472 0.02447917431209879
0 0.014492753623188404 0.0 1.0 0.0 0.00828492382127222 0.003321750024720524 0.009414584046559397 0.0021438984649687002 0.04092988918545603
0 0.006756756756756757 0.0 1.0 0.0 0.0057876349138497206 0.004050543692224254 0.009470100021281123 0.00207900207900208 0.024683691254307735
0 0.0058823529411764705 0.0 1.0 0.0 0.01388477029376384 0.009214331769717282 0.011695229272811483 0.0012762501450284255 0.02025238361744797
0 0.008771929824561403 0.0 1.0 0.0 0.007353341234775168 0.011416770528015919 0.006319933692498965 0.001038098204090107 0.0003109836561446526
0 0.006802721088435374 0.0 1.0 0.0 0.0136729980874945 0.011417955320202169 0.0064679415073115865 0.00169061707523246 0.0415323043270127
0 0.005681818181818182 0.0 1.0 0.0 0.010615488261376125 0.006702596624611928 0.010647816750178955 0.0011655011655011655 0.00012763557941121992
0 0.0101010101010101 0.0 1.0 0.0 0.0015177626670710444 0.0016137025893241043 0.013063707945597712 0.0007172314864622557 0.0016324259395336137
0 0.01 0.0 1.0 0.0 0.0 0.0 0.008070866141732283 0.00039447731755424067 0.005218331391014929
0 0.004132231404958678 0.0 1.0 0.0 0.00471022900780525 0.005330946521740937 0.011095204008589835 0.0014344629729245114 0.00015423789609021271
0 0.003472222222222222 0.0 1.0 0.0 0.005999890094295106 0.005790185403980202 0.01074475065616798 0.0009040105193951348 0.00015394002584458267
0 0.0034965034965034965 0.0 1.0 0.0 0.007331809073986482 0.007301931943231718 0.009126700071581962 0.0012551551013089473 0.05287053635812669
0 0.002040816326530612 0.0 1.0 0.0 0.005558478569929437 0.002019980573703571 0.00950506186726659 0.00039447731755424067 0.03478336019418367
0 0.00196078431372549 0.0 1.0 0.0 0.006572432346417409 0.00777286555471191 0.006889763779527559 0.0006381250725142128 0.0025584772487822196
0 0.003125 0.0 1.0 0.0 0.0006855269450644796 0.002012542829385891 0.007578740157480316 0.00039447731755424067 0.0007638493585779923
0 0.00267379679144385 0.0 1.0 0.0 0.004104379756640253 0.00365916878070162 0.00984251968503937 0.0 0.00016396090122917345
0 0.003472222222222222 0.0 1.0 0.0 0.0051056654586681734 0.00670847609795297 0.012426181102362205 0.0004930966469428008 0.0002558179803871345
0 0.003095975232198142 0.0 1.0 0.0 0.011902186647474559 0.005987752576159976 0.0077582213987957395 0.0010442046641141664 0.06235615068697708
0 0.002173913043478261 0.0 1.0 0.0 0.006166664762326589 0.002027650506604934 0.004964053406367682 0.0004287796929937398 0.051423913646138915
0 0.0018315018315018315 0.0 1.0 0.0 0.0016085512911274728 0.0 0.006511205330102969 0.0001517220452131695 0.0006417661318589261
0 0.05 0.0 1.0 0.0 0.014434326575147677 0.009234020040711735 0.00945945945945946 0.004298642533936651 0.05
0 0.022727272727272728 0.0 1.0 0.0 0.014844069119846065 0.006860284252866094 0.013923013923013922 0.004730563554092965 0.03407959590984219
0 0.02222222222222222 0.0 1.0 0.0 0.009389014317517123 0.017004380876621168 0.006306306306306307 0.004826546003016591 0.005268511737463475
0 0.008620689655172414 0.0 1.0 0.0 0.012154382380851515 0.014071660471314994 0.010717614165890028 0.001248244655952567 0.025106200913841255
0 0.00625 0.0 1.0 0.0 0.012945688912948294 0.010078103994062896 0.010557432432432432 0.0012726244343891405 0.023386062798255492
0 0.00980392156862745 0.0 1.0 0.0 0.012927383614808031 0.003773798985290442 0.012188659247482777 0.0007985094490284802 0.05088166769359604
0 0.007142857142857143 0.0 1.0 0.0 0.01633039667604329 0.017488952891326823 0.012612612612612612 0.002714932126696833 0.036915067169823776
0 0.005681818181818182 0.0 1.0 0.0 0.007690680299139554 0.014913480851451834 0.00819000819000819 0.0014397367338543807 0.004656681698008983
0 0.0065359477124183 0.0 1.0 0.0 0.02175930630485344 0.01268501073670227 0.014043455219925808 0.0007985094490284802 0.03534076361006527
0 0.0035714285714285718 0.0 1.0 0.0 0.011997127095297442 0.008531885389519366 0.010456885456885457 0.0008080155138978669 0.028750716172310172