0 0.03333333333333333 0.0 1.0 0.0 0.013389790374657935 0.00901390808627921 0.014038727524204701 0.003187803187803188 0.03333333333333334
0 0.025 0.0 1.0 0.0 0.0024482092572824703 0.00584737417571131 0.006742738589211618 0.002286902286902287 0.0008570100872479728
0 0.013888888888888888 0.0 1.0 0.0 0.011788920665579078 0.008007634329068572 0.00803941908713693 0.0026853776853776857 0.04293938934150387
0 0.009259259259259259 0.0 1.0 0.0 0.014244192059720558 0.007251146289720712 0.010066082680190566 0.002618002618002618 0.03770008977147223
0 0.007407407407407408 0.0 1.0 0.0 0.012966166617444909 0.007105076172402878 0.013370216689718765 0.0026950026950026953 0.038909174602524084
0 0.009259259259259259 0.0 1.0 0.0 0.0011000860438107655 0.00549974166588937 0.00760719225449516 0.0008085008085008086 0.0018478872250312975
0 0.00510204081632653 0.0 1.0 0.0 0.010587581587954146 0.008416032061012468 0.012522228808535863 0.0024502524502524503 0.0394387209738337
0 0.004807692307692308 0.0 1.0 0.0 0.009798215768805614 0.005161332932678476 0.010293648260453241 0.001439309131616824 0.024065828947919643
0 0.0065359477124183 0.0 1.0 0.0 0.01691774860181875 0.0101494721007292 0.011837930192824017 0.0014675308792955852 0.06042929140446226
0 0.0035714285714285718 0.0 1.0 0.0 0.011526218216546048 0.007440759329611271 0.013633669235328981 0.0016335016335016336 0.0358539579799094
1 0.003134796238244514 0.0 1.0 0.0 0.01880115193539542 0.010859396911556506 0.01759908427528974 0.0022223815327263603 0.027138711395528176
0 0.0043859649122807015 0.0 1.0 0.0 0.013953145212081219 0.005106817839042921 0.012448132780082988 0.0010942116205274102 0.05611223356065
0 0.002564102564102564 0.0 1.0 0.0 0.009628510416101233 0.008329365489900325 0.009681881051175656 0.001593901593901594 0.016071001355228813
0 0.004464285714285714 0.0 1.0 0.0 0.005052026539290319 0.004419435267232531 0.013226141078838174 0.0 0.0006329785249650446
0 0.00392156862745098 0.0 1.0 0.0 0.014950043581669525 0.004404864624477084 0.014644862094215278 0.0004891769597651951 0.06216388241827549
0 0.004166666666666667 0.0 1.0 0.0 0.00959519414587099 0.0047140642850480325 0.004287690179806363 0.0 0.039942669820781464
0 0.0028011204481792717 0.0 1.0 0.0 0.010283222099311077 0.006734377550068617 0.008397549891325825 0.0 0.026252408672851068
0 0.0022222222222222222 0.0 1.0 0.0 0.012739349228167803 0.0045255017136461104 0.007800829875518674 0.0 0.04327227516845371
0 0.0018148820326678765 0.0 1.0 0.0 0.012409879166218666 0.00440288768849567 0.012018886822149095 0.0005735178148971253 0.03642707989092874
0 0.001388888888888889 0.0 1.0 0.0 0.008926009912911106 0.0016181860285004372 0.009854771784232367 0.0005775005775005775 0.028630353195110883
0 0.14285714285714285 0.0 1.0 0.0 0.009343952049693028 0.0108420941487122 0.007851169141491723 0.0027341079972658918 0.14285714285714288
0 0.018518518518518517 0.0 1.0 0.0 0.008760029238935842 0.004859441766864141 0.014469666799415902 0.0015948963317384368 0.00016923512382895553
0 0.009259259259259259 0.0 1.0 0.0 0.005461287895348724 0.0033384649302840765 0.0108854374087349 0.001395534290271132 1.8124580701433355e-05
0 0.010416666666666666 0.0 1.0 0.0 0.006991108088817173 0.004882625484976634 0.010752688172043013 0.0015450558213716105 9.553840330238443e-05
0 0.0071428571428571435 0.0 1.0 0.0 0.004940793935965041 0.0023927352127661667 0.018347840928486094 0.0019224196855775796 8.711850983544094e-05
0 0.011904761904761904 0.0 1.0 0.0 0.011263138210597644 0.004258641954170811 0.011520737327188942 0.0020505809979494186 0.0334223319045628
0 0.007936507936507936 0.0 1.0 0.0 0.004777112180913581 0.004279173022431709 0.008761449621664676 0.0017942583732057414 7.285572522222234e-05
0 0.003787878787878788 0.0 1.0 0.0 0.006609996553240985 0.004733196653706198 0.010825096846602225 0.0017398869073510215 0.013539114864622287
0 0.0030864197530864196 0.0 1.0 0.0 0.006607439130654226 0.004509317173840613 0.01410460639851321 0.0014619883040935667 0.011909257071239234
0 0.0058823529411764705 0.0 1.0 0.0 0.0009864668837912616 0.0009572748048584732 0.009276829011174364 0.0005629045876723895 0.0014564412934210036
0 0.005347593582887701 0.0 1.0 0.0 0.005932512666320832 0.0030776115298752037 0.00955794504181601 0.0006332676611314383 0.00014750526881866232
0 0.004166666666666667 0.0 1.0 0.0 0.007916948497579391 0.0030699449892462897 0.010095579450418161 0.0005382775119617225 0.00011212280937273086
0 0.005494505494505495 0.0 1.0 0.0 0.0033525622902284198 0.0022063640372673747 0.016299709848096946 0.0005980861244019139 0.00038299147320465
0 0.0018315018315018315 0.0 1.0 0.0 0.004389223620117769 0.004262412308410327 0.012498851208528628 0.001380198748619801 0.015574145744918796
0 0.0026666666666666666 0.0 1.0 0.0 0.0071019127198645995 0.0025374575954772534 0.009510155316606933 0.0003349282296650718 0.013674996361077628
0 0.0023148148148148147 0.0 1.0 0.0 0.002917182406044314 0.0036692879448271183 0.012035930793397941 0.0005759347864611022 0.028022462086936237
0 0.0032679738562091504 0.0 1.0 0.0 0.004686255157834126 0.0039042278225125036 0.006902960307978229 0.00019936204146730463 0.00026798841939829174
0 0.001736111111111111 0.0 1.0 0.0 0.009117683635403221 0.0032628720218394035 0.006160394265232977 0.0003364234449760766 0.008172607735487645
0 0.003095975232198142 0.0 1.0 0.0 0.0002789501313703067 0.0004786374024292366 0.011877152294609603 0.00014072614691809738 0.001440115476782549
0 0.00625 0.0 1.0 0.0 0.0006328323485458144 0.0020342089603242555 0.014934289127837515 0.0 0.003337810446996145
0 0.003663003663003663 0.0 1.0 0.0 0.0 0.0012518208986610803 0.0047789725209080045 0.000736105999263894 0.0020180676398013275
0 0.0012285012285012285 0.0 1.0 0.0 0.00737899513661924 0.004985799796135278 0.011043301365882012 0.0007435665330402172 0.011736887449398572
0 0.002070393374741201 0.0 1.0 0.0 0.0027015137016785187 0.0019373418669754814 0.013312852022529445 0.0 0.01711609623091401
0 0.0011261261261261261 0.0 1.0 0.0 0.0036821542826510774 0.002961417777539429 0.012496367335077013 0.0005819216345532136 1.967464072412317e-05
0 0.002 0.0 1.0 0.0 0.0006550616605157326 0.0020342089603242555 0.010752688172043012 0.0 0.0007966339177736098
0 0.002403846153846154 0.0 1.0 0.0 0.0010937142683602615 0.003051313440486383 0.005749701314217443 0.00014952153110047846 0.00025980614561102157
0 0.0008417508417508417 0.0 1.0 0.0 0.002646893470282474 0.00349527576521141 0.01004670359509069 0.0005437146585471945 0.00014235820229212
0 0.000992063492063492 0.0 1.0 0.0 0.00474692842492799 0.004007101087345342 0.014071419089340235 0.0010632642211589579 6.539053340924114e-05
0 0.0024630541871921183 0.0 1.0 0.0 0.009294832428911643 0.0049111794793090515 0.01834784092848609 0.0013670539986329459 5.188008696129641e-05
0 0.0023809523809523807 0.0 1.0 0.0 0.014913957220612334 0.005923506399651319 0.006912442396313364 0.0004272043745727956 0.00012520191510345219
0 0.002150537634408602 0.0 1.0 0.0 0.008021794907011987 0.0056016746969753525 0.013460772600557547 0.0011164274322169058 4.913979327006791e-05
0 0.001644736842105263 0.0 1.0 0.0 0.006832812610657121 0.006155054275630199 0.010626925737282276 0.000503651473180559 3.817458418422329e-05
0 0.0033670033670033673 0.0 1.0 0.0 0.012986945801138362 0.0038544553352791175 0.00783220496482145 0.0013290802764486975 0.0002704495620526438
0 0.004201680672268907 0.0 1.0 0.0 0.004884441032203959 0.0011624051201852888 0.014507595152756445 0.0 0.0011751236362026816
0 0.0011428571428571427 0.0 1.0 0.0 0.006463013015795592 0.00207802046680441 0.01094384707287933 0.0006698564593301434 9.42804612134674e-05
0 0.0012626262626262625 0.0 1.0 0.0 0.006366357697577447 0.0013041514351017282 0.006190941674812644 0.0005437146585471945 0.00010776736766030972
0 0.0008718395815170009 0.0 1.0 0.0 0.004644893791424843 0.0008284164590268541 0.01583998150075153 0.0005402068220404383 7.59427795996347e-05
0 0.027777777777777776 0.0 1.0 0.05555555555555555 0.0158762960017688 0.010703171790923704 0.0128968253968254 0.004181600955794507 0.027777777777777776
0 0.01282051282051282 0.0 1.0 0.0 0.009595510662572717 0.010774536014056507 0.010531135531135532 0.004319455932359161 0.021637148698012993
0 0.01075268817204301 0.0 1.0 0.06451612903225806 0.011968640129790816 0.008279276976725541 0.009907834101382488 0.0009249624234015493 0.030814425716841905
0 0.014705882352941176 0.0 1.0 0.0 0.011307609515424881 0.010039376627297106 0.0071428571428571435 0.0 0.028266947943132316
0 0.011111111111111112 0.0 1.0 0.0 0.015649927756528632 0.006335075515588478 0.0126984126984127 0.0007964954201513341 0.05179253457399298
0 0.01111111111111111 0.0 1.0 0.0 0.008997987415008447 0.012809612399134565 0.01238095238095238 0.0023894862604540022 0.0161683624123438
0 0.006493506493506493 0.0 1.0 0.0 0.013935335559641044 0.012105183099972699 0.012012987012987014 0.0016291951775822744 0.04812334475470492
0 0.004166666666666667 0.0 1.0 0.0 0.011020286921248512 0.010015049192022455 0.009404761904761905 0.00047789725209080046 0.03168779462607584
0 0.0101010101010101 0.0 1.0 0.0 0.008965921753252835 0.008865942995535107 0.013961038961038959 0.0 0.0007242239533190492
0 0.007692307692307693 0.0 1.0 0.0 0.014890132654739903 0.0037509758827263913 0.008791208791208791 0.0005514199062586159 0.0795682141638836
0 0.002932551319648094 0.0 1.0 0.0 0.013910411890417414 0.005505464602066155 0.012788018433179723 0.00046248121170077463 0.032865633049180006
0 0.004901960784313725 0.0 1.0 0.0 0.012591590226825546 0.0 0.01092436974789916 0.000421674045962471 0.06123016519729553
0 0.030303030303030304 0.0 1.0 0.0 0.01769108874135534 0.013403874616487791 0.014235377026074698 0.005097706032285472 0.0303030303030303
0 0.013888888888888888 0.0 1.0 0.05555555555555555 0.019515595813405735 0.011835050647969338 0.014082687338501293 0.0038940809968847348 0.020911612931666483
0 0.011494252873563218 0.0 1.0 0.0 0.01864495466158996 0.012057096744532293 0.011066559743384123 0.0 0.02878580182816148
0 0.009259259259259259 0.0 1.0 0.0 0.015308495685857723 0.008102239845578505 0.01808785529715762 0.0010384215991692625 0.02714932919150339
0 0.010526315789473684 0.0 1.0 0.0 0.007483160531131918 0.005018982855379471 0.01003671970624235 0.0004918839153959665 0.02285088117582447
0 0.005376344086021505 0.0 1.0 0.0 0.014914550457316334 0.01079001750349701 0.0159039759939985 0.002110340669279469 0.023959417540880854
0 0.005952380952380952 0.0 1.0 0.0 0.005091737497738069 0.006867054348805743 0.012790697674418603 0.000778816199376947 0.00033752476053330286
0 0.0078125 0.0 1.0 0.0 0.0178373422922989 0.01926539392490677 0.012209302325581397 0.0017523364485981306 0.05617517630765486
0 0.02702702702702703 0.0 1.0 0.0 0.02013904085678129 0.014209271618585729 0.013789299503585222 0.005959805959805961 0.02702702702702703
0 0.013513513513513514 0.0 1.0 0.0 0.013659876060054825 0.012355437534455093 0.009790402647545505 0.002079002079002079 0.008470860912859068
0 0.014492753623188404 0.0 1.0 0.0 0.004145712520537091 0.009100193663310116 0.01486246672582076 0.0017837235228539577 0.0002434879611326112
0 0.005555555555555556 0.0 1.0 0.0 0.013991374729049882 0.013389560896075587 0.01575963718820862 0.002279202279202279 0.016931875246719328
0 0.011764705882352941 0.0 1.0 0.0 0.007260025550752698 0.012587597401187723 0.011104441776710683 0.0012066365007541479 0.024507310401536194
0 0.007936507936507936 0.0 1.0 0.0 0.01403400184952723 0.00871415625519482 0.013362487852283769 0.0014652014652014652 0.020216056026004594
0 0.008928571428571428 0.0 1.0 0.0 0.010868462119344002 0.00917433365934237 0.010841836734693877 0.002564102564102564 0.02820098318416864
0 0.03333333333333333 0.0 1.0 0.0 0.009352549014462657 0.005221350197973946 0.011476793248945148 0.002791878172588831 0.03333333333333333
0 0.015625 0.0 1.0 0.0 0.004518724908780212 0.007595568925920556 0.006012658227848102 0.0026173857868020296 0.001074574064194235
0 0.007936507936507936 0.0 1.0 0.0 0.005716057690165498 0.004773636341589669 0.008740204942736588 0.0024776408025138975 0.009603815918517921
0 0.013888888888888888 0.0 1.0 0.0 0.010792543635797493 0.010746282678748918 0.009142053445850914 0.0005640157924421883 0.023177626065081076
0 0.005714285714285714 0.0 1.0 0.0 0.005720569681979205 0.006905984531293718 0.009909584086799279 0.000145032632342277 7.771691217704084e-05
0 0.005747126436781609 0.0 1.0 0.0 0.00985081225861234 0.010504353020408471 0.01344391095591445 0.0009627166112375284 0.02437638503949566
0 0.007518796992481203 0.0 1.0 0.0 0.009849914760616316 0.004641381915552365 0.010393071285809463 0.0004007480630510286 0.02666781681103537
0 0.007352941176470588 0.0 1.0 0.0 0.00882536795660809 0.008403782828457721 0.0114668652271035 0.000746491489997014 0.033153291661019844
0 0.009259259259259259 0.0 1.0 0.0 0.0095019974040756 0.010876359101742913 0.009915611814345991 0.0014805414551607443 0.05045859260382627
0 0.007692307692307693 0.0 1.0 0.0 0.016525518938307983 0.007156479011438148 0.013047711781888996 0.0007809449433814915 0.061581613979151524
0 0.006493506493506494 0.0 1.0 0.0 0.00732819438966178 0.011784088583229753 0.009945750452079566 0.0010877447425670776 0.0007243616584294148
0 0.007575757575757575 0.0 1.0 0.0 0.014223172254651728 0.009604360589792844 0.010817031070195627 0.0004614674665436086 0.04981731050700473
0 0.003663003663003663 0.0 1.0 0.0 0.008943849559144257 0.006714421825212275 0.011091018685955394 0.000241721053903795 0.032649051995778645
0 0.002976190476190476 0.0 1.0 0.0 0.013672685726121639 0.001981954953902572 0.008966244725738396 0.00042301184433164127 0.03129270734800938
0 0.004166666666666667 0.0 1.0 0.0 0.009105823179084545 0.0 0.010126582278481013 0.00031725888324873094 0.019362434679925426
0 0.002717391304347826 0.0 1.0 0.0 0.009787112049350458 0.00300893921005306 0.0096862960924601 0.0007724564113882144 0.034852702820566434
0 0.006535947712418301 0.0 1.0 0.0 0.00257844797708541 0.002238681003535304 0.0090014064697609 0.0005640157924421883 0.0035158587531736204
0 0.003472222222222222 0.0 1.0 0.0 0.006861590108142671 0.0011954006926598601 0.009651898734177216 0.0007931472081218274 0.01871491166979832
0 0.0037593984962406013 0.0 1.0 0.0 0.014223263605806929 0.004545557716364106 0.011754068716094034 0.00145032632342277 0.06258839512999474
0 0.041666666666666664 0.0 1.0 0.0 0.015276008248839248 0.01318206456826622 0.012195121951219511 0.0038496376811594196 0.04166666666666666
0 0.014705882352941176 0.0 1.0 0.058823529411764705 0.01235995854198431 0.008627633037936866 0.006854774430097241 0.0028772378516624024 0.0035738820129795276
0 0.010416666666666666 0.0 1.0 0.0625 0.015694735826810566 0.00941631204997085 0.01676829268292682 0.003906249999999999 0.016304560319896536
0 0.006578947368421052 0.0 1.0 0.0 0.012516879186335567 0.007336067582104614 0.017044644130651827 0.001787757437070938 0.01791187803890971
0 0.006896551724137932 0.0 1.0 0.0 0.017431653444980887 0.008176894875999844 0.01411083076348005 0.0013118440779610195 0.023475019053037737
0 0.005747126436781609 0.0 1.0 0.0 0.009839392378810636 0.006374058061585747 0.009625268666479767 0.0005622188905547226 0.015325060079989995
0 0.01020408163265306 0.0 1.0 0.0 0.012996760099308377 0.009733819831746357 0.014711575687185443 0.0013586956521739132 0.04267322819961278
0 0.004310344827586207 0.0 1.0 0.0 0.005368024271843849 0.005678874639300014 0.010279413138958977 0.0005622188905547226 0.018363918253824746
0 0.005847953216374269 0.0 1.0 0.0 0.00856905951966154 0.007859062419631078 0.008985879332477534 0.0011441647597254005 0.0016739078526591244
0 0.005 0.0 1.0 0.0 0.009697950473697686 0.007393907351439468 0.008130081300813007 0.0 0.03113525385451647
0 0.0025974025974025974 0.0 1.0 0.0 0.010678815968211765 0.004762971856629768 0.016027874564459924 0.0013975155279503104 0.019456327919425413
0 0.005555555555555555 0.0 1.0 0.0 0.020325800640138416 0.013859601771384686 0.014272809394760614 0.002173913043478261 0.042025437353786874
0 0.0027472527472527475 0.0 1.0 0.0 0.014852458237743612 0.010521753330173387 0.013066202090592333 0.0023291925465838514 0.01958336862200793
0 0.003105590062111801 0.0 1.0 0.0 0.011220926923257353 0.0025193141566454496 0.008247908566042182 0.0005907372400756144 0.017551767134401444
0 0.04 0.0 1.0 0.0 0.01722078828472173 0.01357133718235368 0.012669039145907475 0.004714285714285715 0.039999999999999994
0 0.013888888888888888 0.0 1.0 0.0 0.02017961682009069 0.010401678133605107 0.012455516014234874 0.004265873015873016 0.01899462540372184
0 0.009259259259259259 0.0 1.0 0.0 0.014193189768928796 0.01606146111753356 0.009786476868327404 0.0020833333333333337 0.02276890368731703
0 0.020833333333333332 0.0 1.0 0.0 0.0073288736112115255 0.002024522250989378 0.010379596678529064 0.0005952380952380952 0.0007284616039990092
0 0.007692307692307693 0.0 1.0 0.0 0.01545419530997749 0.012499038408535739 0.012044894607172186 0.0009615384615384616 0.02928633983216222
0 0.008771929824561403 0.0 1.0 0.0 0.020409142576315906 0.0038897342062508044 0.017980895298745084 0.0007518796992481202 0.03713722023852325
0 0.006493506493506493 0.0 1.0 0.0 0.012701673342860282 0.010638694486290701 0.011484956324813977 0.0014610389610389613 0.01071802582673075
0 0.008928571428571428 0.0 1.0 0.0 0.017734607291138876 0.012550353367677899 0.013218098627351297 0.001530612244897959 0.009073694544188734
0 0.006944444444444444 0.0 1.0 0.0 0.017351376277429942 0.006154960305108293 0.012455516014234877 0.0008928571428571428 0.00015939784996547643
0 0.006666666666666667 0.0 1.0 0.0 0.017520247271132623 0.006428299529043236 0.017319098457888493 0.0016666666666666666 0.0001998223732599492
1 0.003952569169960474 0.0 1.0 0.0 0.020610418435540633 0.011587530575493806 0.013615967816803342 0.002639751552795031 0.0045971476288604665
0 0.0022522522522522522 0.0 1.0 0.0 0.016562981216310186 0.003371052659435878 0.01317687794556122 0.0011583011583011582 0.005905166765139534
0 0.043478260869565216 0.0 1.0 0.0 0.030559301703524833 0.021991604892666806 0.019526165061181974 0.006024096385542169 0.043478260869565216
0 0.021739130434782608 0.0 1.0 0.0 0.019757452722302535 0.01604027123552549 0.012757094506638898 0.005762179151388162 0.026128334143551018
0 0.011494252873563218 0.0 1.0 0.06896551724137931 0.023642976974780586 0.014288635775712235 0.017757588271732395 0.001246364769422518 0.02832550917953509
0 0.011363636363636364 0.0 1.0 0.0 0.019450425276630653 0.013754406491065607 0.018236254763200867 0.002190580503833516 0.040036946323881925
0 0.009090909090909092 0.0 1.0 0.0 0.02023697570154834 0.010907207762061588 0.017691888949373978 0.001095290251916758 0.035655610261480376
0 0.00641025641025641 0.0 1.0 0.0 0.009687427361153494 0.009112718695664298 0.011054813450023031 0.0009267840593141798 0.028954558230973447
0 0.006493506493506493 0.0 1.0 0.0 0.006984166822150872 0.00558794750546904 0.018508437670114314 0.0 0.0001687116637923806
0 0.03333333333333333 0.0 1.0 0.0 0.019471155146458637 0.014414728212633704 0.016869918699186994 0.007157464212678936 0.03333333333333333
0 0.014705882352941176 0.0 1.0 0.0 0.011521800494103179 0.01369616047672018 0.01470588235294118 0.004150126308191991 0.02506726538163221
0 0.013888888888888888 0.0 1.0 0.08333333333333333 0.027280624355932714 0.014279545037218356 0.01676829268292683 0.0023006134969325155 0.03130558635762163
1 0.007575757575757576 0.0 1.0 0.0 0.018772239573646064 0.011449376460960533 0.017368810051736884 0.0007436326454731362 0.022907040747805012
0 0.011111111111111112 0.0 1.0 0.0 0.013375170980498698 0.011592356447382943 0.015582655826558267 0.0006816632583503749 0.021276465581526086
0 0.006666666666666666 0.0 1.0 0.0 0.006585945652914638 0.013354394627385151 0.011219512195121953 0.000736196319018405 0.006084851979015227
0 0.06666666666666667 0.0 1.0 0.0 0.01014502952125458 0.00891808149682067 0.007332773579624965 0.0024089635854341743 0.06666666666666667
0 0.015625 0.0 1.0 0.0 0.003916994147184096 0.003171826456699549 0.015244542401343408 0.0015756302521008406 0.0007226156416313107
0 0.010416666666666666 0.0 1.0 0.0 0.004444891908846696 0.002399452004745817 0.012148404701931148 0.0011029411764705882 0.0020866214993277513
0 0.006944444444444444 0.0 1.0 0.0 0.006644448959262346 0.005330659509238252 0.011988058587554808 0.0017740429505135379 0.02079699108643819
0 0.005 0.0 1.0 0.0 0.006196535082544112 0.002952926831034314 0.013832913518052057 0.0012605042016806715 0.017221663429092485
0 0.003333333333333333 0.0 1.0 0.0 0.002716283826717373 0.004244929218744635 0.01435768261964735 0.00176470588235294 0.0018189927459282252
0 0.005714285714285714 0.0 1.0 0.0 0.005550894200379008 0.0026510904875613394 0.015617128463476071 0.001915966386554622 0.03331118375231866
0 0.00625 0.0 1.0 0.0 0.005692116291470617 0.001226204205013414 0.009235936188077245 0.0011344537815126054 0.0018129315086692955
0 0.005291005291005291 0.0 1.0 0.0 0.003146221866209177 0.003320904788587529 0.014993402902722804 0.001240496198479392 0.0003066250266951342
0 0.004545454545454546 0.0 1.0 0.0 0.004480386657108612 0.003936289687469496 0.010419051980764827 0.000878533231474408 0.004058942856606304
0 0.003134796238244514 0.0 1.0 0.0 0.0008798240476426433 0.0015769098263284406 0.00408234170068618 5.795421616922631e-05 0.00046814684043331486
0 0.0028735632183908046 0.0 1.0 0.0 0.0037676867711806997 0.003600407602126242 0.008685833405715278 0.0007534048101999422 0.00010466715613131509
0 0.004807692307692308 0.0 1.0 0.0 0.006392333062972919 0.004906682269090922 0.014011335012594458 0.0011029411764705882 0.006884756719936475
0 0.002747252747252747 0.0 1.0 0.0 0.0043522833881583425 0.003660123242944908 0.013304915068139252 0.0009049773755656109 0.002906532879944875
0 0.003703703703703704 0.0 1.0 0.0 0.0020883058733182675 0.002649319915515542 0.01413378113630003 0.00065359477124183 0.00048244099550485097
0 0.0023148148148148147 0.0 1.0 0.0 0.0058173136847077716 0.005353395630895025 0.012563361010044464 0.0016184251478369124 0.02712068718434866
0 0.002028397565922921 0.0 1.0 0.0 0.003950356145870755 0.0025725775344878406 0.01227597788007759 0.0005795421616922633 0.030690914437903807
0 0.0026455026455026454 0.0 1.0 0.0 0.003547015845971991 0.0017500886761539884 0.012314581584102995 0.0004801920768307323 0.00017988260220691993
0 0.001594896331738437 0.0 1.0 0.0 0.005510962315971975 0.004480890606972037 0.01002468004986897 0.0008658008658008659 0.024489503481561096
0 0.001851851851851852 0.0 1.0 0.0 0.004980068070563871 0.0029828328297337504 0.007432285350001555 0.0003112356053532525 0.03189877869759176
0 0.001984126984126984 0.0 1.0 0.0 0.007950971031071681 0.005291851470477847 0.007591659669745312 0.0007002801120448179 0.029498284371032867
0 0.002066115702479339 0.0 1.0 0.0 0.009688809888484744 0.006739825844113597 0.010190061827341425 0.0014514896867838046 0.03187300703549587
0 0.001402524544179523 0.0 1.0 0.0 0.0030010635666277968 0.004692266345766043 0.011077706454321387 0.001436703713743562 0.005164039309758019
0 0.004166666666666667 0.0 1.0 0.0 0.00042070825307273345 0.0017148894361321792 0.007220822837951302 0.0008403361344537815 0.0030289591848290656
0 0.0010256410256410256 0.0 1.0 0.0 0.00272386088316547 0.0039276618136304346 0.01248681349437017 0.0013574660633484162 0.00013469115617871809
1 0.0008944543828264759 0.0 1.0 0.0 0.006860700462289379 0.0030052615366133553 0.010973776189639349 0.0005471956224350206 5.28168443802677e-05
0 0.001763668430335097 0.0 1.0 0.0 0.005400529514071527 0.004334652160403114 0.011075126944144574 0.0009603841536614648 0.005066567148722441
0 0.002551020408163265 0.0 1.0 0.0 0.0026517508985773714 0.0033553165730984672 0.011335012594458438 0.0012004801920768306 0.007498724297538556
0 0.0009319664492078285 0.0 1.0 0.0 0.0035563040650246677 0.003419201382278531 0.012254067669684794 0.000794912559618442 0.02306618705359361
0 0.0047619047619047615 0.0 1.0 0.0 0.0005751306615395062 0.0016332280344115992 0.009715725080964374 0.00036014405762304925 0.00445823524881291
0 0.001152073732718894 0.0 1.0 0.0 0.0025907931291376243 0.0029223762410015832 0.013853904282115869 0.0008103241296518608 0.00024579458072135335
0 0.00625 0.0 1.0 0.2 0.0 0.0 0.0005037783375314861 0.0 0.010499062811489542
0 0.001122334455667789 0.0 1.0 0.0 0.007823049067862608 0.006741864157407156 0.008427403053767454 0.0010893246187363838 0.02756865376977305
0 0.0009487666034155598 0.0 1.0 0.0 0.004690148506320026 0.004242653457432225 0.009913057609490532 0.0009216589861751153 0.02821339428506041
0 0.002857142857142857 0.0 1.0 0.0 0.0019557960269137053 0.0024862325077079396 0.014189756507136862 0.0005042016806722689 0.0015135728733461345
0 0.0018518518518518517 0.0 1.0 0.0 0.008602023928247219 0.003997793080883344 0.013993842709207947 0.0007282913165266106 0.053060291904427695
0 0.0012285012285012285 0.0 1.0 0.0 0.007998244937739667 0.005001732853013418 0.010686207159758794 0.0012605042016806723 0.03173289717730313
0 0.0023923444976076554 0.0 1.0 0.0 0.005064553128695245 0.0038011316277236497 0.0109151973131822 0.000611153552330023 0.0006688792177456615
0 0.0010256410256410256 0.0 1.0 0.0 0.004486598301634165 0.003841604124608675 0.0145088161209068 0.0015798319327731095 0.034778461683781126
0 0.003125 0.0 1.0 0.0 0.0040435797613214055 0.0014290745301101494 0.018786733837111668 0.0004201680672268908 0.0010090807201396006
0 0.0014347202295552368 0.0 1.0 0.0 0.008038480951948215 0.0015659972488010255 0.014471279695757396 0.0008403361344537816 0.042472023905542035
0 0.0008818342151675485 0.0 1.0 0.0 0.004932881515194442 0.0020320630577459744 0.01107068445439562 0.0005291005291005291 0.03085654081720455
0 0.0010111223458038423 0.0 1.0 0.0 0.004196802375043605 0.0019022435330363508 0.006278976380827219 0.000401899890390939 0.038944004359394234
0 0.0011961722488038277 0.0 1.0 0.0 0.006160277065845748 0.002593073037456037 0.011091961642140616 0.0005749668288367978 0.0437378304357998
0 0.0007662835249042146 0.0 1.0 0.0 0.010684695863233224 0.0037942423425529797 0.014418483453487356 0.0013329469718922054 0.019483264255630916
0 0.0014492753623188406 0.0 1.0 0.0 0.002183971510961293 0.0030508178075043953 0.016680660509375878 0.0015126050420168067 0.01668615571009639
0 0.000818330605564648 0.0 1.0 0.0 0.010839160608516227 0.0026631538615296295 0.0065555770845443385 0.0005494505494505495 0.019087074798105338
0 0.0016025641025641025 0.0 1.0 0.0 0.009241784149840988 0.003062627794500705 0.020667829232060966 0.0013574660633484165 0.0561558537348178
0 0.0011337868480725622 0.0 1.0 0.0 0.006630447366334954 0.0035923912029030844 0.009609105326989458 0.0008870214752567695 0.0053489718015072045
0 0.0007692307692307692 0.0 1.0 0.0 0.004121608544693702 0.0002847123135440168 0.00846089259187496 0.00042016806722689073 0.00012431135993926237
0 0.03571428571428571 0.0 1.0 0.07142857142857142 0.014782296312776319 0.008239803539026872 0.013770712046574114 0.0035938903863432163 0.03571428571428571
1 0.019230769230769232 0.0 1.0 0.0 0.02203042143364143 0.009864185798962286 0.012780323125150709 0.0036284470246734394 0.026171611329221158
0 0.01111111111111111 0.0 1.0 0.0 0.014926862746154729 0.008712430726914407 0.014211076280041797 0.0018867924528301887 0.027798830878401768
0 0.016666666666666666 0.0 1.0 0.0 0.022816827200761242 0.008876026977786092 0.015047021943573666 0.0008385744234800839 0.05686102816436544
0 0.0064516129032258064 0.0 1.0 0.0 0.008090752938642302 0.008097281572003217 0.010617858226312065 0.0006086427267194158 0.02553184672884302
0 0.008771929824561403 0.0 1.0 0.0 0.016731597349086035 0.01077404694658902 0.01171423857449266 0.0008275405494869249 0.03669035734952699
0 0.004608294930875576 0.0 1.0 0.0 0.014707745997017959 0.011020492767485481 0.014865001516836888 0.0025360113613308987 0.021482594593150415
0 0.008928571428571428 0.0 1.0 0.0 0.021313331064997727 0.015444831846200055 0.020152261531571878 0.004941599281221923 0.06709363760691034
0 0.01111111111111111 0.0 1.0 0.0 0.014806829542608724 0.015846329669891746 0.012852664576802508 0.005031446540880504 0.04141034447975915
0 0.005 0.0 1.0 0.0 0.008240189699757433 0.008301772635048369 0.012539184952978056 0.003459119496855346 0.011371169187252913
0 0.004545454545454545 0.0 1.0 0.0 0.010439837053985355 0.0038949231738747855 0.014263322884012542 0.0015723270440251573 0.04227904529156563
0 0.004629629629629629 0.0 1.0 0.0 0.015081467057683179 0.014138676812850911 0.015673981191222573 0.0047169811320754715 0.04994944501785981
0 0.002958579881656805 0.0 1.0 0.0 0.01261577389765066 0.008987435887945525 0.009524957800819871 0.0013304305757135945 0.03281105594171658
0 0.008928571428571428 0.0 1.0 0.0 0.00789981356271215 0.005347794625254962 0.011363636363636364 0.0 0.001746231305304669
0 0.002898550724637681 0.0 1.0 0.0 0.006038887890196395 0.009043944265252565 0.011039934578165463 0.001367240907847963 0.034528316281721476
0 0.03125 0.0 1.0 0.0 0.012282536004266268 0.020465399178478477 0.02142396907216495 0.007610103626943005 0.03125
0 0.013513513513513514 0.0 1.0 0.0 0.011194054725642683 0.02087285891417424 0.02047924212872666 0.003220837417728609 0.01732681045794359
0 0.011494252873563218 0.0 1.0 0.0 0.011203458810320777 0.019214859700841955 0.029150373266974755 0.0030373414329104877 0.015527838918352369
0 0.011904761904761904 0.0 1.0 0.0 0.011682278263936932 0.018548462269097916 0.02356406480117821 0.00542807796693807 0.030129910610873608
0 0.008 0.0 1.0 0.0 0.013700569179363837 0.017576663396502327 0.02515463917525773 0.004766839378238342 0.019185562247246605
0 0.006172839506172839 0.0 1.0 0.0 0.009268908593342706 0.008620344856394317 0.024818633066055747 0.0026866244482824796 0.011257514092226239
0 0.006211180124223602 0.0 1.0 0.0 0.00931285385776476 0.003064832062772837 0.01927386822052891 0.0004505519261094841 0.003258949126242304
0 0.037037037037037035 0.0 1.0 0.07407407407407407 0.01893593780928821 0.024137508392652315 0.015230183454482519 0.005902777777777777 0.037037037037037035
0 0.02 0.0 1.0 0.0 0.012522120423766327 0.012301272789733695 0.007850467289719627 0.003625000000000001 0.022451412328484577
0 0.012345679012345678 0.0 1.0 0.0 0.018423298928669625 0.009583832232603702 0.013961001499942309 0.0028935185185185184 0.01925303049464128
0 0.022727272727272728 0.0 1.0 0.0 0.015078067204680624 0.006919132483527543 0.011328235627301049 0.0019886363636363634 0.08136689355983111
0 0.009090909090909092 0.0 1.0 0.0 0.021767330747866236 0.0231582856205212 0.01146983857264231 0.002982954545454545 0.04593505386555559
0 0.020833333333333332 0.0 1.0 0.0 0.011977008935022381 0.013285927272117795 0.004672897196261682 0.0 0.0010705453887565003
0 0.011904761904761904 0.0 1.0 0.0 0.0033519320732317433 0.007085827878462824 0.004153686396677051 0.0005208333333333333 0.0014292582025075369
0 0.004464285714285714 0.0 1.0 0.0 0.014305465685673282 0.01828459805698021 0.017022696929238985 0.004241071428571428 0.020123089349010026
0 0.0037037037037037034 0.0 1.0 0.0 0.00957577900896147 0.016753353559668175 0.012357217030114226 0.0026041666666666665 0.02216110625630453
0 0.0038461538461538464 0.0 1.0 0.0 0.014228035609330562 0.022724709843934928 0.017014138509465614 0.004206730769230769 0.02362480976182377
0 0.005347593582887701 0.0 1.0 0.0 0.009810472453184463 0.007502641283078284 0.0056807769836906725 0.0 0.0010172693044285693
0 0.007575757575757575 0.0 1.0 0.0 0.01508491259766881 0.007336160423914021 0.013877088643443782 0.0011363636363636365 0.07048126484371069
0 0.002564102564102564 0.0 1.0 0.0 0.011413075326274107 0.006636089533302791 0.011007268951194185 0.0015625 0.024030458673040277
0 0.005952380952380952 0.0 1.0 0.0 0.008526698579109518 0.007658021778810797 0.011422637590861888 0.0026041666666666665 0.02623491114243522
0 0.0047619047619047615 0.0 1.0 0.0 0.025432838092098693 0.02679078964535428 0.009568313306631063 0.0046875 0.046277562635160065
0 0.002976190476190476 0.0 1.0 0.0 0.009170012526766889 0.008261382900660771 0.015427978044800474 0.0026785714285714286 0.014232703070779573
0 0.037037037037037035 0.0 1.0 0.0 0.013757304528072835 0.013066965296936206 0.01784037558685446 0.004708097928436912 0.037037037037037035
0 0.018518518518518517 0.0 1.0 0.0 0.011920560428771189 0.008837612698653822 0.014293166405842462 0.003557229545930112 0.02731675421048949
0 0.01282051282051282 0.0 1.0 0.0 0.012078766217955424 0.010115096641889297 0.025568797399783308 0.0045632333767927 0.025792784814394336
0 0.011363636363636364 0.0 1.0 0.0 0.014751823164671203 0.013584477964040493 0.022151088348271442 0.003980482794042116 0.039804738116160684
0 0.008333333333333333 0.0 1.0 0.08333333333333333 0.007730517649338078 0.005840791850399922 0.018192488262910794 0.001059322033898305 0.009415740076748147
0 0.006944444444444444 0.0 1.0 0.0 0.014348020178269236 0.011528598301401278 0.015610328638497652 0.002589453860640301 0.03602530063145064
0 0.003663003663003663 0.0 1.0 0.0 0.015536829978484755 0.013126675259798569 0.022390754785120977 0.0031145878603505723 0.015167869683926995
0 0.0033783783783783786 0.0 1.0 0.05405405405405406 0.012930755427018974 0.009670376827999067 0.023524933384088308 0.0018323408153916628 0.013911044701462367
0 0.0027100271002710027 0.0 1.0 0.0 0.012128761359790291 0.0082202960569166 0.0177945723119203 0.0011023839051949843 0.012744085358619966
0 0.003448275862068966 0.0 1.0 0.0 0.015336447460340175 0.009539845122418232 0.019621175327829043 0.002727449834404831 0.020113524793152465
0 0.0026737967914438505 0.0 1.0 0.0 0.010661865333383041 0.005572521824303162 0.019055509527754762 0.0012462612163509472 0.021002632407019956
0 0.003333333333333333 0.0 1.0 0.0 0.008469696637208566 0.0038431608832340735 0.015887323943661973 0.0004519774011299435 0.03248489815379264
0 0.045454545454545456 0.0 1.0 0.0 0.017105191482364702 0.01931295176533333 0.022466039707419012 0.007356805044666314 0.045454545454545456
0 0.019230769230769232 0.0 1.0 0.0 0.010153838579163731 0.011636219778771597 0.014588859416445622 0.0031124944419742098 0.003560155302162666
0 0.008547008547008546 0.0 1.0 0.10256410256410256 0.014111149918522034 0.011720248712328954 0.01709401709401709 0.0014821402104639098 0.01072832893816952
0 0.01 0.0 1.0 0.0 0.01677741503734367 0.024581612094503814 0.02988505747126437 0.006011560693641618 0.01986681126930104
0 0.010526315789473684 0.0 1.0 0.0 0.01848003822468977 0.03350660259568019 0.02238354506957048 0.006693033160937024 0.036558872984598076
0 0.008771929824561403 0.0 1.0 0.0 0.010896857441227857 0.008067061719725372 0.013309134906231096 0.0 0.0372374866881337
0 0.005952380952380952 0.0 1.0 0.0 0.010133796313802887 0.01563277560830335 0.016044061302681992 0.0033718689788053945 0.02726487850229981
0 0.038461538461538464 0.0 1.0 0.0 0.011271003995719737 0.01710873412989233 0.016826923076923076 0.005793369810106213 0.038461538461538464
0 0.015151515151515152 0.0 1.0 0.0 0.015683046377191697 0.013116579474215767 0.016035353535353538 0.005705591479650057 0.017462463467931455
0 0.009259259259259259 0.0 1.0 0.0 0.011020158713073507 0.007752949249993674 0.01875 0.002324500232450023 0.018436328750717726
0 0.0078125 0.0 1.0 0.0 0.019763282909302467 0.02230903212367904 0.013802083333333335 0.0031380753138075313 0.019467357812475144
0 0.010526315789473684 0.0 1.0 0.10526315789473684 0.012747443374165899 0.013615160758142227 0.0206140350877193 0.0022021581149526534 0.03335439751669914
0 0.006172839506172839 0.0 1.0 0.14814814814814814 0.014697798989636017 0.01806190731273635 0.014351851851851853 0.002324500232450023 0.018960013727985156
0 0.003968253968253968 0.0 1.0 0.0 0.0151965043463368 0.010058115027743167 0.016203703703703706 0.0009298000929800093 0.00990379463422041
0 0.004032258064516129 0.0 1.0 0.0 0.013015145925887796 0.0060581720361115735 0.017069892473118277 0.0009447968686732353 0.013113485091202724
0 0.037037037037037035 0.0 1.0 0.0 0.010632504503212124 0.004597325997178892 0.016516516516516516 0.003412626718859782 0.03703703703703703
0 0.019230769230769232 0.0 1.0 0.07692307692307693 0.00548813823764209 0.00586392350042171 0.020478170478170483 0.0038565770273087355 0.027687341325169097
0 0.0196078431372549 0.0 1.0 0.11764705882352941 0.01175621088541294 0.0043375703894942205 0.017170111287758347 0.0031882671767894154 0.003936760069656483
0 0.016666666666666666 0.0 1.0 0.0 0.016430439296445817 0.0104346552786123 0.012432432432432434 0.0032520325203252037 0.04614578000753924
0 0.02 0.0 1.0 0.0 0.00416848425584573 0.009217337077675218 0.0032432432432432435 0.0 0.005356694485283289
0 0.006666666666666666 0.0 1.0 0.0 0.021256248923659387 0.007073318039133153 0.021621621621621626 0.00043360433604336043 0.024812187401580275
0 0.005952380952380952 0.0 1.0 0.0 0.019126143878011943 0.012447326024729859 0.019932432432432434 0.0019196025293586273 0.020362028776451175
0 0.005 0.0 1.0 0.0 0.013712877818195017 0.008897752493791138 0.019027027027027025 0.000975609756097561 0.031085427789992855
0 0.0024154589371980675 0.0 1.0 0.0 0.004888568578465517 0.0039860554094294336 0.022209165687426553 0.0009426181218333922 0.014263245741378086
0 0.005263157894736842 0.0 1.0 0.0 0.017873075459778176 0.01124748943626472 0.009672830725462305 0.0005705320211096848 0.029203354497297326
0 0.003787878787878788 0.0 1.0 0.0 0.014113859089398542 0.007696695277350611 0.01970720720720721 0.0012420957542908764 0.03493405372030118
0 0.003968253968253968 0.0 1.0 0.0 0.012516596601713196 0.0078839173864555 0.014028314028314028 0.0014195380049038587 0.042968478793032006
0 0.004524886877828055 0.0 1.0 0.0 0.016244574626885413 0.013356537806195048 0.012400635930047695 0.0025506137414315322 0.051130328000416926
0 0.0021645021645021645 0.0 1.0 0.0 0.009547727893215896 0.010061531002675659 0.015642915642915645 0.001806684733514002 0.026138623864862313
0 0.006666666666666666 0.0 1.0 0.0 0.014995831392295673 0.011695874164623352 0.01891891891891892 0.0024390243902439024 0.049812623610393826
0 0.0020161290322580645 0.0 1.0 0.0 0.015535043857825672 0.010866265396161819 0.01743679163034002 0.0027974473293120032 0.021880999705305357
0 0.043478260869565216 0.0 1.0 0.0 0.02006288831421405 0.011886749692357028 0.01181933305192064 0.005090137857900319 0.043478260869565216
0 0.011627906976744186 0.0 1.0 0.0 0.010402867400657222 0.010993309442421058 0.014337322194626323 0.003403289846851958 0.000472304513676435
0 0.013333333333333332 0.0 1.0 0.0 0.01933467498896698 0.009919149105978221 0.010679611650485435 0.0003902439024390244 0.034910929771545134
0 0.007142857142857143 0.0 1.0 0.0 0.017524215003500623 0.00911945079686601 0.016920943134535363 0.0013937282229965157 0.02345269678901955
1 0.005128205128205128 0.0 1.0 0.0 0.020041247946068135 0.011145231005197478 0.018546178740353494 0.0012507817385866166 0.01786523010542018
0 0.009259259259259259 0.0 1.0 0.0 0.012099691884752324 0.016784526492627717 0.005124056094929881 0.0005420054200542005 0.06215466066443866
0 0.006211180124223602 0.0 1.0 0.0 0.01700174626809707 0.007751852463587515 0.01266357112705783 0.0012725344644750794 0.04055409809366715
0 0.03125 0.0 1.0 0.0 0.008761684058611116 0.010644006905352997 0.01174301242236025 0.003894080996884735 0.03125
0 0.016129032258064516 0.0 1.0 0.0 0.004526099826408682 0.010937425003837702 0.010719294730514925 0.003014772384684956 0.0020590464028260856
0 0.041666666666666664 0.0 1.0 0.0 0.005388081214018327 0.00794672285435083 0.013975155279503106 0.003115264797507788 0.0012182188331532338
0 0.0125 0.0 1.0 0.0 0.007217577837039864 0.005583264062362907 0.01847826086956522 0.0012461059190031153 0.010111947788019151
1 0.005555555555555556 0.0 1.0 0.0 0.014556467172088892 0.011144278042682167 0.01155969634230504 0.0009518864659051574 0.01694015225917166
0 0.005747126436781609 0.0 1.0 0.0 0.010516856726423525 0.010208130691065536 0.011030199186121225 0.0012890750886239122 0.02357151387753941
0 0.012987012987012986 0.0 1.0 0.0 0.014168159402000136 0.01155886960632848 0.01129305477131564 0.0 0.04353973647239115
0 0.0125 0.0 1.0 0.0 0.010972994757564445 0.0021191260944935547 0.017391304347826087 0.0006230529595015577 0.0090341852039974
0 0.00505050505050505 0.0 1.0 0.0 0.009107950372076783 0.011111629575896988 0.006352343308865047 0.0007080147267063154 0.022993049878769777
0 0.0029411764705882353 0.0 1.0 0.0 0.009589382830895879 0.0032987541083626306 0.01214833759590793 0.0011911306578706248 0.011834895899314723
0 0.011363636363636364 0.0 1.0 0.0 0.0028962567006660836 0.0 0.015527950310559004 0.0 0.02445834498749719
0 0.0043859649122807015 0.0 1.0 0.0 0.013361194158575852 0.007715186295451279 0.009970578620464202 0.002295458271847844 0.04256576349403622
0 0.0032051282051282055 0.0 1.0 0.0 0.0041055202556133236 0.0 0.009575569358178054 0.000778816199376947 0.02256979985049595
0 0.003968253968253968 0.0 1.0 0.0 0.014454948475257337 0.006873616526700892 0.013112491373360938 0.001557632398753894 0.044312453281074755
1 0.003333333333333333 0.0 1.0 0.0 0.010353756796949712 0.006186254874030803 0.011645962732919252 0.0017133956386292833 0.0029859749979043253
0 0.030303030303030304 0.0 1.0 0.06060606060606061 0.016737762055906585 0.012990372676223707 0.017523056653491433 0.005160778086542279 0.030303030303030304
0 0.015625 0.0 1.0 0.0 0.011616810411443891 0.010935257705214821 0.010869565217391302 0.003275109170305676 0.0283084615551315
0 0.011494252873563218 0.0 1.0 0.0 0.017392419576448527 0.011693424924358391 0.016791604197901048 0.0016563770516488479 0.016678264705318302
0 0.014705882352941176 0.0 1.0 0.0 0.025456366098157667 0.016646563526425608 0.02148337595907928 0.0005137426149499101 0.055038944153090574
0 0.010526315789473684 0.0 1.0 0.0 0.012972864038226279 0.010075172647998154 0.02425629290617849 0.0022983222247759134 0.03397212779103773
0 0.006666666666666666 0.0 1.0 0.0 0.01972599145997633 0.004719468767456523 0.017043478260869563 0.0006986899563318777 0.029458579794952377
0 0.004608294930875576 0.0 1.0 0.06451612903225806 0.01559826814786937 0.005896903121321706 0.025105189340813464 0.0018312438371601632 0.015687446517024917
0 0.004629629629629629 0.0 1.0 0.0 0.0131617983525769 0.005500885301087103 0.01964573268921095 0.00032346757237586933 0.03457415733874086
0 0.0065359477124183 0.0 1.0 0.0 0.016430986908347572 0.010925576097453937 0.022762148337595906 0.0025687130747495505 0.056835748998670325
0 0.0625 0.0 1.0 0.0 0.008862313614731526 0.005662078711562643 0.0078125 0.0013569604086845462 0.06249999999999999
0 0.045454545454545456 0.0 1.0 0.0 0.0006409368107847982 0.001579564556675795 0.007653061224489798 0.0012771392081736908 0.0031540861842233397
0 0.008130081300813007 0.0 1.0 0.04878048780487805 0.005456072780069569 0.004811655484236319 0.011075161772025884 0.0014951873656667595 0.008453693578366058
0 0.007352941176470588 0.0 1.0 0.0 0.006657689436101628 0.00588952790695513 0.009416266506602641 0.0016527683870483055 0.021246161394397868
0 0.006896551724137932 0.0 1.0 0.0 0.0031085167596196857 0.004005674927005958 0.010643912737508796 0.001409257057295107 0.00019066342530033338
0 0.006944444444444444 0.0 1.0 0.0 0.004933921834910918 0.003223138978495056 0.005208333333333333 0.001436781609195402 0.029554753693319707
0 0.007518796992481203 0.0 1.0 0.0 0.005300727210364918 0.005618007774369591 0.010069817400644467 0.0015460106204207831 0.02477149394993203
0 0.005681818181818182 0.0 1.0 0.0 0.002620530966124508 0.003159129113351589 0.012523191094619664 0.0012771392081736904 0.0003874796971161105
0 0.0020576131687242796 0.0 1.0 0.0 0.0038386105651237986 0.003506952584729183 0.010652872260015114 0.0006149188780095549 0.01580764952737355
0 0.003125 0.0 1.0 0.0 0.004048665627052405 0.002986364239965174 0.008649553571428572 7.982120051085569e-05 0.014639049590111431
0 0.003134796238244514 0.0 1.0 0.0 0.006969351163343018 0.004091323257725086 0.008620689655172415 0.0004844321134451931 0.028783599467902713
0 0.003623188405797101 0.0 1.0 0.0 0.00660874849317271 0.004829134128544617 0.008984028393966283 0.0004997501249375312 0.028266498393368276
0 0.0038461538461538464 0.0 1.0 0.0 0.003521012565919823 0.00556564356737375 0.00860969387755102 0.0003831417624521073 0.00026349590441619556
0 0.0021008403361344537 0.0 1.0 0.058823529411764705 0.004119888212958888 0.003950011905431372 0.007540516206482593 0.000450755014649538 0.00015825951954492342
0 0.0015873015873015873 0.0 1.0 0.0 0.004554281562557917 0.0048203863982095784 0.0105988824101069 0.00024326461108070305 0.012633059952751213
0 0.003472222222222222 0.0 1.0 0.0 0.004929219913408511 0.004883984521743964 0.0052437641723356 0.00014190435646374344 0.0002762974151334746
0 0.003095975232198142 0.0 1.0 0.0 0.0028644036151280546 0.003482897776576685 0.014097744360902255 0.00020165355918531962 0.00026879078801987573
0 0.0017921146953405018 0.0 1.0 0.0 0.003028675307702395 0.002811134538975765 0.012549374588545097 0.0008239607794668975 0.0009508822042501633
0 0.002506265664160401 0.0 1.0 0.0 0.007569408075136876 0.005069861843659987 0.009961127308066083 0.0004257130693912303 0.042538822032114704
0 0.0029411764705882353 0.0 1.0 0.0 0.005537234654542321 0.004088284734925586 0.008328331332533013 0.0 0.0005251730172871975
0 0.0010822510822510823 0.0 1.0 0.0 0.005102601631790208 0.002096315294093355 0.006261595547309834 0.00031928480204342275 0.013866247911033412
0 0.001466275659824047 0.0 1.0 0.0 0.006053443894015659 0.001289087492701782 0.012713956550362083 0.00024718823384006923 0.026047847644696174
0 0.002717391304347826 0.0 1.0 0.0 0.0025774321901876926 0.0010104752885050847 0.010522959183673469 0.00031928480204342275 0.00040572350778649577
0 0.0016025641025641025 0.0 1.0 0.0 0.0023681716726260244 0.0003520501953488663 0.009811616954474096 0.0005403281265350231 0.021742803144259696
0 0.0022222222222222222 0.0 1.0 0.0 0.00473253721200453 0.0008982002564489641 0.008007369614512472 0.0002838087129274869 0.024273150554132254
0 0.0008741258741258741 0.0 1.0 0.0 0.004855613545056065 0.00024168915788395752 0.010667903525046383 0.0002612330198537095 0.011050255576539846
0 0.001610305958132045 0.0 1.0 0.0 0.0059408506000039165 0.0 0.00942768411712511 0.00011105558331945139 0.027580731950027117
0 0.0018796992481203006 0.0 1.0 0.0 0.00747495986640598 0.0019572666970706872 0.012083780880773363 0.0007393963836795053 0.03316994780266766
0 0.001277139208173691 0.0 1.0 0.0 0.0039882113157894625 0.0007474582140856553 0.008975812547241118 0.0002838087129274869 0.01703824814383271
0 0.05263157894736842 0.0 1.0 0.0 0.019864904019343325 0.02483108515986446 0.02009569377990431 0.010140028971511348 0.05263157894736841
0 0.018518518518518517 0.0 1.0 0.0 0.024408762683482445 0.02441473474800196 0.013468013468013471 0.006455997281685355 0.017072421520676038
0 0.011494252873563218 0.0 1.0 0.0 0.016056477688372928 0.02279460729969239 0.011598746081504702 0.0 0.018406046571236435
0 0.017857142857142856 0.0 1.0 0.0 0.024319830857439845 0.01762862234183665 0.016883116883116882 0.001310615989515072 0.05228445687410542
1 0.009523809523809525 0.0 1.0 0.0 0.025700692047743532 0.013694406790335697 0.017748917748917754 0.00218435998252512 0.029967931739570606
0 0.043478260869565216 0.0 1.0 0.0 0.020089502332734755 0.011259924935945595 0.015238361526632185 0.003927068723702664 0.04347826086956523
0 0.016129032258064516 0.0 1.0 0.0 0.01063702773162669 0.00741340514652563 0.013691525775334508 0.003850156087408948 0.013135901178353457
0 0.009009009009009009 0.0 1.0 0.0 0.013388808133781379 0.007521772392362692 0.01529503780307639 0.0023539668700959023 0.02293167291755299
0 0.008620689655172414 0.0 1.0 0.06896551724137931 0.01415274055459881 0.0073067270390504355 0.017629448941124292 0.0018909899888765295 0.027708978532671926
1 0.014285714285714287 0.0 1.0 0.0 0.02773079816318117 0.013569212055316322 0.0112540192926045 0.0016129032258064516 0.06130641418409331
0 0.008771929824561403 0.0 1.0 0.0 0.017396519892275687 0.011699770952167293 0.014554070062616348 0.0008488964346349745 0.04000471992062704
0 0.009523809523809523 0.0 1.0 0.0 0.006740821230453718 0.01110678911491499 0.0090032154340836 0.00043010752688172043 0.0015140306616780814
1 0.0026595744680851063 0.0 1.0 0.0 0.009212205775967739 0.012092321127665367 0.019839912430731337 0.002951269732326699 0.008870758287115357
0 0.002525252525252525 0.0 1.0 0.0 0.008455397299571503 0.013559976598250069 0.01805027769657995 0.002712609970674487 0.007494607043919577
0 0.003125 0.0 1.0 0.0 0.015374265512991552 0.008792193581986506 0.013565112540192928 0.0020161290322580645 0.027174630238406678
0 0.004545454545454545 0.0 1.0 0.0 0.009660931220496036 0.0032914813370924084 0.01446945337620579 0.0004838709677419355 0.00957789814559611
0 0.041666666666666664 0.0 1.0 0.0 0.015515357233737237 0.016289864440331293 0.011064030131826741 0.005918560606060603 0.04166666666666668
0 0.01 0.0 1.0 0.04 0.01277962134292293 0.014021809052661063 0.015367231638418077 0.0034090909090909076 0.015142462379246904
0 0.01515151515151515 0.0 1.0 0.0 0.011310143193267293 0.011760671952890068 0.008217770929635338 0.0005165289256198347 0.03800618248856036
0 0.008064516129032258 0.0 1.0 0.0 0.014492209965434787 0.012213646127588566 0.014215418261345 0.00036656891495601173 0.031940882548192
0 0.005714285714285714 0.0 1.0 0.0 0.01196049895733249 0.014095410186523941 0.011945117029862796 0.002272727272727273 0.024041547604700005
0 0.01111111111111111 0.0 1.0 0.0 0.011263607688252025 0.007729994049232173 0.014689265536723164 0.0 0.035306398596598655