0 0.05555555555555555 0.0 1.0 0.0 0.037247558294364685 0.022059638955528087 0.024176954732510286 0.010384215991692626 0.05555555555555555
0 0.014705882352941176 0.0 1.0 0.0 0.029488926087286572 0.03365670855960351 0.013616557734204792 0.004672897196261682 0.02495519668047396
1 0.02222222222222222 0.0 1.0 0.0 0.020070038022587777 0.022233314557646596 0.011728395061728396 0.001246105919003115 0.08490957938687448
0 0.020833333333333332 0.0 1.0 0.0 0.03741543805460953 0.02648907618116943 0.008487654320987654 0.0 0.04656577496653092
0 0.006896551724137932 0.0 1.0 0.0 0.011922533984990914 0.004384398816193561 0.005108556832694763 0.0 0.003135362256211206
0 0.05555555555555555 0.0 1.0 0.0 0.041293700531142605 0.037686061414898255 0.022875816993464054 0.01575456053067993 0.055555555555555566
0 0.03571428571428571 0.0 1.0 0.0 0.03688014152924331 0.04661507787330442 0.02415966386554622 0.0031982942430703624 0.056850626234932915
0 0.018518518518518517 0.0 1.0 0.0 0.0565780507187007 0.01692138000826943 0.027777777777777776 0.0 0.025766124969970397
0 0.013888888888888888 0.0 1.0 0.0 0.022831039748218554 0.015954609911512874 0.014705882352941176 0.001658374792703151 0.04681908645337826
0 0.04 0.0 1.0 0.0 0.016684294780988703 0.010462069288422169 0.014172185430463573 0.0038538205980066433 0.04
0 0.025 0.0 1.0 0.0 0.016393819810057633 0.007449198442031628 0.01490066225165563 0.003654485049833887 0.046402383700228575
0 0.041666666666666664 0.0 1.0 0.0 0.019944923518862803 0.02804209158934612 0.01283112582781457 0.0049833887043189366 0.033662443149163584
0 0.008333333333333333 0.0 1.0 0.0 0.010493534876048444 0.00805613519987681 0.009492273730684326 0.0031007751937984483 0.034939134041605854
0 0.015384615384615385 0.0 1.0 0.0 0.01291579086998328 0.0033980291763337864 0.011971472236372897 0.0010222335803731152 0.04568466801446629
0 0.006944444444444444 0.0 1.0 0.0 0.009231895176324596 0.008152046002224923 0.009795805739514349 0.0009689922480620155 0.028649807218946537
0 0.005494505494505494 0.0 1.0 0.0 0.007594407726670532 0.005215227265518255 0.012353540499235864 0.0005111167901865576 0.021854552276787856
0 0.005434782608695652 0.0 1.0 0.0 0.004189117697419948 0.002947737150075535 0.012813129858911606 0.0002888920988010978 0.0004505586270298665
0 0.006172839506172839 0.0 1.0 0.0 0.020500002086481305 0.012498273583165116 0.011405445180279618 0.00036913990402362494 0.0465221846453269
0 0.008333333333333333 0.0 1.0 0.0 0.005308444517223128 0.007533106050193035 0.0027593818984547464 0.0 0.001579876273531326
0 0.002932551319648094 0.0 1.0 0.0 0.010378763394560724 0.009449467135212278 0.009506515701773124 0.0012860357946629516 0.03156259632609039
0 0.005208333333333333 0.0 1.0 0.0 0.012643982774995777 0.005596226114773039 0.017591059602649006 0.0016611295681063121 0.04684894397575877
0 0.004048582995951417 0.0 1.0 0.0 0.01600552546522746 0.009549521629840319 0.011502265597769257 0.0019234131841230986 0.0400207976019886
1 0.003105590062111801 0.0 1.0 0.0 0.007854842309336377 0.009084796897056196 0.01122948459545062 0.0008666762964032933 0.03818808486360582
1 0.0047619047619047615 0.0 1.0 0.0 0.010763451826831501 0.008468075430712574 0.010879848628192999 0.00047460844803037496 0.057673666330822916
0 0.04 0.0 1.0 0.0 0.008973816268166426 0.003747875902658022 0.009230769230769232 0.0027548209366391185 0.039999999999999994
0 0.03125 0.0 1.0 0.0 0.013591937504073365 0.007027267317483791 0.01150412087912088 0.0027548209366391185 0.045950239629575625
0 0.01111111111111111 0.0 1.0 0.0 0.005307596391327148 0.003123229918881685 0.011080586080586078 0.0027548209366391185 0.02702762007159383
0 0.010869565217391304 0.0 1.0 0.0 0.005452505000975231 0.005537246254898825 0.009077878643096034 0.002874595759971254 0.008422069825672176
0 0.009090909090909092 0.0 1.0 0.0 0.005391219047789328 0.010430908240457419 0.01073926073926074 0.001252191334835963 0.007120755433465176
0 0.008771929824561403 0.0 1.0 0.0 0.010468879139751384 0.0059591953410507775 0.013302486986697512 0.0008699434536755111 0.03881967787505782
0 0.007936507936507936 0.0 1.0 0.0 0.010086821190295286 0.008328613117017826 0.010073260073260072 0.0 0.04251788502461102
0 0.009615384615384616 0.0 1.0 0.0 0.010145972389524981 0.008648944390749282 0.013313609467455622 0.0 0.005026236224392088
0 0.004115226337448559 0.0 1.0 0.0 0.004614221374778553 0.006246459837763369 0.009768009768009766 0.00040812162024283236 0.029726728063649118
0 0.005555555555555556 0.0 1.0 0.0 0.0018456166454889217 0.0031232299188816855 0.010836385836385836 0.00030609121518212427 0.007618363632479527
0 0.006493506493506494 0.0 1.0 0.0 0.005541656581706427 0.009369689756645054 0.008241758241758242 0.0007870916961826053 0.0014328799665817768
0 0.003333333333333333 0.0 1.0 0.0 0.004980693347331617 0.002998300722126418 0.004615384615384615 0.00022038567493112948 0.03382814010633944
0 0.005128205128205128 0.0 1.0 0.0 0.0037782881761185814 0.0037478759026580225 0.007326007326007326 0.0 0.004825978034374393
0 0.01020408163265306 0.0 1.0 0.0 0.003560514141874163 0.0 0.008241758241758242 0.0 0.0027673156493161276
0 0.0031746031746031746 0.0 1.0 0.0 0.012666168655244307 0.011600568270131973 0.004971219256933542 0.0002623638987275351 0.026706532325863112
0 0.004166666666666667 0.0 1.0 0.0 0.004009005633660909 0.00624645983776337 0.006959706959706961 0.0007346189164370982 0.0007523527684380719
0 0.00980392156862745 0.0 1.0 0.0 0.0 0.009369689756645056 0.009615384615384614 0.0009182736455463728 0.007753174537362191
0 0.0019157088122605363 0.0 1.0 0.0 0.007828722289087951 0.004523298503207957 0.007010231148162183 0.0 0.024738038287736127
0 0.002506265664160401 0.0 1.0 0.0 0.004584778595519636 0.0 0.013212977498691785 0.0 0.0007017097746874214
1 0.02857142857142857 0.0 1.0 0.0 0.006093946775532034 0.0037199309432887676 0.010684606252473288 0.0019021200713295022 0.028571428571428567
0 0.022727272727272728 0.0 1.0 0.0 0.001175138334170573 0.003001939436595018 0.014605892722236212 0.0014500063043752362 0.005734549966139187
0 0.013888888888888888 0.0 1.0 0.0 0.002996771326192886 0.00446597513389525 0.005828716528162511 0.001618122977346278 0.0028868659724297896
0 0.017857142857142856 0.0 1.0 0.0 0.006728638042552566 0.004155967570354443 0.010585674713098538 0.0013869625520110953 0.05845686171057034
0 0.006060606060606061 0.0 1.0 0.0 0.0027691042557997482 0.002112397554878948 0.009569377990430623 0.0014710208884966163 0.00029678305173655434
0 0.008333333333333333 0.0 1.0 0.0 0.0031711094183540997 0.0035815928837971364 0.011980609418282547 0.0017337031900138693 0.0017312257285936879
1 0.023809523809523808 0.0 1.0 0.0 0.0048293450710758705 0.0047173334003636 0.0030009233610341648 0.001155802126675913 0.012776241152521574
0 0.0078125 0.0 1.0 0.0 0.0028425435946523928 0.004771105059223488 0.00432825484764543 0.0014736477115117887 0.007253904482975455
0 0.0021367521367521365 0.0 1.0 0.0 0.005277687701744107 0.0036146870062124296 0.00926912422757298 0.0008801877733916566 0.015567039239637691
0 0.0018181818181818182 0.0 1.0 0.0 0.00699290272642587 0.0056020814792089105 0.010022664316293124 0.0008826125330979697 0.011829185550818527
0 0.0033670033670033673 0.0 1.0 0.0 0.007508573720177213 0.003967446859054775 0.010003077870113881 0.000719165767709457 0.020410103775172966
0 0.005952380952380952 0.0 1.0 0.0 0.006139632004172279 0.002311957366477008 0.01691729323308271 0.0007925500297206262 0.05611706770350255
0 0.002849002849002849 0.0 1.0 0.0 0.00405001271639514 0.0020965926223838224 0.008002462296091105 0.0 0.029273957452829527
0 0.0017421602787456446 0.0 1.0 0.0 0.005310163692829505 0.003925887728148923 0.012532936963718664 0.0008118805182503973 0.021724587295080762
0 0.0022988505747126436 0.0 1.0 0.0 0.0019976119629969615 0.0026163546699448006 0.008931130002865604 0.0003826103591754747 0.0003211229888098587
0 0.0016025641025641025 0.0 1.0 0.0 0.0035436198844280772 0.003911031128006005 0.010867249094395907 0.0004267577083111064 0.019853189042357965
0 0.000980392156862745 0.0 1.0 0.0 0.0022867559018055874 0.0023586667001817994 0.011011080332409967 0.00023116042533518263 0.0028709993552636596
0 0.009259259259259259 0.0 1.0 0.0 0.003944686151098387 0.0047173334003636 0.012696214219759928 0.0 0.005581560293075868
0 0.004784688995215311 0.0 1.0 0.0 0.008536286950164963 0.003509001249515184 0.01133215814656258 0.0006304375236414072 0.07818122356519347
0 0.002380952380952381 0.0 1.0 0.0 0.0018538836494954 0.004043428628883085 0.006727344677483182 0.0002641833432402087 0.0027035547834778108
0 0.0020703933747412005 0.0 1.0 0.0 0.006487592441527447 0.0038512370831504214 0.013308442731542814 0.0004824217572212507 0.03262637265797012
0 0.004545454545454545 0.0 1.0 0.0 0.0015654022761294427 0.00566080008043632 0.004570637119113574 0.0 0.009645025477899739
0 0.001976284584980237 0.0 1.0 0.0 0.0007904389617715095 0.0017153939637685816 0.006232686980609418 0.0 0.002666649990805908
0 0.0010964912280701754 0.0 1.0 0.0 0.0033680050948536044 0.003972491284516715 0.010934538562472666 0.0005109862033725089 0.02086884379483122
0 0.0014814814814814814 0.0 1.0 0.0 0.006709315945751693 0.0021748933417598836 0.0073355904380835125 0.0004109518672625469 0.030848960367185
0 0.002403846153846154 0.0 1.0 0.0 0.0012492135704907596 0.0007983998242004321 0.007531163434903048 0.00017337031900138697 0.004628069296646851
0 0.005291005291005291 0.0 1.0 0.0 0.0021838887973801035 0.0 0.012861100118717847 0.0003962750148603131 0.0058819343923197116
0 0.0013227513227513227 0.0 1.0 0.0 0.0014980068608826695 0.0 0.007848568790397047 0.0 0.015085056867121147
1 0.02564102564102564 0.0 1.0 0.0 0.008080546719718907 0.0035374182372762586 0.011006289308176105 0.0015741833923652111 0.025641025641025637
0 0.015625 0.0 1.0 0.0 0.00753847800944294 0.005874829741399393 0.008475825471698116 0.0014757969303423853 0.029105912377656435
0 0.008547008547008546 0.0 1.0 0.0 0.0013488478720984835 0.0021392988621441508 0.012880986937590714 0.0018163654527290896 0.0035818147608746883
0 0.008333333333333333 0.0 1.0 0.0 0.004787306585044707 0.0027865188924117135 0.011713836477987424 0.0013380558835104294 0.011302265484184929
0 0.009523809523809525 0.0 1.0 0.0 0.006915306035800247 0.004589235799173088 0.0052223719676549865 0.0011806375442739079 0.03766336302887313
0 0.006172839506172839 0.0 1.0 0.0 0.0034472505434948947 0.002446256426196523 0.008167365478686236 0.0012680921771830865 0.003374126680542584
0 0.008928571428571428 0.0 1.0 0.0 0.0037467983611071632 0.0030116859932073398 0.008402122641509434 0.0013282172373081463 0.005042092835971483
0 0.009615384615384616 0.0 1.0 0.0 0.008735940650920997 0.0024711269687855094 0.012336719883889695 0.0011806375442739076 0.0612696114846409
0 0.008547008547008546 0.0 1.0 0.0 0.0022454826189596097 0.0012355634843927547 0.007982583454281567 0.0003632730905458178 0.0032773849564442367
0 0.005 0.0 1.0 0.0 0.0071069676378466675 0.0019259551036305586 0.012382075471698114 0.00047225501770956313 0.03910167316822155
0 0.006993006993006993 0.0 1.0 0.0 0.0034529277470922116 0.002926806575106798 0.008798984034833092 0.0005449096358187268 0.020037788330974506
0 0.005555555555555555 0.0 1.0 0.0 0.007687424938708189 0.0028086949913437853 0.010062893081761006 0.0003935458480913026 0.053553043327791656
0 0.004273504273504274 0.0 1.0 0.0 0.0011488164867809127 0.0017847028107895345 0.004389412997903564 0.0 0.0031576477134497246
0 0.005952380952380952 0.0 1.0 0.0 0.010218346851151075 0.0031624609707061563 0.0069772012578616345 0.00029515938606847696 0.0660705102551802
0 0.00196078431372549 0.0 1.0 0.0 0.002344203193262501 0.003244969097451897 0.008948390677025532 0.0006250434057920689 0.006554157503395687
0 0.00390625 0.0 1.0 0.0 0.007923240574896403 0.005755701033648028 0.010318396226415097 0.0007378984651711924 0.0496381863252029
0 0.0053475935828877 0.0 1.0 0.0 0.01279593013131629 0.005110739867260941 0.006217838765008576 0.00021466137168616505 0.08003434246321696
0 0.0027777777777777775 0.0 1.0 0.0 0.0025319819695907193 0.0016062325297105811 0.012264150943396229 0.0 0.01219495599165735
0 0.001697792869269949 0.0 1.0 0.0 0.006052817657108965 0.003649362583366053 0.01152617163724894 0.0004951060669535743 0.02598682830449351
0 0.002173913043478261 0.0 1.0 0.0 0.004343878218045663 0.0031239109776875357 0.013074241181296143 0.00046198860428109444 0.016693782494564723
0 0.004329004329004329 0.0 1.0 0.0 0.009407717765546822 0.004035150022011127 0.013614922813036019 0.0004293227433723301 0.07265221384200943
0 0.0021645021645021645 0.0 1.0 0.0 0.0022987890028923308 0.001912181582988787 0.010893980233602876 0.00044976668353291727 0.01709835636465891
0 0.002898550724637681 0.0 1.0 0.0 0.006220142695750639 0.0017378733048700643 0.010141509433962267 0.0006296733569460842 0.05366132156666397
0 0.005952380952380952 0.0 1.0 0.0 0.0007013708614738969 0.0034419268493798166 0.00960242587601078 0.00033732501264968796 0.017365557423731005
0 0.0026666666666666666 0.0 1.0 0.0 0.001587451245462922 0.0009237362468543438 0.011477987421383647 0.0002361275088547816 0.010190138342172689
0 0.0020242914979757085 0.0 1.0 0.0 0.009161701146485408 0.005084068325843108 0.012537239324726912 0.000683526999316473 0.04442487990421465
0 0.005291005291005291 0.0 1.0 0.0 0.010560601537078381 0.0022946178995865442 0.007075471698113208 0.0 0.026445385877123532
0 0.00510204081632653 0.0 1.0 0.0 0.009416084009003027 0.008877424774578155 0.013645552560646899 0.0013493000505987519 0.050840085582445696
0 0.0022988505747126436 0.0 1.0 0.0 0.008883739044352459 0.005354108432368603 0.006603773584905661 0.0002361275088547816 0.052220108552429964
0 0.0022222222222222222 0.0 1.0 0.0 0.010197100372367022 0.006206701962821876 0.008411949685534591 0.0005509641873278238 0.05179817760997985
0 0.002150537634408602 0.0 1.0 0.0 0.008230441898411782 0.005325407675691081 0.006132075471698113 0.0003148366784730421 0.05290170385395941
0 0.003472222222222222 0.0 1.0 0.0 0.004584101798697945 0.0017847028107895345 0.013626834381551363 0.0005247277974550702 0.003775643497208228
0 0.0017825311942959003 0.0 1.0 0.0 0.006946101532466144 0.0014172639968034538 0.011376248612652608 0.00041669560386137927 0.046550462508812604
0 0.001176470588235294 0.0 1.0 0.0 0.006405330040003032 0.002448986560362237 0.006933962264150944 0.0004250295159386069 0.03090247500110642
0 0.0013605442176870747 0.0 1.0 0.0 0.004323403703875429 0.004580582171114829 0.010444743935309975 0.0010681958733906784 0.0009316083805269766
0 0.001633986928104575 0.0 1.0 0.0 0.008911067709669264 0.0018896853290712719 0.011792452830188678 0.00034724633655114936 0.04630706181393698
0 0.0045045045045045045 0.0 1.0 0.0 0.001722494746334073 0.0013385271080921508 0.00845125786163522 0.0 0.0188708616680293
0 0.0009398496240601503 0.0 1.0 0.0 0.005804612574512256 0.00336313107815515 0.009054919137466307 0.0003794906392308989 0.027969649792925638
0 0.0015082956259426846 0.0 1.0 0.0 0.002428036364377521 0.0020822011835553295 0.008254716981132075 0.00020834780193068963 0.002290410455615033
0 0.002777777777777778 0.0 1.0 0.0 0.0006804188745925329 0.0017847028107895345 0.003930817610062893 0.0 0.012840536347596347
0 0.003048780487804878 0.0 1.0 0.0 0.0027440189889069684 0.0 0.006780660377358491 0.0 0.0074314213537923
0 0.0023809523809523807 0.0 1.0 0.0 0.0011000145527868591 0.0 0.00919811320754717 0.0 0.006168113904935516
0 0.0021141649048625794 0.0 1.0 0.0 0.011023791998547368 0.0010276301977074442 0.005360205831903945 0.0003219920575292476 0.07216465983045124
0 0.0014204545454545455 0.0 1.0 0.0 0.0030307872658051657 0.000706495760923868 0.011129127358490568 0.0009592680047225501 0.0015164345075095345
0 0.0024691358024691358 0.0 1.0 0.0 0.010912415162952986 0.0 0.00759958071278826 0.0006559097468188378 0.0896803905087641
0 0.0018115942028985507 0.0 1.0 0.0 0.0015974750845903 0.0 0.011301100628930819 0.00029515938606847696 0.0036347082229782487
0 0.0011198208286674132 0.0 1.0 0.0 0.010410471772768912 0.0 0.007261668321747766 0.00043497172683775554 0.04746740953453253
0 0.0013888888888888887 0.0 1.0 0.0 0.00826964410985238 0.0 0.011556603773584908 0.0 0.05390534476279478
0 0.0022675736961451243 0.0 1.0 0.0 0.012619041346311958 0.002965290419429247 0.006420335429769392 0.0005247277974550702 0.08871733455781573
0 0.022727272727272728 0.0 1.0 0.0 0.015599133271162557 0.015160915383158691 0.018219908583037077 0.004838298955946015 0.022727272727272724
0 0.019230769230769232 0.0 1.0 0.0 0.016804599703067278 0.010876653230836978 0.011280618822518265 0.003663003663003662 0.041973647416479645
0 0.015873015873015872 0.0 1.0 0.0 0.0061905373381965405 0.006600704795736209 0.014232508645916467 0.002400960384153661 0.02460142183876659
0 0.007352941176470588 0.0 1.0 0.0 0.010499522839077307 0.011388794063854705 0.015198816956950375 0.002636348657109902 0.027577495610765564
0 0.015384615384615385 0.0 1.0 0.0 0.005199631836086808 0.011725739734237121 0.008165019338203695 0.0008618832148243913 0.018212132485883048
0 0.007575757575757575 0.0 1.0 0.0 0.011113701288813166 0.00994137803722591 0.016886744540375823 0.0025464731347084285 0.0431621583093909
0 0.012987012987012986 0.0 1.0 0.0 0.009076290146826142 0.005196634654945997 0.007364144235652615 0.0 0.0705948277611492
0 0.004629629629629629 0.0 1.0 0.0 0.014368724393421406 0.013358056801714537 0.016656321125594866 0.00248988484282602 0.027331397192577173
0 0.0065359477124183 0.0 1.0 0.0 0.014805695678646213 0.015589179352183583 0.014952349654945777 0.0028011204481792717 0.02467573679627333
0 0.006666666666666667 0.0 1.0 0.0 0.006002354227758042 0.005106477172735755 0.01452513966480447 0.0014939309056956117 0.011193383115129506
0 0.005050505050505051 0.0 1.0 0.0 0.011739504336090702 0.012723987452006607 0.012880198634388579 0.0026455026455026454 0.03652630720971851
0 0.009259259259259259 0.0 1.0 0.0 0.0011973792005455835 0.002117147452015036 0.006207324643078833 0.0 0.009031564756010128
0 0.004807692307692308 0.0 1.0 0.0 0.01979910312539527 0.007554197986739494 0.016585195530726255 0.0024509803921568627 0.0675291221014936
0 0.0021645021645021645 0.0 1.0 0.0 0.012046589142616592 0.007110498839107384 0.014389707127137292 0.0012732365673542142 0.02457988479435584
0 0.001282051282051282 0.0 1.0 0.0 0.009754038670314314 0.00663681155694079 0.013644177051998283 0.001562163326869209 0.020932489824208683
0 0.023255813953488372 0.0 1.0 0.0 0.011193455074545082 0.012485876889661815 0.012572931218670392 0.004535708395183905 0.023255813953488372
0 0.011627906976744186 0.0 1.0 0.0 0.005953840265159873 0.010350974760904193 0.015038211849782237 0.003958436417615042 0.009797212394002535
0 0.011494252873563218 0.0 1.0 0.0 0.0074618122398502134 0.004158959869970843 0.015109053247227977 0.0004891171435558817 0.039764013762955054
0 0.006756756756756757 0.0 1.0 0.0 0.010401984403797377 0.026849802622525752 0.013943271893801928 0.004792026068621812 0.008793633790807583
0 0.007407407407407408 0.0 1.0 0.0 0.009989713578382022 0.014641690030621697 0.01635911529904463 0.0013133701076963487 0.03855143691429605
0 0.005952380952380952 0.0 1.0 0.0 0.004326556420987287 0.005168992981249476 0.01918223119636547 0.0006332320162107395 0.010237203472738798
0 0.0047619047619047615 0.0 1.0 0.0 0.013372532150385167 0.01849350822180368 0.004946996466431096 0.0 0.034787746069595234
0 0.004166666666666667 0.0 1.0 0.0 0.008196734252371048 0.0 0.011307420494699648 0.0 0.034910558687180224
0 0.006944444444444444 0.0 1.0 0.0 0.005340259998052892 0.003015245905728861 0.018330388692579504 0.0011081560283687942 0.0009355713195280991
0 0.03225806451612903 0.0 1.0 0.0 0.014328895598862001 0.010685523136350242 0.012607599339187899 0.003661726242371404 0.03225806451612904
0 0.022727272727272728 0.0 1.0 0.0 0.009897887470297838 0.009810526678336633 0.011026709139916688 0.003562653562653563 0.01373874017147825
1 0.014492753623188404 0.0 1.0 0.0 0.018953881880468343 0.00623182887725906 0.008203445447087777 0.002702702702702703 0.03980959935346738
0 0.011363636363636364 0.0 1.0 0.0 0.022932068784982353 0.00835675032349424 0.012741975006125951 0.0007371007371007372 0.02926859868596097
0 0.009090909090909092 0.0 1.0 0.0 0.024137596550106066 0.005126275845815393 0.017030139671649104 0.0012285012285012285 0.02932742416784049
0 0.008333333333333333 0.0 1.0 0.0 0.013867953783934817 0.010047779032491752 0.015633423180592996 0.002027027027027027 0.04562548107481712
0 0.011904761904761904 0.0 1.0 0.0 0.003791237779743334 0.0015320708926406107 0.015723270440251572 0.0013513513513513514 0.0014296676773348242
0 0.0078125 0.0 1.0 0.0 0.014096863145151562 0.008043372186363206 0.011287061994609165 0.0011824324324324325 0.05770209003457191
0 0.007936507936507936 0.0 1.0 0.0 0.002972163020328849 0.006566018111316903 0.008663842895648826 0.0003861003861003861 0.0009813687161454754
0 0.004166666666666667 0.0 1.0 0.0 0.008442715644497271 0.00995846080216397 0.010220125786163523 0.0013513513513513514 0.003997642705809435
0 0.003952569169960474 0.0 1.0 0.0 0.01393861673884603 0.006104397827243696 0.016289698816360016 0.0008225616921269096 0.03973267679745679
0 0.0027777777777777775 0.0 1.0 0.0 0.014182403744970323 0.008357008476557633 0.013117699910152741 0.0007207207207207207 0.0305549986389627
0 0.00591715976331361 0.0 1.0 0.0 0.020128167565868313 0.008902489147125455 0.0215633423180593 0.0016632016632016633 0.07115378773657632
0 0.003105590062111801 0.0 1.0 0.0 0.0045125118046626216 0.007429865697725779 0.009844134536505332 0.0009400705052878967 0.01033852616263819
0 0.0044444444444444444 0.0 1.0 0.0 0.02221990238896376 0.017352893498678353 0.015633423180592992 0.0030630630630630634 0.05965755870179413
0 0.002976190476190476 0.0 1.0 0.0 0.003923694900884523 0.008640962950924714 0.012321909896033887 0.0016731016731016731 0.0009639315951137086
0 0.003095975232198142 0.0 1.0 0.0 0.014062855761544838 0.0015837918819200548 0.01177471981841396 0.0011379800853485065 0.04814089481411075
0 0.0026455026455026454 0.0 1.0 0.0 0.011027032213057565 0.009522397428441798 0.010653317930945963 0.002702702702702703 0.013197102684429604
0 0.05263157894736842 0.0 1.0 0.0 0.017219069672890254 0.02217427980808549 0.014012303485987698 0.006879944960440318 0.05263157894736842
1 0.05 0.0 1.0 0.0 0.010772225839989515 0.004446009649231576 0.011688311688311689 0.00588235294117647 0.0005465813581800427
0 0.016666666666666666 0.0 1.0 0.0 0.016729088763815184 0.008665500612005652 0.013311688311688313 0.004248366013071896 0.046505649321289436
0 0.0125 0.0 1.0 0.0 0.014745251677996573 0.006669014473847365 0.018831168831168834 0.0 0.03799680994188585
0 0.010526315789473684 0.0 1.0 0.0 0.010724453090062648 0.0046800101570858696 0.014354066985645935 0.0 0.0002460070561590157
0 0.00641025641025641 0.0 1.0 0.0 0.014569310781782736 0.023700617981032582 0.014985014985014988 0.0020110608345902466 0.039518496944006117
0 0.006493506493506493 0.0 1.0 0.0 0.009071631442513191 0.01430426906557819 0.011511216056670603 0.0011883541295306002 0.011132337676771643
0 0.006944444444444444 0.0 1.0 0.0 0.015606215436100947 0.01976004288547367 0.014790764790764792 0.0 0.04386851552485051
0 0.03571428571428571 0.0 1.0 0.0 0.00963993594078721 0.005082672316470285 0.009105491602189094 0.001464474678760393 0.03571428571428571
0 0.03125 0.0 1.0 0.0 0.007775932425188762 0.004936026906954675 0.004458388375165125 0.0014054232804232803 0.0007888164400655236
0 0.007575757575757575 0.0 1.0 0.045454545454545456 0.0077656828355684585 0.005721562048806735 0.011348624954965775 0.0018939393939393938 0.008294308354319883
0 0.008064516129032258 0.0 1.0 0.0 0.006289744343856643 0.004496540089890217 0.011889035667106999 0.0017494452978323945 0.01821877790799853
0 0.0044444444444444444 0.0 1.0 0.0 0.004456563878412639 0.003899097818421756 0.010685454278585058 0.0017048794826572604 0.014404694478605987
0 0.009259259259259259 0.0 1.0 0.0 0.006091359436049933 0.0032859419149584984 0.011889035667107003 0.0016166960611405056 0.01805645984160705
0 0.003401360544217687 0.0 1.0 0.0 0.004312320070016458 0.003194624346969135 0.009026860413914576 0.0004094230284706475 0.0038609715621962075
0 0.003676470588235294 0.0 1.0 0.0 0.0029659746974143694 0.002690628528962612 0.00870308493278421 0.00015561780267662619 0.00013870237354445482
0 0.004830917874396135 0.0 1.0 0.0 0.0014961920296399753 0.003912120291766914 0.008557808282120499 0.00046008741660915573 0.0005852110586556777
0 0.002272727272727273 0.0 1.0 0.0 0.0056760606820337265 0.004080171798087131 0.012849765822024739 0.0006914381914381914 0.016095191836989018
0 0.002840909090909091 0.0 1.0 0.0 0.00577906272853592 0.0045680725967919234 0.012755944517833556 0.0007027116402116402 0.026149273855893898
0 0.0027777777777777775 0.0 1.0 0.0 0.006422937211862475 0.006146594216681145 0.012241303390576837 0.0011904761904761904 0.013756023128389583
0 0.0032051282051282055 0.0 1.0 0.0 0.0055160865574214206 0.004510552148986297 0.01640246587406429 0.0011574074074074073 0.009025097505029379
0 0.00510204081632653 0.0 1.0 0.0 0.0011583943315860905 0.0032135273825228223 0.013870541611624836 0.00047241118669690094 0.0013796498888627474
0 0.0015151515151515152 0.0 1.0 0.0 0.006129300902620721 0.00420673063750593 0.01366038189023658 0.0012626262626262625 0.009378307431978934
0 0.001388888888888889 0.0 1.0 0.0 0.006580842127415326 0.0063962278478907056 0.010479964773227653 0.0010288065843621398 0.008588501250597434
0 0.0011098779134295228 0.0 1.0 0.0 0.004220679216554832 0.004448873587607338 0.008773460282645001 0.00047419387042028547 0.010465308976312796
0 0.0016835016835016834 0.0 1.0 0.0 0.004492968680511234 0.0022927952352706843 0.008606540971138067 0.00036075036075036075 0.01798111630160159
0 0.0017543859649122805 0.0 1.0 0.0 0.007106555831893114 0.0014538971000789779 0.012637604579480407 0.00030864197530864197 0.002857948163961589
0 0.0025 0.0 1.0 0.0 0.0024168958988554485 0.000624729262122285 0.008784676354029063 0.000529100529100529 0.0013054473804567962
0 0.0026455026455026454 0.0 1.0 0.1111111111111111 0.0019499932260151056 0.0006941436245803166 0.006678408924115661 0.0004409171075837742 0.0014696832861644767
0 0.0030303030303030303 0.0 1.0 0.0 0.009713458216467623 0.0008329723494963799 0.014795244385733156 0.0008818342151675485 0.03762478918987668
0 0.0036231884057971015 0.0 1.0 0.0 0.008714535270404033 0.005831546153350909 0.010898282694848084 0.0012125220458553791 0.026476354993549268
0 0.003472222222222222 0.0 1.0 0.0 0.0019656698658096785 0.0 0.003412593571114047 0.0004409171075837742 0.004082140347018007
0 0.0023529411764705885 0.0 1.0 0.0 0.0035786268243213335 0.0009406643419898527 0.005050897505633693 0.0002334267040149393 0.001278867417867558
0 0.002403846153846154 0.0 1.0 0.0 0.0013521713296800646 0.0 0.006770145310435931 0.00016534391534391533 0.003352131136254631
0 0.0021786492374727667 0.0 1.0 0.0 0.0003496627298415001 0.0 0.00831455435542777 0.0006224712107065047 0.0014644189293496492
0 0.03333333333333333 0.0 1.0 0.0 0.02041862144846464 0.019126727658121737 0.014628297362110314 0.008212560386473432 0.03333333333333333
0 0.013513513513513514 0.0 1.0 0.0 0.023210017852747452 0.02064096808024026 0.017499513902391604 0.003329416372894633 0.014389739284911622
0 0.015873015873015872 0.0 1.0 0.0 0.016866427083064177 0.016430905225421042 0.016786570743405275 0.0 0.029140980902637677
0 0.011904761904761904 0.0 1.0 0.0 0.027125959205967873 0.023998698322062424 0.016101404590613225 0.0027605244996549345 0.028512405468810006
0 0.008695652173913044 0.0 1.0 0.0 0.014841724975738997 0.016016269429155128 0.010947763528307787 0.001260239445494644 0.028630623367938656
0 0.023809523809523808 0.0 1.0 0.0 0.0029106915208347264 0.0 0.020554984583761562 0.003105590062111801 0.002850968640363793
0 0.058823529411764705 0.0 1.0 0.0 0.019785003147040105 0.0123638829091386 0.01805166511048864 0.006570713391739672 0.058823529411764705
0 0.02 0.0 1.0 0.0 0.007968501411894266 0.010885987922363918 0.01968253968253968 0.006170212765957447 0.014161445430492635
0 0.0303030303030303 0.0 1.0 0.0 0.02033032661919301 0.016193058649751728 0.02068302068302068 0.005802707930367504 0.07496340770507683
0 0.013157894736842105 0.0 1.0 0.0 0.0035244307869760063 0.01333056084638023 0.010303536619326092 0.0008398656215005599 0.0003507641644965097
0 0.004651162790697674 0.0 1.0 0.0 0.007434561357937065 0.009145706220621863 0.013535129814199577 0.0006185056902523503 0.010529318646965926
0 0.007575757575757575 0.0 1.0 0.0 0.020398437833148316 0.01311413314444189 0.015873015873015872 0.00120889748549323 0.02858275434027546
0 0.00510204081632653 0.0 1.0 0.0 0.012099684962445107 0.012922482453123692 0.00982615268329554 0.00037993920972644377 0.02503922898343874
0 0.005208333333333333 0.0 1.0 0.0 0.015877269303764017 0.01523433012436183 0.01146384479717813 0.0004432624113475177 0.025420864082516537
0 0.02702702702702703 0.0 1.0 0.0 0.007901530553654418 0.00484657381049758 0.011943761943761946 0.0014692315577271337 0.02702702702702702
0 0.010638297872340425 0.0 1.0 0.0 0.0033818937285170145 0.00364728212635142 0.010880077369439071 0.001802189525782068 0.016079068993712368
0 0.00980392156862745 0.0 1.0 0.0 0.0017365703754285925 0.006362497354056243 0.007130124777183603 0.0017104186807466357 0.0015040598827252758
0 0.019230769230769232 0.0 1.0 0.0 0.0008907100315723205 0.0034014040778741535 0.012626262626262626 0.0018477098123115825 0.003978305842307189
0 0.010526315789473684 0.0 1.0 0.0 0.006214921998395329 0.005297564623166095 0.010566188197767144 0.0014638365826069605 0.02770012138958732
0 0.00641025641025641 0.0 1.0 0.0 0.00595399218734063 0.0030069951729323387 0.011072261072261076 0.0015559661577360696 0.027638488164751954
0 0.004201680672268907 0.0 1.0 0.0 0.0033455229324414995 0.002339665912187668 0.010955139631610218 0.0010783074291663575 0.016873863492453105
0 0.004464285714285714 0.0 1.0 0.0 0.00997572038975904 0.0037039404010468157 0.013663419913419914 0.0006772620552645837 0.01971101276299255
0 0.007936507936507936 0.0 1.0 0.0 0.0008116539809398025 0.0017176169341568577 0.007936507936507938 0.00036120642947444465 0.006157660063842868
0 0.002564102564102564 0.0 1.0 0.0 0.004206084146638345 0.0042033676272623804 0.011881636881636879 0.0007779830788680347 0.009940633248633066
0 0.003952569169960474 0.0 1.0 0.0 0.004356574854053541 0.004284206061358332 0.010649978041282388 0.0004946957621063047 0.02709620396538484
0 0.0037878787878787876 0.0 1.0 0.0 0.0023992842790808103 0.0039089729705346 0.010273186409550045 0.00034478795540742444 0.000582252556083052
0 0.004524886877828055 0.0 1.0 0.0 0.0037850810238037372 0.005659144071591887 0.011809269162210338 0.00022309808879303932 0.0009112677513182717
0 0.0047619047619047615 0.0 1.0 0.0 0.009009017104551115 0.006727402003496006 0.008754208754208754 0.0008428150021070374 0.04183220040946807
0 0.0047619047619047615 0.0 1.0 0.0 0.003923931862473293 0.003836632167992334 0.00946969696969697 0.00018060321473722233 0.016492596406376396
0 0.004464285714285714 0.0 1.0 0.0 0.0049409006999106345 0.0038723601331954976 0.010732323232323234 0.0008127144663175004 0.033212550300280176
0 0.001680672268907563 0.0 1.0 0.0 0.004813199147617249 0.004397810791675145 0.011688311688311687 0.0007946541448437782 0.021236146085691892
1 0.0012919896640826872 0.0 1.0 0.0 0.005406765476685982 0.0033687130800957098 0.016737138830162084 0.0007350130832328816 0.02012202977286484
0 0.0017543859649122805 0.0 1.0 0.0 0.008828119450258165 0.005204124247593167 0.01207912457912458 0.0008428150021070375 0.029447792877376824
0 0.0014705882352941176 0.0 1.0 0.0 0.0020167048953241046 0.0025293354515223882 0.008986928104575164 0.0004090131627872388 0.00038047430117962134
0 0.0047619047619047615 0.0 1.0 0.0 0.0 0.0 0.011237373737373737 0.0011378002528445006 0.017392158990284852
0 0.002066115702479339 0.0 1.0 0.0 0.0023970655389876114 0.003653161910404945 0.007174012855831038 0.00034478795540742444 0.006891600636272254
0 0.001278772378516624 0.0 1.0 0.0 0.004256030485518889 0.004364562339664554 0.009878193701723116 0.0006692942663791181 0.013183840795335112
0 0.0016025641025641025 0.0 1.0 0.0 0.005434854687373754 0.003787939556721039 0.012723387723387722 0.0006807351940095302 0.024907985552978094
0 0.0022222222222222222 0.0 1.0 0.0 0.002085021006481601 0.0 0.007716049382716048 0.0005618766680713583 0.0041284169322071745
0 0.0013736263736263737 0.0 1.0 0.0 0.004878210118932695 0.0 0.006538600288600289 0.0 0.026182426181807987
0 0.0030864197530864196 0.0 1.0 0.0 0.008508961287223204 0.0011411926679739614 0.006734006734006735 0.00021070375052675939 0.05261514062658978
0 0.005952380952380952 0.0 1.0 0.0 0.004370436360324294 0.0 0.0012626262626262627 0.0 0.013224902612181658
0 0.0017241379310344827 0.0 1.0 0.0 0.01046785126013686 0.0006334557893926999 0.011994949494949492 0.00031605562579013904 0.04529934784606757
0 0.0022222222222222222 0.0 1.0 0.0 0.005063856266876623 0.002293264142713632 0.012626262626262628 0.000337126000842815 0.031970217449974817
0 0.0013440860215053762 0.0 1.0 0.0 0.00882663979574253 0.001947058243598308 0.011521464646464646 0.0006847871892119679 0.035167912844422715
0 0.0014204545454545455 0.0 1.0 0.0 0.00447544122503469 0.0009168808310307245 0.009699265381083563 0.0006321112515802782 0.01532656149620837
0 0.0017825311942959003 0.0 1.0 0.0 0.0009945677069707732 0.0 0.008095662507427213 0.0005205622071837585 0.00506634177717682
0 0.058823529411764705 0.0 1.0 0.0 0.02153373066604105 0.01383595196274764 0.010749477455957002 0.005402160864345739 0.05882352941176469
0 0.017241379310344827 0.0 1.0 0.0 0.014647786198477473 0.008943638136547919 0.012777875021879923 0.005102040816326534 0.015857824779596248
0 0.009009009009009009 0.0 1.0 0.0 0.01732375190598115 0.01219403363530282 0.013170530937028396 0.000827357970215113 0.018260367456105174
0 0.011904761904761904 0.0 1.0 0.0 0.016071944711182035 0.008263356126487256 0.015470147449842878 0.0009718172983479105 0.029926647818463697
0 0.0071428571428571435 0.0 1.0 0.0 0.007029831716527266 0.006197517094865442 0.012690355329949237 0.0007288629737609329 0.006636688020237343
0 0.010416666666666666 0.0 1.0 0.0 0.015105425699167169 0.009702951172884387 0.0092005076142132 0.0006377551020408163 0.025972379135928505
0 0.009523809523809523 0.0 1.0 0.0 0.011086439116092752 0.018509917723331454 0.005076142131979696 0.0 0.00012907495715250647
0 0.015625 0.0 1.0 0.0 0.02101540515798301 0.00433826196640581 0.011421319796954316 0.0 0.06770357110541593
0 0.004273504273504273 0.0 1.0 0.0 0.025044900693663014 0.021795313690455384 0.01679031628270207 0.003924646781789639 0.015817376982058685
0 0.058823529411764705 0.0 1.0 0.11764705882352941 0.03512889786218338 0.010750053181724109 0.01488095238095238 0.0031606672519754173 0.05882352941176472
0 0.022727272727272728 0.0 1.0 0.0 0.025869751249094155 0.010152828004961659 0.007575757575757577 0.002985074626865673 0.031582522323349536
0 0.018518518518518517 0.0 1.0 0.0 0.024948919780481898 0.011763602338052537 0.012731481481481479 0.0031509121061359872 0.05043175381613444
0 0.017857142857142856 0.0 1.0 0.0 0.01932658575654917 0.014504040007088085 0.006164965986394558 0.002985074626865672 0.039453357904423794
0 0.008 0.0 1.0 0.0 0.0028476840790241575 0.007310036163572394 0.011666666666666665 0.0013134328358208956 0.00012073695769867017
0 0.023809523809523808 0.0 1.0 0.0 0.02313739715416432 0.005801616002835234 0.02593537414965986 0.0021321961620469087 0.0815854370843653
0 0.008928571428571428 0.0 1.0 0.0 0.031828782370355954 0.01396013850682228 0.010416666666666666 0.00037313432835820896 0.029882197374388866
0 0.004310344827586207 0.0 1.0 0.0 0.017195571466827576 0.009802730487549186 0.013854679802955665 0.0010293360782295418 0.028363520450179758
0 0.007936507936507936 0.0 1.0 0.0 0.014257745788311155 0.011603232005670467 0.008078231292517007 0.0 4.8640229031255856e-05
1 0.005263157894736842 0.0 1.0 0.0 0.03507096885144151 0.020305656009923317 0.016447368421052627 0.002356637863315004 0.023494227408892742
0 0.011363636363636364 0.0 1.0 0.0 0.0 0.0025382070012404147 0.013392857142857144 0.001865671641791045 0.0027907898883546846
0 0.0027777777777777775 0.0 1.0 0.0 0.02445189535514678 0.003384276001653886 0.014583333333333332 0.0003980099502487562 0.025058766466912442
0 0.004048582995951417 0.0 1.0 0.0 0.021889097738739177 0.0021374374747287705 0.015977443609022556 0.0006284367635506677 0.04457876994889315
0 0.00510204081632653 0.0 1.0 0.0 0.015088239527653083 0.004351212002126425 0.014880952380952382 0.0006396588486140725 3.925874506939827e-05
0 0.004166666666666667 0.0 1.0 0.0 0.007191566810057648 0.0 0.01283482142857143 0.0009328358208955225 0.00013211659274827545
0 0.002976190476190476 0.0 1.0 0.0 0.0008658230701196662 0.0 0.01473922902494331 0.0009950248756218905 0.00017269550265468532
0 0.003676470588235294 0.0 1.0 0.0 0.02332066144710974 0.0 0.009114583333333332 0.00037313432835820896 0.025087645248732457
0 0.005555555555555555 0.0 1.0 0.0 0.029936384292498563 0.0 0.013988095238095239 0.001492537313432836 0.06190159283271903
0 0.004784688995215311 0.0 1.0 0.0 0.04202648604330947 0.022941468554981116 0.015422077922077922 0.003527815468113976 0.04999920141844831
0 0.005 0.0 1.0 0.0 0.019934241853297913 0.008122262403969327 0.011309523809523808 0.0011940298507462687 0.06577662658658628
0 0.03125 0.0 1.0 0.0 0.009622270192045713 0.008153620564202319 0.013297872340425539 0.003110189573459714 0.03125
0 0.017857142857142856 0.0 1.0 0.0 0.00599804707959791 0.004983952295199124 0.011482607227288081 0.0024542992552471212 0.027683153350347968
0 0.011904761904761904 0.0 1.0 0.0 0.005080581807842816 0.00731449279455458 0.010131712259371832 0.0027928232904536206 0.013727309929078479
0 0.019230769230769232 0.0 1.0 0.0 0.006418764542268196 0.012146856228968871 0.005091834879068922 0.002551950419248998 0.012207912866043348
0 0.008333333333333333 0.0 1.0 0.0 0.004638730502722155 0.007017427709461957 0.012608353033884953 0.001184834123222749 0.027634501711718634
0 0.0026455026455026454 0.0 1.0 0.0 0.009092060720977034 0.012307436258711188 0.017824308604450452 0.0007898894154818325 0.010463281815739934
0 0.004608294930875576 0.0 1.0 0.0 0.00681311178290705 0.002979356445078335 0.01357431556470678 0.000687968200580951 0.01624806856593871
0 0.00390625 0.0 1.0 0.0 0.0018061531360524545 0.0031341792534612385 0.01226359338061466 0.0008886255924170617 0.004140589442362532
0 0.001949317738791423 0.0 1.0 0.0 0.00872526944056035 0.00943441485611983 0.0167143627389988 0.0012056206867880601 0.01086187176952118
0 0.005555555555555556 0.0 1.0 0.0 0.012998486492078895 0.005410987713279019 0.01103230890464933 0.001184834123222749 0.04794071184178774
0 0.001893939393939394 0.0 1.0 0.0 0.004084151720806562 0.001998693180949322 0.008865248226950357 0.0012342022116903634 0.01429131434410671
0 0.0017006802721088435 0.0 1.0 0.0 0.0025113286802533564 0.0 0.010807159743329959 9.672115291614277e-05 0.012541097881197174
1 0.029411764705882353 0.0 1.0 0.0 0.015974501151822362 0.005728156089081413 0.013034759358288765 0.0024118987002545882 0.029411764705882353
0 0.041666666666666664 0.0 1.0 0.0 0.0146312013990415 0.006846556615827897 0.013636363636363636 0.0024677296886864084 0.07986311002508246
0 0.01111111111111111 0.0 1.0 0.0 0.010127703830581135 0.0087704562480808 0.016212121212121212 0.00334092634776006 0.033555726533896206
0 0.03571428571428571 0.0 1.0 0.0 0.022004833879247492 0.007806932388034183 0.019155844155844155 0.0026033192320208264 0.1231160282754037
0 0.018181818181818184 0.0 1.0 0.0 0.02272266955309366 0.00704327476012043 0.012603305785123968 0.002070822116380203 0.06414070640586311
0 0.0045045045045045045 0.0 1.0 0.0 0.009408242551816838 0.0041699170474272865 0.018120393120393118 0.002216339346179893 0.014815901443085705
0 0.0047619047619047615 0.0 1.0 0.0 0.008337498824226549 0.007321296912470274 0.008257575757575759 0.0005315110098709187 0.0409599865054578
0 0.005681818181818182 0.0 1.0 0.0 0.010007202481317028 0.006569014465587058 0.01570247933884297 0.0011389521640091113 0.056486514010245896
0 0.0038314176245210726 0.0 1.0 0.0 0.004976669914923954 0.004785921595949817 0.017554858934169276 0.00188516220249784 0.0015766598117040106
0 0.006666666666666667 0.0 1.0 0.0 0.01284206307503081 0.0020660272629686592 0.009242424242424243 0.0 0.06535765553102471
0 0.003787878787878788 0.0 1.0 0.0 0.013917554638292503 0.008213175013129285 0.013920454545454541 0.001233864844343204 0.04893373560567509
0 0.005555555555555555 0.0 1.0 0.0 0.011185158692169867 0.010854728857923168 0.010454545454545456 0.0006074411541381928 0.045200174026096857
0 0.003076923076923077 0.0 1.0 0.0 0.003595634162754643 0.004758262736151095 0.012636363636363633 0.0004555808656036446 0.00021219521016716206
0 0.001519756838905775 0.0 1.0 0.0425531914893617 0.005604201944314884 0.006342623997266251 0.014168278529980654 0.0016478456840982893 0.0023507119005344275
0 0.009523809523809523 0.0 1.0 0.0 0.012963706407096515 0.010352993569568933 0.008116883116883118 0.0013016596160104132 0.0017436092242670083
0 0.002976190476190476 0.0 1.0 0.0 0.010547245408252526 0.009630314798962463 0.014177489177489174 0.0015186028853454822 0.045142476873867056
0 0.0029411764705882353 0.0 1.0 0.0 0.007836858535004756 0.0015495204472264945 0.012727272727272726 0.0012528473804100228 0.012283823352240599
0 0.0024154589371980675 0.0 1.0 0.0 0.0034995944526400786 0.0027462141465417335 0.01442687747035573 0.0009903931860948795 0.0035298882440234704
0 0.001697792869269949 0.0 1.0 0.0 0.007129700355261244 0.0 0.014442815249266864 0.001469615695495628 0.04002662708779794
0 0.043478260869565216 0.0 1.0 0.0 0.010950282567513797 0.008016604616754274 0.006148440931049626 0.0028618602091359385 0.04347826086956523
0 0.029411764705882353 0.0 1.0 0.0 0.008700614034732781 0.014856109465532605 0.010992275698158051 0.004169769173492182 0.03620179872805663
0 0.027777777777777776 0.0 1.0 0.0 0.002604433298807858 0.004305313141344501 0.008838383838383838 0.002531645569620253 0.0006604721771873365
0 0.0078125 0.0 1.0 0.0 0.00521758403135864 0.011688199313988963 0.007260101010101011 0.002848101265822785 0.005123898525381638
0 0.009523809523809525 0.0 1.0 0.0 0.008550303951625938 0.006993051234834838 0.008537758537758539 0.0024110910186859553 0.028484127382312024
0 0.018518518518518517 0.0 1.0 0.0 0.004341253898218888 0.007653890029056891 0.0101010101010101 0.0 0.011525018965323626
0 0.007518796992481203 0.0 1.0 0.0 0.008113177356101411 0.006344671997770843 0.008904837852206271 0.00039973351099267156 0.031025910178549047
0 0.005952380952380952 0.0 1.0 0.0 0.005720858569384757 0.008751551385367673 0.00853775853775854 0.0014466546112115732 0.016027080218270803
0 0.0031746031746031746 0.0 1.0 0.0 0.0036204151507814473 0.005014851369467342 0.013636363636363636 0.0007956600361663654 0.017679964043815492
0 0.002564102564102564 0.0 1.0 0.0 0.002428031748551079 0.007779085973434537 0.013727013727013727 0.0009737098344693282 0.00040138491094186764
0 0.003952569169960474 0.0 1.0 0.0 0.005607926200838582 0.012383621498981739 0.010540184453227932 0.002531645569620253 0.029102727598148442
0 0.003472222222222222 0.0 1.0 0.0 0.004726568725544533 0.012017995305519594 0.011363636363636366 0.0013713080168776372 0.0035876028174944203
0 0.003663003663003663 0.0 1.0 0.0 0.005753919047296487 0.00950646756330946 0.008417508417508417 0.0007233273056057867 0.00021611900149759957
0 0.0026455026455026454 0.0 1.0 0.0 0.004321350146602905 0.0 0.009259259259259259 0.0004688232536333802 0.015707243857350933
0 0.006666666666666666 0.0 1.0 0.0 0.0009152376093374661 0.0 0.003787878787878788 0.0 0.0013595584045500275
0 0.004166666666666667 0.0 1.0 0.0 0.004262368489694176 0.006504172521710151 0.006565656565656566 0.0015189873417721519 0.04658019638561348
0 0.00267379679144385 0.0 1.0 0.0 0.004329452016636587 0.0027784816224598126 0.006772268135904499 0.000805523590333717 0.006901081622639785
0 0.0021367521367521365 0.0 1.0 0.0 0.005425374699704999 0.0007847723546415831 0.011266511266511266 0.0004868549172346641 0.0239785796635602
0 0.034482758620689655 0.0 1.0 0.0 0.010453056919977359 0.0036506699527989383 0.009434442070999898 0.0011197353352843875 0.034482758620689655
1 0.011111111111111112 0.0 1.0 0.0 0.006949628543123734 0.004046111926876864 0.012684365781710913 0.001426814268142681 0.020558635336923134
0 0.01075268817204301 0.0 1.0 0.0 0.004090306612044246 0.002197450518136257 0.009206394518983729 0.0010236876562314012 0.01081908791078293
0 0.008620689655172414 0.0 1.0 0.0 0.004262234620479331 0.002195034292824702 0.007934086054317975 0.0009924926835475254 0.009585357145885076
0 0.008333333333333333 0.0 1.0 0.0 0.0064463393063813705 0.0019237519734872097 0.010170845624385446 0.000830258302583026 0.036048329815992756
0 0.006944444444444444 0.0 1.0 0.0 0.012286326733918341 0.0038681024886436637 0.009587020648967551 0.0012915129151291516 0.027731611176881086
0 0.009523809523809523 0.0 1.0 0.0 0.0002717521659885988 0.0003346811691672478 0.011209439528023597 0.0006888068880688808 0.001879653567640781
0 0.008928571428571428 0.0 1.0 0.0 0.0 0.00035858696696490836 0.006689844079224611 0.0007380073800738009 0.006184539347863659
0 0.004830917874396135 0.0 1.0 0.0 0.00782627904729587 0.0021827032771777033 0.012568936770552777 0.0008342692122573402 0.03867997935878203
0 0.005263157894736842 0.0 1.0 0.0 0.009031660578258433 0.000820374215492344 0.009004812917248873 0.0008156923674499905 0.046776851416597494
0 0.006493506493506494 0.0 1.0 0.0 0.0009651063727835742 0.0024180212777557483 0.011219974715549934 0.001265155508697944 0.001850943871632259
0 0.003623188405797101 0.0 1.0 0.0 0.007230998038403944 0.004894461335486599 0.007086058740541233 0.001155141986202471 0.038211424476913336
0 0.003344481605351171 0.0 1.0 0.0 0.0011057699063272918 0.0020253292086731675 0.006925740669488262 0.0011230547088079581 0.007587500246874771
0 0.0026455026455026454 0.0 1.0 0.0 0.011331130962791256 0.004993788894353995 0.010215229979241779 0.0013120131201312013 0.035350910918929696
0 0.002777777777777778 0.0 1.0 0.0 0.0019573823410304583 0.0020064993515068676 0.008296460176991148 0.00018450184501845018 0.008173849357691537
0 0.002232142857142857 0.0 1.0 0.0 0.006612580894055913 0.0021331426194673635 0.012536873156342184 0.000632577754348972 0.030189064107716993
0 0.004524886877828054 0.0 1.0 0.0 0.012435694045951433 0.0054731251783335004 0.014181983208531883 0.0006812375816065853 0.05981264564992639
0 0.002525252525252525 0.0 1.0 0.0 0.009601652665132136 0.0041770383236339305 0.007408152319656743 0.0004025494800402549 0.04049352393805739
0 0.001594896331738437 0.0 1.0 0.0 0.006051868860210064 0.0033850930705350704 0.008536694377402341 0.00035782176003578217 0.025668488988015995
0 0.00625 0.0 1.0 0.0 0.018217290283741833 0.0027539751598950075 0.012905604719764013 0.00018450184501845018 0.10807323119133432
0 0.001221001221001221 0.0 1.0 0.0 0.008004271280489356 0.003179696717769049 0.012858331442402239 0.0007380073800738007 0.023797538179510715
0 0.0012285012285012285 0.0 1.0 0.0 0.005674852319975899 0.002956791532985191 0.011759547157777248 0.0005584920714072006 0.02396240836206713
0 0.0033444816053511705 0.0 1.0 0.0 0.011718635788694486 0.0024822562046641814 0.009076469253460404 0.00011353959693443088 0.06898368256407753
0 0.0016666666666666666 0.0 1.0 0.0 0.005874774815623174 0.003132747533473397 0.01112094395280236 0.0006494464944649446 0.03345239238104894
0 0.0023529411764705885 0.0 1.0 0.0 0.002356373994710865 0.0014163524834166124 0.005986465382613222 0.0001736487953114825 0.002011755528728785
0 0.0010121457489878543 0.0 1.0 0.0 0.007854199157295365 0.0028803632992989436 0.01265331470268592 0.0008739561079821326 0.02297855211996113
0 0.0026455026455026454 0.0 1.0 0.0 0.009778389257712678 0.0038650437371571507 0.014591234723978086 0.0005271481286241434 0.059971017169653425
0 0.0013736263736263735 0.0 1.0 0.0 0.005820619973080974 0.00371431911344764 0.008452461992285 0.0005960828839057622 0.03316675927609489
0 0.0010141987829614604 0.0 1.0 0.0 0.007230656459202198 0.0028995700309098265 0.007136040256810687 0.00019535489472541782 0.027347116451153956
0 0.00196078431372549 0.0 1.0 0.0 0.005194380839466852 0.0012358062240999345 0.004554919312857887 8.682439765574126e-05 0.015835458151074927
0 0.0032258064516129032 0.0 1.0 0.0 0.016183670363584708 0.004953466779273217 0.008259587020648967 0.0006642066420664207 0.08620080131812896
0 0.0006510416666666666 0.0 1.0 0.0 0.00351964508201858 0.0023198412385521524 0.01104658308751229 0.0007841328413284134 0.003967977395039076
0 0.0017825311942959003 0.0 1.0 0.0 0.0045968456945020145 0.003978624807560853 0.0045549193128578865 0.00043412198827870625 0.014172023157048743
0 0.001547987616099071 0.0 1.0 0.0 0.010262965076613794 0.002225883506224534 0.009315323707498838 0.0007380073800738008 0.04427206707730052
0 0.002857142857142857 0.0 1.0 0.0 0.015257292998187965 0.003309533182363867 0.008185840707964603 0.00014760147601476013 0.08691046597085436
0 0.0012626262626262625 0.0 1.0 0.0 0.006216280032313775 0.0036887891766283834 0.01240278895146152 0.0008721905400872191 0.03649124852659793
0 0.000819000819000819 0.0 1.0 0.0 0.005763992040729277 0.00374118931814532 0.006592473406632699 0.00044727720004472774 0.024008263495819866
0 0.0013850415512465374 0.0 1.0 0.0 0.008801196011593217 0.005027416831688624 0.008927185219686384 0.0008156923674499903 0.045187302925107614
0 0.001221001221001221 0.0 1.0 0.0 0.005615463263432825 0.0014343478678596334 0.00649669897457508 0.0 0.038637619723449756
0 0.003125 0.0 1.0 0.0 0.013399081678149963 0.003054197513148572 0.014841445427728615 0.0006457564575645757 0.10169614983930851
0 0.001876172607879925 0.0 1.0 0.0 0.0014151159691512673 0.002012352102927916 0.008112094395280238 0.0005676979846721543 0.004304287796616419
0 0.0047619047619047615 0.0 1.0 0.2 0.0 0.0 0.0 0.0 0.037354297334332716
0 0.0010570824524312897 0.0 1.0 0.0 0.008341010554874094 0.0037422098327739 0.00935237329042639 0.00046964106004696406 0.03981399073927199
0 0.0011961722488038277 0.0 1.0 0.0 0.002485458727322755 0.0017357601736664712 0.01016922838068623 0.0007380073800738008 0.0005545578736270079
0 0.0008547008547008547 0.0 1.0 0.0 0.00580252431757152 0.0026593456767368827 0.007658270932607214 0.00034061879080329264 0.0308733023290167
0 0.0008695652173913043 0.0 1.0 0.0 0.007776498354960396 0.0029588083569965107 0.006312684365781711 0.00023616236162361622 0.0365207230636339
0 0.00031756113051762465 0.0 1.0 0.0 0.004399517096063117 0.0007314442994586547 0.0076938317263241345 0.00031943603018119737 0.012628363502301785
0 0.0005630630630630631 0.0 1.0 0.0 0.01211193247065209 0.00206911040779321 0.013254404847325202 0.0005385459259998006 0.018188988948229845
0 0.0008503401360544217 0.0 1.0 0.0 0.005953499635061219 0.0008415345540683716 0.007220993117010817 0.0002460024600246002 0.03461163844548898
0 0.0010526315789473684 0.0 1.0 0.0 0.008142466163731073 0.0011677268598809323 0.008383791336748953 0.0005437949116333268 0.04554614891947959
0 0.000980392156862745 0.0 1.0 0.0 0.0025090772901794007 0.0009437795060607317 0.010213864306784661 0.00018450184501845018 0.008278173375072254
0 0.0013736263736263737 0.0 1.0 0.0 0.0011976358717572736 0.0 0.004003371260008428 0.00010542962572482868 0.0032406967825170997
0 0.0023584905660377358 0.0 1.0 0.0 0.013622905269335937 0.0010984819426018712 0.009402654867256638 0.00046125461254612545 0.10205902042667593
0 0.0008417508417508417 0.0 1.0 0.0 0.00523484063613767 0.0013070860086258392 0.010994904800214537 0.0005702784300570278 0.013998642156101165
0 0.001652892561983471 0.0 1.0 0.0 0.004046511245719044 0.0010769246742485955 0.010525610083132207 0.0008050989600805099 0.016119964640747914
0 0.00041528239202657803 0.0 1.0 0.0 0.005992781926077675 0.001934217728295249 0.007237428826233106 0.0005663777568008238 0.019108891432296295
0 0.0012531328320802004 0.0 1.0 0.0 0.011002633762452889 0.001017769721462013 0.0036873156342182895 0.00021085925144965736 0.059381082485447365
0 0.0009074410163339383 0.0 1.0 0.0 0.007693899508465268 0.00030834580844964806 0.006908865083061638 7.768498737618955e-05 0.04217849208151929
0 0.001303780964797914 0.0 1.0 0.0 0.009695229997715134 0.0004506592585033318 0.00941683685046517 0.00011353959693443088 0.061987239725796575
0 0.024390243902439025 0.0 1.0 0.0 0.009539604755122623 0.010895142138557058 0.010372862349313146 0.003584733253672592 0.024390243902439025
0 0.017857142857142856 0.0 1.0 0.0 0.006749720916401021 0.008242317556960144 0.009441707717569787 0.003190613421160972 0.024461621711624304
0 0.027777777777777776 0.0 1.0 0.0 0.010884142521142698 0.008802950407441447 0.012691570881226055 0.002881844380403458 0.06070983338985939
0 0.020833333333333332 0.0 1.0 0.0 0.017927697270472612 0.020689012178597407 0.013170498084291186 0.0052833813640730054 0.06553181869646675
0 0.022222222222222223 0.0 1.0 0.0 0.005611165343769157 0.011712623905043249 0.010855683269476371 0.002561639449247518 0.03143719897575389
0 0.013888888888888888 0.0 1.0 0.0 0.01553558074182923 0.010379998604370255 0.011015325670498085 0.001921229586935639 0.06662619690670014
0 0.0038610038610038607 0.0 1.0 0.0 0.006586736545494698 0.010845225394868898 0.01032929481205343 0.0009346522314822028 0.017787192423914654
0 0.003676470588235294 0.0 1.0 0.0 0.0046918447400749255 0.004264179894112531 0.007352941176470587 0.0004238006441769791 0.020466045638259763
0 0.009259259259259259 0.0 1.0 0.0 0.011605115064917489 0.01106397299875197 0.011733716475095787 0.0016810758885686839 0.059254645314388114
0 0.005 0.0 1.0 0.0 0.002086362106109594 0.004900860780493019 0.009482758620689655 0.0 0.0019251691979535548
0 0.002932551319648094 0.0 1.0 0.0 0.007512167827856374 0.011504029229914213 0.011772339636633296 0.0006507390536394905 0.022116378901800685
0 0.0023809523809523807 0.0 1.0 0.0 0.011889010405312277 0.009773419504767364 0.015353037766830866 0.001399752984767394 0.020810882250137604
0 0.00591715976331361 0.0 1.0 0.0 0.0028873296212679348 0.0 0.006631299734748009 0.0 0.008612824425758591
0 0.003401360544217687 0.0 1.0 0.0 0.007290577150585088 0.003471350842456827 0.013136288998357962 0.0009606147934678194 0.011056350231604558
0 0.002150537634408602 0.0 1.0 0.0 0.00831229656040242 0.0006986840802455865 0.010567296996662959 0.0001859254438969973 0.023226007605955456
0 0.02702702702702703 0.0 1.0 0.0 0.009348225089179315 0.010014500315666648 0.016700662927078024 0.0055078775457922365 0.02702702702702703
0 0.021739130434782608 0.0 1.0 0.0 0.011465826183846974 0.01092785158571494 0.015996718621821164 0.005769627034823819 0.03125849603551441
0 0.011904761904761904 0.0 1.0 0.0 0.009054315659631678 0.010362483559566486 0.009097035040431268 0.0 0.021581694972494958
0 0.006756756756756757 0.0 1.0 0.0 0.004399824569531102 0.00546265531493457 0.013386027536970931 0.001537082105802485 0.010770118556444759
0 0.010526315789473684 0.0 1.0 0.0 0.010159298467760446 0.010012827165553366 0.007696127110228401 0.0004988775255674732 0.03896673939799309
0 0.00641025641025641 0.0 1.0 0.0 0.003881610568454565 0.006199776488629522 0.00925253991291727 0.001275975209624499 0.018396217903641352
0 0.006211180124223602 0.0 1.0 0.0 0.004418794101075063 0.011213508779434266 0.008613617719442164 0.000618174325159695 0.0003354323744913505
0 0.006578947368421052 0.0 1.0 0.0 0.0079633295016206 0.015271028403571663 0.011916583912611719 0.0007483162883512097 0.022099829199656116
0 0.043478260869565216 0.0 1.0 0.08695652173913043 0.007880217360032249 0.004229234914314932 0.0053048947224500955 0.001259445843828716 0.04347826086956523
0 0.02631578947368421 0.0 1.0 0.0 0.013442942361491187 0.005572142372147057 0.008010592519033433 0.001590878960625746 0.03435309294504338
0 0.012345679012345678 0.0 1.0 0.0 0.005925363312652611 0.003862492886806873 0.008385744234800837 0.0014926765556488478 0.0025623379492444222
0 0.009259259259259259 0.0 1.0 0.0 0.005576708372775011 0.0049723450798775624 0.011740041928721174 0.0016792611251049531 9.043650857751829e-05
0 0.02 0.0 1.0 0.0 0.013282664313337467 0.005720344932737273 0.008176100628930818 0.0012594458438287151 0.00024022840910053732
0 0.023809523809523808 0.0 1.0 0.0 0.007503922572623283 0.009167582260488442 0.004672057502246182 0.0016192875134940627 0.0007491345921706123
0 0.023809523809523808 0.0 1.0 0.0 0.0007431385330959124 0.0 0.006079664570230608 0.0012594458438287151 0.0048375429857014365
0 0.007352941176470588 0.0 1.0 0.0 0.00336290793947001 0.0027549927269263745 0.008657047724750276 0.001407615943102682 0.00023394661993997364
0 0.0030864197530864196 0.0 1.0 0.0 0.004558380753128855 0.00347268866245539 0.00681341719077568 0.0013643996641477748 6.639014646912262e-05
0 0.005263157894736842 0.0 1.0 0.0 0.005276927985285327 0.004483271527071514 0.006752730883813307 0.00185602545406337 0.04401752783412569
0 0.0036363636363636364 0.0 1.0 0.0 0.005817599574494216 0.007262449539032461 0.004528301886792452 0.0011586901763224185 0.004935402726657618
0 0.0043859649122807015 0.0 1.0 0.0 0.0023713114158269632 0.004509077796184748 0.005296259516716319 0.0 0.0003560427705658995
0 0.002331002331002331 0.0 1.0 0.0 0.006717291926387994 0.005774160749200628 0.007280350676577091 0.0004579803068468056 0.0023473468416338526
0 0.00510204081632653 0.0 1.0 0.0 0.0022886107186457162 0.00430945187860939 0.0052111410601976636 0.0006297229219143577 0.0005849299265079081
0 0.0019047619047619048 0.0 1.0 0.0 0.005130318070763035 0.005127372604774624 0.006612758310871518 0.0003238575026988126 0.02249766708393573
0 0.0025 0.0 1.0 0.0 0.0017777337595416226 0.003813312158164731 0.007547169811320754 0.0005037783375314861 0.00027214064005094387
0 0.0017301038062283738 0.0 1.0 0.0 0.005978094765461912 0.0027118284091939148 0.009581945985941545 0.0002592976737294414 0.017200031237706706
0 0.005555555555555555 0.0 1.0 0.0 0.0057656795727699175 0.007295430227193258 0.0033962264150943396 0.0003778337531486146 0.023802689545706086
0 0.0021929824561403508 0.0 1.0 0.0 0.007603317733238405 0.007418684567108311 0.008071278825995806 0.0004722921914357683 0.03373592591674956
0 0.003125 0.0 1.0 0.0 0.006365628254273863 0.0042836239063755105 0.005817610062893081 0.0 0.052467629504264035
0 0.0011614401858304297 0.0 1.0 0.0 0.0026331904885134798 0.001629073654404208 0.004878048780487805 0.00018430914787737299 0.020225065732897698
0 0.006493506493506494 0.0 1.0 0.0 0.0 0.0024477850893574347 0.002875112309074573 0.0 0.004656251844731099
0 0.004830917874396135 0.0 1.0 0.0 0.012794522592867745 0.006275423260709543 0.006289308176100629 0.000279876854184159 0.09150974963506459
0 0.0020833333333333333 0.0 1.0 0.0 0.004191871536445657 0.0058932944336702086 0.007987421383647799 0.0009445843828715364 0.010791914821665615
0 0.0016 0.0 1.0 0.0 0.005607102805173811 0.0032872221113855577 0.005333333333333333 0.00020151133501259446 0.03310013311660954
0 0.0013262599469496023 0.0 1.0 0.0 0.007996910814727571 0.0018572367358356014 0.007937540663630447 0.00039086250325718756 0.024624945091351085
0 0.0021786492374727667 0.0 1.0 0.0 0.005814086493889005 0.0019856744376958546 0.007029226785053643 0.0005185953474588827 0.0002373033876800996
0 0.0014285714285714286 0.0 1.0 0.0 0.007986094129094444 0.0010464396676856847 0.008955974842767295 0.0005037783375314861 0.032912935267807975
0 0.001379310344827586 0.0 1.0 0.0 0.005748175349310353 0.0009726948951236694 0.010867924528301886 0.000654911838790932 0.03355865528600944
0 0.00101010101010101 0.0 1.0 0.0 0.00876756963852946 0.0030880361801209227 0.009910425004764627 0.001144950767117014 0.0228507084586642
0 0.0012903225806451613 0.0 1.0 0.0 0.0040342010977287845 0.0007841002173502093 0.009559748427672954 0.0006045340050377833 0.003930286710084231
0 0.0009191176470588235 0.0 1.0 0.0 0.007031611604316355 0.0014974461106869023 0.007362190159082501 0.00048155282264039114 0.0188812712622575
0 0.00101010101010101 0.0 1.0 0.0 0.005557942913930092 0.0022886706075868142 0.006666666666666666 0.0006297229219143577 0.02543986849697191
0 0.0014005602240896359 0.0 1.0 0.0 0.00830965230066704 0.001465574567053944 0.011320754716981131 0.0007796569509415857 0.03287739336610198
0 0.001020408163265306 0.0 1.0 0.0 0.007103628985238107 0.001443948046898036 0.008131176999101526 0.00040482187837351567 0.026165518323530673
0 0.038461538461538464 0.0 1.0 0.0 0.007916390234882486 0.0020203132650205855 0.012746405809989623 0.00207900207900208 0.038461538461538464
0 0.017857142857142856 0.0 1.0 0.0 0.010066428642919055 0.00424039112765284 0.008808147536471234 0.0022062879205736363 0.03025617362710608
0 0.020833333333333332 0.0 1.0 0.0 0.0010112258239640673 0.003214393425545935 0.013969171483622351 0.002413127413127413 0.0010117125802787607
0 0.014705882352941176 0.0 1.0 0.0 0.0030088152418528556 0.0023174181569353774 0.013600816048962936 0.0022711787417669773 0.002636907466668972
0 0.008695652173913044 0.0 1.0 0.0 0.006809100886674354 0.003996706676453766 0.009550138225684847 0.00226624139667618 0.03710713108489413
0 0.018518518518518517 0.0 1.0 0.0 0.014668231992441463 0.00494437922993084 0.021836865767501608 0.002574002574002574 0.09465498395114737
0 0.005494505494505494 0.0 1.0 0.0 0.009069603751036154 0.0025253915812757316 0.013042833852082408 0.0018562518562518571 0.03562352978537302
0 0.006578947368421052 0.0 1.0 0.0 0.007289550263705668 0.004665669383705125 0.012270560795051212 0.0003048160942897785 0.013979545189041551
0 0.012345679012345678 0.0 1.0 0.0 0.00244189350548961 0.002918230271696401 0.009633911368015412 0.0 0.005012301447676301
0 0.003448275862068966 0.0 1.0 0.0 0.009729798315372563 0.005320962048398842 0.00976679290412597 0.0003328451604313673 0.03071236795394815
0 0.004545454545454545 0.0 1.0 0.0 0.009345103795628595 0.004049260294899396 0.013969171483622348 0.0005791505791505792 0.04678138626720363
0 0.003333333333333333 0.0 1.0 0.0 0.00817707704380525 0.0051438535947243335 0.01048169556840077 0.0003861003861003861 0.032815650071986995
0 0.0013986013986013986 0.0 1.0 0.0 0.0067778209127904885 0.004382276284608266 0.011700823261516904 0.0002808002808002808 0.01075589617203934
0 0.008928571428571428 0.0 1.0 0.0 0.005645880305819582 0.008207522639146128 0.0052986512524084775 0.0 0.007166672667303873
0 0.002150537634408602 0.0 1.0 0.0 0.009211054566406895 0.005638928576052167 0.009944682702467521 0.0004981940465811433 0.019390985212827245
0 0.002232142857142857 0.0 1.0 0.0 0.00652005174867941 0.0029293205066427954 0.01142306633636113 0.0002757859900717044 0.02924834625801715
0 0.0015898251192368838 0.0 1.0 0.0 0.0021369307966218687 0.005323798468635327 0.008436181846586472 0.00010435145570280705 0.0005584311997830034
0 0.004629629629629629 0.0 1.0 0.0 0.013541788382157041 0.0010943363518861504 0.015414258188824663 0.0 0.07935132801579065
0 0.003508771929824561 0.0 1.0 0.0 0.0047681348086532375 0.004377345407544602 0.0061657032755298635 0.0 0.02536225991783521
0 0.0016129032258064516 0.0 1.0 0.0 0.001977483640154665 0.007649891629669409 0.01361178444900242 0.0011209366048075726 0.0002407577011961454
0 0.0021645021645021645 0.0 1.0 0.0 0.007842448536164877 0.00595778085213829 0.00858293921877737 0.000351000351000351 0.038327291146597886
0 0.003246753246753247 0.0 1.0 0.0 0.009783245917734178 0.00469001293665493 0.006193228736581337 0.0 0.062081098898848656
0 0.006211180124223602 0.0 1.0 0.0 0.005254578254979354 0.0037520103493239444 0.0005505092210294523 0.0 0.007131858120743459
0 0.003472222222222222 0.0 1.0 0.0 0.0035506878476638027 0.002188672703772301 0.008349389852280025 0.0004826254826254826 0.0013901109436654253
0 0.029411764705882353 0.0 1.0 0.0 0.00918912414431512 0.016566575865409786 0.011349104859335038 0.005946640951462557 0.029411764705882353
0 0.020833333333333332 0.0 1.0 0.0 0.007945060958673441 0.017036963205047228 0.012001811594202898 0.0036429872495446266 0.0002634613499251333
0 0.01111111111111111 0.0 1.0 0.0 0.00674597253661866 0.010069640295108628 0.014855072463768115 0.002185792349726776 0.023011920268266664
0 0.007575757575757576 0.0 1.0 0.0 0.007738295758301417 0.009881896733700745 0.012845849802371542 0.001987083954297069 0.021728995028835994
0 0.006896551724137932 0.0 1.0 0.0 0.009416609536164211 0.015381333551892166 0.00937031484257871 0.0 0.022587263540292158
0 0.01515151515151515 0.0 1.0 0.0 0.01521310083351431 0.006758464742498074 0.011857707509881422 0.0 0.06776693601728913
0 0.006211180124223602 0.0 1.0 0.0 0.00959493448498654 0.007036712915644836 0.011814744801512287 0.000950344499881207 0.03011890883312715