0 0.022222222222222223 0.0 1.0 0.0 0.007414139556636901 0.004653388399782938 0.009461663947797716 0.0023238925199709497 0.022222222222222223
0 0.07142857142857142 0.0 1.0 0.0 0.005694940650444526 0.007939302945056386 0.002563505010487066 0.0014005602240896359 0.004248222834046148
0 0.013888888888888888 0.0 1.0 0.0 0.007106489531167242 0.00454627171943744 0.008700380641653073 0.0018382352941176477 0.0007702098601060736
0 0.008928571428571428 0.0 1.0 0.0 0.00590305818184795 0.00577139878700029 0.010778373339547892 0.0021591970121381887 0.0006175146963517917
0 0.005555555555555556 0.0 1.0 0.0 0.006139990772519962 0.003660470739242683 0.008836324089178902 0.0016339869281045754 0.02291152480328794
0 0.005376344086021505 0.0 1.0 0.0 0.007266927626990123 0.007392580038104957 0.00863021628163974 0.0011596036263967955 0.0306692898549322
0 0.003484320557491289 0.0 1.0 0.0 0.00724303521062265 0.005341001010099147 0.01026538813512115 0.0008369201339072215 0.010866087591385498
0 0.003676470588235294 0.0 1.0 0.0 0.010904792831262597 0.004249862164706653 0.010459648786104982 0.0001441753171856978 0.02011762486488702
0 0.0044444444444444444 0.0 1.0 0.0 0.012719759476538169 0.007938920199317636 0.012398042414355628 0.001176470588235294 0.017427531847148462
0 0.005555555555555556 0.0 1.0 0.0 0.01293080101523701 0.006784365246642678 0.010875475802066341 0.001270878721859114 0.03499138691215045
0 0.012987012987012988 0.0 1.0 0.0 0.0 0.0015878605890112772 0.003961780470752738 0.0 0.016590547895453823
0 0.013888888888888888 0.0 1.0 0.0 0.008413891866648813 0.01550479105236492 0.00897226753670473 0.0032679738562091504 0.12285999730550705
0 0.004273504273504274 0.0 1.0 0.0 0.011804616002747032 0.010212734126786999 0.010512959941997463 0.0009985475671750183 0.022890807841991795
0 0.005494505494505494 0.0 1.0 0.0 0.008912976835302722 0.007418972350066575 0.013803488518007279 0.002136752136752137 0.046371142079358926
0 0.0022988505747126436 0.0 1.0 0.0 0.0032001353753000044 0.006967235325739933 0.012938066040389266 0.002028397565922921 0.00020339697909893393
0 0.004166666666666667 0.0 1.0 0.0 0.003789483788225953 0.0069187754656784 0.007504078303425774 0.0007625272331154685 0.009002066691631446
0 0.0010504201680672268 0.0 1.0 0.0 0.005071721890086411 0.005898269369342361 0.01048706595199254 0.0010795985060690944 0.009374930697227436
0 0.0029239766081871343 0.0 1.0 0.0 0.01430932680684431 0.007012588304878103 0.00832832489052975 0.0013759889920880633 0.011252996884656396
0 0.0010964912280701754 0.0 1.0 0.0 0.007273655848284319 0.005924640593374104 0.009617998912452415 0.0011574074074074073 0.00568135648653794
0 0.0013157894736842105 0.0 1.0 0.0 0.008344749273573558 0.0034372279363696044 0.01463896282304456 0.0015909872721018231 0.010789203072893617
0 0.0026455026455026454 0.0 1.0 0.0 0.0026628131915892098 0.0 0.008065977886532537 0.00027233115468409583 0.0006920719430145867
0 0.0012626262626262627 0.0 1.0 0.0 0.009748240731189583 0.004272002238922425 0.011600507522204095 0.001407044299201162 0.013620509617861976
0 0.0033444816053511705 0.0 1.0 0.0 0.0038493326348164676 0.0 0.008156606851549755 0.0002513826043237808 0.010389796722465768
0 0.005208333333333333 0.0 1.0 0.0 0.0019261636303607157 0.0 0.021818923327895597 0.0010212418300653595 0.0018814647662689335
0 0.038461538461538464 0.0 1.0 0.07692307692307693 0.007440307242732674 0.010535024494648649 0.006435199042202932 0.002249212775528565 0.038461538461538464
0 0.016129032258064516 0.0 1.0 0.0 0.011120690952421663 0.0097277986110426 0.01135935734906489 0.0027038923473558444 0.02099955117669323
0 0.015873015873015872 0.0 1.0 0.0 0.006181743199513986 0.007817902989654815 0.008986473967018713 0.002413441009932238 0.00021935817614413377
0 0.015625 0.0 1.0 0.0 0.010826206692526208 0.007864468341893034 0.01228112840466926 0.0024366471734892786 0.001229785752202589
0 0.02 0.0 1.0 0.0 0.007359246497543831 0.0078517368128026 0.010505836575875485 0.0023391812865497076 0.0011399616983640945
0 0.00641025641025641 0.0 1.0 0.0 0.009001796961978052 0.0098456814644932 0.010026938042502246 0.002399160293897136 0.00013953427001196908
0 0.004081632653061224 0.0 1.0 0.0 0.006056416230308452 0.007930439462715828 0.01150639244024458 0.0011695906432748538 0.02311621685069651
0 0.005681818181818182 0.0 1.0 0.0 0.012184953706139777 0.004236770367532081 0.007693668199504774 0.0005316321105794789 0.0268331552443524
0 0.006172839506172839 0.0 1.0 0.0 0.008980151894937592 0.006016421011418884 0.006593169044530913 0.0008663634394628547 0.04927251418113468
0 0.01 0.0 1.0 0.0 0.010443792058913635 0.0023817729367502398 0.010311284046692607 0.0003898635477582846 0.002734259722976771
0 0.002840909090909091 0.0 1.0 0.0 0.0131378831133791 0.004918599290263028 0.00905885214007782 0.0006700779727095516 0.013634543054693438
0 0.0037878787878787876 0.0 1.0 0.0 0.0019431553744985756 0.002706560155398 0.007516802263883977 0.0 0.0003543618387454388
0 0.004273504273504274 0.0 1.0 0.0 0.009298401637648394 0.006140137174894002 0.0111327280587981 0.000649772579597141 0.00011062418529831013
0 0.002551020408163265 0.0 1.0 0.0 0.009692904892622922 0.004079427610059587 0.008546414674819345 0.0007658033973823447 0.00012399646726510735
0 0.005128205128205128 0.0 1.0 0.0 0.013046023128707129 0.0039567183731387245 0.009877282250823108 0.0008996851102114259 0.00030963974005054413
0 0.00390625 0.0 1.0 0.0 0.008243889525503294 0.002503066524481827 0.004985408560311284 0.0004873294346978557 0.00025957678493191474
0 0.008403361344537815 0.0 1.0 0.0 0.02091280687557919 0.009893920188688414 0.012229016120066704 0.002506265664160401 0.12811284946322707
0 0.006172839506172839 0.0 1.0 0.0 0.008559369301585736 0.0046246208569133175 0.010808473843493297 0.0010829542993285683 0.0011024829501970876
0 0.004784688995215311 0.0 1.0 0.0 0.014564948130321841 0.004728841134921541 0.011142553944110366 0.0010632642211589579 0.0003691221496494018
0 0.004545454545454546 0.0 1.0 0.0 0.014208692694235157 0.004896999199637159 0.006897771489211177 0.0010632642211589579 0.00037181739767050154
0 0.001984126984126984 0.0 1.0 0.0 0.001662267855124904 0.0017228280479210454 0.012240596627756164 0.001299545159194282 0.0002878555083551338
0 0.0030303030303030303 0.0 1.0 0.0 0.00584637926496373 0.0011013503329078034 0.011154345006485085 0.0002599090318388564 0.0006364017647326494
0 0.004830917874396135 0.0 1.0 0.0 0.0040743460363386295 0.001694616853120271 0.014051015996541287 0.0008663634394628547 0.0007566954791046123
0 0.0009057971014492753 0.0 1.0 0.0 0.006384358698737484 0.0014843924433919462 0.007401454914566063 0.0002542588354945334 0.016021147333649524
0 0.002105263157894737 0.0 1.0 0.0 0.008171868434151805 0.0031511907833637826 0.013413884906819577 0.0006155740227762388 0.04364251579946908
0 0.004807692307692308 0.0 1.0 0.0 0.013611664972504909 0.0 0.005107003891050584 0.0 0.10973473572561587
0 0.003367003367003367 0.0 1.0 0.0 0.009776318784941828 0.0025818631654805943 0.010435090201627167 0.0005316321105794789 0.07959035445805572
0 0.03125 0.0 1.0 0.0625 0.012682305557051578 0.011002697274077976 0.009419856459330144 0.0026978417266187043 0.03125000000000001
0 0.013513513513513514 0.0 1.0 0.0 0.00543808396244737 0.007739810371496289 0.009892667787404628 0.002851772635945297 0.01501169699803178
0 0.01515151515151515 0.0 1.0 0.0 0.012607508827448087 0.00815648126624104 0.007394519356241844 0.00250708524089819 0.04215382714025806
0 0.013888888888888888 0.0 1.0 0.0 0.009483168852157534 0.007005954907946005 0.007177033492822967 0.0025313082867039695 0.03545951187712379
0 0.02 0.0 1.0 0.0 0.010294797382705646 0.0056657218500818065 0.009569377990430623 0.0004796163069544364 0.06690799076790294
0 0.005208333333333333 0.0 1.0 0.0 0.014762346011331313 0.0070031904887890096 0.009868421052631582 0.0007494004796163068 0.019795366951668565
0 0.006493506493506493 0.0 1.0 0.0 0.0036500388983788743 0.005194853426835669 0.007612005219660722 0.0 0.0002029518626050152
0 0.006944444444444444 0.0 1.0 0.0 0.010629051888967121 0.005643387686016839 0.011562998405103667 0.0 0.03536290276377472
0 0.003968253968253968 0.0 1.0 0.0 0.00931921145491232 0.006783552002083845 0.008116883116883116 0.0005138746145940391 0.02191929025752325
0 0.007692307692307693 0.0 1.0 0.0 0.014591888502268089 0.009438137471889025 0.010305483989694515 0.0007378712414683637 0.04649010764128836
0 0.005681818181818182 0.0 1.0 0.0 0.00955229133557281 0.0024784147600517147 0.00583133971291866 0.00029976019184652276 0.03887878765940381
0 0.011904761904761904 0.0 1.0 0.0 0.021220290828268346 0.010957440620855524 0.014354066985645933 0.002740664611168208 0.0851671558929902
0 0.008547008547008548 0.0 1.0 0.0 0.008375635263131181 0.005689281773612786 0.011695906432748539 0.001332267519317879 0.001057746173442284
0 0.006493506493506493 0.0 1.0 0.0 0.015320329706817721 0.0017057000241674932 0.010656807307525011 0.0004360148245040331 0.061099968891437755
0 0.006060606060606061 0.0 1.0 0.0 0.013023339574012699 0.0018475890149826787 0.006742061765985211 0.0004360148245040331 0.05925515701379024
0 0.0026041666666666665 0.0 1.0 0.0 0.0020440327213736855 0.0007509736861712404 0.011961722488038277 0.0007993605115907274 0.0010802143607101659
0 0.00392156862745098 0.0 1.0 0.0 0.005676856233130754 0.0013548986109872979 0.011802232854864432 0.00031974420463629094 0.0005437376314985587
0 0.006172839506172839 0.0 1.0 0.0 0.006423124744789507 0.0020847444739824916 0.015948963317384372 0.0010658140154543032 0.0038675510045275497
0 0.0011441647597254005 0.0 1.0 0.0 0.0069838644221499845 0.0006369771225903832 0.007853130850842523 0.0 0.012514423978088395
0 0.002631578947368421 0.0 1.0 0.0 0.009165619659189947 0.003876644776656164 0.014479979853941073 0.0007572889057175312 0.028304650238461994
0 0.005952380952380952 0.0 1.0 0.0 0.014640565362529969 0.0 0.0062799043062200955 0.0 0.07270941611535327
0 0.004132231404958678 0.0 1.0 0.0 0.009793860961386259 0.002117499286797034 0.010221835580687256 0.0004360148245040331 0.05362740325192594
1 0.02564102564102564 0.0 1.0 0.0 0.007705942952479703 0.005685603068556408 0.010054621994920502 0.0018464325529542918 0.02564102564102564
0 0.013513513513513514 0.0 1.0 0.0 0.00557357998332939 0.0034345615298220127 0.01158825039422054 0.0019095182138660397 0.019923936138614484
0 0.015873015873015872 0.0 1.0 0.0 0.0008704063092764642 0.0013203405984713336 0.010014860761129419 0.0014880952380952374 0.0024582701758060176
0 0.013157894736842105 0.0 1.0 0.0 0.007087503793120349 0.005630307918384936 0.010283510676283652 0.002145308924485125 0.04289600765239282
0 0.00625 0.0 1.0 0.0 0.0015201303874997536 0.002326078516481929 0.008395522388059701 0.0014011548913043471 0.00434861934748235
0 0.013888888888888888 0.0 1.0 0.0 0.004712332993186912 0.002439215621058063 0.00373134328358209 0.001471920289855072 0.042851699038673814
1 0.004081632653061224 0.0 1.0 0.0 0.004527958249863548 0.0027109638751792796 0.007714673386315177 0.0009704968944099374 0.013222720484601647
1 0.013888888888888888 0.0 1.0 0.0 0.0021583809428286525 0.0041077263063552605 0.004221317654153475 0.0 0.007307712101120527
0 0.0044444444444444444 0.0 1.0 0.0 0.001233044584553615 0.0012285004819189756 0.012211668928086838 0.0003260869565217391 0.005633644919557129
0 0.0071428571428571435 0.0 1.0 0.0 0.00606716668683015 0.004256883616860776 0.010079472766039932 0.00038819875776397513 0.01231976631159311
0 0.0033670033670033673 0.0 1.0 0.0 0.005460286275915605 0.0037409307958948517 0.008090858837127493 0.0006541867954911434 0.021667123955738693
0 0.0043859649122807015 0.0 1.0 0.0 0.004196317517296753 0.005072548777063557 0.010497750482039561 0.0005720823798627002 0.011076954756136199
0 0.002958579881656805 0.0 1.0 0.0 0.004292243489979613 0.0036596233199712933 0.009967644296002505 0.00031354515050167225 0.017289967274786603
0 0.003401360544217687 0.0 1.0 0.0 0.003391375319599242 0.0051392024186436005 0.009110292692382244 0.0002587991718426501 0.00585811781847486
0 0.002564102564102564 0.0 1.0 0.0 0.006218911872981312 0.004232151262311286 0.010228577392756498 0.001201923076923077 0.022230366930563558
0 0.002976190476190476 0.0 1.0 0.0 0.0032158925511710447 0.00256694090405466 0.013956193060670672 0.0007116977225672878 0.021945969270766044
0 0.002557544757033248 0.0 1.0 0.0 0.004607143426814431 0.006125838096463396 0.009615951861247125 0.0007679584120982987 0.006140582287942808
0 0.003968253968253968 0.0 1.0 0.0 0.007547460708425695 0.007576255416129842 0.011533242876526458 0.0016498447204968943 0.048381955008817756
0 0.004048582995951417 0.0 1.0 0.0 0.0031251585656836608 0.003347143631960805 0.009497964721845319 0.0008361204013377926 0.0037185077549625376
0 0.002272727272727273 0.0 1.0 0.0 0.004234551841954418 0.005315467272699394 0.008572838287899348 0.0006175889328063241 0.01618247787949563
0 0.0018315018315018315 0.0 1.0 0.07692307692307693 0.00347207886378413 0.0024993459643909816 0.005897087986640225 0.00020903010033444816 0.018425573209453698
0 0.0013368983957219253 0.0 1.0 0.0 0.002578766346996639 0.0032496977221961793 0.008939260914677944 0.000319693094629156 0.007222220408333152
0 0.0014492753623188406 0.0 1.0 0.0 0.002232634829630736 0.003327919087413159 0.01252826775214835 0.0005434782608695652 0.003012396169417115
0 0.003205128205128205 0.0 1.0 0.0 0.0021419977021290885 0.0042657157796766165 0.0031311971610479073 0.0 0.004212132284544191
0 0.0012903225806451613 0.0 1.0 0.0 0.0008451591249720154 0.0030614911133952476 0.004814636494944631 0.0002629733520336606 0.002091344395221332
0 0.0007541478129713424 0.0 1.0 0.0 0.0026360969043536433 0.002959573125481746 0.007688828584350971 0.000159846547314578 0.007991728835802781
0 0.0021786492374727667 0.0 1.0 0.0 0.0013343686515970145 0.0040146154037348026 0.01133370580253811 0.0010390025575447571 0.002422269737774811
0 0.007142857142857143 0.0 1.0 0.0 0.003059929449790182 0.0036969536757197343 0.005156037991858887 0.0 0.03261286573714066
1 0.001379310344827586 0.0 1.0 0.0 0.0073214731769223294 0.010070260484648335 0.009063772048846673 0.0018478260869565213 0.016959655539888287
0 0.0047619047619047615 0.0 1.0 0.0 0.01126713694412942 0.009957589931305024 0.006396588486140726 0.002329192546583851 0.0891785944159632
0 0.0012903225806451613 0.0 1.0 0.0 0.005393618596440141 0.0022296244353946478 0.007544097693351424 0.00043478260869565214 0.0201071323195188
0 0.001736111111111111 0.0 1.0 0.0 0.005265330281827834 0.001556303239831566 0.005879692446856625 0.00030193236714975844 0.025543128811753232
0 0.045454545454545456 0.0 1.0 0.0 0.0034862224098126324 0.003981548989336008 0.01199780611545317 0.0014065180102915944 0.045454545454545456
0 0.013888888888888888 0.0 1.0 0.0 0.0064626788004838905 0.0037647733605904346 0.015439081615552202 0.0012997903563941294 0.0002294398707776912
0 0.006172839506172839 0.0 1.0 0.0 0.003562665367450866 0.003714858223558626 0.014733813753421594 0.0016491963661774986 0.00017603751754420268
0 0.008333333333333333 0.0 1.0 0.0 0.0023143002582072503 0.0028098754446407364 0.008898944193061838 0.0011823899371069173 0.013647461893429112
0 0.025 0.0 1.0 0.0 0.0013794558093761823 0.0019252060650917862 0.0053733031674208145 0.0006603773584905661 0.06951018628701361
0 0.006172839506172839 0.0 1.0 0.0 0.0024432220075750488 0.0017153852286849426 0.017512988101223394 0.0014255765199161414 0.005602349314288538
0 0.007518796992481203 0.0 1.0 0.0 0.0023415239142795933 0.0037259917450845905 0.006827022306898467 0.0011122144985104266 0.004083337330620602
0 0.005681818181818182 0.0 1.0 0.0 0.004306650185417735 0.0030324182805008633 0.014980117921294389 0.001303602058319039 0.0009195348004879706
0 0.00505050505050505 0.0 1.0 0.0 0.0036800800566439066 0.002281597812344702 0.010352392705333878 0.001303602058319039 0.008606739329200697
0 0.002631578947368421 0.0 1.0 0.0 0.0030903215283569706 0.0022143843180367864 0.013912042549813444 0.001688182720953326 0.00010912166156353998
0 0.0022727272727272726 0.0 1.0 0.0 0.007164421557265967 0.005010685922403221 0.012179487179487178 0.0016792452830188677 0.00028716750355307707
0 0.002525252525252525 0.0 1.0 0.0 0.001961637746628272 0.0020775089201113305 0.013643219525572466 0.0007089765580331617 0.0002669558992413843
0 0.0022624434389140274 0.0 1.0 0.0 0.005474342757867119 0.00236075527659587 0.014617159080826898 0.0008879023307436183 0.0003475196784276013
0 0.0015527950310559005 0.0 1.0 0.0 0.0031692920588388775 0.003100392309056427 0.01036133516951931 0.0008531583264971287 0.00024091625892871737
0 0.0022988505747126436 0.0 1.0 0.0 0.0036553181054525363 0.002341858522575838 0.009725906277630413 0.0008588158750813271 0.0001599125265272286
0 0.008928571428571428 0.0 1.0 0.0 0.0 0.0007334118343206804 0.009696186166774404 0.0 0.10657475064036435
0 0.0028011204481792717 0.0 1.0 0.0 0.00624040139867977 0.0026967498087289514 0.0057817998994469585 0.0001078167115902965 0.008448302885133452
0 0.0024154589371980675 0.0 1.0 0.0 0.003822849095486167 0.0016787092917842368 0.011935208866155156 0.0008859721082854799 0.00018510101308870258
0 0.0018796992481203006 0.0 1.0 0.0 0.004779030811434543 0.003960244924485203 0.012524240465416931 0.0010242587601078164 0.00014238582635397727
0 0.008333333333333333 0.0 1.0 0.0 0.0006267970765715297 0.004278235700203969 0.0010055304172951233 0.0 0.13348238198415355
0 0.001984126984126984 0.0 1.0 0.0 0.002014203719216716 0.0024296797482113454 0.014485922574157865 0.0011635220125786163 0.00022886747863466264
0 0.0011961722488038277 0.0 1.0 0.0 0.001982609948228894 0.002418473907976072 0.008652853854092242 0.00043694141012909636 0.00029739942158720596
0 0.002070393374741201 0.0 1.0 0.0 0.001202214621241589 0.0012846204316981258 0.010234863176039647 0.0005390835579514825 0.007999510496975315
0 0.0016666666666666666 0.0 1.0 0.0 0.0064267882258579115 0.001715047208404317 0.010467571644042231 0.00036226415094339624 0.0014351865246113582
0 0.0044444444444444444 0.0 1.0 0.0 0.0003730831252143528 0.00216411905705023 0.007373889726830903 0.0010062893081761006 0.06907419097399593
0 0.002403846153846154 0.0 1.0 0.0 0.0006337813627766084 0.0015070907331239901 0.004619155354449472 0.0004716981132075472 0.026901469172754284
0 0.0028490028490028487 0.0 1.0 0.0 0.00407339109148892 0.00360649253959938 0.011892330896855782 0.0009869375907111757 0.030231800488841658
0 0.001984126984126984 0.0 1.0 0.0 0.0029970985769596464 0.003378586167799654 0.00599128540305011 0.00025157232704402514 0.011813823801948151
0 0.0008620689655172414 0.0 1.0 0.0 0.005178822617489054 0.004528889206452533 0.008088235294117646 0.001018867924528302 0.00020931199754019203
0 0.0030303030303030303 0.0 1.0 0.0 0.0073012701294885105 0.007346320310386686 0.005416152474976004 0.0010291595197255575 0.0076868740627103775
0 0.001152073732718894 0.0 1.0 0.0 0.0026459533707550373 0.003329000496031527 0.012631975867269983 0.0005121293800539083 0.009088454890719492
0 0.0005482456140350877 0.0 1.0 0.0 0.006914911219643853 0.004696354870367448 0.01252943822603265 0.0006620324395895397 0.0009189168390054376
0 0.001443001443001443 0.0 1.0 0.0 0.006401919156671069 0.0016156299688760657 0.008618832148243914 0.00046720575022461816 0.002316798179108628
0 0.0032679738562091504 0.0 1.0 0.0 0.001849081651548736 0.00134143146318215 0.0071225071225071235 0.0008385744234800838 0.037969304547988254
0 0.0014285714285714286 0.0 1.0 0.0 0.0038912262693026447 0.0034016148880147423 0.00953996983408748 0.0005660377358490566 0.009183346050218807
0 0.0013227513227513227 0.0 1.0 0.0 0.007959629643160286 0.005163517918379658 0.012174100409394525 0.0011500449236298293 0.0008037034371641445
0 0.000693000693000693 0.0 1.0 0.0 0.005108605935202634 0.003077158731944363 0.01069342924546544 0.0005805515239477504 8.922610564904385e-05
0 0.0021929824561403508 0.0 1.0 0.0 0.011372205384300879 0.005327499492821763 0.013826043237807941 0.0009433962264150945 0.0013677913688267679
0 0.001221001221001221 0.0 1.0 0.0 0.004158516998740674 0.0013625409816866467 0.0025497378438554914 0.0002515723270440252 0.003890964659914188
0 0.0005319148936170213 0.0 1.0 0.0425531914893617 0.005756459856171341 0.0020145475879567326 0.011921953724206538 0.00046567643516659974 4.8039942686421754e-05
0 0.004878048780487805 0.0 1.0 0.2 0.0 0.0 0.00045248868778280545 0.0 0.24267391034392943
0 0.0010351966873706003 0.0 1.0 0.043478260869565216 0.005796434609212524 0.0014587121021217557 0.007934946553872385 0.0006890894175553732 0.0007142209216808978
0 0.001937984496124031 0.0 1.0 0.0 0.006698643241590217 0.0006812704908433232 0.0067873303167420825 0.00012578616352201257 0.004779309915874823
0 0.0012626262626262627 0.0 1.0 0.0 0.0012805255679726622 0.0004278235700203969 0.007290095525389643 0.00012578616352201257 0.006626362095181113
0 0.001388888888888889 0.0 1.0 0.0 0.0020639846042157443 0.00041551881986093774 0.002875188536953243 9.433962264150943e-05 0.01586858195895105
0 0.0010869565217391304 0.0 1.0 0.0 0.004857520810843541 0.0008458033399132266 0.009766214177978886 0.00015094339622641508 0.00040548116508131707
0 0.001636661211129296 0.0 1.0 0.0 0.002593230948986146 0.002393951270976904 0.009107785125884673 0.0004644412191582003 0.01824000818284278
0 0.0005787037037037037 0.0 1.0 0.0 0.007805895994583785 0.0032594399646414408 0.012673872967990609 0.0009224318658280923 0.00045623780127339504
0 0.0012755102040816326 0.0 1.0 0.0 0.009323371335652558 0.0028434243317389377 0.006268853695324284 0.0008962264150943397 0.003423832448787929
0 0.001 0.0 1.0 0.0 0.006297015454349736 0.0 0.00667420814479638 7.547169811320754e-05 0.001994707628056846
0 0.0005299417064122947 0.0 1.0 0.0 0.0015652298596848847 0.0002313757797915711 0.00964086258203905 0.0004283528811830698 0.0011576816911908396
0 0.001282051282051282 0.0 1.0 0.0 0.0025953905720399826 0.0010839321944747075 0.008044243338360986 0.0003522012578616352 0.006446939838913747
0 0.001572327044025157 0.0 1.0 0.0 0.0013659557222419298 0.0009691566181839931 0.014643036701860233 0.0010062893081761006 0.0022992279663413572
0 0.0005144032921810699 0.0 1.0 0.0 0.0024708021561053155 0.0012998544890338052 0.01034858387799564 0.00046121593291404615 0.0001783054539712249
0 0.0015151515151515152 0.0 1.0 0.0 0.002339479055362302 0.0014542708790588454 0.015774258421317248 0.00037735849056603777 0.0010059391867760748
0 0.03333333333333333 0.0 1.0 0.0 0.012589436984950316 0.013895167007021687 0.011678403755868542 0.00376249265138154 0.03333333333333333
0 0.014285714285714285 0.0 1.0 0.0 0.0033202745854663787 0.004764004482726725 0.008148893360160964 0.002166792642983119 0.002817541115430836
0 0.006666666666666666 0.0 1.0 0.0 0.0024332514655331663 0.0033126996623905397 0.007570422535211268 0.0018694885361552028 0.00010194915818063188
0 0.041666666666666664 0.0 1.0 0.0 0.02446840874988919 0.02233266436205945 0.010269953051643193 0.005291005291005291 0.22434462068833058
0 0.0125 0.0 1.0 0.0 0.01280101000557118 0.010624218303538267 0.010123239436619719 0.0030864197530864196 0.07776577144174392
0 0.013888888888888888 0.0 1.0 0.0 0.0012073813261391515 0.001999528149125312 0.010710093896713615 0.0004409171075837742 0.001694148614207424
0 0.008928571428571428 0.0 1.0 0.0 0.007316895378170116 0.004522165962440643 0.0069322183098591535 0.0005511463844797178 0.0008584011401842728
0 0.0078125 0.0 1.0 0.0 0.005530448472544117 0.004498938335531951 0.005501760563380281 0.0 0.009254175207375457
0 0.012345679012345678 0.0 1.0 0.0 0.0040213069707894355 0.003999056298250623 0.006846635367762128 0.0 0.019973414576073868
0 0.007692307692307693 0.0 1.0 0.0 0.004762790173830143 0.003503362459934521 0.007448537378114841 0.000271333604666938 0.0016026424941481964
0 0.004329004329004329 0.0 1.0 0.0 0.009372440011117665 0.004651366626585442 0.010228034875922196 0.00025195263290501383 0.06245733970634678
0 0.006944444444444444 0.0 1.0 0.0 0.0005257510179659786 0.001999528149125312 0.006602112676056337 0.0 0.005553265363815203
0 0.01098901098901099 0.0 1.0 0.0 0.004253192608468133 0.0 0.008048289738430584 0.0 0.004163983055411021
0 0.0037593984962406013 0.0 1.0 0.0 0.00965118924099373 0.011478723717288386 0.011489992587101558 0.001670843776106934 0.06935818474415233
0 0.002777777777777778 0.0 1.0 0.0 0.010329189598337755 0.01284732036618815 0.011663732394366196 0.002204585537918871 0.052678937113292655
0 0.003125 0.0 1.0 0.0 0.010768916064419468 0.014760041607573101 0.011091549295774645 0.002204585537918871 0.06584930076061105
0 0.001680672268907563 0.0 1.0 0.0 0.007486985228824889 0.008580268337331843 0.009406438631790743 0.0013605442176870747 0.03503950088443412
0 0.0026455026455026454 0.0 1.0 0.0 0.010911676594404666 0.013041432877012003 0.00947350771294433 0.0022675736961451248 0.06106885791789059
0 0.006578947368421052 0.0 1.0 0.0 0.0132727962022905 0.010318746280214692 0.012764084507042252 0.0013227513227513227 0.0007567996812719346
0 0.0025 0.0 1.0 0.0 0.011433314519944702 0.010239607430902088 0.008098591549295774 0.0019400352733686065 0.06396246007451102
0 0.002976190476190476 0.0 1.0 0.0 0.012664016352081885 0.01171462764501946 0.009352992957746477 0.0020943562610229276 0.08171255545982133
0 0.007575757575757576 0.0 1.0 0.0 0.0 0.005998584447375935 0.0035211267605633804 0.0 0.014867154345119343
0 0.001976284584980237 0.0 1.0 0.0 0.0068948558305482275 0.007200370874165137 0.009042893725992316 0.0005611672278338944 0.0037552619104957454
0 0.0023148148148148147 0.0 1.0 0.0 0.0016558011257618533 0.003117259380686394 0.009976525821596244 0.0003919263178522438 0.0005432951557653408
0 0.0019047619047619048 0.0 1.0 0.0 0.007082560174458375 0.004814792355069133 0.009725016767270287 0.0006718736877467036 0.00024119829789263155
0 0.0014245014245014246 0.0 1.0 0.0 0.008412080598877514 0.004208327216316942 0.01525821596244131 0.0012411000065321051 0.0476180372840889
0 0.0009033423667570009 0.0 1.0 0.0 0.008482111279985095 0.004697441597530795 0.00794400549639299 0.0013335053985460488 0.028181987015262453
0 0.003968253968253968 0.0 1.0 0.0 0.005045398606626829 0.0 0.002543035993740219 0.0 0.0025928318287293706
0 0.0019157088122605363 0.0 1.0 0.0 0.013185644310564222 0.0074442214540198165 0.010954616588419404 0.001665686850872036 0.07114575595514608
1 0.02857142857142857 0.0 1.0 0.0 0.0025989570699206646 0.0020237968560078783 0.0058616455178059764 0.0006880733944954129 0.02857142857142857
0 0.016666666666666666 0.0 1.0 0.0 0.005925142836070206 0.0017814789669610745 0.00903533906399236 0.0009174311926605505 0.006700797406098786
0 0.0196078431372549 0.0 1.0 0.0 0.0015424158958069038 0.0021346757705480784 0.00913534468228552 0.000640852671343767 0.020800080683752224
0 0.0078125 0.0 1.0 0.0 0.0015645947314873493 0.0023994224276447118 0.009580945558739255 0.0009855217889908259 0.0032258200988919384
0 0.008 0.0 1.0 0.0 0.0027360581074906127 0.0019097955280670533 0.012744985673352437 0.000963302752293578 0.0034427712573432733
0 0.006172839506172839 0.0 1.0 0.0 0.004343519629390037 0.0021850876382278374 0.007662103364109095 0.0008707101597009854 0.0018184986071545046
0 0.0035714285714285713 0.0 1.0 0.0 0.003886130478926382 0.0019255931990033817 0.010888252148997139 0.0010464449541284396 0.001314845522124459
0 0.004464285714285714 0.0 1.0 0.0 0.0036186969054860796 0.0028063259499351407 0.01051985264019648 0.0010034403669724771 0.00016882524582054323
0 0.0044444444444444444 0.0 1.0 0.0 0.0023855323474202476 0.0026761955746553495 0.007839541547277937 0.0007568807339449542 0.022318773631796157
0 0.002857142857142857 0.0 1.0 0.0 0.0038220217027813397 0.003344665805668367 0.012034383954154728 0.0010812581913499347 0.0007157059387995636
0 0.004784688995215311 0.0 1.0 0.0 0.0034033861119133757 0.0010264357139250831 0.004463881767455887 0.0005733944954128441 0.0021484379858913065
0 0.0021929824561403508 0.0 1.0 0.0 0.0025721146050915926 0.001899881737971298 0.009108731714673503 0.000724287783679382 0.0017466367551643557
0 0.0015384615384615385 0.0 1.0 0.0 0.002960422851094534 0.0021191739188825185 0.009375358166189113 0.000481651376146789 0.00040917928703558494
0 0.002232142857142857 0.0 1.0 0.0 0.0026213669537228147 0.0020557097897754974 0.009079512893982808 0.00028669724770642203 0.0008230324759369412
0 0.0024691358024691358 0.0 1.0 0.0 0.0030960344002200404 0.0015890745497062397 0.011185397431815772 0.00029731566428814135 0.0001875791962724787
0 0.002976190476190476 0.0 1.0 0.0 0.0018866722537241474 0.0014858878906344058 0.012389139036703503 0.000327653997378768 0.002456335391194567
0 0.004901960784313725 0.0 1.0 0.0 0.003190516940695031 0.0022785056597200656 0.007736389684813753 0.00043004587155963305 0.01002500333486129
0 0.0023148148148148147 0.0 1.0 0.0 0.004309752145022951 0.002880156911331965 0.010936007640878702 0.0005256116207951071 0.0002284366477223479
0 0.001547987616099071 0.0 1.0 0.0 0.0022691740264015347 0.0027984118787782986 0.012068093713129951 0.0007420399352401512 0.0002781970084822875
0 0.001724137931034483 0.0 1.0 0.0 0.0076527714706289985 0.002238616469098096 0.010690643217073413 0.0004547611515343246 0.00012417532721532512
0 0.0015360983102918587 0.0 1.0 0.0 0.004050949659734017 0.002054865565763208 0.011276458083002129 0.0004624149156555194 0.00013815411198432747
0 0.0021645021645021645 0.0 1.0 0.0 0.006368412757903283 0.005248636587721627 0.012252694774184746 0.0011467889908256881 0.0005635385529623732
0 0.0036231884057971015 0.0 1.0 0.0 0.003242126575795921 0.0036420845498082027 0.013801337153772686 0.0006689602446483181 0.0037282638837925993
0 0.003472222222222222 0.0 1.0 0.0 0.008392675871941509 0.0033232142458589887 0.010649474689589301 0.0004778287461773701 0.0011854950044764838
0 0.005 0.0 1.0 0.0 0.005348504173941745 0.002540072403401784 0.011031518624641834 0.00021502293577981653 0.008162768081083925
0 0.006410256410256411 0.0 1.0 0.0 0.0027003453918066135 0.0030513251210784816 0.018911174785100283 0.001242354740061162 0.012973842256164636
0 0.0013717421124828531 0.0 1.0 0.0 0.003015661784801839 0.003485828620094223 0.009275177756553114 0.0005733944954128441 0.00021327102820516264
0 0.0017857142857142857 0.0 1.0 0.0 0.000873139883267667 0.0018393416247041224 0.006017191977077363 0.0006594036697247707 0.021551825120948605
0 0.0005844535359438924 0.0 1.0 0.0 0.0031563051927933237 0.0015648351621956502 0.009334175125054637 0.0002332452184730213 7.34683579756011e-05
0 0.0016666666666666666 0.0 1.0 0.0 0.0023135282992831447 0.001692211246920372 0.009799426934097421 0.00025802752293577983 0.036763839428823226
0 0.0018975332068311196 0.0 1.0 0.0 0.0003824588542838901 0.0015319596183868713 0.008629698297657173 0.00030356179168915275 0.010645720302201482
0 0.0014204545454545455 0.0 1.0 0.0 0.0041152395346203486 0.0026396537674146982 0.00846574628809586 0.000469140950792327 0.0015976039643766692
0 0.0009182736455463728 0.0 1.0 0.0 0.0038123139188142477 0.0031237509809073877 0.013371537726838587 0.0009035307200444815 0.00017169945515383607
0 0.002262443438914027 0.0 1.0 0.0 0.0026067474491603187 0.00204600059533656 0.005818823010800088 0.0006616090331686662 0.008745386707722682
0 0.004081632653061224 0.0 1.0 0.0 0.0018719880030281595 0.00132232476170998 0.005566925910765451 0.00024574049803407604 0.025515092146730724
0 0.0007309941520467836 0.0 1.0 0.0 0.0035997801239639918 0.0022395052994139057 0.010149298748303424 0.0003923225494929986 0.0017598521323813775
0 0.001081081081081081 0.0 1.0 0.0 0.0024768926132164313 0.0023027362569457968 0.005111747851002866 9.174311926605505e-05 0.007470865656655097
0 0.0012531328320802004 0.0 1.0 0.0 0.0027297206625480847 0.0019152525985540409 0.010669941328967116 0.00038226299694189603 0.0005263177624020246
0 0.0006105006105006105 0.0 1.0 0.0 0.0015711873235144957 0.0017519910642534895 0.008978032473734479 0.000327653997378768 0.00026135989907620364
0 0.0008928571428571429 0.0 1.0 0.0 0.00213238152587842 0.003008158864902798 0.01129758493655342 0.0008191349934469201 0.0005396422074518843
0 0.0007867820613690008 0.0 1.0 0.0 0.002817501813790595 0.002054369921800969 0.009945466309270729 0.0004809115122817402 0.0029629419358678456
0 0.0014005602240896359 0.0 1.0 0.0 0.0024677607851156637 0.0024929399409014136 0.008022922636103151 0.0004384781435509984 0.005384208661167029
0 0.0011074197120708748 0.0 1.0 0.0 0.002808054820739521 0.0016104024286796494 0.014081047891936146 0.0007918304936653561 0.00048426045960834864
0 0.0010822510822510823 0.0 1.0 0.0 0.004579096915962404 0.0035829511301191837 0.014490380679492428 0.0012560069899519443 0.0002522864575716229
0 0.0024691358024691358 0.0 1.0 0.0 0.0033494760149490495 0.0 0.005794333014963387 0.0 0.01375408521765057
0 0.0008361204013377926 0.0 1.0 0.0 0.003385341912822671 0.0008833954410340585 0.009235177430019836 0.0003308045165843331 0.0005884293437704879
0 0.0005189413596263622 0.0 1.0 0.0 0.0037062000347103424 0.0017315207803179392 0.009951778600880569 0.0006153501901991497 0.00012849224329002716
0 0.0018939393939393938 0.0 1.0 0.0 0.0033540981173514253 0.0013511439952575315 0.011721802552748111 0.0005212677231025855 0.00421551031278415
0 0.0029154518950437317 0.0 1.0 0.0 0.0012088674733734886 0.0020618413750112764 0.005812525583299221 0.00040956749672346006 0.03635226081616166
0 0.0025 0.0 1.0 0.0 0.0010444253101791268 0.002923047107978344 0.00981375358166189 0.0006450688073394496 0.013850543848747636
0 0.00065359477124183 0.0 1.0 0.0 0.0037746333218070054 0.0015764619528025289 0.0117287488061127 0.0005542813455657493 0.00016965858963374916
0 0.0007692307692307692 0.0 1.0 0.0 0.0037499290576770918 0.0012221194213603325 0.00616618911174785 0.0003211009174311927 0.00021023924035770559
0 0.0009930486593843098 0.0 1.0 0.0 0.003064390128789984 0.0011638973053443584 0.008595988538681949 0.0006337518107194592 0.003512409990653218
0 0.0010893246187363833 0.0 1.0 0.0 0.002457149206306141 0.00025698680041989297 0.007753244564301365 0.0002698327037236913 0.00925607901210352
0 0.0006493506493506494 0.0 1.0 0.0 0.0015229734954528764 0.0 0.007511256651657798 0.00020478374836173003 0.002514297513912762
0 0.0016233766233766233 0.0 1.0 0.0 0.0032021650437242368 0.003101415988525215 0.012190674654858034 0.0010946622185154296 0.009704613974071968
0 0.001949317738791423 0.0 1.0 0.0 0.001220147482134105 0.002122007888584028 0.013435211716014007 0.0008919469928644242 0.02382869229198527
0 0.0014367816091954023 0.0 1.0 0.0 0.0019854869451904327 0.0012596389109292003 0.01222540592168099 0.0007167431192660551 0.014494253719107153
0 0.0005296610169491525 0.0 1.0 0.0 0.0015928221658370455 0.0005440616320887015 0.013162607449856735 0.0005375573394495413 0.0004636104383700713
0 0.0005208333333333333 0.0 1.0 0.0 0.0014303674264145383 0.0005097042094811466 0.01135386819484241 0.0004121272935779817 0.0006481728184548567
0 0.0007451564828614009 0.0 1.0 0.0 0.0037203666299553476 0.001427557006191713 0.009794217244073977 0.00041701417848206843 0.001876313987843712
0 0.000576036866359447 0.0 1.0 0.0 0.004386366786247761 0.002755711187734223 0.010478919361440853 0.0009010484927916121 0.0034510699215007635
0 0.0009337068160597572 0.0 1.0 0.0 0.0023352028699496247 0.0 0.007045339625821675 0.00013491635186184566 0.0026141744469332486
0 0.0008680555555555555 0.0 1.0 0.0 0.0033825072295057108 0.00044657619355308243 0.008532314549506528 0.00035040774719673803 0.0010360043417482637
0 0.001183431952662722 0.0 1.0 0.0 0.0024476251957596196 0.00047777879341958545 0.010711924178972891 0.0007498235709244884 0.010874994298260556
0 0.0007575757575757576 0.0 1.0 0.0 0.0013366851730266787 0.0 0.004613180515759313 0.0 0.0027916970177208687
0 0.001658374792703151 0.0 1.0 0.0 0.0019993641681437155 0.0009576902320520366 0.009105380452085322 0.00019113149847094801 0.03025083786562366
0 0.000980392156862745 0.0 1.0 0.0 0.0013935833067812012 0.00035705450793696954 0.006571155682903533 0.00011467889908256881 0.007327844669811734
0 0.0011148272017837235 0.0 1.0 0.0 0.0011821651664754922 0.0 0.008111086621115274 0.0 0.01163451770211188
0 0.0005291005291005291 0.0 1.0 0.0 0.003377311448420881 0.0014446132270056727 0.00897803247373448 0.0003397893306150187 0.00034855698121760454
0 0.00044014084507042255 0.0 1.0 0.0 0.003776624532697745 0.002476394067662128 0.014093839541547278 0.0008600917431192661 0.00016231573456692653
0 0.00030193236714975844 0.0 1.0 0.0 0.0014638045915174828 0.0014474032185790027 0.008209791952161455 0.0005733944954128441 0.0007484340219253064
0 0.001053740779768177 0.0 1.0 0.0 0.003995804410527984 0.0027224850796789264 0.010094776283888033 0.0006175017642907552 0.0035326796042925695
0 0.0005875440658049354 0.0 1.0 0.0 0.004827522672932678 0.0027901066021427437 0.012233711224616918 0.001196649381731153 0.0005901612836480868
0 0.02127659574468085 0.0 1.0 0.0 0.0034090691863989057 0.004118991251546781 0.006111976013377155 0.0016744132336383843 0.021276595744680847
0 0.015151515151515152 0.0 1.0 0.0 0.003070415101288271 0.003220455718378488 0.009731460950973145 0.0014802022943135567 0.017645953399603023
0 0.008333333333333333 0.0 1.0 0.0 0.002248390537931159 0.003953671227323768 0.008062330623306234 0.0013568521031207604 0.0008325912065945427
0 0.017857142857142856 0.0 1.0 0.0 0.0021936737111026418 0.003955647274660385 0.009485094850948509 0.0016476061252180655 0.001484942821702586
0 0.016666666666666666 0.0 1.0 0.0 0.0016804214957967993 0.0023074609102185584 0.007904245709123759 0.0015829941203075535 0.0029934139607278114
0 0.003968253968253968 0.0 1.0 0.0 0.0020405407482559155 0.005342351927134075 0.005161956381468576 0.0016799121276733213 0.014481415427885143
0 0.010989010989010988 0.0 1.0 0.0 0.0022365026489964157 0.003549939861874705 0.01125703564727955 0.000939359148314372 0.002457088979577378
0 0.004310344827586207 0.0 1.0 0.0 0.0030400145218353767 0.003052980812754565 0.00859732735258387 0.0005614560426706592 0.0006536978285625378
0 0.009259259259259259 0.0 1.0 0.0 0.003769697495308311 0.00120227212527233 0.008017163504968384 0.00033921302578018993 0.03589680631620331
0 0.002631578947368421 0.0 1.0 0.0 0.0014904390769977349 0.0024289062212826925 0.008629296819283984 0.0 0.0001888816429902102
0 0.004784688995215311 0.0 1.0 0.0 0.001977691123964519 0.002428906221282693 0.00862929681928398 0.0004284796115118189 0.002956697241246738
0 0.0022522522522522522 0.0 1.0 0.0 0.002530992901494589 0.0035615296734316424 0.01219512195121951 0.0005134034984781253 0.0045347083839871885
0 0.0022624434389140274 0.0 1.0 0.0 0.002781299085948309 0.004690180259988043 0.007492427865455124 0.0004389815627743634 0.004927125345998868
0 0.0018315018315018315 0.0 1.0 0.0 0.0017408437847847423 0.004483904164129491 0.006184420818567158 0.0002087464774031938 0.0012929087508989697
0 0.009523809523809523 0.0 1.0 0.0 0.0 0.0026370981831069238 0.006387921022067365 0.0007753440589261484 0.03372179838666582
0 0.002976190476190476 0.0 1.0 0.0 0.0021988077323295387 0.005274196366213847 0.004968383017163506 0.00012922400982102474 0.0019767857282900502
0 0.001176470588235294 0.0 1.0 0.0 0.0036282327332093915 0.005138030549660258 0.005799457994579945 0.00027137042062415194 0.010114976421150475
0 0.0008680555555555555 0.0 1.0 0.0 0.005637466115351386 0.004742898632233506 0.007240853658536585 0.00040281546811397553 0.005175646676312964
0 0.0017543859649122805 0.0 1.0 0.0 0.004186628038876019 0.004306350758100912 0.007407407407407407 0.0008593396653098146 0.018756960568580748
0 0.0014285714285714286 0.0 1.0 0.0 0.0037491400509820473 0.000419934126939672 0.008091366627951992 0.0001938360147315371 0.016418561046443524
0 0.0012531328320802004 0.0 1.0 0.0 0.0032016808535827554 0.0003796648816649463 0.007666524033661389 0.00017853317146325785 0.008285633626893727
0 0.0016233766233766235 0.0 1.0 0.0 0.003690554886697139 0.0 0.010017421602787457 0.0003876720294630742 0.020970292597002452
0 0.003105590062111801 0.0 1.0 0.0 0.002479891068417859 0.0013892300594906416 0.0071622144792876504 0.0003876720294630742 0.021382710985310777
0 0.000992063492063492 0.0 1.0 0.0 0.0012568561050764677 0.0 0.0056136275648470775 0.0 0.005684516521231153
0 0.03333333333333333 0.0 1.0 0.06666666666666667 0.007727452876300568 0.006527302934898036 0.013153456998313662 0.0023648648648648646 0.03333333333333333
0 0.012195121951219513 0.0 1.0 0.0 0.0038091288636843295 0.0038564770112867945 0.011393081890346728 0.0019775873434410007 0.015711142310794797
0 0.020833333333333332 0.0 1.0 0.0 0.000813520815261221 0.002154474692775859 0.012120573355817874 0.0017947635135135136 0.0016222138130963409
0 0.015625 0.0 1.0 0.0 0.006399028802216987 0.005589209763127875 0.008747892074198987 0.002322635135135135 0.007104391894593601
0 0.006896551724137932 0.0 1.0 0.0 0.005184732936083041 0.001999319253654487 0.011164738035703902 0.001922180801491146 0.007055659952806825
0 0.011904761904761904 0.0 1.0 0.0 0.010897215393697215 0.0022553700238993175 0.01529751867019995 0.0020511583011583014 0.04296588235460984
0 0.008403361344537815 0.0 1.0 0.0 0.004839778049214465 0.006544508269977611 0.008233310187481399 0.001589825119236884 0.025518295894413248
0 0.005952380952380952 0.0 1.0 0.0 0.005423283308302135 0.006561541816654003 0.012125592226772664 0.0015283140283140287 0.03358622596861877
0 0.006172839506172839 0.0 1.0 0.0 0.0038983495779495356 0.005485075464309218 0.007307476110174255 0.0005630630630630631 0.02089861147877981
0 0.0125 0.0 1.0 0.0 0.00236530123955845 0.00401623520457201 0.00505902192242833 0.0004222972972972973 0.014596506738399819
0 0.0036363636363636364 0.0 1.0 0.0 0.00656109627891457 0.005529693121027526 0.012141652613827993 0.0007432432432432432 0.008807562353277384
0 0.0026041666666666665 0.0 1.0 0.0 0.00475525901777906 0.004734393435497296 0.008747892074198987 0.0005278716216216217 0.004466387899692579
0 0.01098901098901099 0.0 1.0 0.0 0.0009140544374299596 0.0016415045278292256 0.0031317754757889662 0.0 0.02540743626174691
0 0.0019305019305019303 0.0 1.0 0.0 0.00568558751028701 0.004664623228307092 0.008841894170730596 0.0002739225712198685 0.01419309374257698
0 0.0031746031746031746 0.0 1.0 0.0 0.003654424932289384 0.0005471681759430752 0.008752910945153777 0.0003217503217503218 0.03404755740464027
0 0.004464285714285714 0.0 1.0 0.0 0.0031697523059941754 0.004949938418347191 0.015538424476029872 0.001085907335907336 0.001205795362899584
0 0.007352941176470588 0.0 1.0 0.0 0.005969191211988897 0.007181582309252863 0.004005059021922428 0.0 0.007926803119467111
0 0.0024154589371980675 0.0 1.0 0.0 0.005289037241188923 0.0074628592394905355 0.008871618153823592 0.0005141010575793185 0.007664676358121416
0 0.002506265664160401 0.0 1.0 0.0 0.006966310699931217 0.004454940671070854 0.009154420621536976 0.0004021879021879022 0.028201731833614428
0 0.0038461538461538464 0.0 1.0 0.0 0.003155221123842829 0.0026516611603395186 0.009599169801530678 0.0002598752598752599 0.0011050981796687795
0 0.007936507936507936 0.0 1.0 0.0 0.004090183340660039 0.0 0.005340078695896571 0.0 0.061694323921723394
0 0.007575757575757576 0.0 1.0 0.0 0.001090224643082912 0.0 0.0042158516020236085 0.0 0.03294881763474105
0 0.001890359168241966 0.0 1.0 0.0 0.0029993453130554835 0.004397214063010186 0.013270767651587358 0.0011016451233842538 0.006344275058040352
0 0.001984126984126984 0.0 1.0 0.0 0.005226956904553617 0.004893995297758658 0.008431703204047217 0.00048262548262548264 0.03348952163914315
0 0.002857142857142857 0.0 1.0 0.0 0.0019001992949884085 0.0016415045278292256 0.003613587087448808 0.0 0.006752878532660609
0 0.0008741258741258741 0.0 1.0 0.0 0.0019981166921616937 0.0034792827280617417 0.0075118810363329755 0.0003071253071253071 0.015425599162124914
0 0.0015432098765432098 0.0 1.0 0.0 0.003746848255172256 0.004538121964240904 0.011804384485666106 0.0005630630630630631 0.03144905362423355
0 0.000992063492063492 0.0 1.0 0.0 0.002288406583042413 0.005152166879192348 0.00880644556867154 0.00023460960960960963 0.00026582479650253164
0 0.004310344827586207 0.0 1.0 0.0 0.003313372745198607 0.0038528648407484146 0.015598650927487353 0.001266891891891892 0.03186006406899231
0 0.125 0.0 1.0 0.0 0.00647526492724405 0.014664189107962688 0.0025510204081632655 0.0025584795321637425 0.12499999999999997
0 0.018518518518518517 0.0 1.0 0.07407407407407407 0.012493489849327575 0.008153869634666813 0.009718172983479104 0.003248862897985705 6.399160026202129e-06
0 0.01111111111111111 0.0 1.0 0.0 0.008342027480430513 0.010067557384864466 0.006122448979591836 0.0029239766081871343 6.3421377682901905e-06
0 0.007575757575757576 0.0 1.0 0.0 0.012116914979351936 0.010415996493824393 0.00954147892923403 0.0034556087187666133 4.020882369584195e-06
0 0.011111111111111112 0.0 1.0 0.0 0.013290750648522988 0.00110500239820083 0.007936507936507938 0.0 9.639731764173853e-06
0 0.009259259259259259 0.0 1.0 0.0 0.0017490016667405387 0.005525011991004151 0.007126660187884677 0.0 3.632810470447849e-05
0 0.004608294930875576 0.0 1.0 0.0 0.011656287563557579 0.006078138907261554 0.00771184049656729 0.0007545746085644218 4.996250609025262e-06
0 0.00625 0.0 1.0 0.0 0.00640217122119627 0.004972510791903736 0.007725947521865889 0.0 1.2089407162212734e-05
0 0.003472222222222222 0.0 1.0 0.0 0.00903080990594381 0.005534468903863223 0.009657434402332361 0.0006396198830409356 4.894508774618959e-06
0 0.002857142857142857 0.0 1.0 0.0 0.008441981001109499 0.01089433061768319 0.005414410662224074 0.0006683375104427735 5.591722423862625e-06
0 0.004132231404958678 0.0 1.0 0.0 0.0032066312115259874 0.0009989027978737073 0.004505698383249404 0.00026581605528973947 2.342443031041377e-05
0 0.0037878787878787876 0.0 1.0 0.0 0.006154978466613462 0.005519367154149831 0.009408958388550227 0.00026581605528973947 1.5439967395495842e-05
0 0.0032051282051282055 0.0 1.0 0.0 0.003854078767733035 0.006630014389204981 0.009596695821185617 0.0 1.852289186835864e-05
0 0.008928571428571428 0.0 1.0 0.0 0.011518314431555158 0.004972510791903736 0.009475218658892129 0.0 2.9194539479353973e-05
0 0.0044444444444444444 0.0 1.0 0.0 0.00623013437124407 0.0013260028778409962 0.006025267249757046 0.0 2.7452275245868243e-05
0 0.03571428571428571 0.0 1.0 0.07142857142857142 0.009547950676517827 0.009045737717186584 0.012849584278155706 0.005699088145896656 0.03571428571428571
0 0.013157894736842105 0.0 1.0 0.0 0.005332922821277357 0.015234926681577405 0.00807574491785018 0.0039193729003359455 0.008051035927104664
0 0.023809523809523808 0.0 1.0 0.0 0.023340260206153093 0.010337985962498953 0.010582010582010581 0.0 0.002391346966944527
0 0.009259259259259259 0.0 1.0 0.0 0.011274445554676773 0.0053604371657401985 0.013325494806976288 0.0009850275807722615 0.010410523453841074
0 0.007692307692307693 0.0 1.0 0.0 0.013514409292592459 0.013916519564902438 0.013838013838013837 0.0 0.007231550009472328
0 0.011904761904761904 0.0 1.0 0.0 0.008665352451239566 0.0025844964906247382 0.015495086923658351 0.0011398176291793312 0.00015851201776061904
0 0.007936507936507936 0.0 1.0 0.0 0.02026677656868521 0.008040655748610298 0.014403292181069957 0.000591016548463357 0.00012134523039536741
0 0.005208333333333333 0.0 1.0 0.0 0.0178677942010626 0.01658385248150874 0.00837742504409171 0.0 0.002325010957651681
0 0.14285714285714285 0.0 1.0 0.0 0.008451145369377713 0.0 0.0143244289585753 0.0013568521031207595 0.14285714285714285
0 0.018518518518518517 0.0 1.0 0.0 0.002893803436525895 0.0034899300163694813 0.00853156679714945 0.001758882355897282 0.00037935068589816176
0 0.009009009009009009 0.0 1.0 0.0 0.0013358329860851954 0.0035729491827304464 0.006189115945213505 0.0014301954600462068 0.0007957373318268847
0 0.007142857142857143 0.0 1.0 0.0 0.0007148623821717602 0.002153716851397804 0.008710801393728223 0.0013956193060670676 0.0008242998580734803
0 0.018181818181818184 0.0 1.0 0.0 0.002720573426200294 0.004195383473124651 0.0035723084503572313 0.0012335019119279636 0.0018111942501642928
0 0.023809523809523808 0.0 1.0 0.2857142857142857 0.0009142379445691975 0.003955647274660386 0.008710801393728223 0.0011630160883892226 0.005796961857576478
0 0.02040816326530612 0.0 1.0 0.0 0.0 0.0026370981831069238 0.007936507936507938 0.0011630160883892226 0.007491851627433043
0 0.0029069767441860465 0.0 1.0 0.0 0.003342813914031636 0.00349665195920643 0.008886367933446777 0.0013568521031207604 0.02011984136205498
0 0.0031746031746031746 0.0 1.0 0.0 0.0015484790149724416 0.0034282276380390004 0.008246225319396052 0.00015506881178522968 0.0006757891386347594
0 0.0024390243902439024 0.0 1.0 0.0 0.006963593867491379 0.006240253387860826 0.010674862846189436 0.0010259125657742332 0.013239650023084281
0 0.0022727272727272726 0.0 1.0 0.0 0.003421486309536504 0.004009044855092911 0.00931571815718157 0.00033921302578018993 0.02233096638343371
0 0.0043859649122807015 0.0 1.0 0.0 0.0006075755784087907 0.002428906221282693 0.003423192126658109 0.0 0.0011834260388157867
0 0.002331002331002331 0.0 1.0 0.0 0.003836052245846518 0.005671383629158065 0.008376447400837645 0.0006578676863615804 0.0005001168567595204
0 0.002232142857142857 0.0 1.0 0.0 0.004097560664626026 0.0037441509023465437 0.011729336043360435 0.0009328358208955225 0.02784398729445752
0 0.004166666666666667 0.0 1.0 0.0 0.005607377534123528 0.003461191365327837 0.005843495934959349 0.0 0.05942977396947767
0 0.0025 0.0 1.0 0.0 0.0035787886557508246 0.006461374060183131 0.006341463414634144 0.0008141112618724558 0.0003154774777230703
0 0.004201680672268907 0.0 1.0 0.0 0.007591762218366996 0.007637820085318569 0.011807975222609369 0.0010660980810234541 0.06568588914591789
0 0.001984126984126984 0.0 1.0 0.0 0.003662067199874288 0.006933025768648232 0.006871854432830041 0.000872262066291917 0.0006092722345915246
0 0.0018148820326678765 0.0 1.0 0.0 0.0049972298566046715 0.0047839162719870995 0.009625268666479768 0.0002807280213353296 0.02361430289309684
0 0.0013157894736842105 0.0 1.0 0.0 0.006032678141863728 0.005464336335736764 0.007951790044216232 0.0005355995143897736 0.01651416482748418
0 0.0017006802721088435 0.0 1.0 0.0 0.0016255197062255422 0.002018858993871658 0.007113821138211382 0.0003876720294630742 0.0008068473949556694
0 0.0011655011655011655 0.0 1.0 0.0 0.003474353505667211 0.001379076479495586 0.009207143353484817 0.0004870751139407855 0.022665458831583194
0 0.002557544757033248 0.0 1.0 0.0 0.0019031862380935788 0.0009752171095481467 0.010521281683405067 0.00015962965919067763 0.0022187515327228486
0 0.0008012820512820513 0.0 1.0 0.0 0.0033928159762117733 0.002006088096195053 0.009954138002918491 0.0006001461225341822 0.015638033594261656
0 0.0010526315789473684 0.0 1.0 0.0 0.0027039218660066876 0.0016604294121884133 0.009663386107545288 0.0005355995143897736 0.0004494095250219041
0 0.0011312217194570137 0.0 1.0 0.0 0.004180957352101465 0.0037475424747650077 0.010082894946596525 0.0008779631255487268 0.0004194973515305653
0 0.006172839506172839 0.0 1.0 0.0 0.0 0.0 0.0054200542005420045 0.0 0.008122877563000208
0 0.03571428571428571 0.0 1.0 0.07142857142857142 0.00923783227497439 0.012219570785206708 0.007598784194528876 0.0031428571428571417 0.03571428571428571
0 0.03125 0.0 1.0 0.0 0.01116150498504457 0.010990751015260546 0.012632978723404254 0.0031666666666666666 0.0001359019256213675
0 0.05555555555555555 0.0 1.0 0.0 0.007198344137163379 0.008932836857919296 0.013741134751773049 0.0026666666666666666 0.00122631755990861
0 0.014705882352941176 0.0 1.0 0.0 0.009933616042329906 0.007456991673249195 0.009543178973717146 0.0029803921568627447 0.00031013829737439324
0 0.0125 0.0 1.0 0.0 0.009147444536311123 0.003285672851568831 0.010804521276595744 0.0025 0.00016548485683935744
0 0.007575757575757575 0.0 1.0 0.0 0.009373578987637519 0.010032505629464254 0.0060444874274661504 0.002060606060606061 0.051041262232435256
0 0.006493506493506493 0.0 1.0 0.0 0.010701361372634395 0.008245326985847649 0.008341392649903289 0.0007272727272727273 0.04567805237132836
0 0.011363636363636364 0.0 1.0 0.0 0.006262535545135506 0.01319252317735624 0.011605415860735012 0.0019393939393939393 0.0006131647703660047
0 0.018518518518518517 0.0 1.0 0.0 0.00351530808505936 0.0060465731229549435 0.005762411347517729 0.0008888888888888888 0.03153155284975596
0 0.005 0.0 1.0 0.0 0.012343852364596241 0.014804738772070026 0.011968085106382979 0.0018666666666666669 0.041919478014342246
0 0.004329004329004329 0.0 1.0 0.0 0.008951496152632882 0.002870401126007511 0.013044579533941236 0.0005079365079365079 0.0497775516453368
0 0.009259259259259259 0.0 1.0 0.0 0.0010473694519216397 0.004031048748636629 0.012706855791962174 0.0005925925925925926 0.0028234816041017062
0 0.005494505494505495 0.0 1.0 0.0 0.00872212660656352 0.003972089789066924 0.009498480243161094 0.0007619047619047619 0.0005728964060631613
0 0.002040816326530612 0.0 1.0 0.0 0.00735943383530427 0.005944618556119044 0.013981762917933125 0.00045714285714285713 0.029109314203544994
0 0.002777777777777778 0.0 1.0 0.0 0.0052478657497967264 0.008637435206864568 0.006205673758865249 0.0006666666666666666 0.00024644094005203215
0 0.005681818181818182 0.0 1.0 0.0 0.0011643837566014854 0.0 0.01353965183752418 0.0 0.0012383195747712962
0 0.00267379679144385 0.0 1.0 0.0 0.004446152623284087 0.0 0.0037475822050290135 0.0 0.0003091284344643497
0 0.0020576131687242796 0.0 1.0 0.0 0.005063193973617225 0.005100895741664662 0.008668242710795903 0.00019753086419753085 0.00022051553800795672
0 0.004784688995215311 0.0 1.0 0.0 0.002279813548757147 0.00329813079433906 0.008462282398452613 0.00048484848484848484 0.0006679044078085178
0 0.00625 0.0 1.0 0.0 0.01628311390721081 0.01684244593616129 0.005319148936170212 0.002 0.0006204419658635115
0 0.0015873015873015873 0.0 1.0 0.0 0.009247986128550278 0.006046573122954943 0.009929078014184394 0.0003555555555555555 0.027491267478941674
0 0.07692307692307693 0.0 1.0 0.0 0.004519774702407865 0.003266345255801475 0.005149222362337115 0.0014732189834789013 0.07692307692307691
0 0.025 0.0 1.0 0.0 0.0015000308695997254 0.0023264003978537315 0.006352459016393442 0.0013679890560875513 0.00020444803253801843
0 0.01075268817204301 0.0 1.0 0.0 0.002225809129311376 0.0021012648754807897 0.008417063282213998 0.0013238603768589206 0.02259412958429287
0 0.027777777777777776 0.0 1.0 0.0 0.009410501537580452 0.003245698540977844 0.008500303582270795 0.0015199878400972793 0.0006213913898581867
0 0.009090909090909092 0.0 1.0 0.0 0.00686573019081187 0.005315606145767052 0.006954793840039742 0.0015545330182813082 0.01821351102805942
0 0.009259259259259259 0.0 1.0 0.0 0.003658103153342777 0.004135822929517745 0.0038706739526411663 0.0012919896640826874 0.0416799483614259
0 0.003968253968253968 0.0 1.0 0.0 0.0037372983922064023 0.004992352756760211 0.007893139040680024 0.001557987536099711 0.020839869364110298
0 0.004807692307692308 0.0 1.0 0.0 0.003208893638867938 0.004102379952910867 0.008932324506094998 0.0016836788382616015 0.00022220600764539543
0 0.003367003367003367 0.0 1.0 0.0 0.0025358607729294397 0.004804856764320887 0.008983275376718001 0.0005803589934916884 5.7695142103373084e-05
0 0.011111111111111112 0.0 1.0 0.0 0.0008170980264574983 0.004135822929517745 0.007893139040680026 0.0 0.004026017551394789
1 0.003134796238244514 0.0 1.0 0.0 0.004574333890597017 0.003888846991655647 0.005370265686828718 0.0003773762913344969 0.0001746840609572776
0 0.00641025641025641 0.0 1.0 0.0 0.004077147091854177 0.0039142825183664885 0.004413619167717529 0.0006313795643481006 0.0033554130322092
0 0.007692307692307693 0.0 1.0 0.0 0.0006978492127950691 0.0018611203182829852 0.0068306010928961755 0.0 0.0009184694966860536
0 0.0017857142857142857 0.0 1.0 0.0 0.004657266723225449 0.0042574011024248135 0.005327868852459018 0.0003419972640218878 9.321149022607588e-05
0 0.0016260162601626016 0.0 1.0 0.0 0.004319456435452866 0.0036896571790690454 0.009429561508729844 0.0007340429081445397 0.013777591944908083
0 0.0025 0.0 1.0 0.0 0.005971394888113255 0.0036219625810941063 0.010655737704918036 0.0006566347469220246 5.088957092731933e-05
0 0.0024509803921568627 0.0 1.0 0.0 0.00725272581707487 0.006182911527375565 0.006545992714025502 0.0006269949840401277 3.3702021190816175e-05
0 0.0022222222222222222 0.0 1.0 0.0 0.008903288181774674 0.004506402712326553 0.010382513661202186 0.0007113543091655267 4.0263670069875275e-05
0 0.002631578947368421 0.0 1.0 0.0 0.002189578425208823 0.003334660151742959 0.009016393442622951 0.00013679890560875513 0.00014512452118391547
0 0.002 0.0 1.0 0.0 0.004619832673425032 0.0033862681864792587 0.008524590163934427 0.0006566347469220246 5.821343855487491e-05
0 0.003401360544217687 0.0 1.0 0.0 0.0020364187889899974 0.004652800795707463 0.00312256049960968 0.0 0.0013369657768479007
0 0.0012285012285012285 0.0 1.0 0.0 0.00215667430330891 0.0029125043239032586 0.00900900900900901 0.00044367212629866526 5.1001706140255185e-05
0 0.001610305958132045 0.0 1.0 0.0 0.0025831260107825765 0.004646407025686177 0.010878364703501318 0.0009626589653949435 0.00036723433903247996
0 0.0012254901960784314 0.0 1.0 0.0 0.002553158334354019 0.003801397214397293 0.009120861459337838 0.0006035245835680373 7.759867760535422e-05
0 0.00125 0.0 1.0 0.0 0.0022444007877282643 0.003572078735987024 0.006403688524590165 0.00025649794801641587 0.00010404417366573496
0 0.0034965034965034965 0.0 1.0 0.0 0.006111300114463511 0.003553722749106215 0.009066070541480377 0.0012436264146250466 0.07155736272182059
0 0.001949317738791423 0.0 1.0 0.0 0.0027031559357979336 0.0 0.006686798964624675 0.0 0.0006725785186391843
0 0.0021008403361344537 0.0 1.0 0.0 0.005302521551122041 0.002006223631229623 0.0060270009643201535 0.0005632896113301681 0.0004626805846147476
0 0.0011123470522803114 0.0 1.0 0.0 0.006768372954212619 0.0016849776894214635 0.010708619777895294 0.0007501875468867217 0.0001266160067356142
0 0.0015151515151515152 0.0 1.0 0.0 0.0009132306506166494 0.0 0.006395926477893692 0.0 0.000215565092602183
0 0.001697792869269949 0.0 1.0 0.0 0.0051462627931529335 0.0015350781982118482 0.00460166810468795 0.00028799769601843187 8.340186679178023e-05
0 0.03333333333333333 0.0 1.0 0.06666666666666667 0.017117541118728343 0.015215544431321736 0.011290322580645159 0.005765765765765766 0.03333333333333333
0 0.02 0.0 1.0 0.0 0.02767539962975391 0.025612593602261015 0.01268817204301075 0.005405405405405406 0.018807156936936152
0 0.01515151515151515 0.0 1.0 0.0 0.01563180843258347 0.015042150582289632 0.009530791788856303 0.0 0.029020950349054473
0 0.020833333333333332 0.0 1.0 0.0 0.025328780603138992 0.012768264472301408 0.016129032258064516 0.0018018018018018018 0.08718859346279256
0 0.025 0.0 1.0 0.0 0.03494838852767731 0.005726277575490235 0.016801075268817203 0.0013513513513513514 0.08413072846634291
0 0.023809523809523808 0.0 1.0 0.0 0.0026652766921268106 0.005252814489053522 0.006912442396313364 0.0 0.001704958609765175
0 0.004464285714285714 0.0 1.0 0.0 0.012758879131494316 0.017427684041398068 0.012768817204301074 0.0006756756756756757 0.018441248037165934
0 0.00625 0.0 1.0 0.0 0.018202252561385333 0.002290511030196094 0.013440860215053762 0.0005405405405405405 0.03185687100682707
0 0.0037037037037037034 0.0 1.0 0.0 0.017680106332648545 0.0 0.013082437275985662 0.0007207207207207207 0.03057432958040009
0 0.07142857142857142 0.0 1.0 0.0 0.008822801874858486 0.013119375023616783 0.010774142059058259 0.0056179775280898875 0.07142857142857141
0 0.014705882352941176 0.0 1.0 0.0 0.011576417364411156 0.01214604281870438 0.010680249753532697 0.005617977528089892 0.004627783570322903
0 0.018518518518518517 0.0 1.0 0.0 0.013135064464461596 0.012738566972517436 0.009310986964618248 0.0006242197253433209 0.00018050506012110554
0 0.010416666666666666 0.0 1.0 0.0 0.008877886592474333 0.007961604357823398 0.01187150837988827 0.00046816479400749064 5.603893204886498e-05
0 0.015384615384615385 0.0 1.0 0.0 0.02435400962178915 0.01595615742516648 0.008165019338203695 0.000864304235090752 0.00020213888920522446
0 0.008771929824561403 0.0 1.0 0.0 0.016011082727119146 0.015683551876455752 0.014995589532490439 0.0023654642223536367 0.007115906678123159
0 0.004329004329004329 0.0 1.0 0.0 0.006132273589239297 0.01737077314434196 0.006602336211274758 0.0 6.973254748706151e-05
0 0.005208333333333333 0.0 1.0 0.0 0.003349555169365047 0.0 0.009310986964618248 0.0 0.00011320470338824554
0 0.037037037037037035 0.0 1.0 0.07407407407407407 0.004277659512031277 0.018808355069145268 0.008964378391129983 0.0064102564102564135 0.03703703703703703
0 0.02631578947368421 0.0 1.0 0.0 0.00816086636039825 0.013770029885271885 0.016426416359369762 0.005060728744939272 0.0019333506940472126
0 0.020833333333333332 0.0 1.0 0.0 0.012486046304680382 0.021802547318347153 0.014331210191082801 0.0008012820512820513 0.0021149388797896355
0 0.01 0.0 1.0 0.0 0.010891323090204639 0.0056614564970190176 0.014777070063694267 0.0005128205128205128 0.00010868910152054677
1 0.01 0.0 1.0 0.0 0.008382542151235756 0.004896565889439057 0.012101910828025477 0.000641025641025641 0.00010210027238102624
0 0.005952380952380952 0.0 1.0 0.0 0.010531193518760806 0.01813662810239008 0.010691537761601455 0.0013736263736263737 0.008592528332719788
0 0.006493506493506493 0.0 1.0 0.0 0.00945327360994552 0.013066484446687177 0.012449334105385061 0.0005827505827505828 0.0003024560669571391
0 0.125 0.0 1.0 0.0 0.010770335972432689 0.006922382730655674 0.005420054200542006 0.0011872455902306647 0.125
0 0.08333333333333333 0.0 1.0 0.0 0.0 0.0 0.005871725383920507 0.0011307100859339664 0.005706343322784156
0 0.03333333333333333 0.0 1.0 0.0 0.006316029576106876 0.004614921820437117 0.005149051490514906 0.0012211668928086838 0.0004096271437105133
0 0.006578947368421052 0.0 1.0 0.0 0.005253343130709321 0.004165620303650833 0.011018399657680785 0.0017496250803399273 0.01479380473248053
0 0.025 0.0 1.0 0.0 0.0006115116834553508 0.004614921820437117 0.005758807588075881 0.0011872455902306647 0.008138675267353028
0 0.0026881720430107525 0.0 1.0 0.0 0.0063777326641006726 0.004104116308380129 0.010184456683276508 0.0020133934433404794 0.006645103168319391
0 0.017857142857142856 0.0 1.0 0.0 0.007238393344212203 0.0034611913653278376 0.005420054200542005 0.0011872455902306647 3.994713772087808e-05
0 0.0125 0.0 1.0 0.0 0.002086253251473804 0.0018459687281748467 0.01056910569105691 0.0012211668928086838 0.0007505077750345146
0 0.0023148148148148147 0.0 1.0 0.0 0.006042056899596883 0.0038180305696966653 0.009315718157181576 0.0009893713251922212 0.009106391330347883
0 0.003448275862068966 0.0 1.0 0.0 0.003794873708779692 0.005458399018576954 0.01350341089617793 0.0006550320497824357 8.070141409328149e-05
0 0.006993006993006993 0.0 1.0 0.0 0.006093698258484461 0.004931856823889182 0.013862830936001668 0.0004174929548063876 0.0001779357664779636
0 0.003472222222222222 0.0 1.0 0.0 0.001962285079469019 0.00423814609563214 0.012477416440831076 0.00045228403437358656 0.0002670679099605026
0 0.002403846153846154 0.0 1.0 0.0 0.00390407504972329 0.002595893523995878 0.011348238482384825 0.00025440976933514245 8.365158569553716e-05
0 0.0026455026455026454 0.0 1.0 0.0 0.0021387726132147318 0.003418460607731197 0.007377295995182172 0.0002010151263882607 0.00016573826044806653
0 0.0014184397163120566 0.0 1.0 0.0 0.004129416893645097 0.004206372087562885 0.012915873839589457 0.0006928606484020903 5.05147470068874e-06
0 0.005681818181818182 0.0 1.0 0.0 0.0022246166493653766 0.002517230083874791 0.005173688100517369 0.0002467003823855927 0.000617974931280729
1 0.0007446016381236039 0.0 1.0 0.0 0.0036984451056665925 0.0037606092165798693 0.010479914925731535 0.0004465589200144273 2.7948520859028205e-06
0 0.0022222222222222222 0.0 1.0 0.0 0.00802413370013044 0.005666354030041212 0.014092140921409216 0.0017367706919945726 0.023025805769196345
0 0.001594896331738437 0.0 1.0 0.0 0.005607180035854811 0.0034689772627944896 0.012030877884536424 0.0004111673039759878 6.504592401412161e-06
0 0.0015151515151515152 0.0 1.0 0.0 0.002891366002914235 0.0031577823042880392 0.012728915167939557 0.0006989844167591793 6.645158027729872e-05
0 0.005952380952380952 0.0 1.0 0.0 0.007360752076543108 0.004614921820437117 0.013888888888888888 0.00033921302578018993 0.11586312632355741
0 0.001976284584980237 0.0 1.0 0.0 0.005573461661856313 0.0037644592044644974 0.0104277129727819 0.0013568521031207597 0.00013078539230809548
0 0.0012077294685990338 0.0 1.0 0.0 0.007528733668680957 0.001444208930485975 0.008694670280036133 0.0005276647067691843 3.917528951670241e-05
0 0.0026041666666666665 0.0 1.0 0.0 0.0023513436342195056 0.0 0.0047425474254742545 0.0 0.0003097064019370774
0 0.0013793103448275863 0.0 1.0 0.0 0.003310996570632273 0.0010440858283669553 0.008644051957760952 0.0006550320497824357 1.0464775290802687e-05
0 0.0010683760683760685 0.0 1.0 0.0 0.0038575616274818796 0.0011159638850688788 0.00726437819933755 0.0006784260515603799 1.0358511999984196e-05
0 0.0023148148148148147 0.0 1.0 0.0 0.001240400341039998 0.0008010436264661592 0.008130081300813007 0.0005088195386702849 0.00046951441218562887
0 0.002551020408163265 0.0 1.0 0.0 0.0 0.0 0.008614014711575687 0.0003876720294630742 0.0001402747839389594
0 0.0038314176245210726 0.0 1.0 0.0 0.006487046845921062 0.004352758163781839 0.008431195423065342 0.0015076134479119552 3.6434270304041876e-05
0 0.029411764705882353 0.0 1.0 0.0 0.007866797313560608 0.00569417317125367 0.018794835007173605 0.0028764562059542635 0.029411764705882353
0 0.019230769230769232 0.0 1.0 0.0 0.002319360456284858 0.0038381012394156358 0.017729831144465295 0.0037615196539401907 0.00019831473397307128
0 0.007936507936507936 0.0 1.0 0.0 0.0060513685813805155 0.008737860746056772 0.02137049941927991 0.0034928396786587483 0.004640642810312724
0 0.008333333333333333 0.0 1.0 0.0 0.0044758173421263515 0.003880746808742476 0.011382113821138214 0.000814995925020375 0.012638284444298927
0 0.011764705882352941 0.0 1.0 0.0 0.0011404300883541992 0.003913358126463001 0.011908177905308468 0.00028764562059542645 0.0029484173243334287
0 0.004901960784313725 0.0 1.0 0.0 0.0031826136084811283 0.004891697658078751 0.01599713055954089 0.0010067596720839925 0.02087366336355498
0 0.005494505494505494 0.0 1.0 0.0 0.006708753899349549 0.008955569558636479 0.016228893058161355 0.0 0.004734155955608135
0 0.013888888888888888 0.0 1.0 0.0 0.004751433465203228 0.005852527129906224 0.0054200542005420045 0.0005433306166802499 0.059791137874101605
0 0.007936507936507936 0.0 1.0 0.0 0.003514737314257685 0.00475193486784793 0.006097560975609756 0.0 0.012179585571551226
0 0.006666666666666667 0.0 1.0 0.0 0.004112909603416866 0.00509864826224972 0.00926829268292683 0.0004889975550122249 0.01548101970180732
0 0.003952569169960474 0.0 1.0 0.0 0.005736974160610191 0.0054945669585282205 0.011452810180275717 0.0007441267141490381 0.004267981449502805
0 0.0021367521367521365 0.0 1.0 0.0 0.006708499007894123 0.010566390676428606 0.010756722951844907 0.001504607861576077 0.003380188533737286
0 0.0027472527472527475 0.0 1.0 0.0 0.008356484674280015 0.009542839968199213 0.013153310104529622 0.0006985679357317499 0.0007551653991230026
0 0.001347708894878706 0.0 1.0 0.0 0.005850139894239002 0.002696358543510588 0.015600552231937419 0.000784241361812059 0.00012388253392615244
0 0.003333333333333333 0.0 1.0 0.0 0.005218305740906927 0.0018370365879146512 0.013536585365853662 0.0007334963325183374 0.02736931081225884
1 0.030303030303030304 0.0 1.0 0.06060606060606061 0.019840033157955107 0.010380701403648837 0.010352392705333882 0.0028172885315742445 0.030303030303030304
0 0.07142857142857142 0.0 1.0 0.0 0.024601422932383033 0.014056473638351044 0.013574660633484162 0.003563330093942339 0.13812938116056078
0 0.02564102564102564 0.0 1.0 0.0 0.01173648586357787 0.012215438876973869 0.009397841977027498 0.0031397174254317113 0.00027604148208076754
0 0.022727272727272728 0.0 1.0 0.0 0.01688062206758011 0.003964463195252257 0.011312217194570135 0.0022675736961451256 0.08473519498758217
0 0.007692307692307693 0.0 1.0 0.0 0.0050666925247345 0.005663599494030561 0.009571876087713193 0.0021803593232164655 0.00015826802083118114
0 0.006944444444444444 0.0 1.0 0.0 0.004347892297562367 0.004795793473828632 0.013103318250377074 0.002834467120181405 0.000850637755441724
0 0.009523809523809523 0.0 1.0 0.0 0.007938255775376648 0.002463936027601185 0.013423831070889897 0.0012093726379440665 0.00030796367433792314
0 0.013888888888888888 0.0 1.0 0.0 0.0063252331880684015 0.0014370830120071052 0.014831573655103066 0.0 0.0020009108789116794
0 0.006944444444444444 0.0 1.0 0.0 0.01918471115887213 0.00555240191793055 0.008908371040723981 0.0005668934240362812 0.08391039235811057
0 0.0038461538461538464 0.0 1.0 0.0 0.01154967902983672 0.0038332218133586347 0.014618865297598333 0.0007849293563579278 0.05247997031901356
0 0.002066115702479339 0.0 1.0 0.0 0.008073540872617416 0.001684883661041694 0.007455779514603044 0.00010307153164296022 0.020206235231762872
0 0.003968253968253968 0.0 1.0 0.0 0.00980208148634729 0.0014690410891532904 0.012712777418659772 0.00021595939963286903 0.044012041478189226
0 0.009615384615384616 0.0 1.0 0.0 0.0178122969913971 0.0 0.007635746606334842 0.0 0.12080783593630627
0 0.006493506493506493 0.0 1.0 0.0 0.013237788797882588 0.004004522460745411 0.010489510489510488 0.0008245722531436818 0.08823409870754297
0 0.0022988505747126436 0.0 1.0 0.0 0.01053758997038486 0.0037068777114616014 0.008659697300670932 0.0007037297677691767 0.045909630773202696
0 0.001953125 0.0 1.0 0.0 0.027371831614660114 0.01021855545048354 0.011524321266968326 0.0007086167800453515 0.023997920812580974
0 0.003095975232198142 0.0 1.0 0.0 0.011203931073164095 0.006231130149497496 0.009764229578471065 0.0005967299200381908 0.04339208414936593
0 0.003472222222222222 0.0 1.0 0.0 0.012196454125783665 0.0023027637764474573 0.007070135746606335 0.00042517006802721087 0.05207276650815048
0 0.001949317738791423 0.0 1.0 0.0 0.015444117693171285 0.0067980598538700384 0.01282051282051282 0.0008398421096833795 0.047641637099759986
0 0.0016666666666666668 0.0 1.0 0.0 0.00706070874986155 0.00693349745668589 0.008823529411764707 0.0006802721088435374 0.03036524573187209
0 0.005952380952380952 0.0 1.0 0.0 0.003397658929613277 0.0071275834654593384 0.007070135746606335 0.001417233560090703 0.0016245669815680103
0 0.0026737967914438505 0.0 1.0 0.0 0.010135031480645023 0.010143033365480416 0.012509981368112856 0.001067093504068294 0.056571991879755236
0 0.022727272727272728 0.0 1.0 0.0 0.003339605640657234 0.005833957773005413 0.010758050726702764 0.0030731846769582617 0.022727272727272728
0 0.023809523809523808 0.0 1.0 0.0 0.007347470605026771 0.0030558826430028352 0.013136288998357962 0.003294399520814615 0.00043640124137751975
0 0.018518518518518517 0.0 1.0 0.0 0.005599714248366884 0.0011883988056122137 0.009752699407871821 0.0020964360587002098 0.0011322937889756647
0 0.011904761904761904 0.0 1.0 0.0 0.00865254562685203 0.01318888851607171 0.011344976862218243 0.0020964360587002093 0.015809868138455925
0 0.00625 0.0 1.0 0.0 0.007874201279395246 0.007001063625993643 0.012049373040752348 0.00039308176100628933 6.843797605076789e-05
0 0.005376344086021505 0.0 1.0 0.0 0.006218466279591207 0.006210342145457375 0.00788755182526039 0.0 0.003341953024494039
0 0.007936507936507936 0.0 1.0 0.0 0.008434559720960808 0.014622971865022545 0.01062347614071752 0.0017470300489168414 0.02343382207771859
0 0.003787878787878788 0.0 1.0 0.0 0.006075732371390115 0.006985989231291442 0.01424907381020233 0.001429388221841052 0.0009084886109166732
0 0.006172839506172839 0.0 1.0 0.0 0.004238963327060412 0.008213645832436509 0.010797631487286661 0.0017470300489168414 0.016244933520835395
0 0.0035714285714285718 0.0 1.0 0.0 0.007562084885746958 0.007469516647557063 0.010076130765785936 0.001347708894878706 0.012973331480972369
0 0.0036363636363636364 0.0 1.0 0.0 0.009836756909588936 0.007250067161190275 0.014545454545454544 0.0007547169811320755 0.000293227521161441
0 0.009259259259259259 0.0 1.0 0.0 0.012402160885801844 0.016637583278570994 0.009404388714733543 0.0 0.002898717885410065
0 0.003663003663003663 0.0 1.0 0.0 0.005476745896037504 0.004074510190670447 0.008359456635318705 0.0 0.022728135043906295
0 0.018518518518518517 0.0 1.0 0.0 0.005565419843960107 0.005908421144300616 0.012043828669745545 0.003041031227305736 0.01851851851851852
0 0.016129032258064516 0.0 1.0 0.0 0.0029746434688938546 0.003226942487345498 0.0155375029576465 0.00260910815939279 0.009989191793816833
0 0.01282051282051282 0.0 1.0 0.0 0.002832747053982389 0.001923754175148278 0.009497837126198984 0.001979638009049773 0.010156225655979694
0 0.008620689655172414 0.0 1.0 0.0 0.0032930215437276746 0.004871368655465068 0.010032880870078406 0.0003380662609871535 0.008508501421028982
0 0.013333333333333334 0.0 1.0 0.0 0.003847882536115808 0.006818281925643348 0.012224938875305624 0.000326797385620915 0.003645741204535915
0 0.005952380952380952 0.0 1.0 0.0 0.006457474106372161 0.007608172314410104 0.01929793922458959 0.001137955182072829 0.012818295132047198
0 0.003105590062111801 0.0 1.0 0.0 0.004392668766190896 0.006713301623539464 0.01488253428298076 0.0011722080136402388 0.010030271785178643
0 0.004807692307692308 0.0 1.0 0.0 0.003985621030289267 0.006846636295176396 0.010156103065638519 0.0001885369532428356 0.000978489001203225
0 0.0065359477124183 0.0 1.0 0.0 0.005753879710791467 0.00728441295565368 0.01481374946066446 0.0007208765859284891 0.0006812274870450667
0 0.0071428571428571435 0.0 1.0 0.0 0.006651483431277353 0.0026486466440375374 0.011351728955640935 0.00035014005602240897 0.0014585756457597024
0 0.00909090909090909 0.0 1.0 0.0 0.006135364763904144 0.016723780208592116 0.009290953545232275 0.00196078431372549 0.03550681825890899
0 0.0026041666666666665 0.0 1.0 0.0 0.004367392337972497 0.005041875234061496 0.014593520782396084 0.0008425245098039216 0.0005176817728708661
0 0.002958579881656805 0.0 1.0 0.0 0.00417751189018214 0.008635672420584831 0.0137295467368817 0.0013197586726998493 0.008479819005384567
0 0.008928571428571428 0.0 1.0 0.0 0.009409167300862862 0.011169172600516494 0.005501222493887531 0.0015318627450980392 0.10072980664019937
0 0.003333333333333333 0.0 1.0 0.0 0.0030552243507039473 0.003521306269288117 0.01577017114914426 0.0004901960784313725 0.017576020981770333
0 0.0023148148148148147 0.0 1.0 0.0 0.0019570005518698605 0.004902456529580373 0.009146065380784208 0.00027233115468409583 0.007441366691767731
0 0.03571428571428571 0.0 1.0 0.0 0.013948448640586706 0.009305375203551887 0.013079777365491652 0.0032552083333333335 0.03571428571428571
0 0.016129032258064516 0.0 1.0 0.0 0.006133217410637386 0.010311810232638228 0.010389610389610391 0.003528225806451615 0.00021894162332791324
0 0.008547008547008546 0.0 1.0 0.0 0.008932519454516239 0.00874146091512877 0.01058941058941059 0.0029380341880341893 0.003549041943114605
0 0.007352941176470588 0.0 1.0 0.0 0.011061006334358865 0.013302426601940667 0.015278838808250575 0.002527573529411765 0.014964920879827707
0 0.006060606060606061 0.0 1.0 0.0 0.008524508195626883 0.006805074758986729 0.008107044470680835 0.00015782828282828281 0.019007526090017046
0 0.010416666666666666 0.0 1.0 0.0 0.0033128635423766146 0.00619169594038185 0.014285714285714287 0.0008138020833333333 0.017412251485752633
0 0.007142857142857143 0.0 1.0 0.0 0.004537424928567473 0.0028050979642167727 0.018441558441558443 0.00026041666666666666 0.014431587849482813
0 0.004310344827586207 0.0 1.0 0.0 0.007146450621191298 0.008012492272136037 0.013076578593819974 0.0012571839080459768 0.004591417822912698
0 0.004115226337448559 0.0 1.0 0.0 0.009281227894561457 0.009378870650488804 0.011736411736411738 0.0008680555555555554 0.004053933644684328
0 0.0071428571428571435 0.0 1.0 0.0 0.004434120130171937 0.005061305627473445 0.01391465677179963 0.0 0.0006883154790803066
0 0.002840909090909091 0.0 1.0 0.0 0.007078562875049046 0.006310592907683887 0.011607142857142858 0.0006510416666666666 0.018322326746434803
0 0.003623188405797101 0.0 1.0 0.0 0.01065739986349017 0.008266995814845907 0.011180124223602485 0.00192481884057971 0.025133792662288112
1 0.002197802197802198 0.0 1.0 0.0 0.007274889763930152 0.003410230356760094 0.011873840445269018 0.0011160714285714283 0.021117372589958366
0 0.002976190476190476 0.0 1.0 0.0 0.01293524965489507 0.008315484232563777 0.011904761904761906 0.001736111111111111 0.022219825515864305
0 0.018867924528301886 0.0 1.0 0.0 0.008984461754701181 0.0039698567285653035 0.008273934311670159 0.0017076311516712385 0.018867924528301886
0 0.011904761904761904 0.0 1.0 0.0 0.0070576367181303095 0.006110811161264158 0.01135802469135802 0.0019782393669634025 0.026349451860504063
0 0.037037037037037035 0.0 1.0 0.0 0.016015276076642708 0.005298920756059573 0.00954732510288066 0.0016485328058028353 0.12179241292151742
0 0.022727272727272728 0.0 1.0 0.0 0.007299035334104786 0.0048188254983427955 0.007811447811447811 0.0017534394388993796 0.00339072288759313
0 0.015384615384615385 0.0 1.0 0.0 0.0027465672925721155 0.00175933249463864 0.008774928774928775 0.0018260671079662176 0.001993442564114461
0 0.006172839506172839 0.0 1.0 0.0 0.003913690768970817 0.0018689951542269236 0.007736625514403294 0.001483679525222552 0.013425249082337292
0 0.007518796992481203 0.0 1.0 0.0 0.0007513456676336738 0.0015935642893934823 0.006549707602339181 0.000546618772450414 0.0021813042158860957
0 0.003125 0.0 1.0 0.0 0.002917892319932252 0.0036639249501168357 0.010185185185185186 0.0005192878338278932 0.0026313828716501885
0 0.004273504273504273 0.0 1.0 0.0 0.0035447718878699225 0.004550380708253752 0.008831908831908833 0.0003994521798676102 0.005128430864979276
0 0.009090909090909092 0.0 1.0 0.0 0.0023612133719638916 0.002752520136225106 0.009023569023569024 0.0002697599136768276 0.007493121591128104
0 0.012987012987012988 0.0 1.0 0.0 0.0012929624513787017 0.004325388785496595 0.010370370370370368 0.0 0.004075400662795521
0 0.0043859649122807015 0.0 1.0 0.0 0.012463878548701414 0.005659594872847368 0.008031189083820663 0.00046853037638606906 0.047900020864108765
0 0.008547008547008548 0.0 1.0 0.0 0.0 0.0011213970925361542 0.010864197530864197 0.0 0.003798102652122897
0 0.0032467532467532465 0.0 1.0 0.0 0.011390119610210421 0.006858386463969066 0.00962962962962963 0.0012139196115457244 0.04522028992378914
0 0.0020833333333333333 0.0 1.0 0.0 0.006443310016013174 0.006134276550985886 0.007592592592592593 0.0008809347181008903 0.029213479018594626
0 0.001838235294117647 0.0 1.0 0.0 0.008752231567918916 0.006404106699802125 0.012113289760348585 0.0010909408273695235 0.02874046701783078
0 0.0010893246187363833 0.0 1.0 0.0 0.009150416357888262 0.009986887443211388 0.01026063100137174 0.0015935817122760749 0.015565774593635385
0 0.003472222222222222 0.0 1.0 0.0 0.0052013162340706605 0.007210316743677059 0.0062962962962962955 0.000741839762611276 0.0008607439935728824
0 0.0018148820326678765 0.0 1.0 0.0 0.0034965044461849146 0.005813193850470798 0.00929757343550447 0.0003581295405709609 0.005521064922271769
0 0.002777777777777778 0.0 1.0 0.0 0.004070768571480029 0.00458921656985157 0.004773662551440329 0.0006594131223211342 0.0010003541526334677
0 0.002506265664160401 0.0 1.0 0.0 0.0037146946772166913 0.0030412031914400814 0.011461988304093567 0.0008589723567077934 0.0063526486861915895
0 0.0018181818181818182 0.0 1.0 0.0 0.003196252217089116 0.00444073248644317 0.008414814814814816 0.0 0.004934364076954961
0 0.005434782608695652 0.0 1.0 0.0 0.006737609373235099 0.002523143458206347 0.005 0.0 0.01831455929808509
0 0.0011261261261261261 0.0 1.0 0.0 0.008671809735703034 0.0027332558094561314 0.012692692692692692 0.0007217900392974577 0.026432017195162864
0 0.0011764705882352942 0.0 1.0 0.0 0.005641859745432225 0.00035671897182125043 0.009281045751633986 0.0003054634316634666 0.008936718155400251
0 0.0011312217194570137 0.0 1.0 0.0 0.009863260589680727 0.0024969363951634375 0.007886710239651417 0.0006109268633269332 0.02977269001764636
0 0.0026455026455026454 0.0 1.0 0.0 0.012971636921721858 0.008500808260318455 0.014391534391534391 0.00158965663416702 0.0669545688381709
0 0.002747252747252747 0.0 1.0 0.0 0.01709691165860676 0.0027889740163270327 0.005811965811965812 0.00045651677699155445 0.07246927908524357
0 0.022222222222222223 0.0 1.0 0.0 0.006254204639448679 0.008752971732056147 0.008874912648497553 0.0022397200349956255 0.022222222222222216
0 0.020833333333333332 0.0 1.0 0.0 0.008037897800106794 0.00652683185781754 0.01316823899371069 0.001968503937007874 0.02131422372282128
0 0.017543859649122806 0.0 1.0 0.0 0.009350238553450308 0.01250807311330125 0.0143164515061238 0.0027351844177372566 0.01358652810048315
0 0.005555555555555556 0.0 1.0 0.0 0.0027985419201697866 0.0036570106674304365 0.010971348707197763 0.0019247594050743656 0.004447142146266355
0 0.008 0.0 1.0 0.0 0.008056527004475247 0.010791627489886777 0.008867924528301886 0.001637795275590551 0.0025764967705303697
0 0.005952380952380952 0.0 1.0 0.0 0.007891520853319066 0.008332966433935341 0.018194070080862535 0.0012935883014623172 0.014005811880823628
0 0.00510204081632653 0.0 1.0 0.0 0.005460850871023039 0.00463933308333722 0.010276280323450135 0.0003374578177727784 0.009359547665167861
0 0.007352941176470588 0.0 1.0 0.0 0.006176159910736546 0.007450770185985578 0.011561228264890862 0.0008337193144974525 0.03210907436781159
0 0.0037037037037037034 0.0 1.0 0.0 0.009029447169224613 0.00906579426577808 0.011897274633123688 0.0014173228346456694 0.007712177355696775
0 0.0022222222222222222 0.0 1.0 0.0 0.003459700558029476 0.003757428295403573 0.010062893081761006 0.0007699037620297462 0.008343525948595838
0 0.004132231404958678 0.0 1.0 0.0 0.005409811566684588 0.0064253711474737294 0.00771869639794168 0.0012168933428775947 0.020687538202493624
0 0.004629629629629629 0.0 1.0 0.0 0.004820391631032652 0.007041626339230407 0.006201956673654786 0.001137357830271216 0.03188574641021569
0 0.0038461538461538464 0.0 1.0 0.0 0.005349788136660033 0.005959444681764682 0.015330188679245283 0.0007874015748031496 0.01755141291680653
0 0.007142857142857143 0.0 1.0 0.0 0.011145585853468962 0.008705159554084806 0.011477987421383649 0.0009448818897637795 0.0349835791115637
0 0.005555555555555556 0.0 1.0 0.0 0.006320996899838722 0.00535621634907426 0.018081761006289308 0.002099737532808399 0.0008242074405385266
0 0.003676470588235294 0.0 1.0 0.0 0.005386141116134836 0.007324397357014135 0.01664816870144284 0.0014821676702176934 0.0017222795323686673
0 0.007352941176470588 0.0 1.0 0.0 0.0023482195271755484 0.0028579343172519785 0.012971698113207546 0.0003937007874015748 0.02556978027749159
0 0.0024154589371980675 0.0 1.0 0.0 0.00290754824931844 0.004657579433977618 0.006289308176100628 0.0 0.0070498233674606
0 0.002770083102493075 0.0 1.0 0.0 0.0015320213072068432 0.0024830875465329224 0.007365110890433631 0.0011603812681309574 0.010311793186821183
0 0.004545454545454546 0.0 1.0 0.0 0.001307960338450049 0.0 0.007289879931389365 0.0 0.007657210409775849
0 0.0021645021645021645 0.0 1.0 0.0 0.0048257192785310325 0.0 0.009576901086335047 0.0 0.0014238615598630676
0 0.0009090909090909091 0.0 1.0 0.0 0.004362428419517209 0.0017850355506738608 0.010377358490566037 0.0007559055118110237 0.003149623329519349
0 0.0018115942028985507 0.0 1.0 0.0 0.004028233087365912 0.0009582900985437947 0.012382075471698112 0.00045931758530183726 0.008615859126116876
0 0.0026041666666666665 0.0 1.0 0.0 0.0004210761373416547 0.0007397386467718282 0.006584119496855345 0.0006889763779527559 0.007334950562249177
0 0.0019047619047619048 0.0 1.0 0.0 0.005009684601091984 0.003262508819312952 0.01999101527403414 0.001424821897262842 0.018887299483797745
0 0.0022624434389140274 0.0 1.0 0.0 0.005455241957097644 0.0019699665911826745 0.014058453570107288 0.0008337193144974525 0.02803699215998037
0 0.0018518518518518517 0.0 1.0 0.0 0.0014288595050817997 0.0 0.011163522012578616 0.0010236220472440946 0.006127481416597151