1 0.02564102564102564 0.0 1.0 0.0 0.012023236187967903 0.008395935425529565 0.012640575798470539 0.002929115407147043 0.02564102564102564
0 0.013157894736842105 0.0 1.0 0.0 0.006409464296169745 0.005697795523880553 0.013434903047091414 0.0025899546757931747 0.01574787066373604
0 0.006172839506172839 0.0 1.0 0.0 0.005819144499219359 0.005761929016751334 0.011533463287849254 0.0022456551454793994 0.013120903123948832
0 0.011904761904761904 0.0 1.0 0.0 0.004916359232101866 0.005956324509967697 0.018629908103592312 0.0013390241861243619 0.010922626912898303
0 0.01 0.0 1.0 0.0 0.012813939514214273 0.013930708653246856 0.019473684210526317 0.0022847100175746927 0.03918753303238505
0 0.004273504273504273 0.0 1.0 0.0 0.009154016658616386 0.0064872366371180835 0.010481331533963115 0.0011716461628588166 0.015578660603764725
0 0.005291005291005291 0.0 1.0 0.0 0.009918842608585643 0.006284923681997179 0.014294996751137105 0.0006509145349215648 0.018644447519433695
0 0.0024509803921568627 0.0 1.0 0.0 0.008680192438282166 0.007316928454158117 0.011695906432748539 0.0012405665253799238 0.015017022318093971
0 0.003367003367003367 0.0 1.0 0.0 0.009063456221936111 0.00834525659105293 0.01828814460393408 0.001704212600521915 0.025745392550893646
0 0.004347826086956522 0.0 1.0 0.0 0.006787116659951539 0.005835716535149829 0.010144927536231885 0.0012225873003744172 0.025299675615529645
0 0.004132231404958678 0.0 1.0 0.0 0.01205001661444755 0.008933609417484388 0.016267942583732056 0.0018373542099376894 0.024168007205071132
0 0.004629629629629629 0.0 1.0 0.0 0.00802735781283487 0.007845119345386774 0.014912280701754385 0.0011716461628588166 0.02224870913103865
0 0.002197802197802198 0.0 1.0 0.0 0.004509912345350627 0.002905023034408071 0.011779448621553888 0.001154908360532262 0.007757417612580526
0 0.0018796992481203006 0.0 1.0 0.0 0.010105844345233178 0.004365349455974839 0.01708217913204063 0.001017482194061604 0.01898003371478076
0 0.00392156862745098 0.0 1.0 0.0 0.007149827927478951 0.0 0.006191950464396285 0.0 0.034468422582870806
0 0.001893939393939394 0.0 1.0 0.0 0.007854025021381834 0.0035273541404412115 0.014832535885167463 0.001650955956755605 0.01919590890621449
0 0.0015082956259426848 0.0 1.0 0.0 0.014801009484645892 0.007360812998816113 0.01659919028340081 0.0018025325582443337 0.013321748299382779
0 0.0024154589371980675 0.0 1.0 0.0 0.006839195480651167 0.006636928337381544 0.017467581998474452 0.0020631160693818295 0.016050931774461204
0 0.04 0.0 1.0 0.0 0.014992970083477091 0.009067365442069607 0.019615384615384614 0.004830917874396132 0.039999999999999994
0 0.021739130434782608 0.0 1.0 0.0 0.01832705655791587 0.01705766886479302 0.0229933110367893 0.006511237135055658 0.023292322324099887
0 0.01515151515151515 0.0 1.0 0.09090909090909091 0.021428131895959178 0.00746859328428229 0.023819930069930065 0.001976284584980237 0.024194923893264584
0 0.014705882352941176 0.0 1.0 0.0 0.014125952562555258 0.016127981934329242 0.01414027149321267 0.0017050298380221652 0.0392704695387762
1 0.015384615384615385 0.0 1.0 0.0 0.02196387647671105 0.012524590285011905 0.018491124260355027 0.0014864362690449645 0.05339595521230837
0 0.016666666666666666 0.0 1.0 0.0 0.009573813168415081 0.01439388024458053 0.018269230769230767 0.0033816425120772944 0.0008682470974634888
0 0.004081632653061224 0.0 1.0 0.0 0.009463761807210433 0.014724088505778821 0.014148351648351652 0.0017943409247757074 0.012479511732624078
0 0.0033783783783783786 0.0 1.0 0.0 0.008612350273694521 0.009641610727728225 0.012084199584199585 0.0007833920877399137 0.015010450923562197
0 0.004273504273504273 0.0 1.0 0.0 0.011350912250070391 0.01263915786570849 0.01960059171597633 0.0014864362690449645 0.03283996592827134
0 0.038461538461538464 0.0 1.0 0.0 0.021541282763476968 0.03655279090364684 0.02101967799642218 0.012217194570135752 0.038461538461538464
0 0.05555555555555555 0.0 1.0 0.0 0.017747734645145178 0.02576998314955946 0.006459948320413436 0.0 0.028342175346997154
0 0.013333333333333332 0.0 1.0 0.08 0.02486290504256508 0.02674216645423358 0.015348837209302323 0.0037647058823529413 0.03271888697977412
0 0.03571428571428571 0.0 1.0 0.0 0.018320093711362388 0.05716298120440598 0.013289036544850499 0.0 0.032939532875160014
0 0.010526315789473684 0.0 1.0 0.0 0.021577926142798045 0.006430906316891901 0.009179926560587514 0.001238390092879257 0.00021473552792674488
0 0.02857142857142857 0.0 1.0 0.0 0.02167553605104384 0.025931603628616073 0.019047619047619046 0.008637873754152823 0.028571428571428577
0 0.027777777777777776 0.0 1.0 0.1111111111111111 0.020714702734898522 0.019732711830634256 0.01851851851851852 0.0012919896640826874 0.028014735924100143
0 0.00980392156862745 0.0 1.0 0.0 0.03165032722510928 0.02720868820756178 0.02366463826910074 0.0027359781121751026 0.017335783782727914
0 0.03125 0.0 1.0 0.0 0.025137991980486607 0.03286353176291152 0.01957831325301205 0.009146341463414637 0.03125000000000001
0 0.029411764705882353 0.0 1.0 0.0 0.005849348496052439 0.015294620584622928 0.026931254429482642 0.0014347202295552368 0.012381032788053997
0 0.00980392156862745 0.0 1.0 0.0 0.025389525089718812 0.0288181597516309 0.01913536498936924 0.0014347202295552368 0.020760118668957484
0 0.058823529411764705 0.0 1.0 0.0 0.03782772057874919 0.035441212291833196 0.025288620120945574 0.011098779134295227 0.0588235294117647
0 0.0125 0.0 1.0 0.0 0.029363027938236697 0.020365964712626455 0.02149532710280374 0.0042452830188679245 0.017837081505780866
0 0.0196078431372549 0.0 1.0 0.0 0.009177893517999823 0.022649483118726894 0.014843320505772402 0.0 0.00027153372208919374
0 0.010869565217391304 0.0 1.0 0.0 0.029608186925067073 0.015603683288640724 0.030881755383990246 0.002050861361771944 0.03812953686636933
0 0.02 0.0 1.0 0.0 0.0 0.0064173535503059525 0.011214953271028037 0.0 0.0009718688358400302
0 0.037037037037037035 0.0 1.0 0.0 0.012665462454557904 0.015543785313388655 0.018623737373737376 0.004853856705708558 0.037037037037037035
0 0.014705882352941176 0.0 1.0 0.0 0.013242415587299869 0.014830639646989836 0.015541443850267385 0.004105915870621752 0.015149051687691921
0 0.00980392156862745 0.0 1.0 0.0 0.011434380439045738 0.004897684275823615 0.013953877005347596 0.002178649237472767 0.013277140850084284
0 0.008620689655172414 0.0 1.0 0.0 0.012348863181785222 0.013473064389191939 0.020963949843260193 0.00245603693879556 0.02465079297499182
0 0.016666666666666666 0.0 1.0 0.0 0.008247635535984397 0.00903176159964532 0.017992424242424244 0.0016619183285849952 0.0007078513023287897
0 0.008771929824561403 0.0 1.0 0.0 0.012600486584972885 0.010992798169616493 0.015400717703349281 0.0022492127755285654 0.035247640513437366
1 0.0029154518950437317 0.0 1.0 0.0 0.011212895334198615 0.00978213905261385 0.018552875695732846 0.0025582882725739874 0.01260153832552877
0 0.0078125 0.0 1.0 0.0 0.010533463241586025 0.008478768401579448 0.010475852272727272 0.0007122507122507123 0.02170565342454528
0 0.0065359477124183 0.0 1.0 0.0 0.005274803719384978 0.006036295966876006 0.01036096256684492 0.0003351768057650411 0.009272311498990682
0 0.01 0.0 1.0 0.0 0.006069112108671427 0.007752016824301209 0.013636363636363636 0.0 0.008881447985915471
0 0.002932551319648094 0.0 1.0 0.0 0.006357577475289217 0.00742729743794859 0.012921554252199414 0.001746163036485617 0.024755915043438725
0 0.004629629629629629 0.0 1.0 0.0 0.0026131271208592755 0.001076669003375168 0.01499368686868687 0.000949667616334283 0.0011136371477218534
0 0.004807692307692308 0.0 1.0 0.0 0.010233550149665555 0.009802585683857095 0.006569602272727272 0.0010683760683760685 0.04996553039402618
0 0.0032467532467532465 0.0 1.0 0.0 0.006232902437883155 0.005043466468477297 0.007489669421487603 0.0009065009065009066 0.014819947518972436
0 0.003703703703703704 0.0 1.0 0.0 0.010157920855325424 0.012546459136944922 0.009469696969696968 0.0026907249129471352 0.044389700672315305
0 0.041666666666666664 0.0 1.0 0.0 0.017722446515848086 0.023718305968329387 0.01706560283687943 0.008021390374331546 0.041666666666666664
0 0.012195121951219513 0.0 1.0 0.0 0.015357980742444741 0.01986640136988241 0.01582771146860405 0.005347593582887699 0.016702152846133016
0 0.0101010101010101 0.0 1.0 0.0 0.009589423318623613 0.006172810804354993 0.01918117343649258 0.0025927726462485826 0.022840288445587317
0 0.010416666666666666 0.0 1.0 0.0 0.005488437723857491 0.012329027386717003 0.014184397163120569 0.00089126559714795 0.014238189758316122
0 0.010526315789473684 0.0 1.0 0.0 0.01593314671081332 0.016357344203409695 0.021276595744680847 0.00647340275823248 0.04192455754246691
0 0.007936507936507936 0.0 1.0 0.0 0.003227597806370391 0.005196634654945998 0.017983789260385002 0.0005092946269416857 0.00038755351271823967
0 0.005494505494505494 0.0 1.0 0.0 0.018012260791019665 0.010861719044642282 0.01411620294599018 0.0014397367338543807 0.023009535095856827
0 0.027777777777777776 0.0 1.0 0.0 0.011942713449908335 0.012491000709745181 0.012767812655705037 0.003807740324594258 0.027777777777777776
0 0.017241379310344827 0.0 1.0 0.0 0.008735777828702206 0.007651304500880306 0.011442709138704191 0.002479659046881053 0.023929321559477332
0 0.013888888888888888 0.0 1.0 0.0 0.007157309595697947 0.004554158669550765 0.012051569506726457 0.0024344569288389504 0.029794972686092266
0 0.007142857142857143 0.0 1.0 0.0 0.013866363222862546 0.010378645631094982 0.013452914798206279 0.0020545746388443012 0.018827408210427114
0 0.007407407407407408 0.0 1.0 0.0 0.009167354340129634 0.00588380069650342 0.009632951336987213 0.0009987515605493133 0.03520889861360718
0 0.005747126436781609 0.0 1.0 0.0 0.014873702225761922 0.0125817971204739 0.012525127570743777 0.0026346377373111193 0.03532412983534495
0 0.004329004329004329 0.0 1.0 0.0 0.00966418457792209 0.008410836266370706 0.011686370430765052 0.0008852570650323459 0.023124499337423044
0 0.003472222222222222 0.0 1.0 0.0 0.011613629909044116 0.008258056224179118 0.014262580966616846 0.0008114856429463172 0.015374582157600807
0 0.0031746031746031746 0.0 1.0 0.0 0.011599362769191912 0.012162569744503256 0.01345291479820628 0.002311396468699839 0.026276061447658063
0 0.00625 0.0 1.0 0.0 0.008713352608742321 0.007180241747273899 0.012191704035874442 0.0014044943820224719 0.034543554560596115
0 0.003134796238244514 0.0 1.0 0.0 0.015957798059365584 0.01150088921960838 0.013143652389052112 0.0017047655947307245 0.025399411870441823
0 0.004629629629629629 0.0 1.0 0.0 0.009665792964448928 0.0011792642251297067 0.014324862979571501 0.0009987515605493135 0.04320425664118367
0 0.002403846153846154 0.0 1.0 0.0 0.008007730760878419 0.0022222214622615675 0.01212163677130045 0.0006320224719101124 0.023457671445147543
0 0.0037593984962406013 0.0 1.0 0.0 0.013606982504768435 0.00256231834521794 0.012862874675477934 0.0013010053222945004 0.05269070135840471
1 0.002777777777777778 0.0 1.0 0.0 0.0194963987671332 0.009915164413025231 0.01588191330343797 0.003089887640449438 0.033553928031779236
0 0.0026041666666666665 0.0 1.0 0.0 0.0021152575712378185 0.0 0.010650224215246638 0.00046816479400749064 0.0007587361586418063
0 0.05555555555555555 0.0 1.0 0.0 0.01828476014158292 0.003969737565331566 0.017383512544802866 0.003236245954692558 0.05555555555555555
0 0.010416666666666666 0.0 1.0 0.041666666666666664 0.008952265806223896 0.00788254485233827 0.017607526881720428 0.004045307443365694 0.01916440234153685
0 0.0065359477124183 0.0 1.0 0.0 0.014030226581944492 0.011828529172744764 0.0174573055028463 0.0017133066818960595 0.012217696328205999
0 0.015625 0.0 1.0 0.0 0.013912541503153176 0.013611379734236912 0.01975806451612903 0.0022249190938511327 0.06846759279023391
0 0.0058823529411764705 0.0 1.0 0.0 0.01323719394163365 0.009411581032441869 0.01631878557874763 0.0011422044545973727 0.022420682368736983
0 0.0043859649122807015 0.0 1.0 0.0 0.0096680055784268 0.010979533246814365 0.015280135823429545 0.0014477942428887754 0.026292858217766824
0 0.011904761904761904 0.0 1.0 0.0 0.015306394287702682 0.014068278100172507 0.023118279569892472 0.002157497303128371 0.0003254744770607231
0 0.006578947368421052 0.0 1.0 0.0 0.01112581237357419 0.016533147359953787 0.013921901528013583 0.002043944813490036 0.01339830534997111
0 0.007936507936507936 0.0 1.0 0.0 0.010162565652848772 0.005103948298283443 0.01129032258064516 0.0009246417013407305 0.00499447335572334
0 0.009090909090909092 0.0 1.0 0.0 0.012844257827931686 0.018550789742179205 0.014956011730205278 0.00353045013239188 0.029695961709941578
0 0.004784688995215311 0.0 1.0 0.0 0.010668139476276602 0.008957802689618558 0.012733446519524615 0.0013626298756600236 0.00020995925155109607
0 0.0027777777777777775 0.0 1.0 0.0 0.00605865717382338 0.003251936974500329 0.009462365591397851 0.0008629989212513484 0.038412796823907545
0 0.02702702702702703 0.0 1.0 0.05405405405405406 0.029690568817146934 0.02744132879788052 0.02018327340215752 0.007572227399813605 0.02702702702702703
0 0.016129032258064516 0.0 1.0 0.0 0.017463233403985378 0.014922545162652106 0.012460196594212932 0.0033370411568409337 0.015205429186155042
0 0.011904761904761904 0.0 1.0 0.07142857142857142 0.021752265894986394 0.021352396000554653 0.016860821581851624 0.0032327586206896556 0.04056997987820519
0 0.008620689655172414 0.0 1.0 0.0 0.019314606451318474 0.018639187054074687 0.015243451235755514 0.0028240190249702738 0.03620120080791281
0 0.013333333333333334 0.0 1.0 0.0 0.012137013839890808 0.00977355569443148 0.013447782546494995 0.0005747126436781609 0.030581581548254032
0 0.00641025641025641 0.0 1.0 0.0 0.01721055450035444 0.01106953137637645 0.022119511389897654 0.003481432360742706 0.03826463419346547
0 0.008928571428571428 0.0 1.0 0.0 0.02416822158173651 0.015652019932277543 0.019849785407725327 0.004040948275862068 0.07885375553330659
0 0.008333333333333333 0.0 1.0 0.0 0.008062510482734915 0.0 0.012017167381974251 0.0 0.029687439042632168
0 0.0030864197530864196 0.0 1.0 0.0 0.009323716544869515 0.006335617901079767 0.012160228898426322 0.0021551724137931034 0.008363642714955663
0 0.037037037037037035 0.0 1.0 0.0 0.020110110187716718 0.012157438321858527 0.014663643235071808 0.005616272009714635 0.03703703703703704
1 0.015151515151515152 0.0 1.0 0.06060606060606061 0.0187883579323776 0.0180240858300831 0.014718614718614716 0.005091902632886241 0.023811222005889573
0 0.01515151515151515 0.0 1.0 0.0 0.020626400479324788 0.01393933353140228 0.014100185528756958 0.0011177347242921013 0.02455371029659875
0 0.025 0.0 1.0 0.0 0.0014626607912065757 0.011151466825121822 0.0012244897959183673 0.0 0.0027180134312996818
0 0.014285714285714287 0.0 1.0 0.0 0.00814186346660141 0.010523167994480376 0.017492711370262388 0.00234192037470726 0.009970102553169028
0 0.007575757575757575 0.0 1.0 0.0 0.00983123740906326 0.013222944659705386 0.019666048237476804 0.002235469448584203 0.008964981638768172
0 0.0049261083743842365 0.0 1.0 0.0 0.006948101396178694 0.006803942119126501 0.009992962702322309 0.0011305822498586774 0.0016720974108746514
0 0.004464285714285714 0.0 1.0 0.0 0.010911791274918472 0.008617548178895597 0.00860058309037901 0.0019028103044496489 0.03226884372570992
1 0.003968253968253968 0.0 1.0 0.07142857142857142 0.014518674127337788 0.010007088503328206 0.013848396501457725 0.001024590163934426 0.025837343913338917
0 0.0125 0.0 1.0 0.0 0.006628920870050542 0.006969666765701139 0.003061224489795918 0.0 0.0025895662102622657
0 0.003787878787878788 0.0 1.0 0.0 0.011584089666477866 0.006863448068553539 0.01394557823129252 0.003244535519125683 0.041999615569796145
1 0.05263157894736842 0.0 1.0 0.0 0.011168099628808464 0.012704189229625346 0.012853916970644433 0.004356918787033811 0.05263157894736842
0 0.020833333333333332 0.0 1.0 0.0 0.010579929494428748 0.006960009797813652 0.012238723872387237 0.004001103752759384 0.032074874523532554
0 0.013888888888888888 0.0 1.0 0.0 0.010805901859996454 0.011349461955551693 0.01113861386138614 0.0044150110375275955 0.029973513936318436
0 0.010416666666666666 0.0 1.0 0.0 0.015519849102970584 0.01116162402493321 0.01952695269526953 0.0033112582781456967 0.03005014078730529
0 0.011111111111111112 0.0 1.0 0.0 0.005179630395299316 0.010010882653898911 0.006600660066006599 0.0 0.00026511958567118263
0 0.005747126436781609 0.0 1.0 0.0 0.009054195739518371 0.008543770540827517 0.009104358711733242 0.0006850879196163508 8.624331431520022e-05
0 0.006211180124223602 0.0 1.0 0.0 0.008272332516146019 0.006865039799398435 0.01133591620031568 0.00028793550244745177 0.017564568854137767
0 0.007352941176470588 0.0 1.0 0.0 0.012763364189008988 0.012404810562449173 0.0147544166181324 0.0015582391897156214 0.05104761698558912
0 0.004629629629629629 0.0 1.0 0.0 0.008950226967182564 0.00513670662824086 0.013476347634763478 0.0013796909492273732 0.017618312419470386
0 0.002564102564102564 0.0 1.0 0.0 0.009948055535348718 0.008394790675330263 0.011593467039011592 0.0010188487009679063 0.01709894205440705
0 0.0025252525252525255 0.0 1.0 0.0 0.010852330667360074 0.010816583378647566 0.01200953428676201 0.0022075055187637965 0.020104922230176327
0 0.003205128205128205 0.0 1.0 0.0 0.005176073829522661 0.0 0.011424219345011425 0.0005094243504839531 0.00013341947914973922
0 0.05263157894736842 0.0 1.0 0.0 0.02421964701152024 0.007430555148319753 0.026168773890032335 0.0053222945002956825 0.05263157894736841
0 0.023809523809523808 0.0 1.0 0.0 0.01834644848983608 0.01356515840713302 0.019952114924181957 0.006688068485821296 0.039203774588211046
0 0.02222222222222222 0.0 1.0 0.0 0.018538191222834035 0.021625423456112625 0.022718808193668522 0.004119850187265918 0.052234452835331936
0 0.027777777777777776 0.0 1.0 0.0 0.006082015541203166 0.016984755963356583 0.0074487895716946 0.0012484394506866417 0.0042293977370783005
0 0.014285714285714287 0.0 1.0 0.0 0.02909291944639601 0.02370378540730627 0.03511572226656025 0.004414125200642055 0.04022656639942524
0 0.011904761904761904 0.0 1.0 0.0 0.03363504944419874 0.02640429081460264 0.039904229848363934 0.00521669341894061 0.04259943208014179
0 0.005952380952380952 0.0 1.0 0.0 0.017616031859583516 0.01819684383468659 0.02653631284916201 0.0009363295880149813 0.03176074613945545
0 0.005208333333333333 0.0 1.0 0.0 0.016183608139453052 0.011362554836718936 0.020949720670391064 0.0014044943820224719 0.030223529024772895
0 0.009259259259259259 0.0 1.0 0.0 0.029211407043940093 0.016021860883865733 0.02281191806331471 0.0009363295880149813 0.07542664875884311
0 0.003703703703703704 0.0 1.0 0.0 0.00211123363231667 0.005661585321118861 0.009310986964618248 0.00041614648356221387 0.00019959004609317925
0 0.041666666666666664 0.0 1.0 0.0 0.01848448979173665 0.01356002619484343 0.014376996805111819 0.004807692307692309 0.04166666666666668
0 0.03571428571428571 0.0 1.0 0.0 0.012651566615422605 0.006229299233813471 0.00844363304427202 0.0029761904761904765 0.06082829857593147
0 0.014492753623188404 0.0 1.0 0.0 0.005555765976100147 0.006635557879496959 0.007917766356438394 0.0033444816053511714 0.0028847841682980322
0 0.004464285714285714 0.0 1.0 0.0 0.007763551788941609 0.007380825104830615 0.015689183021451388 0.002861721611721612 0.019044689094398378
0 0.010526315789473684 0.0 1.0 0.0 0.016928533520820264 0.016795444521080567 0.01008912056499075 0.0023616734143049934 0.05388072348330858
0 0.006944444444444444 0.0 1.0 0.0 0.013256131266188352 0.01295095146756864 0.018370607028753993 0.0036057692307692305 0.04599609792782732
0 0.007518796992481203 0.0 1.0 0.0 0.01281685802449834 0.007661865513821518 0.01412476879098705 0.0006747638326585695 0.032861718086983537
0 0.006578947368421052 0.0 1.0 0.0 0.002915625456591683 0.0068850149426359425 0.005885320329577938 0.00033738191632928474 0.0006392710853584766
0 0.012345679012345678 0.0 1.0 0.0 0.007769939064114582 0.0024225052575941276 0.01632942847000355 0.0007122507122507122 0.0012495251940935943
0 0.0030303030303030303 0.0 1.0 0.0 0.013313240992780926 0.011240337330347249 0.014812663374963697 0.0020396270396270395 0.02706793436275798
0 0.0030303030303030303 0.0 1.0 0.0 0.007143165381005892 0.007324289953494565 0.012353567625133122 0.00042735042735042735 0.018896967902042375
0 0.001937984496124031 0.0 1.0 0.0 0.01009054027032841 0.009666948986716632 0.009361765361468162 0.0008199165175909362 0.013582209009005976
0 0.029411764705882353 0.0 1.0 0.0 0.016860816992152184 0.02784328047622681 0.019607843137254905 0.009603841536614649 0.029411764705882353
0 0.027777777777777776 0.0 1.0 0.1111111111111111 0.016603857148208872 0.017316461402393325 0.01739618406285073 0.0011337868480725622 0.025236760727216746
0 0.0070921985815602835 0.0 1.0 0.0425531914893617 0.018261835141905648 0.023848097259278354 0.016978293574038256 0.00303951367781155 0.011458719686934135
0 0.02702702702702703 0.0 1.0 0.0 0.017739284644368816 0.013771007298677739 0.015688101894998446 0.004205935041669909 0.02702702702702703
0 0.023809523809523808 0.0 1.0 0.0 0.007329904067523356 0.004667486457612399 0.0090311986863711 0.0027446136956223418 0.013328703350027914
0 0.047619047619047616 0.0 1.0 0.0 0.009636451173780161 0.01831186970252881 0.014778325123152707 0.00370522848909016 0.03800201459355813
0 0.008064516129032258 0.0 1.0 0.0 0.007346535857320851 0.01269415090807456 0.015665554319614385 0.0030677698243004557 0.006103576808685268
0 0.005128205128205128 0.0 1.0 0.0 0.013272861928253698 0.014484268726395752 0.017536103743000294 0.002364590260843863 0.026845254785702002
0 0.005555555555555555 0.0 1.0 0.0 0.010056893550910473 0.012543101904331165 0.019731800766283517 0.0022094140249759846 0.043104313566445236
0 0.00510204081632653 0.0 1.0 0.0 0.013462867827225665 0.011178204311422458 0.013341543513957308 0.0015438452037875668 0.036699014748100466
0 0.004464285714285714 0.0 1.0 0.0 0.008648434721461986 0.012247153848452144 0.009031198686371101 0.0013379991766158913 0.04875117107451144
0 0.0031746031746031746 0.0 1.0 0.0 0.009055283724709142 0.008396691429367666 0.01617405582922824 0.0013997529847673937 0.03738364203491392
0 0.002173913043478261 0.0 1.0 0.0 0.008843008836455628 0.003950265275884419 0.011994002998500753 0.0005011903270266884 0.02706818836885399
0 0.005050505050505051 0.0 1.0 0.0 0.0073207017110296585 0.003045291375096548 0.012771392081736908 0.0009606147934678193 0.007655948177148381
0 0.002976190476190476 0.0 1.0 0.0 0.008461129552947933 0.005384886215811231 0.013957307060755337 0.0016467682173734045 0.04903376139964816
0 0.03225806451612903 0.0 1.0 0.0 0.013534719550843614 0.011766907693137662 0.012548452795479927 0.00368663594470046 0.03225806451612904
0 0.08333333333333333 0.0 1.0 0.0 0.0039987237727758225 0.004627479430832865 0.002376103190767142 0.0017006802721088437 0.00829376105490347
0 0.014492753623188404 0.0 1.0 0.0 0.005998945743580771 0.006790273346057154 0.005135924909235809 0.0022182786157941433 0.000736812759470605
0 0.005813953488372093 0.0 1.0 0.0 0.007441858455034058 0.006197002913758597 0.011841045801165162 0.0031324157570004727 0.026599605822198183
0 0.004 0.0 1.0 0.0 0.01246507789071527 0.009131623391092159 0.010346232179226072 0.002857142857142857 0.014482381742490634
0 0.005376344086021505 0.0 1.0 0.0 0.009777700169196804 0.008073315647074426 0.007752447276788647 0.001119157340355497 0.030186266501772557
0 0.007936507936507936 0.0 1.0 0.0 0.01670411225829124 0.012361550470795 0.009957003847024214 0.001927437641723356 0.05131694878461311
0 0.005681818181818182 0.0 1.0 0.0 0.006742883348727979 0.005754404738973574 0.005739677837437512 0.0001855287569573284 0.013882581987124339
0 0.004830917874396135 0.0 1.0 0.0 0.009442684297825337 0.007189594061535518 0.007526786504914549 0.0007985803016858917 0.04989748026933587
0 0.002777777777777778 0.0 1.0 0.0 0.010802675502694412 0.008232042432334045 0.011767368182846799 0.0013038548752834465 0.02490626351312038
0 0.003134796238244514 0.0 1.0 0.0 0.0056606617140456846 0.005646899563601114 0.008357328464077532 0.0004926108374384237 0.0006771951084968448
0 0.00641025641025641 0.0 1.0 0.0 0.01700785223193215 0.014369272421923492 0.015039949866833777 0.003610675039246468 0.0950985490556451
0 0.004273504273504274 0.0 1.0 0.0 0.0027428635954795497 0.0038562328590273872 0.008712378366146186 0.0 0.0010008779718408548
0 0.0019305019305019303 0.0 1.0 0.0 0.012499384670926037 0.010015444541459624 0.011008972312434634 0.001765030336458908 0.020910290645381135
0 0.004166666666666667 0.0 1.0 0.0 0.007347503312091099 0.002602957179843487 0.014511201629327902 0.0005102040816326531 0.0003399102250940168
0 0.001893939393939394 0.0 1.0 0.0 0.0016194506361572535 0.004732614756342864 0.009812997593038327 0.0006184291898577613 0.0016568332931849023
0 0.0021786492374727667 0.0 1.0 0.0 0.003003177189001623 0.0020842193625763535 0.011842800030172738 0.0009070294784580499 0.00023163475957793038
0 0.0037037037037037034 0.0 1.0 0.0 0.012241763038938603 0.008355389361787988 0.012491513917175833 0.0023129251700680273 0.08294623024943464
0 0.002631578947368421 0.0 1.0 0.0 0.014855309414852242 0.006018298077601299 0.009164969450101831 0.0016326530612244899 0.044695369832714126
0 0.030303030303030304 0.0 1.0 0.0 0.01429364450214833 0.012421752567562491 0.01844532279314888 0.005961251862891211 0.0303030303030303
0 0.02 0.0 1.0 0.08 0.01859637317564354 0.004460586730048728 0.01152173913043478 0.0030601092896174863 0.02407571949716923
0 0.011494252873563218 0.0 1.0 0.0 0.018126215332611738 0.01433177212651499 0.011431784107946022 0.0015074429998115696 0.019941981925451414
0 0.017857142857142856 0.0 1.0 0.0 0.025416576194329764 0.008179569860022036 0.010869565217391306 0.00156128024980484 0.03732039548404142
0 0.009523809523809525 0.0 1.0 0.0 0.0069334433432776624 0.00885037049612843 0.011387163561076604 0.0 0.016761647293103137
0 0.007936507936507936 0.0 1.0 0.0 0.015783694511982187 0.020097394745047955 0.010869565217391302 0.0010408534998698933 0.03242614554475741
0 0.009523809523809523 0.0 1.0 0.0 0.03716461683530095 0.028519413680577272 0.017753623188405794 0.0036429872495446266 0.026997046488610333
0 0.004807692307692308 0.0 1.0 0.0 0.014107221308882771 0.013765515347599665 0.017349498327759196 0.0012610340479192938 0.012456486456917663
0 0.047619047619047616 0.0 1.0 0.0 0.019938136875011652 0.012472435409677681 0.012846865364850977 0.0041258380608561115 0.047619047619047616
0 0.017857142857142856 0.0 1.0 0.0 0.012397428955900189 0.010167115579893237 0.013232271325796505 0.0037390407426508504 0.01965184734634423
0 0.037037037037037035 0.0 1.0 0.0 0.004849455378572512 0.010358317164932752 0.0059952038369304565 0.003208985158443642 0.001202396996306392
1 0.016666666666666666 0.0 1.0 0.0 0.00684904058890581 0.010685412158460163 0.010071942446043166 0.0012033694344163659 0.0006947315643121318
0 0.008695652173913044 0.0 1.0 0.08695652173913043 0.02121920479177537 0.008799438274422328 0.014388489208633096 0.0012556898446083819 0.03039865112799463
0 0.008333333333333333 0.0 1.0 0.0 0.011493647910987326 0.004911476363411054 0.01366906474820144 0.0003610108303249098 0.033805826339262116
0 0.007518796992481203 0.0 1.0 0.0 0.01650042356984667 0.009553577376126228 0.019689511548655815 0.0028500855025650764 0.02779966758574719
0 0.004629629629629629 0.0 1.0 0.0 0.014022502105623561 0.0041638995542242156 0.012922994937383426 0.0008022462896109106 0.020956331237236007
0 0.009259259259259259 0.0 1.0 0.0 0.016170708798909653 0.002922072571762333 0.016786570743405275 0.0015042117930204573 0.06590075060549859
0 0.003125 0.0 1.0 0.0 0.010216040575847301 0.007326131746226808 0.009892086330935253 0.0005640794223826715 0.028063154559571705
0 0.0023923444976076554 0.0 1.0 0.0 0.008938975380105402 0.008607310534886404 0.012116622491480501 0.0009500285008550256 0.019121730415558414
0 0.0043859649122807015 0.0 1.0 0.0 0.01535226083128238 0.010327019906167037 0.013820522529344946 0.002470074102223067 0.052846041479107965
0 0.005128205128205128 0.0 1.0 0.0 0.0058307366612123475 0.011991070185633008 0.01079136690647482 0.0019253910950661854 0.014049635113949192
0 0.034482758620689655 0.0 1.0 0.0 0.016838847306662356 0.01572845684766011 0.017307438234905537 0.005835543766578247 0.03448275862068966
0 0.015151515151515152 0.0 1.0 0.0 0.015873229893132553 0.013832809163987938 0.018808777429467082 0.005128205128205127 0.021608051961267753
0 0.012345679012345678 0.0 1.0 0.0 0.011416887424192527 0.009131143963133363 0.024549453668227614 0.0027065527065527066 0.01901161009783823
0 0.009615384615384616 0.0 1.0 0.0 0.01914362621464754 0.01987067838789221 0.02460949012673151 0.005029585798816568 0.025557254411748536
0 0.014285714285714287 0.0 1.0 0.0 0.0025085224486124367 0.003637402860730965 0.01943076081007115 0.002472527472527473 0.013623947479936649
0 0.005555555555555555 0.0 1.0 0.0 0.015543536888394455 0.010851394233823088 0.016858237547892722 0.0028205128205128207 0.023742624502638757
0 0.007518796992481203 0.0 1.0 0.0 0.019534034541413902 0.018127612168889 0.01935874168179068 0.00465587044534413 0.04420591403629434
0 0.005208333333333333 0.0 1.0 0.0 0.012162497718207326 0.017621408398122533 0.01037675606641124 0.0033653846153846156 0.034714499168998665
0 0.005291005291005291 0.0 1.0 0.0 0.0063915583812161935 0.005237339453189951 0.01952198503922642 0.001098901098901099 0.004644936510517132
0 0.004761904761904762 0.0 1.0 0.0 0.02517352436688522 0.017961098407642474 0.01933953658091589 0.004212454212454213 0.03208094708559887
0 0.012987012987012988 0.0 1.0 0.0 0.022548219667096 0.011212738620864249 0.010399562123700053 0.0 0.05859747536344755
0 0.008333333333333333 0.0 1.0 0.0 0.019141160278367837 0.0052326113564033164 0.01954022988505747 0.0015384615384615385 0.07860912130837829
0 0.06666666666666667 0.0 1.0 0.0 0.00854919500832543 0.009011787932504367 0.01605241605241605 0.0027880278802788028 0.06666666666666668
0 0.022727272727272728 0.0 1.0 0.0 0.007754368719840146 0.004950818731454006 0.007594371230734868 0.0017331991501733203 0.032779628100370446
1 0.004975124378109453 0.0 1.0 0.0 0.004810370221176478 0.0034046908609961135 0.013751879423521214 0.0018725560389932245 0.011741330546368868
0 0.041666666666666664 0.0 1.0 0.0 0.0020542631221617215 0.0032800626134986324 0.019451269451269453 0.002050020500205002 0.003985410897997732
0 0.005 0.0 1.0 0.0 0.006393445565072711 0.004262770056702471 0.009797297297297298 0.0015990159901599012 0.01619265551491187
0 0.01111111111111111 0.0 1.0 0.0 0.003650831859887314 0.005354259817741 0.007452907452907453 0.0016400164001640015 0.00236377748423164
0 0.00510204081632653 0.0 1.0 0.0 0.004621142347897774 0.0020445373978444955 0.00982800982800983 0.0010103672465296084 0.028480081698656734
0 0.006578947368421052 0.0 1.0 0.0 0.0030033956395525184 0.0029826596687967254 0.011832406569248673 0.0004531624263611057 0.00027742059278491215
0 0.005555555555555555 0.0 1.0 0.0 0.007369859732129088 0.007537732847788923 0.008353808353808351 0.0016605166051660517 0.048067709667653266
0 0.002631578947368421 0.0 1.0 0.0 0.006743022902586892 0.004659735156131781 0.010991853097116259 0.0008092186185019746 0.021650142307524163
0 0.0027548209366391185 0.0 1.0 0.0 0.005467730954215001 0.00513880598806209 0.0152631970813789 0.0014909240001490926 0.00823849796459361
0 0.0024509803921568627 0.0 1.0 0.0 0.002666159241612578 0.003924275086091401 0.018030062147709205 0.0017003111207582666 0.00010440407016271402
0 0.01098901098901099 0.0 1.0 0.0 0.0007436724124013291 0.005202062019907741 0.015795015795015795 0.0015814443858724301 0.005630771448870447
0 0.0032467532467532465 0.0 1.0 0.0 0.004509463297891106 0.004264966176853233 0.011670761670761672 0.0011181930001118194 0.0001323937949570432
0 0.00392156862745098 0.0 1.0 0.0 0.001866963086618203 0.0046450033272295525 0.012863130510189334 0.0007235366471311772 0.0009337386072476555
0 0.001953125 0.0 1.0 0.0 0.00475384639993351 0.005818084950940083 0.013167997542997549 0.0013837638376383765 0.02967955939564766
0 0.0013679890560875513 0.0 1.0 0.0 0.005385058067623248 0.004772934318143756 0.011913604936860755 0.0009725678652135359 0.01806479153836067
0 0.007936507936507936 0.0 1.0 0.0 0.0039729685197744495 0.005976449449415139 0.003159003159003159 0.0 0.010512898015691774
0 0.001594896331738437 0.0 1.0 0.0 0.007787308304670325 0.007063043352937004 0.00971632789814608 0.001080919900108092 0.01960689235757312
0 0.002 0.0 1.0 0.0 0.0045803152376032875 0.00598350839745416 0.013464373464373465 0.001082410824108241 0.00011149642180939737
0 0.002976190476190476 0.0 1.0 0.0 0.007907186794980802 0.00694648453643312 0.00691031941031941 0.000538130381303813 0.0014675325862617233
0 0.0021645021645021645 0.0 1.0 0.0 0.012400470711444839 0.007986034455245464 0.01608751608751609 0.0021671645287881453 0.03700835095889366
0 0.0024154589371980675 0.0 1.0 0.0 0.006884309117420145 0.003212680548827208 0.011397761397761396 0.0008200082000820008 0.00033154262895822273
0 0.001488095238095238 0.0 1.0 0.0 0.004523085918459048 0.0028499218103094593 0.011188136188136192 0.0011421542786856438 8.39789771367858e-05
0 0.0011764705882352942 0.0 1.0 0.0 0.004436796761578757 0.001680757100922045 0.008382714265067207 0.00039794515592214745 0.00015536061607519209
0 0.0014245014245014246 0.0 1.0 0.0 0.004421397698816061 0.001057123407231857 0.011739011739011741 0.0009111202223133343 0.030447448211431753
0 0.004115226337448559 0.0 1.0 0.0 0.0036598835967688085 0.0 0.003958503958503958 0.0 0.011852667412571878
0 0.0008116883116883116 0.0 1.0 0.0 0.008410860637635291 0.0058684384488320316 0.011196113468840743 0.0015934250251593426 0.0146390687690043
0 0.0024630541871921183 0.0 1.0 0.0 0.01218679505009933 0.007407400739415406 0.015531765531765532 0.0023721665788086453 0.06237882861271621
0 0.0011904761904761904 0.0 1.0 0.0 0.008644550009994912 0.004682895650400456 0.008467883467883469 0.0014057283429977157 0.02471787502924544
0 0.0020161290322580645 0.0 1.0 0.0 0.008415686101670074 0.007395017919594655 0.016584766584766587 0.0023062730627306273 0.06102346438837795
0 0.001358695652173913 0.0 1.0 0.0 0.00877871074768811 0.004295909127388926 0.008919987180856747 0.0011230547088079577 0.038433660007296984
0 0.002331002331002331 0.0 1.0 0.0 0.01269674584464834 0.007615852985737277 0.013324513324513326 0.0021761756079099253 0.06834532664145636
0 0.045454545454545456 0.0 1.0 0.0 0.018557075641285562 0.02158764482850434 0.018280632411067196 0.0076999503229011465 0.045454545454545456
0 0.027777777777777776 0.0 1.0 0.0 0.016459825043848218 0.01759007072205149 0.024154589371980676 0.008500303582270798 0.03912071349167451
0 0.014492753623188404 0.0 1.0 0.0 0.010461812987517546 0.01869294477161778 0.023156899810964086 0.004514136374435734 0.019042504488133587
0 0.007142857142857143 0.0 1.0 0.0 0.008339052249272203 0.01301226160624257 0.023602484472049694 0.0021857923497267764 0.0199464095051458
0 0.00625 0.0 1.0 0.0 0.00909854265001003 0.009832146489899198 0.021569293478260875 0.0023907103825136613 0.020609282153784814
0 0.008333333333333333 0.0 1.0 0.0 0.005766391507875298 0.014062575270612564 0.019293478260869565 0.0013661202185792352 0.008963350025456384
0 0.007936507936507936 0.0 1.0 0.0 0.006897626509646301 0.01121758322975165 0.01781400966183575 0.0009107468123861566 0.0003380115223331398
0 0.0078125 0.0 1.0 0.0 0.011111035122849906 0.012072039851176329 0.014605978260869564 0.0020491803278688526 0.041735445287981295
0 0.041666666666666664 0.0 1.0 0.0 0.010295217194522971 0.010452434374727844 0.018726591760299626 0.0038475975975975976 0.041666666666666664
0 0.03125 0.0 1.0 0.0 0.0032773378083548747 0.0038301772316015263 0.01348314606741573 0.002393018018018018 0.0007520795970526983
0 0.009523809523809523 0.0 1.0 0.0 0.007819810847497671 0.006380022502700676 0.013483146067415734 0.0030244530244530263 0.019184605949918734
0 0.019230769230769232 0.0 1.0 0.0 0.0025351322941690544 0.0047140642850480325 0.006222990492653412 0.002252252252252253 0.009615019458600806
0 0.011111111111111112 0.0 1.0 0.0 0.014923249625960866 0.00649375780908291 0.013108614232209737 0.0033783783783783777 0.03830043847864813
0 0.008771929824561403 0.0 1.0 0.0 0.0069671345902636425 0.007922429360934522 0.010762862211709048 0.0022522522522522527 0.03876994237467659
0 0.023809523809523808 0.0 1.0 0.0 0.006782863693916163 0.0025534514877343507 0.00299625468164794 0.0 0.04626198531334535
0 0.003676470588235294 0.0 1.0 0.0 0.007135942681347022 0.007913341016579369 0.009054857898215467 0.0009273979862215157 0.01767201692878534
0 0.002364066193853428 0.0 1.0 0.0 0.005576220775798126 0.006984997879688845 0.016208462825723167 0.001437607820586544 0.004944620257593267
0 0.005555555555555556 0.0 1.0 0.0 0.0071632208236929685 0.0038697269747163263 0.00898876404494382 0.00037537537537537537 0.04042633413728956
0 0.0023923444976076554 0.0 1.0 0.0 0.005612200801490749 0.007427155528849222 0.014902424600827913 0.0016002844950213375 0.016494313065150708
0 0.004901960784313725 0.0 1.0 0.0 0.00792206644465794 0.005586184935671686 0.013615333773959024 0.0009273979862215155 0.029510295216993124
0 0.0024813895781637717 0.0 1.0 0.0 0.006307802068027733 0.009566862187722382 0.005364262413918085 0.0008718395815170009 0.015513677001868656
0 0.0032467532467532465 0.0 1.0 0.0 0.0016130002050513729 0.00417837516174712 0.0059244126659857 0.0 0.0032356528456733706
0 0.00392156862745098 0.0 1.0 0.0 0.012270487804152038 0.012130138644985808 0.012029081295439522 0.0017223105458399576 0.04728960656303147
0 0.002976190476190476 0.0 1.0 0.0 0.0063011300458759075 0.003647787839620501 0.005029427501337614 0.0 0.034778266349120165
1 0.0017825311942959 0.0 1.0 0.0 0.006529588458844026 0.0007785670863576578 0.011440245148110317 0.0008872508872508873 0.018970813232447332
0 0.0018518518518518517 0.0 1.0 0.0 0.005484230738753515 0.0026478371723323052 0.0063670411985018716 0.00045045045045045046 0.0007765125808885269
0 0.008771929824561403 0.0 1.0 0.0 0.002278048425191572 0.004282118974967118 0.008988764044943821 0.0007507507507507507 0.021117389679627004
0 0.045454545454545456 0.0 1.0 0.0 0.02386610108877243 0.01803233046375039 0.022136953955135777 0.007724301841948902 0.04545454545454546
0 0.017241379310344827 0.0 1.0 0.0 0.022543441388465618 0.02047886028386452 0.018808777429467082 0.004958305161144918 0.02490137547792573
0 0.013888888888888888 0.0 1.0 0.0 0.018640669844733577 0.031115037204627827 0.00892857142857143 0.0005446623093681918 0.029293494242341043
0 0.008928571428571428 0.0 1.0 0.0 0.014236641499101714 0.015042116875533846 0.012291280148423008 0.0014005602240896359 0.020496000364140704
0 0.008 0.0 1.0 0.0 0.013746094080869846 0.006983130999216009 0.018441558441558446 0.002875816993464052 0.02283624107631618
0 0.00641025641025641 0.0 1.0 0.0 0.014389588520182737 0.005512126355272083 0.015234765234765238 0.0022624434389140274 0.020769899770544685