0 0.07692307692307693 0.0 1.0 0.0 0.03012289126392765 0.010933708213095378 0.014221073044602454 0.0036732929991356955 0.07692307692307693
0 0.015151515151515152 0.0 1.0 0.0 0.011754963252899757 0.004327173916252841 0.00848824378236143 0.0029792305073203956 0.022906658784419793
0 0.011904761904761904 0.0 1.0 0.0 0.011683480638402735 0.007969897181235362 0.010304121648659462 0.003109951845906903 0.019645349222570448
0 0.007142857142857143 0.0 1.0 0.0 0.012821934489198663 0.006617967101398522 0.017767106842737097 0.001845906902086677 0.021060302489863066
0 0.010526315789473684 0.0 1.0 0.0 0.014459665861738927 0.012666875503887313 0.011941618752764265 0.0013305736250739206 0.03534555322775507
0 0.011904761904761904 0.0 1.0 0.0 0.01637518601444196 0.006383376653147138 0.013405362144857946 0.0004012841091492777 0.04384436716024852
0 0.01020408163265306 0.0 1.0 0.0 0.023949954569800473 0.004094539384023462 0.011804721888755502 0.0008025682182985554 0.03483176730699071
0 0.017857142857142856 0.0 1.0 0.0 0.014543097482997579 0.010918771690729231 0.010404161664665864 0.0 0.0005935755163139671
0 0.018518518518518517 0.0 1.0 0.0 0.004319463529353985 0.0 0.0070028011204481795 0.0 0.0012893804966544803
0 0.004347826086956522 0.0 1.0 0.0 0.014225041055781184 0.01130910157636474 0.010717330410425042 0.0012212994626282364 0.033966006978646456
0 0.005050505050505051 0.0 1.0 0.0 0.016285416226770225 0.014126011573906777 0.012760659819483352 0.0020287141073657925 0.03644993880701633
0 0.00641025641025641 0.0 1.0 0.0 0.0049293865791515575 0.01028884255472562 0.0053867700926524455 0.0 0.00043308328341531895
0 0.002849002849002849 0.0 1.0 0.0 0.012417091131351164 0.013102988058708158 0.011204481792717087 0.0006242197253433209 0.028906328312669646
0 0.0047619047619047615 0.0 1.0 0.0 0.002540576942418043 0.0012738566972517436 0.007096171802054155 0.0003745318352059925 0.00032531719069314236
0 0.0044444444444444444 0.0 1.0 0.0 0.0 0.0025477133945034872 0.007656395891690009 0.0 0.0009574670146341904
0 0.003472222222222222 0.0 1.0 0.0 0.010747532273305209 0.006152945414922905 0.009337068160597574 0.0006242197253433209 0.03306265310738504
0 0.0032679738562091504 0.0 1.0 0.0 0.010320502013422205 0.005017935176842259 0.016495487083722376 0.0010923845193508116 0.034018332720847394
0 0.0013550135501355014 0.0 1.0 0.0 0.014051899305021327 0.005630362159393466 0.012365921978547516 0.0011647026582625377 0.01668424190997879
1 0.04 0.0 1.0 0.08 0.01648137043631921 0.012901602793087307 0.008979591836734696 0.0038225255972696233 0.04000000000000001
0 0.014705882352941176 0.0 1.0 0.0 0.006069947435425121 0.008194010957628159 0.009803921568627453 0.003814495081308972 0.007968476576043642
0 0.016666666666666666 0.0 1.0 0.0 0.011115063490767355 0.006411565909293575 0.017517006802721086 0.005802047781569964 0.028238052712458307
0 0.009615384615384616 0.0 1.0 0.0 0.011228318697634056 0.011594351720603599 0.011381475667189953 0.0022315568390653714 0.024672719922239357
0 0.01 0.0 1.0 0.0 0.006112885831959012 0.00928654575197858 0.007993197278911564 0.0013651877133105802 0.015859562250968358
0 0.006944444444444444 0.0 1.0 0.0 0.00980667830439814 0.012129394210379459 0.007511337868480726 0.0005688282138794084 0.021610527509679067
0 0.005714285714285714 0.0 1.0 0.0 0.005819669039621321 0.006072290990777131 0.010068027210884354 0.0005460750853242321 0.019011550794297945
0 0.005 0.0 1.0 0.0 0.00938392385960245 0.005557543763042736 0.010068027210884352 0.0012286689419795222 0.01990353980928762
0 0.0101010101010101 0.0 1.0 0.0 0.0010453970160592253 0.004221157159990264 0.009276437847866418 0.0 0.0010972802060144958
0 0.0058823529411764705 0.0 1.0 0.0 0.004600544429018356 0.009674596811450083 0.008603441376550619 0.0008030515960650472 0.012671647667995318
0 0.004329004329004329 0.0 1.0 0.0 0.009433060250981553 0.007738788126648817 0.007774538386783284 0.0 0.023559833863659292
1 0.003472222222222222 0.0 1.0 0.0 0.005815385795638441 0.0032444723974153593 0.0076530612244897975 0.0002844141069397042 0.015822789307149126
0 0.0034965034965034965 0.0 1.0 0.0 0.006854208982648039 0.0031658678699926983 0.007266542980828696 0.0 0.016537977520478725
0 0.047619047619047616 0.0 1.0 0.09523809523809523 0.008714601879114856 0.001862035346163134 0.010647331634985954 0.0016352694924123494 0.04761904761904763
0 0.03333333333333333 0.0 1.0 0.0 0.01764863940989988 0.006335493097412912 0.009510745313214448 0.002197802197802198 0.029275830302622326
0 0.011494252873563218 0.0 1.0 0.0 0.00305304022346317 0.0007438629109343491 0.008987275909370417 0.0015157256536566886 0.00024295909900800655
0 0.016666666666666666 0.0 1.0 0.0 0.0016302242445473726 0.0006882550046888073 0.021307727480566984 0.002655677655677656 0.0008944030697448824
0 0.006896551724137932 0.0 1.0 0.0 0.010160807458787618 0.006126631406897672 0.01698122132349463 0.0023683213338385753 0.02105756501092749
0 0.005376344086021505 0.0 1.0 0.0 0.006817700348180462 0.0049188696533598525 0.01305367494136909 0.0019939737681673167 0.02371424534034072
0 0.003401360544217687 0.0 1.0 0.0 0.009438629197030804 0.006059055272180531 0.011823110588542685 0.0015371533228676084 0.008579345358948732
0 0.003787878787878788 0.0 1.0 0.0 0.010217842928906934 0.005338948924570812 0.01587895415055909 0.0012071262071262072 0.01796995542924301
0 0.01111111111111111 0.0 1.0 0.0 0.0051812350141505125 0.003737579540288083 0.01111111111111111 0.0002747252747252747 0.000527639670578165
0 0.0029411764705882353 0.0 1.0 0.0 0.00967532812994622 0.0029997971174718753 0.01315258613733559 0.0008484162895927602 0.008078857030754685
0 0.006493506493506494 0.0 1.0 0.0 0.00585740359464885 0.006130177608787632 0.015089163237311383 0.0010792778649921508 0.023448456202149616
0 0.013888888888888888 0.0 1.0 0.0 0.004543157670851224 0.001557324808453368 0.01417466849565615 0.0 0.0021302103345722605
0 0.003076923076923077 0.0 1.0 0.0 0.006312763717323677 0.006047840027034979 0.007572016460905352 0.0007692307692307692 0.026582358798504804
0 0.0017421602787456446 0.0 1.0 0.0 0.007485103068901938 0.003890272359272818 0.015892134229984273 0.0017756633610292148 0.01304172557980961
0 0.0017543859649122807 0.0 1.0 0.0 0.009001350736663543 0.006724946813126294 0.009890982600534256 0.0010844418739155582 0.015210749805644238
0 0.002403846153846154 0.0 1.0 0.0 0.010204324885138448 0.00861487286892993 0.009760472723435686 0.0013736263736263735 0.01767158343627142
0 0.004524886877828054 0.0 1.0 0.0 0.005728906745236915 0.0039767432554641486 0.005592487073968555 0.000422654268808115 0.0014221338438272938
0 0.0029239766081871343 0.0 1.0 0.0 0.006682510246836654 0.002067370836785507 0.010324164320265686 0.00028918449971081553 0.00039796055265475664
0 0.002770083102493075 0.0 1.0 0.0 0.004745837506238788 0.004125409903597392 0.012490072918922823 0.0007952573742047428 0.014252788371690002
0 0.00625 0.0 1.0 0.0 0.014377465293027834 0.008175955244380181 0.01731824417009602 0.0010302197802197802 0.0028227468577963636
0 0.003663003663003663 0.0 1.0 0.0 0.0018599625780795236 0.0035938264810462337 0.008547008547008546 0.0 0.0010670449220191423
0 0.0018181818181818182 0.0 1.0 0.0 0.013088162890467466 0.006760621699161443 0.010644718792866941 0.0006593406593406593 0.02302020361456746
0 0.0018115942028985507 0.0 1.0 0.0 0.006668009921008608 0.0051197792565675386 0.010973936899862825 0.0006868131868131869 0.001422373335308518
0 0.0015432098765432098 0.0 1.0 0.0 0.007814274167960806 0.004152866155875647 0.010973936899862825 0.0009666259666259667 0.008877270512749778
0 0.004 0.0 1.0 0.0 0.01510320320198083 0.007475159080576166 0.006858710562414268 0.0002747252747252747 0.0008540327024433041
0 0.002564102564102564 0.0 1.0 0.0 0.007012652744037859 0.004983439387050777 0.004298125285779607 0.0 0.03054227984537575
0 0.0030864197530864196 0.0 1.0 0.0 0.013419000008123308 0.0038933120211334196 0.006858710562414265 0.00045787545787545793 0.021538707251874956
0 0.002747252747252747 0.0 1.0 0.0 0.0029434455009049888 0.0029715866291513816 0.011712567268122821 0.0007396449704142013 0.0005216109739272982
0 0.0011494252873563218 0.0 1.0 0.0 0.007355129013407974 0.0036061615434667166 0.013991769547325101 0.0007326007326007327 4.139455678476121e-05
0 0.0012345679012345679 0.0 1.0 0.0 0.003235212747690525 0.0016650522000547804 0.013310979017426205 0.0010175010175010176 0.0001297560042171318
0 0.0009487666034155598 0.0 1.0 0.0 0.003076154216473691 0.0007935197069109858 0.013878802549826513 0.0007676147382029735 0.007366152218957408
0 0.0013020833333333333 0.0 1.0 0.0 0.008092123693388015 0.004177756463645783 0.006172839506172839 0.0006868131868131869 0.0011319725147243406
0 0.004329004329004329 0.0 1.0 0.2857142857142857 0.0031350137018822744 0.0 0.012737605330197924 0.0 0.0023860237023235163
0 0.045454545454545456 0.0 1.0 0.0 0.0032030966824426214 0.004601186934066768 0.008510063487775226 0.0014204545454545461 0.045454545454545456
0 0.045454545454545456 0.0 1.0 0.0 0.008256710757353765 0.007907056838160039 0.007024179386735107 0.0017586580086580087 0.0017640863368011545
0 0.0101010101010101 0.0 1.0 0.0 0.007614397676160306 0.006217553965107977 0.011661938853617902 0.0018939393939393949 0.0003278842523570772
0 0.010416666666666666 0.0 1.0 0.0 0.006692798302641276 0.0025128153836491865 0.009905894006934125 0.0018601190476190473 0.00028974002624964436
0 0.028571428571428574 0.0 1.0 0.0 0.007641366453543221 0.007657010636553809 0.0063680747187433665 0.001913265306122449 0.004034265280965212
0 0.01111111111111111 0.0 1.0 0.0 0.0023935569813981834 0.006748407503297926 0.006736007924715206 0.0014880952380952384 0.003444261383346109
0 0.015873015873015872 0.0 1.0 0.0 0.01085337885649522 0.004936026906954676 0.010731385174178636 0.001488095238095238 0.0028286751137663584
0 0.006578947368421052 0.0 1.0 0.0 0.0013791034306509073 0.0021310760536730295 0.013451161335731602 0.0015664160401002512 0.0003393883951768279
0 0.008547008547008546 0.0 1.0 0.0 0.006238078591273973 0.006420747957302622 0.008686707052234541 0.0014880952380952382 0.0007376960140104882
0 0.005555555555555556 0.0 1.0 0.0 0.001625812963981914 0.0016871018758244816 0.016344725111441305 0.0009093915343915342 0.0004451721069371863
0 0.006993006993006993 0.0 1.0 0.0 0.002826508944320336 0.0023359872126800514 0.014401645902388845 0.00022893772893772894 0.0034193820530657735
0 0.009259259259259259 0.0 1.0 0.0 0.0031878111278363583 0.005623672919414939 0.01436354631005448 0.0 0.005594815617799485
0 0.0032051282051282055 0.0 1.0 0.0 0.00417247310178079 0.005061305627473444 0.011453689945517582 0.00031001984126984125 0.0009779646427182213
1 0.005494505494505494 0.0 1.0 0.0 0.011484227804299859 0.009754150194407948 0.0064007315121728196 0.0009157509157509158 0.001412602775644661
0 0.001851851851851852 0.0 1.0 0.0 0.0044404629593542575 0.004514011215557907 0.01040118870728083 0.0006613756613756613 0.00033378061842165155
0 0.00390625 0.0 1.0 0.0 0.005328096901092072 0.003163316017170903 0.010494056463595839 0.00027901785714285713 0.001470882834152083
0 0.004524886877828054 0.0 1.0 0.0 0.0053910999912889414 0.007007961638040154 0.009029603383243798 0.00022893772893772894 0.0009691979380614381
0 0.0020576131687242796 0.0 1.0 0.0 0.00518426446582097 0.003926522456906487 0.0104562214517638 0.000496031746031746 0.010425790012752175
0 0.003095975232198142 0.0 1.0 0.0 0.007162020142451803 0.006163322266239653 0.0077790402936806224 0.0006127450980392157 0.001297140932689034
0 0.002631578947368421 0.0 1.0 0.0 0.0051292408344466665 0.00586045914760083 0.006256354109642605 0.0005482456140350877 0.0013670012276649245
0 0.0020703933747412005 0.0 1.0 0.0 0.003422101622167746 0.0034312153044432315 0.009238322889075522 0.0007763975155279503 0.0006428357469169802
0 0.0011363636363636363 0.0 1.0 0.0 0.00522355001226949 0.004598316321813374 0.007057949479940565 0.0002976190476190476 0.0007637449176706931
0 0.004347826086956522 0.0 1.0 0.0 0.009186149367208688 0.014171655756925644 0.00787518573551263 0.001488095238095238 0.002822492859485494
0 0.0037878787878787876 0.0 1.0 0.0 0.0007141730865769659 0.0036809495472534147 0.0032419289477238957 0.00027056277056277056 0.01611779070376352
0 0.0023529411764705885 0.0 1.0 0.0 0.007549229196097802 0.007747967079154109 0.011712262914080937 0.0010504201680672268 0.0015136731330247953
0 0.0032051282051282055 0.0 1.0 0.0 0.008634443353854375 0.007647301583897224 0.00829618623080733 0.001488095238095238 0.002019166800482082
0 0.0026455026455026454 0.0 1.0 0.0 0.011310392672604605 0.0035540614021809087 0.014752706431755467 0.0006377551020408163 0.016391789461683452
0 0.001152073732718894 0.0 1.0 0.0 0.004519436071551475 0.0024402668571494998 0.011024301394813788 0.0008640552995391705 0.008434222118358335
0 0.002028397565922921 0.0 1.0 0.0 0.007492403731256799 0.005070528361687191 0.010313783760160825 0.0007878151260504201 0.0010088588373050958
0 0.001851851851851852 0.0 1.0 0.0 0.005264857056856234 0.0 0.0070166749215783385 0.00033068783068783067 0.000309815090473717
0 0.0018975332068311196 0.0 1.0 0.0 0.006456299537366875 0.0008772120612913612 0.006293156192640504 0.00017507002801120448 0.001523514547149743
0 0.001358695652173913 0.0 1.0 0.0 0.008995730136132873 0.00325182938814925 0.011757865495187024 0.0007763975155279503 0.0018292706324465893
0 0.0009182736455463728 0.0 1.0 0.0 0.006327008401404487 0.003484813930236445 0.010581295871043266 0.0005862193362193361 0.0003496665253903799
0 0.0017301038062283738 0.0 1.0 0.058823529411764705 0.0031380057793529282 0.0035099322735701933 0.0063805611397605095 0.0007002801120448179 0.003104034114814358
0 0.0008928571428571428 0.0 1.0 0.03125 0.0034793017861939383 0.0018646515203341652 0.005386329866270433 0.000511532738095238 0.0007845490691896275
0 0.038461538461538464 0.0 1.0 0.0 0.005079444645994928 0.006599354599836836 0.006594844945630286 0.0015122492186712376 0.03846153846153847
0 0.041666666666666664 0.0 1.0 0.0 0.01065813158686998 0.005200607617220421 0.004908376963350786 0.0013106159895150719 0.07254781136588427
0 0.013333333333333332 0.0 1.0 0.0 0.006430303663890905 0.0075636134207224225 0.014240837696335076 0.0017300131061598956 0.03562943003210651
1 0.027777777777777776 0.0 1.0 0.0 0.007202699704747551 0.00513604064882282 0.006399069226294357 0.00145623998835008 0.0016102521875468367
0 0.006896551724137932 0.0 1.0 0.0 0.002753549494956224 0.004188170967398032 0.01164470120960462 0.0014461969539476664 0.00010608934246702462
0 0.007936507936507936 0.0 1.0 0.0 0.010093707263183363 0.0041588749467717165 0.007105459985041136 0.0014354365599450786 0.03830663323352228
0 0.004201680672268907 0.0 1.0 0.0 0.004374180950387035 0.0045061262930906655 0.009123806590699106 0.001387711047721842 0.00010640499583309553
0 0.00625 0.0 1.0 0.0 0.00972038720643562 0.006806586036278701 0.010929319371727749 0.0017693315858453473 0.03743085568348638
0 0.007936507936507936 0.0 1.0 0.0 0.004497211397830926 0.0025472363839446964 0.011873597606581897 0.0013106159895150719 0.00043205948472876027
0 0.002173913043478261 0.0 1.0 0.0 0.0035321130880360783 0.005117277819819076 0.012690644206692464 0.0011966493817311525 0.00020958022811552984
0 0.006993006993006993 0.0 1.0 0.0 0.0020293257447778308 0.0027431776442481343 0.0076520338300443014 0.0 0.002362279090727587
0 0.006944444444444444 0.0 1.0 0.0 0.006557926109720217 0.0044576636719032186 0.013307155322862129 0.00043687199650502403 0.000146995647299167
0 0.008547008547008548 0.0 1.0 0.0 0.005616339128345194 0.005143106233139818 0.015125072716695751 0.0010193679918450561 0.0019222687344495452
0 0.002976190476190476 0.0 1.0 0.0 0.00559785097557245 0.0038736632862853213 0.006599040139616055 0.00038226299694189603 8.215578538635609e-05
0 0.002777777777777778 0.0 1.0 0.0 0.004573083561192158 0.003830308788543525 0.010089441535776613 0.000491480996068152 0.00047383297643816745
0 0.003676470588235294 0.0 1.0 0.0 0.003892278368484483 0.0036710171415673563 0.01108715737603942 0.0001541901164135379 0.0001978089263934261
0 0.0029411764705882353 0.0 1.0 0.1 0.006156565439179955 0.004011897304712897 0.01263089005235602 0.00045871559633027525 0.0001469051150329425
0 0.0018518518518518517 0.0 1.0 0.0 0.007834717407905005 0.006071095606483123 0.009293193717277489 0.0009174311926605503 0.024100870267528576
0 0.003289473684210526 0.0 1.0 0.0 0.00994328480207123 0.005769322840915384 0.008017015706806284 0.000163826998689384 0.048058328689838024
0 0.001851851851851852 0.0 1.0 0.0 0.001224968849866451 0.0029717757812688125 0.007756447547023462 9.708266589000534e-05 0.0008057576907866174
0 0.001984126984126984 0.0 1.0 0.0 0.0022933700898798907 0.0022288318359516093 0.01368891797556719 0.00038226299694189603 0.0003013807785779283
0 0.0021645021645021645 0.0 1.0 0.0 0.008393982230271005 0.006792630357185856 0.009349289454001495 0.0005616925669350309 0.0360569334528917
0 0.002557544757033248 0.0 1.0 0.0 0.006745329673572807 0.004238935181935031 0.012165075454265473 0.0004625703492406136 0.00037442027140498153
0 0.0027777777777777775 0.0 1.0 0.0 0.0024809050885963896 0.003928524041650221 0.010645724258289706 0.0010484927916120576 0.0002962126618849858
0 0.000784313725490196 0.0 1.0 0.0 0.00400190556668355 0.002971775781268812 0.007545426547582381 0.00017988846914912754 0.01517110112258993
0 0.0019230769230769232 0.0 1.0 0.0 0.0013886200593055801 0.0 0.00975130890052356 0.000327653997378768 0.0004890976710536949
0 0.001763668430335097 0.0 1.0 0.0 0.003416249787078166 0.0008490787946482321 0.018324607329842934 0.0003744617112900206 0.00014751699529707137
0 0.0008710801393728223 0.0 1.0 0.0 0.0032840512049373913 0.0004348940167710457 0.010886221427659302 0.0002557299491736726 4.760882475710532e-05
0 0.0011890606420927466 0.0 1.0 0.0 0.0026931862594595365 0.0 0.008665824155984835 0.00022596827405432275 0.0005573875188667956
0 0.0007246376811594203 0.0 1.0 0.0 0.0030983013228115066 0.00173100302215221 0.009873662645117234 0.0008832412103253746 0.00019664585909553905
0 0.0013440860215053762 0.0 1.0 0.0 0.004029423001774417 0.000915089101668327 0.012925392670157068 0.000600698995194408 0.0001027608282355829
0 0.001736111111111111 0.0 1.0 0.0 0.002933746680081313 0.0 0.014397905759162302 0.0004368719965050241 0.00040692867025315585
0 0.0033670033670033673 0.0 1.0 0.0 0.0025466421902367834 0.0 0.013089005235602092 0.000582495995340032 0.0032040385780439293
1 0.07692307692307693 0.0 1.0 0.0 0.006971647058392219 0.0016576382332851051 0.012820512820512822 0.0010559662090813095 0.07692307692307691
0 0.015151515151515152 0.0 1.0 0.0 0.006412204851343531 0.005141299849248413 0.007639688019434856 0.0012159610892451436 0.00010757378839003706
0 0.02564102564102564 0.0 1.0 0.0 0.006346463392118741 0.0032026703126330903 0.009899383317104837 0.0012184225489399725 0.06760889423056037
0 0.013888888888888888 0.0 1.0 0.0 0.006402207566937657 0.005066292597548639 0.0083216127519925 0.0013492901560483398 0.0001911111434912838
0 0.013333333333333334 0.0 1.0 0.0 0.008094279467027345 0.004788732673934749 0.009845288326300985 0.0009855684618092224 0.007853529130692675
0 0.01111111111111111 0.0 1.0 0.0 0.011894085947931501 0.011545287531902317 0.021237693389592128 0.002393523407250968 0.00032676148820699676
0 0.009523809523809523 0.0 1.0 0.0 0.005955448779581823 0.004869532921697245 0.01582278481012658 0.001407954945441746 0.0005475219603369529
0 0.011363636363636364 0.0 1.0 0.0 0.00676998090762684 0.008549802727960354 0.007671653241273496 0.0019199385619660175 0.0029352504462300867
0 0.0065359477124183 0.0 1.0 0.0 0.002631554713657247 0.004131224065460468 0.009059319930503849 0.0011801975277967577 0.0012502046384880701
0 0.016666666666666666 0.0 1.0 0.0 0.0026584705917390614 0.0011971831684836872 0.007208157524613221 0.0008799718409010912 0.01312116409533621
0 0.004329004329004329 0.0 1.0 0.0 0.00925527862215523 0.002898276961405073 0.01290938316254772 0.0011565344194700057 0.03137400270514475
0 0.004629629629629629 0.0 1.0 0.0 0.004250146839441977 0.0042676816176749725 0.012189404594467886 0.0011732957878681219 0.00024390249576892802
0 0.003344481605351171 0.0 1.0 0.0 0.0064935776623704115 0.004996938442366695 0.006053935057787562 0.0010559662090813095 0.035948009811262525
0 0.0047619047619047615 0.0 1.0 0.0 0.004107211404776595 0.004967124921776083 0.015119549929676514 0.0013375571981696587 0.000878479881727776
0 0.003333333333333333 0.0 1.0 0.0 0.004820762120957785 0.005547649193132994 0.01787974683544304 0.0007919746568109821 0.00032669355288584846
0 0.005208333333333333 0.0 1.0 0.0 0.010448251179411658 0.004788732673934749 0.006680731364275668 0.00017599436818021823 0.0037724173755307373
0 0.0028011204481792717 0.0 1.0 0.0 0.009287326385991461 0.0026259331990374753 0.007785814747840065 0.00010056821038869612 0.0011355803652222216
0 0.006172839506172839 0.0 1.0 0.0 0.0024619555344856797 0.0023943663369673743 0.011368963900609472 0.0 0.0016874146397065613
0 0.004048582995951417 0.0 1.0 0.0 0.011575930087240918 0.004794438168514547 0.015173644920480366 0.00032491267971732594 0.0015075750419463148
0 0.0029411764705882353 0.0 1.0 0.0 0.0010877355068699102 0.0038028171234187713 0.004157359146190122 0.00012423131871544817 0.003530697557500294
0 0.0019047619047619048 0.0 1.0 0.0 0.006569480727436622 0.0087679238185184 0.0150210970464135 0.0018585005279831046 0.0001964201200626296
0 0.0030303030303030303 0.0 1.0 0.0 0.006864941524975108 0.006611586223712934 0.01877637130801688 0.0007743752199929603 0.0002379545789101643
0 0.002173913043478261 0.0 1.0 0.0 0.00877686154606503 0.005261541783994285 0.012025316455696202 0.0006863780359028512 0.0010370305284921062
0 0.003472222222222222 0.0 1.0 0.0 0.0021684077327999447 0.0041901410896929055 0.010372714486638538 0.0004399859204505456 0.0014494234340912814
0 0.002 0.0 1.0 0.0 0.004640905517336592 0.004977942208100852 0.01418776371308017 0.0004751847940865892 0.00011059556689013517
0 0.002564102564102564 0.0 1.0 0.0 0.005069716240458311 0.0037896867268618207 0.009845288326300985 0.0006335797254487856 0.00023610644894400993
0 0.0026455026455026454 0.0 1.0 0.0 0.011318956680642252 0.005906207634587849 0.016576250753465943 0.0010559662090813095 0.00023059944929964662
0 0.002232142857142857 0.0 1.0 0.0 0.0025330408289213004 0.003142605817269679 0.011141877637130803 0.0007259767687434002 0.005763639524552334
0 0.0016420361247947454 0.0 1.0 0.0 0.008062537333889655 0.006168079845006731 0.014667470363672894 0.0010056821038869615 0.00014667586875756296
0 0.004166666666666667 0.0 1.0 0.0 0.007765557801940457 0.00803285503647451 0.013317510548523209 0.0005279831045406547 0.0011738167871995487
0 0.005376344086021505 0.0 1.0 0.0 0.0018163762715528858 0.003591549505451061 0.012130801687763712 0.0 0.0037314823695505255
0 0.003125 0.0 1.0 0.0 0.0 0.004309859406541274 0.007805907172995781 0.0 0.002720982233197045
0 0.0017825311942959003 0.0 1.0 0.0 0.008938882699238202 0.005642529196339395 0.005088111193844626 0.0008075035716504131 0.040241881974051354
0 0.001547987616099071 0.0 1.0 0.10526315789473684 0.0051891510255617215 0.004064455436880621 0.009604707972462804 0.00033346301339409767 0.0001981457942579507
0 0.0017857142857142857 0.0 1.0 0.0 0.008351237704094011 0.00161278975257771 0.005933544303797469 0.000395987328405491 0.0008988090829220445
0 0.0021367521367521365 0.0 1.0 0.0 0.0009147693100294273 0.0017155823391966853 0.009574813372281728 0.00032491267971732594 0.005306258899289453
0 0.0011750881316098707 0.0 1.0 0.0 0.006345687236630586 0.0021379783428400996 0.008392955421023666 0.00041320416877094717 0.0001361366837493989
0 0.0020242914979757085 0.0 1.0 0.0 0.0041007495214862525 0.001759759695298325 0.01590392729633236 0.0004873690195759889 0.0007367437625255275
0 0.0010256410256410256 0.0 1.0 0.0 0.0052536086716025235 0.004506774681516205 0.004852320675105486 0.0008025343189017953 0.0008518904491475277
0 0.0035714285714285718 0.0 1.0 0.0 0.004925557797796025 0.0 0.00406871609403255 0.0 0.004736517644881225
0 0.0022172949002217295 0.0 1.0 0.0 0.0005097689418676281 0.0 0.003931722286152666 0.0 0.011782093506025278
0 0.0012531328320802004 0.0 1.0 0.0 0.0050785600707082225 0.0010891043224452066 0.007106373528758605 0.00044461735119213024 0.042623292674574736
0 0.002583979328165375 0.0 1.0 0.0 0.0022472783969766296 0.0 0.006680731364275669 0.0 0.006813530771526595
0 0.0010822510822510823 0.0 1.0 0.0 0.00661891204725036 0.0012063510448247117 0.00959413301185453 0.0004022728415547845 0.030196653068314316
0 0.0011695906432748538 0.0 1.0 0.0 0.005489503837542419 0.0 0.012380635132134133 0.00011115433779803256 0.044929967094742285
0 0.0010351966873706005 0.0 1.0 0.0 0.0014161674595311823 0.0 0.009644364074743823 0.0002514205259717403 0.0006049117179311259
0 0.0011198208286674132 0.0 1.0 0.0 0.002371887114127241 0.0 0.01015989340439707 0.00011115433779803256 0.00029869723929247825
0 0.001736111111111111 0.0 1.0 0.0 0.0027712365314401474 0.0 0.0011427566807313643 0.00017599436818021823 0.003606211295943875
0 0.0006802721088435374 0.0 1.0 0.0 0.006061244731607364 0.0 0.011111111111111112 7.039774727208729e-05 0.01716041050873258
0 0.002 0.0 1.0 0.0 0.0011085260945871134 0.0 0.006118143459915612 0.0 0.008601539314639726
0 0.00196078431372549 0.0 1.0 0.0 0.007975946379783789 0.0034910953063897908 0.018248945147679323 0.0011615628299894403 0.0023894698119473388
0 0.0006009615384615385 0.0 1.0 0.0 0.006112134164663597 0.0012406115613475999 0.005010548523206752 0.0001979936642027455 0.023290982412541565
0 0.0009930486593843098 0.0 1.0 0.0 0.0052582163782741225 0.0004125329083494686 0.008050188763046858 0.00011115433779803256 0.04378256811158523
0 0.0012345679012345679 0.0 1.0 0.0 0.006236095122636313 0.0008601545347081119 0.005555555555555555 0.00014079549454417458 0.05526532704719849
0 0.00202020202020202 0.0 1.0 0.0 0.0073219515747792886 0.007257270440439488 0.006797937177684014 0.001407954945441746 0.004036187975349417
0 0.0013736263736263735 0.0 1.0 0.0 0.0018512763630821813 0.0 0.005030834144758195 0.00024368450978799449 0.0033823586512732357
0 0.0011695906432748538 0.0 1.0 0.0 0.002229474768577765 0.002269514137886395 0.008016877637130802 0.0007039774727208729 0.0041073864702770345
0 0.0021551724137931034 0.0 1.0 0.0 0.0015372994959906789 0.0 0.008438818565400843 0.0 0.0117381383894821
0 0.0018832391713747645 0.0 1.0 0.2222222222222222 0.002735182509385581 0.0 0.007735583684950775 0.0 0.0019282639720642515
0 0.0023809523809523807 0.0 1.0 0.2857142857142857 0.0 0.0 0.0016576250753465942 0.0 0.022574816210226886
1 0.01639344262295082 0.0 1.0 0.0 0.005629583285110153 0.01155190313009674 0.019509551551280306 0.004781420765027323 0.01639344262295082
0 0.014705882352941176 0.0 1.0 0.0 0.013415175110829028 0.03224522257748885 0.012882839086047643 0.000980392156862745 0.00011846804693326646
0 0.01282051282051282 0.0 1.0 0.0 0.0033239046438159007 0.008276693811595305 0.021296884933248567 0.000641025641025641 0.001828403844231099
0 0.038461538461538464 0.0 1.0 0.0 0.01223013610871316 0.009074795097965393 0.008944543828264758 0.0026903148664806694 0.038461538461538464
0 0.015625 0.0 1.0 0.0 0.009904795442634933 0.008794711636154282 0.009770671834625324 0.002833549222797927 0.011724605783442288
0 0.02564102564102564 0.0 1.0 0.0 0.006321269275664628 0.002615058465006841 0.00934207910952097 0.0025906735751295333 0.0006238097604543178
0 0.007142857142857143 0.0 1.0 0.0 0.008239512410132184 0.008575235529817095 0.007382798080472497 0.002146558105107328 0.029800398605120165
0 0.008695652173913044 0.0 1.0 0.0 0.002025988271439245 0.003064832062772837 0.008088978766430737 0.0 0.00027339212445472513
0 0.005208333333333333 0.0 1.0 0.0 0.014267035162898716 0.005177913371572012 0.011870155038759688 0.0009715025906735751 0.02615610402331297
0 0.010989010989010988 0.0 1.0 0.0 0.0023038156239297202 0.0020697317062137147 0.00894454382826476 0.0007971303308090873 0.0006938997093801641
0 0.004166666666666667 0.0 1.0 0.0 0.007552856516520965 0.004080493974929383 0.007924203273040482 0.0006908462867012091 0.006901404238907105
0 0.0038314176245210726 0.0 1.0 0.0 0.012231514178213778 0.005214542301827558 0.008821170809943865 0.0008040021440057173 0.03286319285726717
0 0.004347826086956522 0.0 1.0 0.0 0.008619679993195984 0.008739912489271438 0.007864284911807662 0.0014642937598558234 0.04898125782690855
0 0.005681818181818182 0.0 1.0 0.0 0.007377694667906319 0.00737815298075629 0.00516795865633075 0.0009715025906735751 0.003354325327140151
0 0.011904761904761904 0.0 1.0 0.0 0.0030811655868348557 0.002517540622991973 0.012181616832779624 0.0 0.0029348778997132638
0 0.004273504273504274 0.0 1.0 0.0 0.012341634801304936 0.007207787132913021 0.010048808498420903 0.0007196315486470927 0.05234088123127735
0 0.005952380952380952 0.0 1.0 0.0 0.014798818435895847 0.007180880765260795 0.012919896640826876 0.0015112262521588947 0.08443612896271419
0 0.005128205128205128 0.0 1.0 0.0 0.009191435478068152 0.008682900032947844 0.011130987875173921 0.0015942606616181746 0.00044939846054377347
0 0.0026041666666666665 0.0 1.0 0.0 0.00942256269619147 0.009535622403413919 0.007859603789836347 0.0007556131260794474 0.009911663427936692
0 0.0028011204481792717 0.0 1.0 0.0 0.010929461682950144 0.009154914838053094 0.005906238464377999 0.0007401924500370096 0.044656398381728
0 0.0027777777777777775 0.0 1.0 0.0 0.012789402988120124 0.012778073835274073 0.006459948320413437 0.0012953367875647669 0.046265191850196674
0 0.043478260869565216 0.0 1.0 0.0 0.008967191521417865 0.006082190892007782 0.009480222294867603 0.002403320952589031 0.043478260869565216
0 0.038461538461538464 0.0 1.0 0.0 0.003305110119110925 0.00135545338126014 0.01021785232311548 0.002512562814070352 0.003347961647923554
0 0.008771929824561403 0.0 1.0 0.0 0.00784991755301854 0.004947523300487134 0.008640021105395065 0.002446442740015867 0.008170458248861083
0 0.009615384615384616 0.0 1.0 0.0 0.005876114879434156 0.004947843281960407 0.007807981492192018 0.0020293776575183607 0.00890110659527306
0 0.0058823529411764705 0.0 1.0 0.0 0.014236198721732528 0.005194127067073957 0.013121037888839745 0.0011084835944428022 0.016720574063070957
0 0.01282051282051282 0.0 1.0 0.0 0.002906580877984898 0.0020073277351720952 0.008482745324850587 0.0007730962504831852 0.0010183836156931842
0 0.004464285714285714 0.0 1.0 0.0 0.013243424694579379 0.010706970541257832 0.009868421052631578 0.0008636934673366835 0.018534807041625263
0 0.003676470588235294 0.0 1.0 0.0 0.012387805013731249 0.003500327893686237 0.009582780480613298 0.00014779781259237365 0.013766427940185587
0 0.008547008547008546 0.0 1.0 0.0 0.012260138482252842 0.016733415775451968 0.013688066319645266 0.00367220718979513 0.02652138479919143
0 0.005 0.0 1.0 0.0 0.017365830836023315 0.01030781146011596 0.014285714285714285 0.0010050251256281408 0.020077653183240715
0 0.003787878787878788 0.0 1.0 0.0 0.009361659128434242 0.0021364305161194444 0.005952380952380952 0.0 0.011569468329431475
0 0.007575757575757575 0.0 1.0 0.0 0.02542416421071689 0.02014624230237726 0.01389838231943495 0.002512562814070352 0.039304386486686896
0 0.0027472527472527475 0.0 1.0 0.0 0.009280870332428944 0.005512587392429509 0.006534192624418188 0.0007178750897343862 0.014064195653404988
0 0.0024630541871921183 0.0 1.0 0.0 0.02110834635169389 0.010674534256579408 0.012012790597182611 0.0011263212614798129 0.011619390046393068
0 0.0026666666666666666 0.0 1.0 0.0 0.013654698062580224 0.01535948325032429 0.012431077694235588 0.002311557788944724 0.016453698298578096
0 0.001736111111111111 0.0 1.0 0.0 0.006176782514189704 0.005850499842073419 0.006265664160401002 0.0004187604690117253 0.0004591434290688104
0 0.05555555555555555 0.0 1.0 0.0 0.02378573170222773 0.01253066135137697 0.01608187134502924 0.0051395007342143915 0.05555555555555555
1 0.011904761904761904 0.0 1.0 0.047619047619047616 0.008759539791341068 0.013763329298215225 0.010338345864661654 0.004615061883784355 0.015729209081568687
0 0.01515151515151515 0.0 1.0 0.0 0.012826127962186936 0.00856797148697795 0.012958532695374803 0.0006007208650380457 0.03212288029554114
0 0.00625 0.0 1.0 0.0 0.010055477997963757 0.008547505907357466 0.01107456140350877 0.0007709251101321587 0.019179556777137848
0 0.0064516129032258064 0.0 1.0 0.0 0.013700788945851508 0.007848527543386503 0.012308998302207132 0.000994742077589882 0.019040265286488646
0 0.00980392156862745 0.0 1.0 0.0 0.012655435253449556 0.005288205309658703 0.012383900928792569 0.0005182689816014512 0.047308955586041174
0 0.007936507936507936 0.0 1.0 0.0 0.01099008637822326 0.015969495572932778 0.015107212475633526 0.0012236906510034264 0.016618529605217973
0 0.015625 0.0 1.0 0.0 0.011016697125770412 0.014983248377366325 0.011513157894736841 0.0 0.030548656348584443
0 0.003472222222222222 0.0 1.0 0.0 0.009726590927881756 0.002920995939728698 0.015487938596491224 0.0013766519823788547 0.025262737273686244
0 0.1111111111111111 0.0 1.0 0.0 0.01624219645310467 0.00967794098753095 0.005955179438959412 0.002040175768989329 0.1111111111111111
0 0.05555555555555555 0.0 1.0 0.0 0.006375757064595036 0.006405268138723456 0.002820874471086037 0.0012554927809165098 0.06757328909050041
0 0.01111111111111111 0.0 1.0 0.0 0.005367149800027871 0.0049922938041075445 0.009826046074283027 0.0016949152542372887 0.017224166822862697
0 0.020833333333333332 0.0 1.0 0.0 0.004086917406403486 0.00400329258670216 0.005641748942172072 0.001294726930320151 0.0018505706559811853
0 0.011764705882352941 0.0 1.0 0.0 0.010146806569214389 0.004856178476875957 0.006471417904256202 0.0015785975407112004 0.03487448360231968
0 0.01111111111111111 0.0 1.0 0.0 0.004532212434306797 0.004821118858919613 0.008368594264221908 0.001506591337099812 0.00014076356790740992
0 0.009523809523809523 0.0 1.0 0.0 0.010766726603217725 0.008764712600838819 0.011941701927597555 0.0017890772128060265 0.018182888445061503
0 0.010416666666666666 0.0 1.0 0.0 0.0049227406049013045 0.006808403120417902 0.008110014104372355 0.002000941619585688 0.0001848870247533512
0 0.0044444444444444444 0.0 1.0 0.0 0.0031355897250030596 0.0034588447949106664 0.007052186177715092 0.001355932203389831 0.0006441408229612482
0 0.0033333333333333335 0.0 1.0 0.0 0.00522533760473933 0.0046833358643569 0.003902209685002351 0.001741996233521658 0.021507660589413016
0 0.006060606060606061 0.0 1.0 0.0 0.004413261031079033 0.004222615312714726 0.014010343206393983 0.0005649717514124294 0.02727563070783467
0 0.005952380952380952 0.0 1.0 0.0 0.0025835537375452455 0.00411767237489365 0.005238766874874069 0.0 0.00021531422483084183
0 0.006410256410256411 0.0 1.0 0.0 0.009441198779376311 0.005604609621383024 0.009285378467324872 0.00023540489642184556 0.06202101633217058
0 0.002304147465437788 0.0 1.0 0.0 0.0032083964029172357 0.005935271648960389 0.005277765139451294 0.0005011846181884454 0.002002533938747362
0 0.011111111111111112 0.0 1.0 0.0 0.012578794162418734 0.01117883387499883 0.0037611659614480487 0.0014124293785310734 0.1284319478615461
0 0.004166666666666667 0.0 1.0 0.0 0.001187391125541812 0.0030613515092759377 0.00921485660554772 0.00047080979284369113 0.008633998359266638
0 0.004901960784313725 0.0 1.0 0.0 0.009158721331042638 0.007517074452669896 0.008227550540667608 0.0005885122410546139 0.0378364873717422
0 0.002525252525252525 0.0 1.0 0.0 0.003075069223453343 0.0034937826211218852 0.012181048852416975 0.00012840267077555214 9.943086264183211e-05
0 0.005847953216374269 0.0 1.0 0.0 0.0010660389850061607 0.0010675446897872426 0.009089484406832785 0.0 0.0006959801903672937
0 0.0071428571428571435 0.0 1.0 0.0 0.002483903377992943 0.007955624337939058 0.007858150312311104 0.0004035512510088781 0.02485229122398163
0 0.005291005291005291 0.0 1.0 0.0 0.0031068088044061077 0.005120163128609802 0.009089484406832785 0.00031387319522912746 0.0030743134197161216
0 0.0026737967914438505 0.0 1.0 0.0 0.002119248125160747 0.0042407608962899785 0.006637351696673029 0.000581588567630442 0.00019997315238033057
0 0.005434782608695652 0.0 1.0 0.0 0.009907570816033232 0.008162159071707323 0.0116361071932299 0.0008827683615819209 0.001863498790549732
0 0.0010683760683760683 0.0 1.0 0.05128205128205128 0.004695180832906047 0.007378387832324298 0.007377671693609633 0.0006518904823989568 3.6875016382183935e-05
0 0.0018181818181818182 0.0 1.0 0.0 0.002783775906556462 0.00449396691443664 0.008142069496089243 0.0004494093477144324 0.0010395626650861979
0 0.0016722408026755855 0.0 1.0 0.0 0.0032442526841062135 0.0046209644104150535 0.005703072300239161 0.000552689756816507 0.0008397653029078018
0 0.0013717421124828531 0.0 1.0 0.0 0.003108979630311277 0.0035584822992908095 0.014417802852217523 0.000732370788867964 7.783425177171268e-05
0 0.0035714285714285713 0.0 1.0 0.0 0.0015678194684595331 0.0020820279098673023 0.00465444287729196 0.0002824858757062147 0.0005115326140154283
0 0.0018148820326678765 0.0 1.0 0.0 0.011246779478616476 0.002022716254333723 0.005938683097023235 0.0002973535533749628 4.732466052463874e-05
0 0.0009523809523809524 0.0 1.0 0.0 0.003031427348201775 0.0007064373900507672 0.00858351803344751 0.0006053268765133171 5.6579816140326255e-05
0 0.001402524544179523 0.0 1.0 0.0 0.004797569890871039 0.0019565030060789395 0.009689090574599865 0.0009211495946941782 5.4734560448794844e-05
0 0.001201923076923077 0.0 1.0 0.0 0.005346024223949369 0.001131498606725567 0.006401215145926005 0.0002716210343328987 4.2320077483754386e-05
0 0.0012626262626262627 0.0 1.0 0.0 0.006438349631909454 0.0012758564162018372 0.008991537376586742 0.00029425612052730695 0.001309215528418213
0 0.00196078431372549 0.0 1.0 0.0 0.00280200979391219 0.0009779579756855387 0.0027268453220498355 0.0003766478342749529 0.00018486767028758896
0 0.0015037593984962405 0.0 1.0 0.0 0.0025527292945686274 0.0007720720860675305 0.00660678494543835 0.0005203687184061849 0.00014193890094192518
0 0.0021367521367521365 0.0 1.0 0.0 0.0013278396303402682 0.0 0.0041228165346642075 0.0 0.0003627453045913435
0 0.0011261261261261261 0.0 1.0 0.0 0.0044421142689221585 0.0012749765541912477 0.004055007052186178 0.00035310734463276836 7.693717063957281e-05
0 0.0010526315789473684 0.0 1.0 0.0 0.005796637984402674 0.0029002283769438307 0.003441466854724965 0.0005084745762711864 6.491069613631255e-05
0 0.0018315018315018315 0.0 1.0 0.0 0.00753610471279035 0.0024653945047475243 0.002216401370139029 0.0009079903147699757 0.00013008367246659353
0 0.02702702702702703 0.0 1.0 0.0 0.012783873196743045 0.006950350901799111 0.01463518854823203 0.004504504504504504 0.02702702702702703
0 0.015625 0.0 1.0 0.0 0.007706183356125487 0.010329850162159994 0.018527667984189727 0.005084325396825394 0.006663859101460529
0 0.011904761904761904 0.0 1.0 0.0 0.005271497475800893 0.007472301925428017 0.007340485601355167 0.0008503401360544217 0.01381085061394695
0 0.010869565217391304 0.0 1.0 0.0 0.015476904507826109 0.019017358622206496 0.012545110843787592 0.002242926155969634 0.030059640258182356
0 0.005263157894736842 0.0 1.0 0.0 0.022722468587847284 0.02287624548741622 0.012377782400665694 0.0024018379281537175 0.019183399645595168
0 0.00980392156862745 0.0 1.0 0.0 0.027768497452844303 0.021906450122647168 0.013252731922808647 0.0021008403361344537 0.04666451558662793
0 0.0028011204481792717 0.0 1.0 0.0 0.00721409035650675 0.004234294904030073 0.008447647833837094 0.00031123560535325237 0.005677727075035166
0 0.004629629629629629 0.0 1.0 0.0 0.006114987747963735 0.0 0.004391743522178305 0.0 0.01774830848653226
0 0.047619047619047616 0.0 1.0 0.09523809523809523 0.02960817812573834 0.03188690155371608 0.01773049645390071 0.007639419404125284 0.04761904761904763
0 0.011904761904761904 0.0 1.0 0.047619047619047616 0.02700147962612636 0.02119690833766455 0.02039007092198581 0.005984211866564804 0.017319694101567085
0 0.02222222222222222 0.0 1.0 0.0 0.009017181994413202 0.007275288516924397 0.019148936170212762 0.0 0.011654413973334285
0 0.008333333333333333 0.0 1.0 0.0 0.02001705157642942 0.018389315815763682 0.013829787234042554 0.0014260249554367203 0.03012703624248938
0 0.011111111111111112 0.0 1.0 0.0 0.024174330054133723 0.01940968594772544 0.017730496453900714 0.0035650623885918 0.0394702996952564
0 0.007575757575757575 0.0 1.0 0.0 0.012716184470170873 0.01362853050355623 0.011121856866537718 0.0024307243558580453 0.03052228079479585
0 0.006802721088435374 0.0 1.0 0.0 0.019812411696407958 0.0 0.011651469098277608 0.0005092946269416857 0.015967396433859585
0 0.006578947368421052 0.0 1.0 0.0 0.01121194009555803 0.004616981199406583 0.010638297872340425 0.002251618350689558 0.0061284815315892725
0 0.043478260869565216 0.0 1.0 0.0 0.011913060879681407 0.005717013781478721 0.010574018126888216 0.0020390712359402755 0.04347826086956523
0 0.02631578947368421 0.0 1.0 0.0 0.010506492655010474 0.007262730260861103 0.013833677850214662 0.0027868460864718535 0.03873319311961797
0 0.01111111111111111 0.0 1.0 0.0 0.011059118625267072 0.004936042426344395 0.010020140986908361 0.0020171457387796275 0.028549545213446766
0 0.006578947368421052 0.0 1.0 0.0 0.008667989983431918 0.006137549435260468 0.020830020671012875 0.0034636515646150165 0.019430252636662888
0 0.0058823529411764705 0.0 1.0 0.0 0.007949496241026381 0.006260618039875076 0.017638173094011018 0.0032481979175936647 0.01327626308856808
0 0.011904761904761904 0.0 1.0 0.0 0.001976127313625179 0.002940304630786389 0.026219249028916702 0.003457964123622218 0.0036376633866489795
0 0.007142857142857143 0.0 1.0 0.0 0.009647121140509144 0.0033049757951348264 0.016540785498489426 0.0017397881996974284 0.034570225070543914
0 0.008333333333333333 0.0 1.0 0.0 0.014839880822652484 0.003976608594939584 0.012890231621349448 0.0005042864346949068 0.04496456440968151
0 0.008547008547008546 0.0 1.0 0.0 0.006137399898886973 0.00796353153360049 0.018707878224494538 0.0026765972303037355 0.00036838614533597644
0 0.0038461538461538464 0.0 1.0 0.0 0.003096150359038103 0.003729719789459754 0.018591680223100163 0.0005818689631095078 0.002489824264447153
0 0.004329004329004329 0.0 1.0 0.0 0.005556919318480077 0.0038526871873858525 0.006977413321824199 0.0007924501116634248 0.026739092140854397
0 0.001937984496124031 0.0 1.0 0.0 0.003989525783367647 0.0041081935381044234 0.01394646244642732 0.0013721282060303278 0.008110583935525176
0 0.003344481605351171 0.0 1.0 0.0 0.012165872246276665 0.00700598662063919 0.008800735583869698 0.001118200355193054 0.04024188610718537
0 0.0019305019305019303 0.0 1.0 0.0 0.005497314705355639 0.002668003390072508 0.016044745651996407 0.001267530768287198 0.015049032127935662
0 0.005128205128205128 0.0 1.0 0.0 0.006521027666112413 0.004588394532622596 0.006971880083662561 0.0002327475852438031 0.0009482333143046746
0 0.0021551724137931034 0.0 1.0 0.0 0.0029072338985627736 0.0033438867077915037 0.01046984060839671 0.0006260107465178152 0.0001714784325264303
0 0.0021008403361344537 0.0 1.0 0.0 0.006122077366623267 0.004042918867331284 0.010196374622356497 0.0001080613788631943 0.018626226697138957
0 0.0015432098765432098 0.0 1.0 0.0 0.008852572607237855 0.005473660086207578 0.017707284323598527 0.001218692217179358 0.013124609580541055
0 0.002105263157894737 0.0 1.0 0.0 0.0039495731831161104 0.005001536363535473 0.012507552870090635 0.0004236006051437216 0.00011612143409236958
0 0.0014285714285714286 0.0 1.0 0.0 0.007673279166953609 0.004703099845992533 0.013724643936124298 0.001426410200994165 0.01046187936406589
0 0.003968253968253968 0.0 1.0 0.0 0.00926243402278697 0.0058477310996082115 0.008434038267875124 0.0006303580433686334 0.047992841436211346
0 0.0018181818181818182 0.0 1.0 0.0 0.005317908417950696 0.005140453280489641 0.018731117824773415 0.0024205748865355524 0.0017283432980326194
0 0.001976284584980237 0.0 1.0 0.0 0.008828406897650635 0.004487096610576491 0.008239494644328481 0.0004813643240269564 0.030802280753041752
0 0.001736111111111111 0.0 1.0 0.0 0.0074954057636363045 0.001576673882750947 0.01661631419939577 0.0002521432173474534 0.03386803621980585
0 0.002105263157894737 0.0 1.0 0.0 0.0042780137139657465 0.0006720465124834867 0.021943075210685326 0.001194362608487937 0.0003031067024745761
0 0.0018315018315018315 0.0 1.0 0.0 0.005354792153717901 0.0016774436799733069 0.014458351316357356 0.0012967365463583316 0.00017356154930978177
0 0.0021786492374727667 0.0 1.0 0.0 0.008277175439334698 0.003425119423363398 0.006753154433979029 0.0006229420663878259 0.04359690150663073
0 0.03225806451612903 0.0 1.0 0.0 0.025605435585098712 0.03447241824984304 0.02084972462627852 0.009479921000658325 0.03225806451612903
0 0.011904761904761904 0.0 1.0 0.0 0.025068110171236186 0.03202312094501246 0.016647309330236153 0.007968901846452863 0.022018539133633854
0 0.013888888888888888 0.0 1.0 0.0 0.008816063410630607 0.013279938812237395 0.01473577235772358 0.0011904761904761906 0.00027242130031840644
0 0.008064516129032258 0.0 1.0 0.0 0.021681470038532574 0.024712270446214737 0.01691581431943352 0.0034233048057932852 0.038991224861749836
0 0.0044444444444444444 0.0 1.0 0.044444444444444446 0.028691432732972682 0.0241110124992314 0.024390243902439022 0.004807256235827665 0.018017140987716524
0 0.005747126436781609 0.0 1.0 0.0 0.023812561634602557 0.02925404901492503 0.018923465096719935 0.0049261083743842365 0.04251832790662649
0 0.007518796992481203 0.0 1.0 0.0 0.02788765668560821 0.025706927262246576 0.020753102267864785 0.005585392051557465 0.06990343873692918
0 0.005 0.0 1.0 0.0 0.02380898892755423 0.009442850768352584 0.018211382113821138 0.001795918367346939 0.03741165322500109
0 0.041666666666666664 0.0 1.0 0.0 0.01900181078791367 0.012810536277446912 0.011235955056179775 0.005649717514124296 0.041666666666666664
0 0.011627906976744186 0.0 1.0 0.0 0.015191227488538855 0.016981408553824982 0.014502221060883202 0.003941663381947184 0.015524144826377038
0 0.016666666666666666 0.0 1.0 0.0 0.011863431218432878 0.019215804416170372 0.02106741573033708 0.001694915254237288 0.012321783020962098
0 0.008620689655172414 0.0 1.0 0.0 0.01007670510449129 0.009276595235392591 0.015497869043006582 0.0015585427625170465 0.01514573443918639
0 0.008 0.0 1.0 0.0 0.004927345102864834 0.015372643532936294 0.013707865168539324 0.0004519774011299435 0.015082789737722828
0 0.0045045045045045045 0.0 1.0 0.0 0.006924110803073306 0.003116076391811411 0.016246583662314 0.0006107802717972209 0.01608993757855867
0 0.037037037037037035 0.0 1.0 0.0 0.005562450754989258 0.0043911206412163735 0.006166122597025753 0.001089324618736384 0.037037037037037035
0 0.016666666666666666 0.0 1.0 0.0 0.0035914044092078636 0.0033425318251483326 0.008487486398258977 0.0015250544662309374 0.004735889342406682
0 0.01282051282051282 0.0 1.0 0.0 0.003650859197643869 0.002897599954267429 0.009081777852180466 0.0013407072230601645 0.03828377641256771
0 0.014705882352941176 0.0 1.0 0.0 0.0021902375461534855 0.000880608437115374 0.007808999551942649 0.00134563629373318 0.018358209061948516
0 0.016666666666666666 0.0 1.0 0.0 0.001038366740944511 0.0025995169597905023 0.008433079434167575 0.0013616557734204796 0.003764050043929738
0 0.005555555555555555 0.0 1.0 0.0 0.0036440672571195856 0.004028883221876245 0.009466811751904246 0.0013435003631082068 0.00020522370847775447
0 0.017857142857142856 0.0 1.0 0.0 0.0005567119645271145 0.002778756030769735 0.007072905331882481 0.0009531590413943355 0.007292352540484683
0 0.017857142857142856 0.0 1.0 0.0 0.006387420840674586 0.004804659505258927 0.008549665785792011 0.0015561780267662625 0.0016762769384025997
0 0.007407407407407407 0.0 1.0 0.0 0.004742014465701305 0.006442798374037575 0.005730866884294523 0.0013071895424836603 0.0008448279055230904
0 0.008333333333333333 0.0 1.0 0.0 0.004659597429378356 0.0032133504155538715 0.011244105912223431 0.0012708787218591142 0.0008474945176173612
0 0.005347593582887701 0.0 1.0 0.0 0.0032351007360377675 0.003163379521849159 0.01017730269474493 0.001153402537485583 0.0009135885520894092
0 0.003333333333333333 0.0 1.0 0.0 0.004386646493320706 0.004968202623325875 0.016104461371055492 0.000871459694989107 0.029210954355981675
0 0.004273504273504274 0.0 1.0 0.0 0.007981278547195787 0.004481987284680175 0.010035062265747794 0.00048414427499394823 0.00030826613976308654
0 0.003968253968253968 0.0 1.0 0.0 0.008554205849932854 0.003930226189261003 0.009430540442509976 0.0008472524812394094 0.00022084906957563699
0 0.0026666666666666666 0.0 1.0 0.0 0.006618612825017249 0.0033586016874874525 0.009706202393906422 0.0005664488017429194 0.00016395795975604312
0 0.002403846153846154 0.0 1.0 0.0 0.005271744821921469 0.0037647826252292195 0.009039926341340921 0.00041897100720630134 0.0030599178124585593
0 0.0029411764705882353 0.0 1.0 0.0 0.004427042661245344 0.004109294785031324 0.009303590859630034 0.00010893246187363835 0.0002471394367056193
0 0.001984126984126984 0.0 1.0 0.0 0.0030357785099305833 0.003286731120113663 0.009870977770868955 0.0009726112667289139 0.00020838822796929654
0 0.002770083102493075 0.0 1.0 0.0 0.004223448929544291 0.002863280309090667 0.01282858942786782 0.0010893246187363835 0.000315769945336395
0 0.008333333333333333 0.0 1.0 0.0 0.0 0.002470005360684209 0.009067827348567285 0.0 0.013879757626387386
0 0.003401360544217687 0.0 1.0 0.0 0.0023510016236608744 0.0021171474520150363 0.008782838489040884 0.0 0.00139207333889865
0 0.0030303030303030303 0.0 1.0 0.0 0.004664585599809862 0.003481368051614414 0.012187159956474429 0.00130718954248366 0.000436508044776374
0 0.001890359168241966 0.0 1.0 0.0 0.010799306563222475 0.006586615872558062 0.011591048871646876 0.0010419626787913235 0.00015452617035516136
0 0.0018115942028985505 0.0 1.0 0.0 0.004698326086900196 0.004441579203254473 0.007948147797700714 0.00028417163967036095 0.007073527955677351
0 0.005714285714285714 0.0 1.0 0.0 0.002575718562987378 0.004411071759805342 0.004974351002642624 0.0006224712107065049 0.006146295781961121
0 0.002564102564102564 0.0 1.0 0.0 0.0005967905485256687 0.0004940010721368418 0.011389191149800509 0.00014524328249818446 0.0008346187447887553
0 0.004629629629629629 0.0 1.0 0.0 0.007186555725885984 0.005423900156188579 0.011561479869423285 0.0005446623093681918 0.0025416704632058537
0 0.002747252747252747 0.0 1.0 0.0 0.0008396638795319341 0.0022888335485968725 0.007282162886080188 0.0002513826043237808 0.0032040677629478075
0 0.0049261083743842365 0.0 1.0 0.0 0.0009383507319776308 0.0 0.007150629566298771 0.0 0.0076632654726660355
0 0.001388888888888889 0.0 1.0 0.0 0.01133496598184046 0.007550575746097479 0.012241566920565832 0.001180101670297749 0.0001491121773368055
0 0.0011947431302270011 0.0 1.0 0.0 0.005826209768564454 0.00405421956909751 0.010115665175512838 0.00044379891874445255 0.013889482104999684
0 0.001953125 0.0 1.0 0.0 0.005577185208573041 0.004725642837306849 0.01101741022850925 0.0010893246187363835 0.0006078310182699304
0 0.0008658008658008658 0.0 1.0 0.0 0.008251093329669543 0.006216660395061105 0.007150629566298775 0.0007158418923124807 0.00013124479562489814
0 0.0017301038062283738 0.0 1.0 0.0 0.008081019537195666 0.005666482886275539 0.009473212571209115 0.00038446751249519417 0.00012211723318086653
0 0.0017857142857142857 0.0 1.0 0.0 0.005348729130015505 0.0043662940723810245 0.008841131664853102 0.00013616557734204794 0.000246938959265855
0 0.0030864197530864196 0.0 1.0 0.0 0.0017663470200065534 0.003293340480912279 0.008463305525329465 0.0 0.0017279994876474437
0 0.000794912559618442 0.0 1.0 0.0 0.0015360266969580182 0.001699117767059932 0.007168917621455547 6.407791874919904e-05 0.007370433904095501
0 0.0010526315789473684 0.0 1.0 0.0 0.000858503993040641 0.0 0.008313384113166485 0.00017429193899782137 0.0002687387233221322
0 0.002564102564102564 0.0 1.0 0.0 0.002089576875478454 0.0020858646143143847 0.014798694232861809 0.001525054466230937 0.002715919317257176
0 0.0006756756756756757 0.0 1.0 0.0 0.004285670221748814 0.001185301390648793 0.010646119460047641 0.00044161808867691223 5.8747240642893685e-05
0 0.001876172607879925 0.0 1.0 0.0 0.001561582359378283 0.0 0.010713986774922576 0.00016758840288252054 0.0029476370664756084
0 0.002976190476190476 0.0 1.0 0.0 0.002097137878028765 0.0010540131005029475 0.012377584330794342 0.002178649237472767 0.004136149275370031
0 0.0014534883720930232 0.0 1.0 0.0 0.006189783942092672 0.0006431036521847052 0.010541349292709466 0.0002723311546840959 0.0003193817491053433
0 0.003246753246753247 0.0 1.0 0.0 0.0015410665837263537 0.0022029936422245365 0.01321311985076947 0.0010893246187363835 0.007944284137743183
0 0.0024691358024691358 0.0 1.0 0.0 0.0012349600426917132 0.003508315880614158 0.01245314955869907 0.002299685306221254 0.004954182683330369
0 0.001278772378516624 0.0 1.0 0.0 0.0013144967182003849 0.0004960061649425635 0.01011329450169622 0.0007689350249903884 0.0017861567095431177
0 0.001182033096926714 0.0 1.0 0.0 0.0007805369572052157 0.0004684502668901989 0.009853705718776449 0.0007262164124909224 0.0012264424359000761
0 0.003472222222222222 0.0 1.0 0.0 0.0036890439556561162 0.0 0.009974610083424013 0.0003631082062454612 0.003870267730373415
0 0.0007558578987150415 0.0 1.0 0.0 0.00634130103751241 0.0010327050480740479 0.0067706444202635715 0.00032276284999596547 7.670926174814624e-05
0 0.0025 0.0 1.0 0.0 0.012592535674826431 0.0 0.008705114254624592 0.0005446623093681918 0.0004696588503532101
0 0.0017825311942959 0.0 1.0 0.0 0.00454927507385572 0.0025348214816362995 0.01088139281828074 0.0005941770647653002 0.0006017152045078668
0 0.0010683760683760685 0.0 1.0 0.0 0.004304145296330668 0.0006285350824122743 0.012392697376375286 0.0005446623093681917 0.049176421365074094
1 0.034482758620689655 0.0 1.0 0.0 0.011030468639403391 0.011628415739653241 0.01124107549749355 0.004729935916997255 0.03448275862068966
0 0.015625 0.0 1.0 0.0625 0.01274031927213046 0.01162011653326101 0.01280286343612335 0.0038716814159292057 0.01622564765972937
0 0.011494252873563218 0.0 1.0 0.0 0.023083420748165606 0.020211226171502922 0.012912046179553398 0.0015257857796765334 0.021020785385515075
0 0.008333333333333333 0.0 1.0 0.0 0.014009743495137115 0.016285780584784717 0.015418502202643175 0.002212389380530973 0.02322177455514784
0 0.00625 0.0 1.0 0.0 0.00897298145751258 0.009547234358514256 0.012802863436123352 0.0002765486725663717 0.0004610825976185904
0 0.004273504273504273 0.0 1.0 0.0 0.01546310878387 0.012432495371810891 0.015362024172596859 0.0018152938506920807 0.013308237388866356
1 0.003968253968253968 0.0 1.0 0.0 0.020750484606197477 0.002804219505730679 0.0064855604503181626 0.0004916420845624386 0.014625906965233616
0 0.037037037037037035 0.0 1.0 0.0 0.0037600730213889775 0.007624735838553189 0.011758907196169552 0.002257495590828924 0.03703703703703703
0 0.025 0.0 1.0 0.1 0.0036527210721113606 0.006082387099988899 0.007509505703422054 0.0021904761904761897 0.012339105729005616
0 0.014492753623188404 0.0 1.0 0.0 0.0055906457437638205 0.007522904971583264 0.007108612993883286 0.001987577639751553 0.002360832792451411
0 0.01 0.0 1.0 0.0 0.0028213373729688716 0.004937529280638089 0.013688212927756653 0.002133333333333333 0.00031146386065829897
0 0.010526315789473684 0.0 1.0 0.0 0.008723511353880532 0.007501387708929064 0.0068040824494696815 0.0018045112781954892 0.001125976187933906
0 0.007575757575757575 0.0 1.0 0.0 0.0023835085781299826 0.004711615420484371 0.00717248530936744 0.0018181818181818182 0.0015302323743735344
0 0.0033222591362126242 0.0 1.0 0.046511627906976744 0.004542732924885149 0.006026484840154428 0.010434167477230525 0.00022148394241417498 0.0027712728626055547
0 0.0078125 0.0 1.0 0.0 0.0037020553035380234 0.002429426701187254 0.0051093155893536125 0.0 0.003848172830880701
0 0.007407407407407407 0.0 1.0 0.0 0.005800509479848585 0.0024884132157151242 0.006083650190114069 0.0005079365079365079 0.005081014600817901
0 0.003448275862068966 0.0 1.0 0.0 0.0039366370659956774 0.001175806788373215 0.007997902189589616 0.0006568144499178982 0.01293577903295957
0 0.006060606060606061 0.0 1.0 0.0 0.0022440290762801044 0.0009543802731684793 0.01913814955640051 0.001142857142857143 0.002790155400357957
0 0.005952380952380952 0.0 1.0 0.0 0.010969209338417869 0.007403967089332583 0.004481260184682237 0.0 0.0021131366300585824
0 0.003663003663003663 0.0 1.0 0.0 0.0045387181273781165 0.0070954684606103924 0.016023900054318304 0.001179138321995465 0.020059877449545294
0 0.003968253968253968 0.0 1.0 0.0 0.004956650011236437 0.0064784712031660105 0.007498943810730883 0.0 0.0016927432703796397
0 0.0012578616352201257 0.0 1.0 0.0 0.004027245180298795 0.004522706311644196 0.00932635052729751 0.00032345013477088946 0.006998556793353081
0 0.002403846153846154 0.0 1.0 0.0 0.005677673628737197 0.005481783325755855 0.009286341035390465 0.00029304029304029304 0.0006550395106708227
0 0.002262443438914027 0.0 1.0 0.0 0.0038118046762947817 0.004983439387050777 0.013966071950862823 0.00036630036630036635 0.000284897202504922
0 0.003472222222222222 0.0 1.0 0.0 0.002614124771936372 0.0012364182978310025 0.010456273764258556 0.0004761904761904762 0.0014735458429216617
0 0.001697792869269949 0.0 1.0 0.06451612903225806 0.00812646499954222 0.0 0.010670918680240402 0.0001228878648233487 0.0025889808956895554
0 0.002 0.0 1.0 0.0 0.006314618959430163 0.0015548330887598424 0.010342205323193916 0.0005333333333333334 0.010411038194339275
0 0.005291005291005291 0.0 1.0 0.0 0.003267760802244992 0.0 0.002746092099704267 0.0 0.019315565753326144
0 0.0022727272727272726 0.0 1.0 0.0 0.005806680365263147 0.001943541360949803 0.012452471482889733 0.0005714285714285715 0.015260129498899929
0 0.0033444816053511705 0.0 1.0 0.0 0.0065716383206384016 0.002990063632230466 0.003948522959929804 0.00043956043956043956 0.002422352473194509
0 0.022727272727272728 0.0 1.0 0.0 0.007316419607659919 0.007088941106640532 0.00645204500803715 0.0013855367837668719 0.02272727272727273
0 0.016666666666666666 0.0 1.0 0.0 0.008980176995344254 0.005342576233849968 0.009528487229862471 0.0015404785316289736 0.01248139560305072
0 0.014492753623188404 0.0 1.0 0.0 0.005996810931587395 0.003482468536753927 0.008328350559494319 0.001239793082809628 0.011084664101599268
0 0.006944444444444444 0.0 1.0 0.0 0.005560734375974985 0.003511759970226141 0.011187513643309324 0.0013110455588331695 0.006670484157717981
0 0.005128205128205128 0.0 1.0 0.0 0.004467391592460324 0.002577884740972198 0.010377310966701931 0.00113455865668255 0.007070535880361795
0 0.00641025641025641 0.0 1.0 0.0 0.0038555898668329977 0.0027344866765056934 0.00963427535136769 0.0014749262536873156 0.003774789462663596
0 0.0049261083743842365 0.0 1.0 0.0 0.008085918716745206 0.0027003775002160226 0.010263532281010773 0.0011528159224222696 0.006182491980096255
0 0.00625 0.0 1.0 0.0 0.004079646484291393 0.003826671444941984 0.009675834970530452 0.0005899705014749264 0.015526327732976372
0 0.006172839506172839 0.0 1.0 0.0 0.0029890782784105386 0.0035201807437335846 0.006603361711416721 0.000546268982847154 0.024113089796390468
0 0.0024390243902439024 0.0 1.0 0.0 0.004861286795100348 0.004049652486877118 0.009344003066749722 0.0008873540062834256 0.014226842907438229
0 0.006993006993006993 0.0 1.0 0.0 0.010139691362087096 0.008134622183960893 0.012467885748828771 0.001512744875576734 0.013000629506004778
0 0.005208333333333333 0.0 1.0 0.0 0.009491637362514033 0.006951798505414787 0.011787819253438114 0.000983284169124877 0.005634686858211798
0 0.006993006993006993 0.0 1.0 0.0 0.008546163754748405 0.0030403123104158 0.01151991427040543 0.00017877893984088674 0.0002497299121679898
0 0.0021645021645021645 0.0 1.0 0.0 0.00431767533568836 0.0035015081324984904 0.010329225456926832 0.0006555227794165847 0.005646514169371127
0 0.0031746031746031746 0.0 1.0 0.0 0.007574811071062888 0.006526630007721833 0.007952100290017776 0.0007959919464344244 0.011537914111497948
0 0.002403846153846154 0.0 1.0 0.0 0.0031636428690395768 0.003971620368728431 0.008349705304518664 0.0006050979502306936 0.01665018562216649
0 0.004901960784313725 0.0 1.0 0.0 0.00519554100375045 0.0050165153121860704 0.00703994760969221 0.00032776138970829236 0.033062599362530205
0 0.002525252525252525 0.0 1.0 0.0 0.003508704942577806 0.004864499696665279 0.010001786033220219 0.0004469473496022169 0.013107075851324913
0 0.0013157894736842105 0.0 1.0 0.0 0.0035221745655278185 0.004299824917614088 0.009430255402750493 0.0007128810226155358 0.00797210335315961
0 0.005 0.0 1.0 0.0 0.005200611187056947 0.00169009916077726 0.011787819253438114 0.00019665683382497542 0.0022155169929685857
0 0.0019047619047619048 0.0 1.0 0.0 0.011429619607168661 0.006072444850458674 0.009783889980353636 0.0007079646017699115 0.012336948927132559
0 0.0010822510822510823 0.0 1.0 0.0 0.005607805910767685 0.005690157521191553 0.009472354757227056 0.0008896380577796505 0.005360332732567632
0 0.002288329519450801 0.0 1.0 0.0 0.008867985060581335 0.007246775091578206 0.009668079826284773 0.0013972985561248256 0.02106384200913163
0 0.0018115942028985505 0.0 1.0 0.0 0.005107894541487713 0.0025022348329250175 0.010036730161441871 0.00034201188491300076 0.01837663986229479
0 0.0022222222222222222 0.0 1.0 0.0 0.00239993572770305 0.002229562360971587 0.012115258677144726 0.0007647765759860156 0.0018704109757143065
0 0.004273504273504274 0.0 1.0 0.0 0.0011508970456185394 0.002229562360971587 0.0022920759659462997 0.0002185075931388616 0.010292025710606917
0 0.0028490028490028487 0.0 1.0 0.0 0.011730132903832164 0.00848496014080765 0.008538612664349403 0.0011345586566825507 0.02657411766045127
0 0.0023809523809523807 0.0 1.0 0.0 0.008135359431688489 0.006225152514915131 0.013032089063523248 0.0010488364470665355 0.005703083302562351
0 0.002652519893899204 0.0 1.0 0.0 0.006711959231263924 0.004830577456310676 0.00430708780414085 0.0004538234626730202 0.00100193599608321
0 0.0011111111111111111 0.0 1.0 0.0 0.008175884164000885 0.005215296358837457 0.006876227897838899 0.000688298918387414 0.006879992216194451
0 0.005376344086021505 0.0 1.0 0.0 0.004483326954485433 0.0033443435414573803 0.002455795677799607 0.0 0.057977259902545424
0 0.001644736842105263 0.0 1.0 0.0 0.006499037315890316 0.002464253135810701 0.006100713473270603 0.0003105107902499612 0.0008631953741282243
0 0.0006587615283267457 0.0 1.0 0.0 0.006257726515220083 0.0008129939090866442 0.0076877082087639876 0.0002137574280706255 0.002708719435516219
0 0.0016339869281045752 0.0 1.0 0.0 0.0026229692788839382 0.0 0.005566470203012443 0.0 0.0010950356199814478
0 0.001020408163265306 0.0 1.0 0.0 0.003372396020761405 0.0006571354322657159 0.010980914959303955 0.00021070375052675939 0.00010889020897537332
0 0.0018518518518518517 0.0 1.0 0.0 0.009233255806214735 0.005631601850331836 0.005566470203012442 0.0011143887250081941 0.0008075927560394869
0 0.0012285012285012285 0.0 1.0 0.0 0.006514855667159963 0.0020205961265137348 0.007590641185926056 0.0004469473496022169 0.019939894204734146
0 0.0018796992481203006 0.0 1.0 0.0 0.005998305597603379 0.0006821863484013202 0.004981756946393488 0.00014046916701783958 0.0011261694173192918
0 0.0006574621959237343 0.0 1.0 0.0 0.006802396920213884 0.001605880467935059 0.008286736184575086 0.00047903587726596576 0.001596038755626414
0 0.0013157894736842105 0.0 1.0 0.0 0.006551703806656576 0.002757563875760001 0.010029986557749974 0.001086787765874864 0.012561241052524536
0 0.0012836970474967909 0.0 1.0 0.0 0.004410515668315804 0.00252384286200579 0.00791024713059663 0.0009315323707498836 0.013588449901842957
0 0.0007680491551459293 0.0 1.0 0.0 0.007008734372169151 0.0014946620365920225 0.010171747259015148 0.0004440638183144607 0.009579097050029121
0 0.0009302325581395348 0.0 1.0 0.0 0.0046267073598701995 0.0013584688986635223 0.006719056974459724 0.0006686332350049163 0.014658210937190542
0 0.05263157894736842 0.0 1.0 0.0 0.007620379431360535 0.0061354929830412085 0.005466925103126088 0.0013431499353298174 0.05263157894736842
0 0.02631578947368421 0.0 1.0 0.0 0.005823969736480521 0.003915902933036309 0.0047711346354554944 0.001094418465824296 0.034664670481983004
0 0.023809523809523808 0.0 1.0 0.0 0.006422133195520384 0.004597066617377429 0.006137865911237016 0.0010802052389954093 0.0002972909918627175
0 0.013157894736842105 0.0 1.0 0.0 0.004373085961598793 0.004245647999628263 0.003826847572188262 0.0009949258780220871 0.040850508909838594
0 0.022222222222222223 0.0 1.0 0.0 0.0010863391430435852 0.002161405638098045 0.009547791417479804 0.0013652593992858645 0.0023186857317505625
0 0.027777777777777776 0.0 1.0 0.0 0.0 0.0 0.006924771797293044 0.0007876496534341525 0.005335548784459624
0 0.009523809523809523 0.0 1.0 0.0 0.0077573680126479284 0.003857690792055375 0.004280768020144791 0.000882167611846251 0.04297649991676843
0 0.004464285714285714 0.0 1.0 0.0 0.0056376041066302516 0.0027924182897151556 0.00819506272764063 0.0011139616527140155 0.00026185677567650733
0 0.018518518518518517 0.0 1.0 0.0 0.00856455116565856 0.00428632310228375 0.007869058860560276 0.000945179584120983 0.12932676063093798
0 0.005 0.0 1.0 0.1 0.0034187270438436703 0.003110369992877511 0.008545797922568458 0.001039697542533081 0.0002805149823002859
0 0.003134796238244514 0.0 1.0 0.0 0.006767445378787635 0.0034072343866786135 0.006935625671583472 0.0010429567824783257 0.023210610324175696
0 0.0023809523809523807 0.0 1.0 0.0 0.00471543262277974 0.0031899577974920552 0.010495076217455818 0.0010802052389954088 0.021228285610536198
0 0.007692307692307693 0.0 1.0 0.0 0.006319672837070351 0.004500639257397937 0.005949008498583571 0.00113421550094518 0.07635039466401754
0 0.0047619047619047615 0.0 1.0 0.0 0.003326232481748611 0.003074501365663164 0.00912810827824992 0.0010712035286704474 0.00053945926187796
0 0.004166666666666667 0.0 1.0 0.0 0.003625727359722256 0.0012055283725173045 0.007554296506137866 0.0008270321361058603 0.00036982221105594964
0 0.0021551724137931034 0.0 1.0 0.0 0.0022248081760652644 0.0022886764947063205 0.006870502425840902 0.00013036959780979076 7.105073945927596e-05
0 0.003676470588235294 0.0 1.0 0.0 0.007164261216456022 0.0028128995358737106 0.007200188857412654 0.00011814744801512288 0.00017642636351153555
0 0.004273504273504273 0.0 1.0 0.0 0.0038291054079073305 0.0036371025848423765 0.012057819423258516 0.00014541224371092046 0.00016883739907351945
0 0.001644736842105263 0.0 1.0 0.0 0.007508951610841483 0.00565118020952213 0.00796742209631728 0.00047258979206049156 7.395060633436508e-05
0 0.0025 0.0 1.0 0.0 0.0033471528300723355 0.0032480868305199253 0.00939565627950897 0.0007088846880907373 0.00018678066905251754
0 0.0021645021645021645 0.0 1.0 0.0 0.005370025511587789 0.002936072743607861 0.00819812859472916 0.0006444406255370339 0.00014707764136727305
0 0.0030303030303030303 0.0 1.0 0.0 0.0 0.00042863231022837497 0.0063581995593327036 0.0 0.0019238138257497838
0 0.002717391304347826 0.0 1.0 0.0 0.005329598120355373 0.0028826216694812614 0.007908404154863078 0.0004725897920604915 0.0003204470637117924
0 0.0018939393939393938 0.0 1.0 0.0 0.005868018043258203 0.003123156765398623 0.011717744012361574 0.0007733287506444408 0.00013747684178044768
0 0.0014285714285714286 0.0 1.0 0.0 0.001992633043406989 0.003251026952760975 0.009206798866855522 0.0003713205509046719 0.00011536111817599752
0 0.0032051282051282055 0.0 1.0 0.0 0.0044247998414975835 0.0010715807755709375 0.004642744727730564 0.0 0.0005426497020780643
0 0.0023148148148148147 0.0 1.0 0.0 0.005007286383589623 0.0038067360996447896 0.005606704438149197 0.00035444234404536864 0.00023065551877501898
0 0.002747252747252747 0.0 1.0 0.0 0.005287824506389529 0.006515296510173378 0.007263746640517179 0.0005089428529882216 0.0005393610269103535
0 0.0018148820326678765 0.0 1.0 0.0 0.00626951222666733 0.004929531076053601 0.009641667909149642 0.0010446721719231918 0.00015793743733613278
0 0.0012345679012345679 0.0 1.0 0.0 0.0009174544992865087 0.0004787859880188579 0.00699471898716469 0.00010501995379122034 0.0008692284523258187
0 0.0026881720430107525 0.0 1.0 0.0 0.006977207175892449 0.003808343771136608 0.0058231035568146045 0.00039382482671707623 0.0005304633104984529
0 0.004464285714285714 0.0 1.0 0.0 0.002752891446104537 0.002755493422896696 0.0013489815189531903 0.0 0.0017613554420821637
0 0.0010449320794148381 0.0 1.0 0.0 0.0061998840408506745 0.00399487329368823 0.007847351111979418 0.0003585163939769246 0.00010803410995878585
0 0.0024509803921568627 0.0 1.0 0.0 0.00703366599321938 0.009191014200146822 0.006295247088448222 0.0016540642722117204 0.044568730840447324
0 0.001680672268907563 0.0 1.0 0.0 0.001183290917226927 0.004772170765983148 0.009665055824029328 0.000889580785055043 0.0006645756878958746
0 0.0027777777777777775 0.0 1.0 0.0 0.007052424310933119 0.0036764299912908555 0.010387157695939567 0.0011342155009451797 0.0005254730974276983
0 0.0018018018018018018 0.0 1.0 0.0 0.004027689626177474 0.00271024531551872 0.004721435316336165 0.0002520478890989288 0.0004791019560803119
0 0.0011961722488038277 0.0 1.0 0.0 0.00663463937364771 0.0047403895291348455 0.00824105073396858 0.0005585152087987628 0.0001705012538882061
0 0.0014245014245014244 0.0 1.0 0.0 0.007738750413680545 0.007233322814952707 0.006924771797293043 0.0007876496534341526 0.021007608561294678
0 0.003125 0.0 1.0 0.0 0.009309296501454508 0.0016073711633564061 0.007554296506137865 0.0 0.0008301690893877283
0 0.0022172949002217295 0.0 1.0 0.0 0.004918163669679457 0.0035554595908429856 0.009614559189630011 0.0006014779171678983 0.0004861575965849395
0 0.000744047619047619 0.0 1.0 0.0 0.0034715899712359785 0.0 0.00829202077431539 0.0001476843100189036 0.00017112825082064764
0 0.0021141649048625794 0.0 1.0 0.0 0.0062769521964562555 0.000756916908493889 0.0075542965061378645 0.00034370166695308474 0.0006258496957895996
0 0.0011961722488038277 0.0 1.0 0.0 0.005885075880999842 0.0034817574911536636 0.007007603995825255 0.0006467018207143568 0.00022717206839138136
0 0.003703703703703704 0.0 1.0 0.0 0.005833848940102485 0.0 0.009442870632672332 0.0 0.003105467795500659
0 0.003105590062111801 0.0 1.0 0.0 0.0007306219347368704 0.0009419544908615934 0.008498583569405098 0.0006751282743721307 0.005070258445427164
0 0.0035460992907801418 0.0 1.0 0.0 0.0006531340713289173 0.0 0.00739691532892666 0.0 0.004292561268361618
0 0.0004432624113475177 0.0 1.0 0.0 0.00272880609831838 0.0 0.007473931649689591 0.00012066122350480635 5.8122101643396116e-05
0 0.0006377551020408163 0.0 1.0 0.0 0.005174692613926969 0.0003067672997926637 0.00888220018885741 0.0003249054820415879 4.133406701020482e-05
0 0.0014285714285714286 0.0 1.0 0.0 0.004978607630765344 0.0 0.003035208417644678 0.0 0.0005600576201911084
0 0.00130718954248366 0.0 1.0 0.0 0.008810970654247362 0.005401464922891033 0.008561536040289582 0.0013232514177693763 0.02754071202348561
0 0.0027472527472527475 0.0 1.0 0.0 0.00771430452034734 0.003495961085002527 0.00957776878456765 0.0008101539292465569 0.000560489237717429
0 0.0017152658662092624 0.0 1.0 0.0 0.005791385443369484 0.0008345909287281316 0.005837410936561079 0.0004296270836913559 0.0005624976040942905
0 0.0016835016835016834 0.0 1.0 0.0 0.003886663283160632 0.0005850993135000141 0.005322345265688042 0.0004296270836913559 0.0008059837425485757
0 0.0013986013986013986 0.0 1.0 0.0 0.0016157370621049604 0.0008293998072787845 0.004285610517905136 0.00014541224371092046 0.0014419581395935031
0 0.0007142857142857143 0.0 1.0 0.0 0.0036866456564112397 0.001591179624370912 0.005779036827195467 0.0005293005671077505 0.00023947445844228461
0 0.0008771929824561403 0.0 1.0 0.0 0.0033984622915979716 0.0 0.005193578847969782 0.0 0.00033370783782144436
0 0.001326259946949602 0.0 1.0 0.0 0.0012269809308868434 0.0004998259248525798 0.00893440836783613 0.00043623673113276143 0.0009432035277037813
0 0.002824858757062147 0.0 1.0 0.0 0.00516995915394755 0.0 0.004406672961913755 0.0 0.0016184828177065406
0 0.0011111111111111111 0.0 1.0 0.0 0.003826182910001293 0.0004395787624020769 0.008372678627636134 0.000315059861373661 0.0002608784643893375
0 0.000585480093676815 0.0 1.0 0.0 0.004484612155454613 0.003727138252511038 0.0069135302846351 0.0010802052389954093 0.01414923433815396
0 0.05 0.0 1.0 0.0 0.013728595136629653 0.019340438229832953 0.013297872340425532 0.006149732620320853 0.049999999999999996
0 0.02 0.0 1.0 0.0 0.016977743346225357 0.019535917087018385 0.01425531914893617 0.006631016042780746 0.02627889835723709
0 0.009523809523809523 0.0 1.0 0.0 0.00891643129219895 0.009353942378902793 0.014437689969604862 0.0021390374331550803 0.019279388873440363
0 0.017857142857142856 0.0 1.0 0.0 0.01325894118449424 0.0077949519824189965 0.01671732522796352 0.0007639419404125286 0.05869977929893117
0 0.013333333333333334 0.0 1.0 0.0 0.020420691188834016 0.017679445407947303 0.011347517730496453 0.0010695187165775401 0.060466273473733685
0 0.004629629629629629 0.0 1.0 0.0 0.01136521525023147 0.01332022454492445 0.012706855791962174 0.0010398098633392751 0.018112864201855126
0 0.007936507936507936 0.0 1.0 0.0 0.023525275459908675 0.01852337883139881 0.016252955082742312 0.0017825311942959003 0.031302924167549456
0 0.005 0.0 1.0 0.0 0.014882378976595612 0.004787436431228865 0.011702127659574466 0.0006417112299465242 0.03507927613460094
0 0.05263157894736842 0.0 1.0 0.0 0.003050476351988307 0.0017118479775406305 0.003987785162565116 0.0006471095772217432 0.05263157894736842
0 0.023809523809523808 0.0 1.0 0.0 0.0011306327691692076 0.0013618113744721656 0.007378514545750041 0.0009758001561280252 0.003252686166095515
0 0.03333333333333333 0.0 1.0 0.0 0.0020518062447201957 0.0014363042449850147 0.011808873720136519 0.0009562841530054645 0.0005106621937475032
0 0.008928571428571428 0.0 1.0 0.0 0.003521278690964116 0.003295552556654113 0.007337883959044368 0.0007318501170960192 8.721248884950312e-05
0 0.011764705882352941 0.0 1.0 0.0 0.00458186894339699 0.0037098947654301447 0.00698654888576591 0.0009643201542912249 0.02136453706941885
0 0.00641025641025641 0.0 1.0 0.0 0.008250417213182778 0.005024171370049598 0.01005513258072985 0.0016288356452290886 0.0034398030843078593
0 0.005714285714285714 0.0 1.0 0.0 0.0045765256579892435 0.003152819061072613 0.007208191126279862 0.0008743169398907109 0.00034924769083178377
0 0.005434782608695652 0.0 1.0 0.0 0.003061411615255048 0.0032518797343734362 0.011900875500816145 0.0011285340936089336 0.007643770413271717
0 0.00505050505050505 0.0 1.0 0.0 0.002177252062016768 0.0021120202320306478 0.004964318957493019 0.0006830601092896178 0.004815050696372501
0 0.004 0.0 1.0 0.0 0.002098396410823865 0.003169785812983318 0.007235494880546073 0.0008196721311475413 0.03080462185030469
0 0.003787878787878788 0.0 1.0 0.0 0.0032259223779780946 0.0027074273158834965 0.011405005688282135 0.0008253642987249548 0.006360283542753384
0 0.007575757575757575 0.0 1.0 0.0 0.002385665883266009 0.001939852526973533 0.004840210983555693 0.0007451564828614009 0.005609782736838217
0 0.002958579881656805 0.0 1.0 0.0 0.005186509063569747 0.004532125984378268 0.009713835652402204 0.0011822194199243383 0.011621038086202011
0 0.0035714285714285713 0.0 1.0 0.0 0.007579482134378321 0.00226742212878646 0.008976109215017064 0.0009904371584699455 0.0002689351727568686
0 0.001282051282051282 0.0 1.0 0.0 0.004566670920205381 0.0023607148034588124 0.006878445786295615 0.0004597519966372428 0.0001082043696402637
0 0.0026041666666666665 0.0 1.0 0.0 0.004725744110309692 0.0023957662362447756 0.007195676905574516 0.0002846083788706739 8.011069873744342e-05
0 0.0034602076124567475 0.0 1.0 0.0 0.003688750264377877 0.00299017184600164 0.0043364786187512555 0.00036162005785920923 0.00017635626195736188
0 0.0012345679012345679 0.0 1.0 0.0 0.0036813595621602684 0.002034852587732545 0.009844520288206295 0.0008196721311475411 2.8296569904592642e-05
0 0.002506265664160401 0.0 1.0 0.0 0.00023917440377889203 0.0004425185248064215 0.0098488542174549 0.00039032006245121 0.0017875702922481589
0 0.0011111111111111111 0.0 1.0 0.0 0.004486534205992864 0.0034944272515574576 0.00922260144103147 0.0011991499696417732 2.6089278327096095e-05
0 0.0016420361247947454 0.0 1.0 0.0 0.001947173713700518 0.0011123391814631472 0.01066258679533953 0.0005888449218013945 0.00032891996773599876
0 0.003246753246753247 0.0 1.0 0.0 0.003089605746775228 0.0032918026051745254 0.008727450024378353 0.00043911007025761124 0.00022172734659467252
0 0.0016722408026755853 0.0 1.0 0.0 0.0006902976998984353 0.0008990829878083545 0.006668416907324757 0.00034153005464480874 0.00026597345754072663
0 0.001488095238095238 0.0 1.0 0.0 0.0005664342064057695 0.0015579884989725663 0.00880058508044856 0.00039032006245121 0.00027365420889073817
0 0.0036363636363636364 0.0 1.0 0.0 0.0033699952594202737 0.0022688170142576795 0.010114799875892026 0.0009314456035767512 0.0013770829159747682
0 0.0009380863039399625 0.0 1.0 0.0 0.0064351657545463365 0.004636691824681343 0.008507450262215933 0.0013328002132480346 2.638417041740006e-05
0 0.001610305958132045 0.0 1.0 0.0 0.007051257108450915 0.0028390998396331745 0.00979373794331503 0.0006830601092896175 5.621515694660062e-05
0 0.001984126984126984 0.0 1.0 0.0 0.00390455586819172 0.0027641104603273697 0.006977626090254077 0.0006451123254401943 0.0005257376552937629
0 0.00047236655644780347 0.0 1.0 0.0 0.003323184512228861 0.00245664787486294 0.008256580485296178 0.0006737031214911298 8.000025907354573e-05
0 0.001851851851851852 0.0 1.0 0.0 0.005353436218563693 0.002589354457519686 0.005043610163064089 0.00018973891924711599 0.00010732865396781202
0 0.0013440860215053762 0.0 1.0 0.0 0.0032903771844250726 0.0029040278190421414 0.003924914675767918 0.00011384335154826958 0.0002905398298145581
0 0.0008928571428571428 0.0 1.0 0.0 0.0028139073114497137 0.0021834735097339946 0.007118478790833739 0.000429352068696331 0.0006372076417065989
0 0.001594896331738437 0.0 1.0 0.0 0.0007192002003728126 0.0007336491332316988 0.008262978264774564 0.0006471095772217428 0.0061760110170539255
0 0.001838235294117647 0.0 1.0 0.0 0.0052163129921517035 0.0036290045011548562 0.010110921501706484 0.0010672814207650272 0.00056951808211558
0 0.0005830903790087463 0.0 1.0 0.0 0.005384027075470804 0.0035285279567171925 0.008358292122309673 0.0007248801159808186 9.278165828673525e-05
0 0.0018518518518518517 0.0 1.0 0.0 0.0028444508282052445 0.0019347388264274634 0.005324232081911262 0.00018214936247723133 0.0030738122551835843
0 0.0033783783783783786 0.0 1.0 0.0 0.0 0.0005808055638084282 0.014334470989761093 0.00017076502732240437 0.012122467754948282
0 0.0006418485237483953 0.0 1.0 0.0 0.004972805447095362 0.003880784125285763 0.00869058519936735 0.000666400106624017 0.00012428082203521333
0 0.0007541478129713423 0.0 1.0 0.0 0.003773557174958736 0.003062448465194143 0.008753262397109014 0.000743330118932819 0.0002228074559359604
0 0.0016666666666666668 0.0 1.0 0.13333333333333333 0.004678396615106029 0.0021683407715514654 0.005187713310580206 0.0001366120218579235 0.009535823817582488
0 0.0006775067750677507 0.0 1.0 0.0 0.0018936336792180907 0.0017832653701501662 0.0065604854000758436 0.00037947783849423197 0.00568695866156362
0 0.002976190476190476 0.0 1.0 0.0 0.0015110615118217408 0.0009248805331633231 0.006143344709897611 0.00034153005464480874 0.059004006701496255
0 0.0014534883720930232 0.0 1.0 0.0 0.002053115379035231 0.0005216229151950449 0.005972696245733789 0.00025614754098360657 0.001267089692748732
0 0.0025252525252525255 0.0 1.0 0.0 0.0023413143886957255 0.0 0.008418657565415245 0.0 0.0021655312227962333
0 0.0007936507936507937 0.0 1.0 0.0 0.0047285646991926 0.001848504894842454 0.007630424183325208 0.0004147150663544106 0.00022512129036519036
0 0.000945179584120983 0.0 1.0 0.0 0.0054176556678814216 0.006008788514362713 0.0047781569965870295 0.0013661202185792352 0.00033071193627024636
0 0.0010131712259371835 0.0 1.0 0.0 0.0029147197739280407 0.0027868649650879458 0.009101251422070536 0.0008456934686442883 0.00013018556081515462
0 0.003472222222222222 0.0 1.0 0.0 0.0 0.0 0.008191126279863483 0.0004553734061930783 0.010038474573814241
0 0.0008503401360544217 0.0 1.0 0.0 0.004076829237818436 0.0003729547175214196 0.004436860068259386 0.00017076502732240437 0.0003578904202684022
0 0.0011111111111111111 0.0 1.0 0.0 0.0036513967606298364 0.001761726816811346 0.011224876753886993 0.0005312689738919247 0.0005859499299332833
0 0.00130718954248366 0.0 1.0 0.0 0.0030729643210057594 0.0007583492593276962 0.01274175199089875 0.001092896174863388 0.0008003612335152148
0 0.0032051282051282055 0.0 1.0 0.0 0.0010149328897048517 0.0 0.0034129692832764505 0.0 0.008632580948627247
0 0.0008576329331046312 0.0 1.0 0.0 0.003596126144329795 0.0010555766816340347 0.008935774123487434 0.0008693492300049679 0.0016661348058390696
0 0.0026455026455026454 0.0 1.0 0.0 0.0010318746483179745 0.0008426011150539247 0.00273037542662116 0.000195160031225605 0.007164561029492201
0 0.0022727272727272726 0.0 1.0 0.0 0.0032052974115505724 0.002726479873201991 0.001962457337883959 0.00042691256830601097 0.0028870958077811012
0 0.0035714285714285713 0.0 1.0 0.0 0.0 0.0 0.009283276450511945 0.0006830601092896176 0.01458843056209678
0 0.0011695906432748538 0.0 1.0 0.0 0.0002391815693677974 0.0 0.004641638225255973 0.000273224043715847 0.0034220170016058824
0 0.0009578544061302681 0.0 1.0 0.0 0.0025652634969350768 0.0008775579668725375 0.004474781949184679 0.00022768670309653916 0.0007752814117829287
0 0.0004985044865403788 0.0 1.0 0.0 0.006623378816287788 0.0015145936301601622 0.009134711905239911 0.00028126004500160723 3.3254606481706405e-05
0 0.001282051282051282 0.0 1.0 0.15384615384615385 0.0006498871197534981 0.0 0.001995274350223156 0.0 0.0029238432884265008
0 0.0008628127696289905 0.0 1.0 0.0 0.0017408371998748255 0.0002548712432656064 0.006538530626908568 0.0003235547886108714 0.0013777791375396108
0 0.0012406947890818859 0.0 1.0 0.0 0.0013482706442004449 0.0 0.005040693095300604 0.0 0.000615324581542706
0 0.0006613756613756613 0.0 1.0 0.0 0.0022885594849895025 0.001126145971200497 0.004351535836177474 0.0003699908925318761 0.0007429337198662627
0 0.000625 0.0 1.0 0.0 0.0030956533228517643 0.001402569460981033 0.0032218430034129685 0.0002459016393442623 0.0005882081591423299
0 0.001098901098901099 0.0 1.0 0.0 0.004020237250001522 0.002098397997469433 0.0020965382740126765 0.0006342701014832162 0.001217640580288032
0 0.05263157894736842 0.0 1.0 0.0 0.016066334568476778 0.008263862849861265 0.007434505546377152 0.0017130368007560997 0.05263157894736842
0 0.013157894736842105 0.0 1.0 0.0 0.0094144601447299 0.004845778426265493 0.009411139957517111 0.001358615393703114 0.004678713256531002
0 0.008547008547008546 0.0 1.0 0.0 0.009232560401663334 0.004851718016304199 0.011613199954007131 0.0016403349736683077 0.009708820615523655
0 0.008620689655172414 0.0 1.0 0.0 0.005523803639065906 0.0044613207888434285 0.01124942013298284 0.0015093463369325447 5.909294470218419e-05
0 0.0125 0.0 1.0 0.0 0.010086420278956496 0.00570034329729965 0.010510089686098656 0.001823793490460158 0.03948044024020631
0 0.007246376811594202 0.0 1.0 0.0 0.008107360539857087 0.005302882526273272 0.012185611230259309 0.0018542917093641734 0.025466208235131616
1 0.003105590062111801 0.0 1.0 0.0 0.01091600117520516 0.003399902773639655 0.01086956521739131 0.0014395159322695558 0.012916676172082267
0 0.008928571428571428 0.0 1.0 0.0 0.017038381409527383 0.009533139790798851 0.008648302370275465 0.002164502164502165 0.060572600224169396
0 0.006944444444444444 0.0 1.0 0.0 0.019273102154467925 0.010378685905406176 0.010369955156950675 0.0014730639730639733 0.04949555821009718
0 0.011111111111111112 0.0 1.0 0.0 0.008370917216044845 0.0033931386773035596 0.010214250124564027 0.000997630627260257 0.0002811704860187793
0 0.010101010101010102 0.0 1.0 0.0 0.00642532103949987 0.009466700672937594 0.011709018435475834 0.0016211497692979176 0.0005392412390314123
0 0.005555555555555555 0.0 1.0 0.0 0.003079838863807667 0.004585636507452746 0.007772795216741405 0.0007482229704451927 0.0006225374214844608
0 0.005494505494505495 0.0 1.0 0.0 0.005486037562450025 0.002504359876092815 0.009208840486867393 0.000160333493666827 0.007983054930824598
0 0.005494505494505494 0.0 1.0 0.0 0.00957046029398295 0.0029363700092050033 0.010003449465332872 0.000431667098333765 0.08001912850966922
0 0.00392156862745098 0.0 1.0 0.0 0.0012337954255307948 0.0022454594188038263 0.007254022685307307 0.0 0.000517409638742004
0 0.001644736842105263 0.0 1.0 0.0 0.006028722581593936 0.00302609024491984 0.007552513570922822 0.00029535117254415503 0.011337341829287622
0 0.00392156862745098 0.0 1.0 0.0 0.006277367389710449 0.002035883206382136 0.008071748878923767 0.00029928918817807707 0.06659670851378918
0 0.0019157088122605363 0.0 1.0 0.0 0.00890605949047295 0.00582079953917883 0.00881397866089377 0.00119973683192074 0.027219395642696723
0 0.003289473684210526 0.0 1.0 0.0 0.002223185404334958 0.0014314803794874393 0.00749719730941704 0.00014029180695847364 0.0006789923667936092
0 0.0029411764705882353 0.0 1.0 0.0 0.0135870256648516 0.00805667820775151 0.010419414402532315 0.001254373803393411 0.03559012459525074
0 0.0020703933747412005 0.0 1.0 0.0 0.007780021708085399 0.005061917631267865 0.011405732111522713 0.0008783487044356609 7.009904258409209e-05
0 0.002840909090909091 0.0 1.0 0.0 0.002954944869535822 0.0030307343751223613 0.0051849775784753365 0.0005611672278338945 0.0004751052616097538
0 0.0013175230566534915 0.0 1.0 0.0 0.002086498615083801 0.002069751717727133 0.0113126783530371 0.00047614189028330446 0.00013636555651718355
0 0.0008012820512820513 0.0 1.0 0.0 0.006100456128459669 0.003775631512765581 0.00933511555708865 0.0005611672278338944 0.013723409129042878
0 0.0015384615384615385 0.0 1.0 0.0 0.0018243810721588368 0.003817281011966504 0.006769575715764058 0.000259000259000259 0.00033261727430536006
0 0.002136752136752137 0.0 1.0 0.0 0.007354596257573311 0.004905685329553721 0.009155455904334827 0.0012470382840753212 0.05956268624401806
0 0.0023148148148148147 0.0 1.0 0.0 0.007457715158805982 0.005535030831434477 0.009599215246636771 0.0009820426487093155 0.03852929214712352
0 0.0018796992481203006 0.0 1.0 0.0 0.0071493409664159305 0.0036537135072281747 0.010207694123200379 0.0006497725795971411 0.0563006198444244
0 0.001567398119122257 0.0 1.0 0.0 0.005848900914315422 0.0032009913771050193 0.008408071748878924 0.0004081216202428324 0.01077019894869614
0 0.0020833333333333333 0.0 1.0 0.0 0.002764874387171702 0.0010679292591092935 0.007637331838565024 0.0004910213243546576 0.0005930984265380886
0 0.002932551319648094 0.0 1.0 0.0 0.004222799019206278 0.002776204372339276 0.009070525886669385 0.0006121824303642486 0.0008499211074535248
0 0.0011160714285714285 0.0 1.0 0.0 0.004582323346510959 0.002475266923255764 0.008768417680973736 0.00040083373416706754 0.011449199533948873
0 0.0030303030303030303 0.0 1.0 0.0 0.003077098384729376 0.0017086868145748696 0.013340807174887892 0.0005611672278338944 0.0013226700974677372
0 0.0024509803921568627 0.0 1.0 0.0 0.010385734992020059 0.00578504638644461 0.008221225710014947 0.0008417508417508418 0.08974839416449125
0 0.0007722007722007722 0.0 1.0 0.0 0.006243573931921678 0.0022491938050332337 0.008483820143012969 0.000515667182333849 0.01422608727948472
0 0.003968253968253968 0.0 1.0 0.0 0.0017126503263494711 0.0 0.0064061499039077515 0.00048100048100048096 0.0021473567472102243
0 0.003861003861003861 0.0 1.0 0.0 0.0007665552191084647 0.0 0.013292761050608583 0.000641333974667308 0.0036360138035508765
1 0.0023923444976076554 0.0 1.0 0.0 0.016455654010987208 0.0059746841238507735 0.009885854056257644 0.0012243648607284973 0.10268596380988225
0 0.002331002331002331 0.0 1.0 0.0 0.011328070787993692 0.004565081985501189 0.006726457399103139 0.0009182736455463727 0.056425558098275916
0 0.0011363636363636365 0.0 1.0 0.0 0.004800167868921833 0.0015023721508579937 0.005962087240114147 0.0006631976328946025 0.021242511493007682
0 0.0013550135501355014 0.0 1.0 0.0 0.007364014114279179 0.0012724270039888347 0.009155455904334829 0.0003741114852225963 0.00013463384073321213
0 0.0015873015873015873 0.0 1.0 0.0 0.0008171612962924489 0.000853540213192099 0.00852017937219731 0.0006734006734006734 0.0008315909873395316
0 0.0015503875968992248 0.0 1.0 0.0 0.0025957580048331244 0.0006301537414543792 0.006427503736920776 0.0003741114852225963 0.0006762200609465354
0 0.0015151515151515152 0.0 1.0 0.13333333333333333 0.003558504901509279 0.0018007332109019158 0.005455904334828102 0.0006734006734006734 0.0014163264728070375
0 0.07142857142857142 0.0 1.0 0.0 0.0010040313645275274 0.0021445128509849655 0.007156359708344585 0.0006755539542424789 0.07142857142857144
0 0.029411764705882353 0.0 1.0 0.0 0.0014658251050155666 0.0017525450719413347 0.005745209236813817 0.0007046954973666644 0.0071252587028871415
0 0.041666666666666664 0.0 1.0 0.0 0.0019824986483882876 0.0021445128509849655 0.004568367989918084 0.0006305170239596469 0.021461606062456298
0 0.03125 0.0 1.0 0.0 0.0008472204070026853 0.001608384638238724 0.011893509766855702 0.0008669609079445147 0.03817289453566716
0 0.008 0.0 1.0 0.0 0.0007545473210612558 0.001210123744183054 0.010157529930686833 0.001059268600252207 0.0022181652245499917
0 0.009259259259259259 0.0 1.0 0.0 0.0011073453645064546 0.00135270926168592 0.007876496534341526 0.0008056606417262157 0.0045811715375313105
0 0.010989010989010988 0.0 1.0 0.0 0.001214475785995093 0.0023094753779838093 0.005040957781978576 0.0005820157144242895 0.013810937543202177
0 0.003787878787878788 0.0 1.0 0.0 0.0025301177172204962 0.002361173025622864 0.006453953523896813 0.0006687301769268986 0.0002502572837760367
0 0.00326797385620915 0.0 1.0 0.0 0.0017579174440237526 0.003279843183859358 0.0042996404610993735 0.0006119724056078929 0.0018208626451259675
0 0.0038461538461538464 0.0 1.0 0.0 0.0018989016401806556 0.003039908822510701 0.008821676118462508 0.0008002716073333983 0.0032404589715890357
0 0.004784688995215311 0.0 1.0 0.0 0.0008592079661083892 0.0024821723424845537 0.007329287301429376 0.000763257450056415 0.007787142823956787
0 0.010416666666666666 0.0 1.0 0.0 0.001474864934467116 0.0021422618241771253 0.007325141776937619 0.0008669609079445147 0.022956739128504194
0 0.004524886877828055 0.0 1.0 0.0 0.0026352717711409417 0.0027752519248040726 0.004744430853626894 0.0005934277872561384 0.003488426568702568
0 0.0037593984962406013 0.0 1.0 0.0 0.0017767992363525405 0.00338607292260784 0.003581733160879515 0.0007300723435322231 0.006090115817834256
0 0.0015151515151515152 0.0 1.0 0.0 0.0023460277658652706 0.0032427922023360815 0.007088846880907371 0.0008311360770377166 0.0004565491734654939
0 0.002840909090909091 0.0 1.0 0.0 0.0009051964314592908 0.0013646899960813419 0.0078478547287621 0.0006878367534105242 0.006412784237409863
0 0.001680672268907563 0.0 1.0 0.0 0.0007592466225112868 0.0013479795063334066 0.009793860833558375 0.0007926499729778422 0.0022548654913521955
0 0.0023148148148148147 0.0 1.0 0.0 0.0011975518465636543 0.001608384638238724 0.008926696072253727 0.0007356031946195884 0.0018713655905049297
0 0.0043859649122807015 0.0 1.0 0.0 0.0010599851289898384 0.002859350467979954 0.005513547574039067 0.0008932324506094998 0.014164655439784013
0 0.0071428571428571435 0.0 1.0 0.0 0.0006309712786037611 0.004527137004434771 0.004680889368980106 0.0009007386056566384 0.04125556763170527
0 0.005291005291005291 0.0 1.0 0.0 0.0013680490090077421 0.0035211065590048216 0.003710705033956452 0.00014011489421325487 0.020852881499862645
0 0.005050505050505051 0.0 1.0 0.0 0.0 0.00047655841132999234 0.011062101799341875 0.0008406893652795292 0.017815668579649693
0 0.006211180124223602 0.0 1.0 0.0 0.0020079574975285495 0.0018381538722728275 0.002520478890989288 0.0 0.02875990477071916
0 0.004629629629629629 0.0 1.0 0.0 0.0046766266402226316 0.0019062336453199694 0.0060911573198907795 0.00028022978842650974 0.0051052717447110435
1 0.005 0.0 1.0 0.0 0.003073807226503961 0.002680641063731207 0.006379962192816635 0.0 0.005679646007237516
0 0.004807692307692308 0.0 1.0 0.0 0.004049609233883313 0.0027332933619971713 0.004410838059231254 0.0003940731399747793 0.013397280294554883
0 0.001763668430335097 0.0 1.0 0.0 0.00039538202845960637 0.0011531382625140814 0.007591442374051067 0.0005104185432054285 0.006713552576547046
0 0.002232142857142857 0.0 1.0 0.0 0.003985188595274978 0.0032167692764774477 0.0036231884057971015 0.0 0.001472576301556241
0 0.0008019246190858059 0.0 1.0 0.0 0.0018633897540645346 0.002393874810401821 0.004381530165149982 7.33159330185636e-05 0.0006305099438406492
0 0.0011904761904761904 0.0 1.0 0.0 0.0017484978920041566 0.0012254359148485517 0.005828607435412728 0.0001576292559899117 0.0027119285786509316
0 0.0026881720430107525 0.0 1.0 0.0 0.001961499683944109 0.001429675233989977 0.004095778197857593 0.0 0.00985461493220523
0 0.002840909090909091 0.0 1.0 0.0 0.0006999195260084054 0.0019495571372590596 0.00761872028412671 0.0 0.003876406420629176
0 0.0025252525252525255 0.0 1.0 0.0 0.0007623559300378099 0.0007148376169949885 0.008244066372610796 0.0002627154266498529 0.018577944816570154
0 0.0032679738562091504 0.0 1.0 0.0 0.00037081330831982394 0.00047655841132999234 0.0029405587061541697 0.0 0.03838251100275332
0 0.0007518796992481202 0.0 1.0 0.0 0.002649610579306 0.0023136787987876424 0.008606108844891056 0.00024888829893143956 0.0008124913695183555
0 0.001984126984126984 0.0 1.0 0.0 0.0023442118349625693 0.003369948765833517 0.007111351156719777 0.00027022158169699153 0.013442486171414756
0 0.0008718395815170009 0.0 1.0 0.0 0.001806462946429191 0.001521912345860298 0.009573754497225436 0.00020339258837407965 0.0014841755188594499
0 0.001547987616099071 0.0 1.0 0.0 0.0002521366530755147 0.0013507870122866786 0.010563771822528633 0.00025962465692456045 0.011004164145317531
0 0.0010256410256410256 0.0 1.0 0.0 0.0006475121147288864 0.0021194623649065216 0.008569628229363578 0.00037831021437578815 0.005183708495271308
0 0.0006097560975609756 0.0 1.0 0.04878048780487805 0.0018993381574438065 0.0018210146664219395 0.008959995081992408 0.00023067695998523667 0.00020477487451681998
0 0.0027100271002710027 0.0 1.0 0.0 0.0017650561187653399 0.0019062336453199694 0.007771476580550305 0.0 0.019051329341939895
0 0.0013227513227513227 0.0 1.0 0.0 0.00477937163475273 0.0028593504679799535 0.00966183574879227 0.00017514361776656859 0.0022453964023723284
0 0.0006459948320413437 0.0 1.0 0.0 0.0020705001674405513 0.003035363125508804 0.0063187005531050895 0.0003502872355331371 0.0013583089000827392
0 0.0011363636363636363 0.0 1.0 0.0 0.001003183156766936 0.001628202061297437 0.010207939508506616 0.00012610340479192938 0.005982688017618854
0 0.0013071895424836603 0.0 1.0 0.0 0.0031560953594478532 0.0022706606657487867 0.0032988620779124504 0.00040798160373859506 0.002578447704388264
0 0.0012077294685990338 0.0 1.0 0.0 0.0014353602743829728 0.0019062336453199694 0.010957081845550654 0.0 0.0067760364135831756
0 0.00060790273556231 0.0 1.0 0.0 0.0030432612732646355 0.001593066689303117 0.008497614546763885 0.000234192037470726 0.0004434608314912636
0 0.0013020833333333333 0.0 1.0 0.0 0.005771341374093797 0.0027352712009127912 0.008427851291745432 0.0003940731399747793 0.0010057519951137753
0 0.0007849293563579277 0.0 1.0 0.0 0.0034373725106653322 0.0016496252699884349 0.0062042557316659384 0.00014550392860607236 0.0006220609859249911
0 0.0006060606060606061 0.0 1.0 0.0 0.00344668389798803 0.000477900463830506 0.007332302228332476 0.0002483854942871336 0.00016795710119958318
0 0.0012254901960784314 0.0 1.0 0.0 0.0011813765259710944 0.0004692443355061587 0.009018588531821045 0.0001182219419924338 0.003956958369658944
0 0.0017482517482517483 0.0 1.0 0.0 0.0003499597630042027 0.0 0.005728361115884745 0.0 0.01043797870669093
0 0.0007861635220125786 0.0 1.0 0.0 0.00310078339858382 0.0011204011676044076 0.006169922285234194 0.00028898696931483817 0.0013834208286075253
0 0.00036310820624546115 0.0 1.0 0.0 0.0018238654647334954 0.0018754368264923163 0.01173752424725404 0.0005687016294537993 0.0009349523103878705
0 0.0009569377990430621 0.0 1.0 0.0 0.002442243455330638 0.000359467737585745 0.007229794713627167 0.00013274042609676777 0.004144294544013047
0 0.00033068783068783067 0.0 1.0 0.0 0.0011844044122322275 0.00013319747967531178 0.008133211976942285 0.0002335248236887581 0.000504085694440583
0 0.003508771929824561 0.0 1.0 0.0 0.0014926888665572852 0.0 0.004158790170132326 0.0 0.06398238054405063
0 0.000663129973474801 0.0 1.0 0.0 0.001701387706386687 0.00032992505399768703 0.005234840773593137 0.00026675720244446604 0.001614622208326941
0 0.0006053268765133172 0.0 1.0 0.0 0.0023706321180640495 0.0009997722824356416 0.0022729318570528395 0.0001576292559899117 0.002548100520643942
0 0.001388888888888889 0.0 1.0 0.16666666666666666 0.0027093330387817157 0.0 0.009136735979836169 0.0 0.00827584806928658
0 0.0006305170239596469 0.0 1.0 0.0 0.0020118318445562 0.0005850722529666557 0.006446609471184138 0.00016975458337375107 0.0028256834477975844
0 0.0007012622720897616 0.0 1.0 0.0 0.002176809057475385 0.0005229064678632739 0.00936960631215583 0.00021931026920335545 0.0015464298259885018
0 0.0022675736961451248 0.0 1.0 0.0 0.0005134379759344856 0.0 0.0118822576289495 0.0 0.04547993951769813
0 0.0007102272727272727 0.0 1.0 0.0 0.0024872381661561957 0.0003899114274518119 0.008277481812453457 0.00037257824143070045 0.0014664401387729188
0 0.0008097165991902835 0.0 1.0 0.0 0.0024707688868326806 0.0007903062492735305 0.0038470467283520716 0.00019911063914515166 0.0010593048704415624
0 0.001893939393939394 0.0 1.0 0.0 0.0014114566861683133 0.0 0.0009451795841209829 0.0 0.02818250600242038
0 0.0007462686567164179 0.0 1.0 0.0 0.002560445067530653 0.0012867077105909795 0.0035916824196597355 0.00018915510718789407 0.004159641197454865
0 0.00045955882352941176 0.0 1.0 0.0 0.0006622113337184035 0.0 0.006084593572778826 0.00025614754098360657 0.0016395671371841184
0 0.0008051529790660225 0.0 1.0 0.0 0.002763214731516182 0.0011570242393065928 0.005741090807253377 0.0002101723413198823 0.004429977550546794
0 0.0007936507936507937 0.0 1.0 0.0 0.001434830459562888 0.0011184344285752148 0.00938178253868235 0.00028022978842650974 0.004722915109275055
0 0.000612369871402327 0.0 1.0 0.0 0.0014926631223180751 0.0005594381350395562 0.006410783266211883 8.224135095125829e-05 0.002806782586404784
0 0.0006313131313131313 0.0 1.0 0.0 0.002179418265798066 0.0027732324449714113 0.006387122644211491 0.0005445374297833314 0.0031662719590481504
0 0.0019569471624266144 0.0 1.0 0.0 0.0018235704411483035 0.003814129739087372 0.0074714195697182465 0.0009908124662223023 0.031197341884262233
0 0.00045045045045045046 0.0 1.0 0.0 0.0018747497824138691 0.00042890257019699313 0.009913883637891198 0.00029424127784783517 0.0010442755990535165
0 0.00038095238095238096 0.0 1.0 0.0 0.0016449660522346381 0.00024508718296971035 0.008443604284814115 0.00016213294901819492 0.0014140827442244823
0 0.0007739938080495355 0.0 1.0 0.0 0.0007868114569758736 0.0010844766020766733 0.006041736165165498 0.00029671389362806916 0.009154965236099917
0 0.0008658008658008659 0.0 1.0 0.0 0.002502543352069029 0.0005718700935959908 0.004074774207099349 8.406893652795292e-05 0.005708339760879924