0 0.047619047619047616 0.0 1.0 0.0 0.015444968035231377 0.0059816159291757225 0.01423250864591647 0.0030678938241963443 0.047619047619047616
0 0.019230769230769232 0.0 1.0 0.0 0.012674430760677906 0.00967432493574587 0.020305113880532875 0.003986209868562809 0.015472591753988388
0 0.0196078431372549 0.0 1.0 0.0 0.008220434172619806 0.01275122381930645 0.02037463029904699 0.004778381941011699 0.04497007297837766
0 0.008333333333333333 0.0 1.0 0.0 0.0041677846590361025 0.009845361874463145 0.012011173184357541 0.0018674136321195143 0.014490918724848425
0 0.006060606060606061 0.0 1.0 0.0 0.007386097074644588 0.009895414871861324 0.016844421872354833 0.0013581190051778287 0.023637484172937404
0 0.0043859649122807015 0.0 1.0 0.0 0.009937882144492783 0.007135868611808706 0.02264039988238754 0.001990269792127377 0.013983825571236713
0 0.0033222591362126242 0.0 1.0 0.0 0.01112080653940264 0.015356738057568728 0.018708587761465507 0.00286626278418344 0.014438590586563344
0 0.004310344827586207 0.0 1.0 0.0 0.012660074644044401 0.011264968915041956 0.017337699865151223 0.0012556746836665702 0.016651297521280892
0 0.007407407407407407 0.0 1.0 0.0 0.015421109278388526 0.00869757607764875 0.018435754189944135 0.00130718954248366 0.04027625806528321
0 0.002564102564102564 0.0 1.0 0.0 0.0114987765628582 0.006480469319855524 0.015900300816501935 0.0007900596135890254 0.014162691604056556
0 0.006993006993006993 0.0 1.0 0.0 0.008140223675756324 0.005295946971198269 0.013321873657069189 0.0015082956259426848 0.0005040661481345696
0 0.0015432098765432098 0.0 1.0 0.0 0.00788019183869521 0.006956872334606156 0.011069728946823919 0.001867413632119514 0.0040293532427091655
0 0.02857142857142857 0.0 1.0 0.0 0.008673277999780642 0.006850117051062324 0.009112838381131062 0.002470461868958109 0.02857142857142857
0 0.02 0.0 1.0 0.0 0.00771362449287119 0.010007908237686682 0.01155722326454034 0.002781954887218045 0.025056690269304085
0 0.017543859649122806 0.0 1.0 0.0 0.008680104050516486 0.004862960219201429 0.013429446035351041 0.0024732884843688165 0.03294948301385738
0 0.017857142857142856 0.0 1.0 0.0 0.01116429860547584 0.004282219344217752 0.011659072634682388 0.002551020408163265 0.043095592647991975
0 0.007692307692307693 0.0 1.0 0.0 0.010758460867415756 0.007308165724086496 0.007649011401356616 0.0024580682475419317 0.028849274126508936
0 0.004629629629629629 0.0 1.0 0.0 0.004994272823449037 0.008292249820346926 0.010058369814467373 0.001827485380116959 0.01053907545889461
0 0.0049261083743842365 0.0 1.0 0.0 0.0038367216343868967 0.006164405603076562 0.008086950896034159 0.00038890329271454494 0.011729138664507728
0 0.008333333333333333 0.0 1.0 0.0 0.0060251034097505984 0.005036293134067864 0.010881801125703566 0.0007518796992481202 0.02495370787784704
0 0.004273504273504273 0.0 1.0 0.0 0.009519990086249142 0.0074463815931001456 0.00902006061480733 0.0013736263736263735 0.030729328744118305
0 0.004347826086956522 0.0 1.0 0.0 0.0038019920817364346 0.0027796644178343867 0.00889142670690921 0.0 0.023115260470236126
0 0.006060606060606061 0.0 1.0 0.0 0.0015003566746985017 0.005967012950284483 0.0057535959974984365 0.0 0.0033406007457805953
0 0.002525252525252525 0.0 1.0 0.0 0.004295971535100571 0.005553076283873294 0.007447836716129401 0.00034176349965823647 0.016189476033353977
0 0.003076923076923077 0.0 1.0 0.0 0.008216595412186375 0.005984082955390026 0.014709193245778613 0.002105263157894737 0.03095123443700979
0 0.002857142857142857 0.0 1.0 0.0 0.005556817491990312 0.006599773867002371 0.011181988742964354 0.0013533834586466164 0.022601277309432625
0 0.002564102564102564 0.0 1.0 0.0 0.006728636484135615 0.004607903176517202 0.01861740510896233 0.002674956622325043 0.0245674136249246
0 0.004166666666666667 0.0 1.0 0.0 0.008748041685452597 0.0077074349629834725 0.01651031894934334 0.0018796992481203006 0.04156926660114757
0 0.0015898251192368838 0.0 1.0 0.0 0.00724831050531772 0.005771528260080046 0.018609603975457634 0.002235318024791709 0.014191988379485957
0 0.001182033096926714 0.0 1.0 0.0 0.003274288514869206 0.0015960692314089852 0.012175162668156964 0.0007998720204767237 0.0016390585046586153
0 0.002288329519450801 0.0 1.0 0.0 0.0046393767009125855 0.0 0.004894363324904153 0.0 0.0007788123702562406
0 0.002777777777777778 0.0 1.0 0.0 0.004099389953132884 0.003551793422788383 0.002293099854075464 0.0 0.0012833295514345045
0 0.0022675736961451248 0.0 1.0 0.0 0.005401095812934368 0.0006066326479737666 0.008219422853569195 0.0002685284640171858 0.030219377456610467
0 0.037037037037037035 0.0 1.0 0.07407407407407407 0.01859371445632129 0.016975135059262392 0.014774337178708762 0.006715506715506719 0.03703703703703703
0 0.014285714285714285 0.0 1.0 0.0 0.01020481175847621 0.0059535316832103145 0.018266978922716632 0.003924646781789638 0.019566959962071247
0 0.020833333333333332 0.0 1.0 0.0 0.014191399669544845 0.013665081501515755 0.017759562841530054 0.0013736263736263737 0.044623668137370155
0 0.008064516129032258 0.0 1.0 0.0 0.013447677332649125 0.02069669963911607 0.017451084082496036 0.0021269053527118043 0.02976128600548769
0 0.0064516129032258064 0.0 1.0 0.0 0.021525863039926454 0.010942334607905436 0.014630706857042132 0.0017724211272598372 0.023911676712430083
0 0.005747126436781609 0.0 1.0 0.0 0.018645422100348436 0.016852260498503167 0.015639721123045038 0.0018946570670708605 0.03197776925837943
0 0.01020408163265306 0.0 1.0 0.0 0.017492705740233917 0.00533939934326869 0.01600312256049961 0.0 0.04948217588710356
0 0.037037037037037035 0.0 1.0 0.0 0.009039281415715219 0.005138995956530696 0.01327576585308544 0.0016460905349794234 0.037037037037037035
0 0.023809523809523808 0.0 1.0 0.0 0.0030218619181327563 0.0029434446055276275 0.018654884634266074 0.0020030234315948597 0.015667658754284424
0 0.007751937984496124 0.0 1.0 0.0 0.0029456870752972274 0.002169409002454686 0.015048964461575338 0.0011074197120708746 0.0077328349341821345
0 0.03125 0.0 1.0 0.0 0.0025504555778396876 0.003979506989964759 0.01367961934972244 0.0011904761904761906 0.02338133151391046
0 0.008333333333333333 0.0 1.0 0.0 0.004255937688282463 0.0025326618258143746 0.016356066613798566 0.0016534391534391536 0.008980140671220802
0 0.005555555555555555 0.0 1.0 0.0 0.003508824797466023 0.0015354184151234517 0.01107586571504097 0.001322751322751322 0.0027431231132713893
0 0.005291005291005291 0.0 1.0 0.0 0.006220970834591318 0.004144034938361928 0.014626839369107407 0.0014109347442680777 0.02392846263667004
0 0.010416666666666666 0.0 1.0 0.0 0.01386512475469223 0.01194058297164083 0.015199577055247155 0.0036375661375661374 0.06852380258677622
0 0.003472222222222222 0.0 1.0 0.0 0.006811055500273599 0.007527827475599124 0.018016455194290244 0.0026537698412698388 0.024517476284189117
0 0.006666666666666667 0.0 1.0 0.0 0.003006836472465181 0.000999566819395656 0.013375627808617499 0.0007936507936507938 0.010826851889815213
0 0.008264462809917356 0.0 1.0 0.0 0.0026841352444154126 0.0015365290250543492 0.016220892509552304 0.0010822510822510823 0.001989109132849214
0 0.0026041666666666665 0.0 1.0 0.0 0.001554523442083891 0.0012857550192732347 0.018189928628072956 0.0012400793650793644 0.004698115659695703
0 0.0027472527472527475 0.0 1.0 0.0 0.011038785172414311 0.009069766711639681 0.010026056417808989 0.0024659863945578234 0.024959547098806968
0 0.0021645021645021645 0.0 1.0 0.0 0.0023144986208108948 0.0021555975777648667 0.011102299762093574 0.0005772005772005772 0.0009382301356943254
0 0.00392156862745098 0.0 1.0 0.0 0.006426521531179327 0.0043620413559209625 0.011242244717077951 0.0009337068160597572 0.012498834166075874
0 0.004807692307692308 0.0 1.0 0.0 0.0017977996743431615 0.00041528661558756476 0.0076862075276032445 0.0 0.009238036695039682
0 0.004901960784313725 0.0 1.0 0.0 0.0021719791465068827 0.0011850261039868088 0.019230769230769235 0.0016534391534391533 0.012549602183029938
0 0.00326797385620915 0.0 1.0 0.0 0.008897382595898132 0.01024176018219542 0.019219107151187194 0.0035480859010270775 0.047220664422865044
0 0.0043859649122807015 0.0 1.0 0.0 0.00149783776296085 0.0020202538302792213 0.004163362410785091 0.00026455026455026457 0.015560529847286416
0 0.003125 0.0 1.0 0.0 0.010595158735789418 0.011607155800044747 0.015909992069785883 0.0027281746031746035 0.051571687247561074
0 0.0020703933747412005 0.0 1.0 0.0 0.0033974005511731085 0.0042321517015797136 0.023963038306382096 0.0018633540372670807 0.0047122941641663495
0 0.001976284584980237 0.0 1.0 0.0 0.0021555771202718004 0.0012648545720009036 0.015722511464331273 0.0005866114561766735 0.00032306254150731457
0 0.002717391304347826 0.0 1.0 0.0 0.010791922340493074 0.011732439958988608 0.015216098334655034 0.002628968253968254 0.049725373316466606
0 0.0010964912280701754 0.0 1.0 0.0 0.00717144217240307 0.0059339410292009705 0.011999666096247754 0.0017126148705096072 0.01853163038367252
0 0.0011764705882352942 0.0 1.0 0.0 0.003304734821755006 0.001625303761958306 0.010659140737976395 0.0004201680672268908 0.00024169798986311216
0 0.004807692307692308 0.0 1.0 0.0 0.017471652052725987 0.019553364618490512 0.022799365582870733 0.006746031746031746 0.10067222450584422
0 0.0026455026455026454 0.0 1.0 0.0 0.0010736916964255532 0.0010389876841435995 0.004758128469468675 0.00011337868480725624 0.012353085913267904
0 0.001152073732718894 0.0 1.0 0.0 0.004462396193107861 0.002396967388720831 0.009362768923793199 0.0005632360471070148 0.028684274504708562
0 0.0028735632183908046 0.0 1.0 0.0 0.0018265634533822395 0.005339557312477812 0.01295268305577584 0.000992063492063492 0.015044772878542912
0 0.0014492753623188406 0.0 1.0 0.0 0.009815548794360328 0.010601522168921925 0.02337689204565045 0.0030365769496204266 0.03417903937897377
0 0.0017921146953405018 0.0 1.0 0.0 0.003652252825477559 0.004160131782183999 0.016212882192263633 0.0007936507936507937 0.009476244899066982
0 0.001953125 0.0 1.0 0.0 0.0018653741114658402 0.001693946406725965 0.0046590007930214115 9.92063492063492e-05 0.006420579219702897
0 0.0021645021645021645 0.0 1.0 0.0 0.006915172806640731 0.000692658456095733 0.012631698198708506 0.0 0.050102058523841156
0 0.0008650519031141869 0.0 1.0 0.0 0.006245026737439775 0.00524857049555564 0.01464757195503102 0.0015639589169000932 0.02395607210111152
0 0.0019047619047619048 0.0 1.0 0.0 0.011938679409064444 0.012307617278718635 0.018503832936822624 0.003703703703703704 0.05248122957111538
0 0.0012077294685990338 0.0 1.0 0.0 0.0017304574319976006 0.002442554946475643 0.019928972864876045 0.0016218081435472739 0.004208622969995555
0 0.0019305019305019305 0.0 1.0 0.0 0.0016141758778903449 0.0019141220940300469 0.018069559306672707 0.001417233560090703 0.0007149346159999399
0 0.0043859649122807015 0.0 1.0 0.0 0.004019449470407423 0.003232406128446754 0.005815490351572826 0.0 0.04052022950143876
0 0.0009861932938856016 0.0 1.0 0.0 0.007965578804576736 0.00794114925787703 0.01622643811382907 0.0021062271062271066 0.029523883175997894
0 0.0020833333333333333 0.0 1.0 0.0 0.002137295256249965 0.0012579953656648836 0.011168384879725086 0.00033068783068783067 0.0016690670015428327
0 0.0005302226935312832 0.0 1.0 0.0 0.00153028891856135 0.0022339217702576574 0.01637761610867841 0.0003278122843340234 0.0008291763520950347
0 0.0015873015873015873 0.0 1.0 0.0 0.0026180521585354114 0.0022626842899127276 0.0048109965635738825 0.0 0.0052962278275754905
0 0.0010111223458038423 0.0 1.0 0.0 0.009309769220555245 0.008844117385345131 0.01920490983691342 0.0029330572808833675 0.03497356897096264
0 0.0007836990595611285 0.0 1.0 0.0 0.002056852833144063 0.002043561824935293 0.011375755421258441 0.0002736726874657909 0.005734859849455645
0 0.000925925925925926 0.0 1.0 0.0 0.0035961686559803727 0.0038961405892455124 0.01638910917261432 0.0013227513227513227 0.00432938120007927
0 0.0007496251874062968 0.0 1.0 0.0 0.006533543271402978 0.007647941685196271 0.012688342585249798 0.002052545155993432 0.02649967692848867
0 0.00425531914893617 0.0 1.0 0.2 0.0 0.0 0.0007930214115781126 0.0 0.10006917621472429
0 0.001488095238095238 0.0 1.0 0.07142857142857142 0.0019256333950513958 0.00222096076717222 0.006570748838790076 0.00022675736961451248 0.0018673532555349463
0 0.0007288629737609329 0.0 1.0 0.0 0.002431487787017482 0.0018640034704727 0.019570635550016997 0.0010770975056689342 0.007365550338618098
0 0.0005555555555555556 0.0 1.0 0.0 0.003708238564137026 0.003439424187826782 0.01508943519252797 0.001080246913580247 0.006932719214863482
0 0.0010893246187363833 0.0 1.0 0.0 0.011145701147423923 0.013492368186329134 0.01489117983963345 0.003350970017636684 0.04722106911456761
0 0.0006631299734748011 0.0 1.0 0.0 0.006338711616711327 0.00509071027976472 0.005605841012879763 0.0011494252873563218 0.028093748764395254
0 0.0003699593044765076 0.0 1.0 0.0 0.004839441260698066 0.00287705291299184 0.008925378240114443 0.0009337068160597573 0.014747150813701012
0 0.0009259259259259259 0.0 1.0 0.0 0.0035588721274535996 0.0016306943552639459 0.013203806502775575 0.0006349206349206349 0.013758997752996913
0 0.0007272727272727272 0.0 1.0 0.0 0.0070011770220366676 0.006396101415030938 0.010182394924662967 0.0015555555555555557 0.032300962343733655
0 0.0007763975155279503 0.0 1.0 0.0 0.009194030507351379 0.00873078132729877 0.02330793366203496 0.003105590062111801 0.033778852341684464
0 0.0010964912280701754 0.0 1.0 0.0 0.004382153670690966 0.0007071981504309678 0.00996233148295004 0.000248015873015873 0.0154271817987255
1 0.023255813953488372 0.0 1.0 0.0 0.005107273982723818 0.007319618807039457 0.015136920324755745 0.0033124008004968603 0.023255813953488372
0 0.014705882352941176 0.0 1.0 0.0 0.004152639950909975 0.0066296308667986815 0.014705882352941173 0.0032291848490137902 0.005807643687507715
1 0.0196078431372549 0.0 1.0 0.0 0.0076989778501892515 0.005453352022384596 0.02558301427079707 0.003665561179961599 0.03171466809898732
0 0.025 0.0 1.0 0.0 0.002662609272384772 0.0060555442996952326 0.015976331360946748 0.0 0.005276506144601516
0 0.01 0.0 1.0 0.0 0.004620232845512929 0.009083316449542848 0.017455621301775144 0.0005934718100890207 0.008033313233831274
0 0.008771929824561403 0.0 1.0 0.0 0.008533975046755437 0.015325082530228577 0.020865773902211143 0.002655005466187724 0.025113031090205698
0 0.01020408163265306 0.0 1.0 0.0 0.00892204162488026 0.007208981309160991 0.006128486897717667 0.0 0.00660248858509305
0 0.003472222222222222 0.0 1.0 0.0 0.0053985190176389945 0.00598010850584608 0.023915187376725835 0.0009066930431915596 0.001022917305866173
0 0.00326797385620915 0.0 1.0 0.0 0.0036376289913715265 0.006530488950651721 0.01444483118691263 0.0005236515971373713 0.005821731282258602
0 0.005555555555555556 0.0 1.0 0.0 0.0009375053377146945 0.005757581704848826 0.018573307034845495 0.0003297065611605671 0.0005177400615564514
0 0.004545454545454545 0.0 1.0 0.0 0.00853841114075464 0.00807405906626031 0.010355029585798817 0.0 0.0005226199625984472
0 0.0024509803921568627 0.0 1.0 0.0 0.006224998911275575 0.008311531391738555 0.008788722589627564 0.0 0.002223525024703704
0 0.003344481605351171 0.0 1.0 0.0 0.002750255506541054 0.0009954730445511212 0.0176228453820427 0.000903109276222423 0.0006964945581726192
0 0.004464285714285714 0.0 1.0 0.0 0.001899516460146712 0.0 0.01201923076923077 0.000741839762611276 0.0005019727500260808
0 0.05263157894736842 0.0 1.0 0.0 0.01134298756932151 0.011243287016769889 0.02451568661066347 0.005503955968352253 0.05263157894736842
0 0.016666666666666666 0.0 1.0 0.0 0.009953001799785305 0.01241972546678992 0.016069489685124866 0.004793028322440087 0.027562016082435175
0 0.018518518518518517 0.0 1.0 0.0 0.005612249527610907 0.01073749297898311 0.01067680057908071 0.0030864197530864204 0.005723759274624132
0 0.019230769230769232 0.0 1.0 0.0 0.002238223449884254 0.004781520846871052 0.019293410172889 0.0030165912518853697 0.0010809362056695864
0 0.0058823529411764705 0.0 1.0 0.0 0.007327786280240061 0.008595751168541955 0.015711822188158652 0.0006728181468665898 0.011119366983702951
0 0.004065040650406504 0.0 1.0 0.0 0.007111444139508062 0.006596278382131012 0.015253833320092162 0.0014347202295552368 0.016158634763885803
0 0.0033222591362126242 0.0 1.0 0.0 0.006741496582903405 0.010062361281379169 0.015453374744337552 0.0007599939200486396 0.004233339449532291
0 0.005952380952380952 0.0 1.0 0.0 0.006734639057173421 0.007957997045424279 0.01349464867380177 0.0012449424214130097 0.004189396324428365
0 0.004830917874396135 0.0 1.0 0.0 0.010843606698972523 0.009729434211926843 0.020393711938818865 0.0031258880363739697 0.037008231590255736
0 0.00625 0.0 1.0 0.0 0.004447537985693489 0.00555751206153947 0.005700325732899024 0.0004084967320261438 0.003510553957574901
0 0.0025252525252525255 0.0 1.0 0.0 0.003336538269847127 0.005686612439398332 0.012124502352515384 0.0007262164124909223 7.214201582798489e-05
0 0.00641025641025641 0.0 1.0 0.0 0.009547188139201869 0.006840014844971655 0.011024805813079429 0.0 0.03854299411042531
0 0.041666666666666664 0.0 1.0 0.0 0.013694942310449489 0.015619001108927007 0.0193089430894309 0.006264568764568765 0.041666666666666664
0 0.018518518518518517 0.0 1.0 0.0 0.010765236751984063 0.013316522453145971 0.017034456058846303 0.005180005180005182 0.02215535108088232
0 0.009259259259259259 0.0 1.0 0.0 0.003990736226005193 0.004731916161584925 0.01180797522260937 0.002622377622377624 0.00017503099284407414
0 0.005813953488372093 0.0 1.0 0.0 0.00989551564618372 0.011029291799187938 0.015071712178915814 0.002439421044072207 0.016437585913767646
0 0.0071428571428571435 0.0 1.0 0.0 0.005371554544750306 0.005704376327803936 0.020034843205574915 0.0014985014985014985 0.009063048115702813
0 0.004166666666666667 0.0 1.0 0.0 0.010229292377574233 0.014773055692273218 0.012979094076655054 0.0019230769230769232 0.020575793024139
0 0.009523809523809523 0.0 1.0 0.0 0.0 0.0063425592198828075 0.0148664343786295 0.0011655011655011655 0.0009275343188307251
0 0.005681818181818182 0.0 1.0 0.0 0.013166545010832968 0.011728436944250903 0.013303769401330377 0.00270184361093452 0.039758567984604004
0 0.004830917874396135 0.0 1.0 0.0 0.012065524821825107 0.015754841637131315 0.013028329041054386 0.003344481605351171 0.03747379336951824
0 0.003448275862068966 0.0 1.0 0.0 0.013713070916784127 0.015201855517311765 0.014417878168929475 0.003014227152158187 0.02568605996601619
0 0.07142857142857142 0.0 1.0 0.0 0.0033910067020597513 0.0015327613256701917 0.011254501800720287 0.0010515247108307047 0.07142857142857142
0 0.0625 0.0 1.0 0.0 0.009514276086711475 0.013533244404657849 0.017200630252100838 0.003943217665615143 0.0010080821719229446
0 0.017543859649122806 0.0 1.0 0.0 0.00564709611586167 0.004319288185369176 0.022556390977443608 0.0013835851458298748 0.006652950684185623
0 0.03571428571428571 0.0 1.0 0.0 0.0016848641676081373 0.0011289987458617658 0.01710684273709484 0.0010515247108307045 0.03720981071623964
0 0.007692307692307693 0.0 1.0 0.07692307692307693 0.006462152904503107 0.005492940539481585 0.013251454427925016 0.002183935937879156 0.0077346413984343935
0 0.002347417840375587 0.0 1.0 0.0 0.00363452459505932 0.0027420584408075956 0.01446916794886968 0.0017179840345966418 0.001497800443500251
0 0.01020408163265306 0.0 1.0 0.0 0.005032939496783612 0.0010218408837801278 0.00510204081632653 0.0009764158029142259 0.007271684786576624
0 0.005952380952380952 0.0 1.0 0.0 0.005365748392849419 0.004261648003103822 0.01695678271308523 0.0019528316058284513 0.010160376853476588
0 0.004830917874396135 0.0 1.0 0.0 0.0034717720172905723 0.004876335443787016 0.01698940445743515 0.0021944863530379923 0.009792147138514316
0 0.003448275862068966 0.0 1.0 0.0 0.006223561362482077 0.00725995415445783 0.023543900318748177 0.003154574132492113 0.004706913381076001
0 0.002932551319648094 0.0 1.0 0.0 0.0020095839627249225 0.004258687688303834 0.0205001355380862 0.0015603269902649168 0.009325790598459288
0 0.005952380952380952 0.0 1.0 0.0 0.002385922490239381 0.004155119407414335 0.011929771908763506 0.001427069250413099 0.0010439123788521338
0 0.002079002079002079 0.0 1.0 0.0 0.0038126507172807395 0.003949939382312344 0.01990120372473314 0.0010799442976099128 0.0030995927643164183
0 0.0026455026455026454 0.0 1.0 0.0 0.0059623805534328245 0.008657348204483292 0.019218798630563333 0.002765120535888149 0.00022278276776132398
0 0.002898550724637681 0.0 1.0 0.0 0.0041659671130477235 0.002193636284773835 0.005754475703324808 0.000274310794129749 0.0040084233530772815
0 0.003289473684210526 0.0 1.0 0.0 0.007951529496220865 0.008734471530086106 0.02134011499336577 0.0030438873208257235 0.0003212097428242772
0 0.007352941176470588 0.0 1.0 0.0 0.0031006783230334003 0.00536466463984567 0.0032825630252100845 0.0002628811777076761 0.018432206646870675
0 0.0027777777777777775 0.0 1.0 0.0 0.003452302289053149 0.005257484549424726 0.015913865546218486 0.0013144058885383807 0.013243374569572608
0 0.003508771929824561 0.0 1.0 0.0 0.003313570536708658 0.0023842953954869646 0.02647058823529412 0.0009113214160532771 0.0007765106753949857
0 0.0013513513513513514 0.0 1.0 0.0 0.004959895899810631 0.005422717913703511 0.019021121962298427 0.0017335947935317021 0.0036291418465073545
0 0.005291005291005291 0.0 1.0 0.0 0.0035834923621414602 0.003179060527315953 0.015289449112978526 0.0009346886318495151 0.0014249457447973904
0 0.004545454545454545 0.0 1.0 0.0 0.003452115720703897 0.004976986415942912 0.025105042016806724 0.0024185068349106206 0.0014702101590791546
0 0.002717391304347826 0.0 1.0 0.0 0.005479836939427425 0.006193921211394494 0.012539390756302522 0.0013801261829652996 0.013919272203832824
0 0.0015432098765432098 0.0 1.0 0.0 0.003397951701785635 0.00424976887244368 0.013577653283535636 0.0009346886318495151 0.008083811214142797
0 0.0019047619047619048 0.0 1.0 0.0 0.004404065040723766 0.0028572765403114073 0.017206882753101237 0.0005007260527765259 0.00714093491633952
0 0.002564102564102564 0.0 1.0 0.0 0.0003151127220119233 0.0023842953954869646 0.0031512605042016808 0.00014020329477742725 0.028323278486227323
0 0.003367003367003367 0.0 1.0 0.0 0.0016427360567007692 0.002601049522349416 0.004965622612681436 0.00038237262212025615 0.029040211332675373
0 0.004464285714285714 0.0 1.0 0.0 0.011100894318362042 0.007797638391828721 0.018251050420168065 0.0018401682439537327 0.02313769456453585
0 0.0010775862068965517 0.0 1.0 0.0 0.0027604953914932466 0.0032506419116073246 0.008862920168067227 0.0002628811777076761 9.931887035355623e-05
0 0.0047619047619047615 0.0 1.0 0.0 0.0053002332237517226 0.0030655226513403833 0.014255702280912367 0.0003004356316659156 0.0018283632108147974
0 0.005376344086021505 0.0 1.0 0.0 0.0015755636100596166 0.0011921476977434823 0.0 0.0 0.05706236700247385
0 0.0011574074074074073 0.0 1.0 0.0 0.004073674085062244 0.00309556245266481 0.003890445066915655 0.0003115628772831717 0.006966296072866919
0 0.0016835016835016836 0.0 1.0 0.0 0.010372139105414513 0.007020758420455884 0.017331932773109245 0.0013436149082836782 0.0002792481484963924
0 0.0058823529411764705 0.0 1.0 0.0 0.009685429061063651 0.004291731711876537 0.0031512605042016808 0.0 0.026007403979156057
0 0.0007142857142857143 0.0 1.0 0.05 0.004948967626964419 0.005053269740614921 0.01231617647058823 0.0004468980021030495 4.9901865616378634e-05
0 0.0007936507936507937 0.0 1.0 0.0 0.004603993030878789 0.0036958533573959794 0.012424969987995197 0.0003004356316659156 5.643128902689166e-05
0 0.0018018018018018018 0.0 1.0 0.0 0.0020682860891450606 0.003855067042950021 0.004061624649859944 0.0002103049421661409 0.01069650734917421
0 0.001547987616099071 0.0 1.0 0.0 0.0067198468171000775 0.004794951394436511 0.010071675729115175 0.0007422527370569679 0.0003906977749513238
0 0.0009157509157509158 0.0 1.0 0.0 0.007854575867356816 0.003029754671075624 0.016994297719087635 0.0009764158029142258 5.7445660849060204e-05
0 0.005 0.0 1.0 0.0 0.0019349454562975175 0.0 0.007773109243697479 0.0 0.074049577783475
0 0.0027100271002710027 0.0 1.0 0.0 0.006671092250465482 0.0 0.0033846872082166197 0.0 0.025343062301312932
0 0.0009157509157509158 0.0 1.0 0.0 0.0029839852509774296 0.0015462218556102482 0.018059146735617322 0.0006066488716330987 0.0004489818045180086
0 0.0017889087656529517 0.0 1.0 0.0 0.0032140256135355146 0.0 0.012281835811247577 0.000161773032435493 0.00024091641954755063
0 0.0014204545454545455 0.0 1.0 0.0 0.003976899559887267 0.0032230921638975226 0.01286764705882353 0.0009858044164037856 0.000630084857093935
0 0.0006172839506172839 0.0 1.0 0.0 0.002279197915671297 0.0008422843131839624 0.012313258636788048 0.0005549713751606496 0.005063322747735805
0 0.0007496251874062968 0.0 1.0 0.0 0.005316962890408491 0.00217331466324283 0.01792958562735439 0.0006526705101707823 6.736446484705932e-05
0 0.0026595744680851063 0.0 1.0 0.0 0.0007292655127597588 0.0 0.012211134453781513 0.0 0.005530254571467782
0 0.03225806451612903 0.0 1.0 0.0 0.006521528502338679 0.003728667426541859 0.009836718438868977 0.0015550859284660468 0.03225806451612903
0 0.013513513513513514 0.0 1.0 0.0 0.00677024743463516 0.007075363655258022 0.016583249916583248 0.00250559583068854 0.01347985120269019
0 0.02222222222222222 0.0 1.0 0.0 0.00801544684197707 0.007492372333960747 0.019753086419753086 0.002224969097651421 0.02845881278941607
0 0.005434782608695652 0.0 1.0 0.0 0.0057558036336770564 0.005482582106218072 0.016425120772946857 0.0019616273445477524 0.0027825187727813132
0 0.009523809523809525 0.0 1.0 0.0 0.0019383527497216326 0.0007600001380945716 0.005114638447971782 0.0011772323267996935 0.004717445651261058
0 0.006666666666666666 0.0 1.0 0.0 0.0027203584397060064 0.001478775889501738 0.009037037037037036 0.0014338689740420268 0.020177870929844216
0 0.004201680672268907 0.0 1.0 0.0 0.0025388281182757034 0.0010571740158369456 0.01739288307915759 0.0009088926052497635 0.012659138382168332
0 0.005 0.0 1.0 0.0 0.0033095990942201203 0.004386831226502488 0.008839506172839507 0.0009394313967861556 0.006300054242432713
0 0.007936507936507936 0.0 1.0 0.0 0.004714490580702613 0.0034538745132570046 0.011904761904761904 0.0007946318205897933 0.019787982023629466
0 0.0035714285714285718 0.0 1.0 0.0 0.004406794604408193 0.0033065470406004245 0.012962962962962964 0.0005297545470598623 0.0090673052784264
0 0.005050505050505051 0.0 1.0 0.0 0.0074203720895031754 0.0059686691745516425 0.014540466392318244 0.0007553907430298037 0.02290825001213909
0 0.0043859649122807015 0.0 1.0 0.0 0.003963719917865346 0.0028261845458513505 0.015074723846653674 0.0002602303038188797 0.005362278267844574
0 0.003076923076923077 0.0 1.0 0.0 0.005506086590374266 0.004755005428585623 0.02153086419753086 0.0016316440049443757 0.009092090792062293
0 0.002551020408163265 0.0 1.0 0.0 0.007200255375366627 0.009440499354190227 0.015873015873015876 0.0017658484901995407 0.015458996748855
0 0.0017094017094017094 0.0 1.0 0.0 0.005005777146527699 0.006223777367916376 0.013706869262424815 0.0019016829894456593 0.006540858910845906
0 0.0014204545454545455 0.0 1.0 0.0 0.003115969763137759 0.001513271745099653 0.013720538720538722 0.0006461400157321047 0.010046545727345714
0 0.003095975232198142 0.0 1.0 0.0 0.006308131139805812 0.0030978311979227235 0.00396361273554256 0.0 0.0030476567627814345
0 0.001736111111111111 0.0 1.0 0.0 0.004728815084090332 0.004509571071473843 0.010030864197530867 0.000772558714462299 0.007456411242768159
0 0.004048582995951417 0.0 1.0 0.0 0.002427287497203086 0.0 0.00617283950617284 0.00019016829894456593 0.01226943065170603
0 0.004166666666666667 0.0 1.0 0.0 0.002665597904230684 0.0018456525228966365 0.017283950617283952 0.001442109600329625 0.0015122917193613524
0 0.0016420361247947454 0.0 1.0 0.0 0.0055891492014421675 0.0037494338686348302 0.015623669646658157 0.0005967350070329483 0.0032081638243127617
0 0.0014204545454545455 0.0 1.0 0.0 0.007384062098943219 0.007629919935170313 0.019560185185185187 0.0020086526576019773 0.01279021949374589
0 0.0016722408026755853 0.0 1.0 0.0 0.0034854710433630766 0.004524630521794506 0.00902184235517569 0.0005705048968336978 0.013788991947931603
0 0.0037878787878787876 0.0 1.0 0.0 0.006289295024130685 0.0022931997179427947 0.0047138047138047135 0.0 0.005030132099031447
0 0.0012121212121212121 0.0 1.0 0.0 0.004698903437082464 0.006113990736276132 0.0203890759446315 0.0016481252575195713 0.007218075930340499
0 0.0017482517482517483 0.0 1.0 0.0 0.006224213363410907 0.0028022690203893226 0.0196969696969697 0.0008427913248679627 0.009709571153245384
0 0.0015432098765432098 0.0 1.0 0.0 0.003450940486695884 0.0049185046094634335 0.02011316872427984 0.0014936135146271115 0.012233888409687123
0 0.0009157509157509158 0.0 1.0 0.0 0.005148415121397923 0.00645189170146673 0.012693890471668249 0.0011410097936673954 0.008382434162678126
0 0.0008841732979664014 0.0 1.0 0.02564102564102564 0.0021765207148457615 0.003755542675793295 0.01164925609370054 0.0008240626287597855 0.0029790564730082063
0 0.0011111111111111111 0.0 1.0 0.0 0.003817718677825677 0.004912904756741083 0.013703703703703706 0.0014009064688916355 0.007525611825424552
0 0.0625 0.0 1.0 0.0 0.006340376880486084 0.004053111045048062 0.009271746459878624 0.0014760458839406208 0.06250000000000001
0 0.014705882352941176 0.0 1.0 0.0 0.001455448814813998 0.0015778318384493779 0.009618817182975683 0.0011312217194570132 0.0001163725344631867
0 0.013333333333333332 0.0 1.0 0.0 0.003178665584281965 0.0036146544880534875 0.003371544167228591 0.0009716599190283398 0.006324970958572109
0 0.022727272727272728 0.0 1.0 0.0 0.008541600866791597 0.01029169520281416 0.02274259792803286 0.0030671083302662256 0.07933994557458089
0 0.016666666666666666 0.0 1.0 0.0 0.0029532941444912913 0.0007650016602928824 0.005057316250842886 0.0006185335132703555 0.007495405863448539
0 0.006172839506172839 0.0 1.0 0.0 0.002462263855675595 0.003224614094211628 0.02012936739841662 0.001524466436747138 0.0022078108772732217
0 0.008928571428571428 0.0 1.0 0.0 0.002382296414861446 0.004127609320071657 0.015846257585974376 0.0015182186234817812 0.006394510740443733
0 0.008928571428571428 0.0 1.0 0.0 0.002550875405561867 0.002850496979383023 0.01613524708602254 0.001397725081935608 0.0061566665329049405
0 0.013888888888888888 0.0 1.0 0.0 0.0028039608917251233 0.003442507471317971 0.0028658125421443022 0.0005904183535762484 0.021331856158825272
0 0.003448275862068966 0.0 1.0 0.0 0.0021584416657655786 0.0019862761920196397 0.010393656846559863 0.0010237796081716223 9.545522132185215e-05
0 0.003952569169960474 0.0 1.0 0.08695652173913043 0.001931487444010595 0.0017960908546006803 0.014395027705297719 0.0010854896438420461 0.00014415988259080642
0 0.004629629629629629 0.0 1.0 0.0 0.0017791384027953194 0.0025414374466011694 0.023001423540870605 0.001461988304093567 0.006060538461856993
0 0.002958579881656805 0.0 1.0 0.0 0.0044508776117759856 0.004987171226841885 0.01548316821411899 0.0018685767673621918 0.0008922251432731678
0 0.007142857142857143 0.0 1.0 0.0 0.0032765287439186557 0.005857686090852681 0.0196223870532704 0.0018893387314439952 0.0005854483931908452
0 0.0035087719298245615 0.0 1.0 0.0 0.003337294250734002 0.003044884781342256 0.011782659615998864 0.000994388806023155 0.0029549386176049124
0 0.008928571428571428 0.0 1.0 0.0 0.004535430705009544 0.0013114314176449413 0.017339370002889893 0.0 0.011085310701646547
0 0.00980392156862745 0.0 1.0 0.0 0.0020839050906712306 0.0030600066411715296 0.004270622611822881 0.0 0.036044240151846874
0 0.0015873015873015873 0.0 1.0 0.0 0.003275913393408993 0.0038125692147484005 0.022271457470378578 0.001388085598611914 6.297628638995526e-05
0 0.002770083102493075 0.0 1.0 0.0 0.004605180577263481 0.0040720831996570814 0.015154203783227455 0.001349527665317139 0.00011855171485864736
0 0.004166666666666667 0.0 1.0 0.16666666666666666 0.004060254851071092 0.0010239518506880742 0.0064059339177343225 0.00022492127755285648 0.005821496770446813
0 0.002506265664160401 0.0 1.0 0.0 0.007447276432006653 0.007465658609179697 0.02140043297725095 0.002699055330634278 9.024103704295127e-05
0 0.0017482517482517483 0.0 1.0 0.0 0.0033911791556370282 0.003946677018631107 0.016909590746408003 0.0015830997612374129 8.740940023388637e-05
0 0.001278772378516624 0.0 1.0 0.0 0.002442943717447077 0.003546659009594703 0.018682321208996072 0.0012701436850043658 0.0001427231663141811
0 0.005208333333333333 0.0 1.0 0.0 0.0011283294082388515 0.0017212537356589854 0.0035401213755900203 0.0 0.03353742196725383
0 0.0016 0.0 1.0 0.16 0.004108967552868869 0.005161207473900845 0.011652056641942007 0.0017273954116059378 8.834836931797598e-05
0 0.0008741258741258741 0.0 1.0 0.0 0.0022060374440675354 0.0010837237656914447 0.008720039232513946 0.000122684333210649 5.317572589439809e-05
0 0.0012345679012345679 0.0 1.0 0.13333333333333333 0.00299429113251974 0.003035387331270406 0.007799505506855473 0.00051731893837157 0.014716646509511686
0 0.0010822510822510823 0.0 1.0 0.0 0.007152456310080787 0.009801166649607654 0.02123051145303336 0.003271582218950639 0.016254167142648955
0 0.0018148820326678765 0.0 1.0 0.0 0.005806972167651052 0.00728209149548306 0.02260709088973276 0.0013495276653171392 0.0001114403020966122
0 0.0022222222222222222 0.0 1.0 0.0 0.005414001387855778 0.00557944672012876 0.027781523937963588 0.0018893387314439943 0.00015092051994688
0 0.0008960573476702509 0.0 1.0 0.0 0.005630237563505172 0.004288201884920917 0.01873080092904773 0.0015369620632778524 0.00019979883816004498
0 0.001644736842105263 0.0 1.0 0.0 0.002147307271411381 0.0 0.004187812755083934 7.102777185879679e-05 0.004107650285640562
0 0.0010822510822510823 0.0 1.0 0.0 0.004521216557423521 0.004760423760260831 0.027935651671322607 0.0015182186234817812 6.331790659988943e-05
0 0.0009487666034155598 0.0 1.0 0.0 0.0031008197306208437 0.00182760758086722 0.01128923498575251 0.00039179835444691133 7.063825586465867e-05
0 0.001020408163265306 0.0 1.0 0.0 0.0024655756216334984 0.0021014857964609256 0.01758019458626336 0.0007711586658955079 0.00010435614018638529
0 0.0008960573476702509 0.0 1.0 0.06451612903225806 0.00477171411509638 0.005521554335004405 0.011528505862136471 0.0012406947890818854 0.00015179863261501614
0 0.0016891891891891893 0.0 1.0 0.0 0.0032392537624009094 0.0026677923427761447 0.024696561024949423 0.0015182186234817812 0.00029139422395538077
0 0.0009074410163339383 0.0 1.0 0.0 0.006115889476327212 0.007721427658275711 0.01985723254353943 0.002140630089813392 0.020968815610381542
0 0.002331002331002331 0.0 1.0 0.0 0.0019925688589924277 0.00213646937260129 0.016489916017899838 0.0001840264998159735 0.00035460513919773626
0 0.000641025641025641 0.0 1.0 0.0 0.006233325295810523 0.00590819711379955 0.02157788267026298 0.0020761964081802134 0.006141251203646489
0 0.0006775067750677507 0.0 1.0 0.0 0.00565435802222476 0.0068427634574002505 0.015658949576683897 0.0023804168541010644 0.016366184403155636
0 0.00048590864917395527 0.0 1.0 0.0 0.003213879259443284 0.0047067709294835594 0.015440296145430526 0.0015285466413285957 3.5591990340920414e-05
0 0.0005055611729019212 0.0 1.0 0.0 0.0042027172735784254 0.0037920725939222803 0.01580228092292357 0.0013348588863463001 3.440626522611925e-05
0 0.00036075036075036075 0.0 1.0 0.031746031746031744 0.004979092794329195 0.00496274000789791 0.014631431354290425 0.0012424222950538739 0.004096796253135061
0 0.001851851851851852 0.0 1.0 0.0 0.0 0.0007650016602928824 0.02882670262980445 0.0012370670265407107 0.0016247139500340853
0 0.0009057971014492754 0.0 1.0 0.08333333333333333 0.0025354509093792094 0.003257181511691096 0.011182288154641491 0.0001405757984705353 0.00031244055007569185
0 0.0008865248226950354 0.0 1.0 0.0 0.003418047450066283 0.00465409315438997 0.01663295122499438 0.0014901034637876745 0.0012481772250979544
0 0.001488095238095238 0.0 1.0 0.0 0.0030505540664205466 0.004951960550207352 0.02485309700414218 0.0027472527472527475 0.00024176028477502275
0 0.0005232862375719518 0.0 1.0 0.0 0.005806704698353823 0.006835501443804169 0.019139996887805384 0.0021800062285892248 0.0142411069671057
0 0.0009090909090909091 0.0 1.0 0.0 0.008492684368557163 0.008801629648077104 0.01805308649543309 0.0025456999141209666 0.026276754500418872
0 0.0005159958720330237 0.0 1.0 0.0 0.002317819386174056 0.001880562592723181 0.017159385314263406 0.0011009304638113498 8.714876777442475e-05
0 0.0005341880341880342 0.0 1.0 0.0 0.0031427300191075335 0.002574120158462831 0.017269798456582008 0.0010308891887839257 0.02460585439458726
0 0.0009930486593843098 0.0 1.0 0.0 0.006329627316140188 0.005741440152000133 0.013273237037299922 0.0020242914979757085 0.039082403517093606
0 0.0006172839506172839 0.0 1.0 0.0 0.002575583722784088 0.003167484166825073 0.02099348168127669 0.0015519568151147096 0.0001868667509016914
0 0.0011363636363636363 0.0 1.0 0.0 0.0028282867942740803 0.003369432718113719 0.017827039784221177 0.0012230094466936573 0.0005974971733898365
0 0.002976190476190476 0.0 1.0 0.0 0.0039739493167358485 0.0 0.007305012362328614 0.0 0.014383281157966261
0 0.0017543859649122805 0.0 1.0 0.0 0.000756775884407205 0.0 0.008698583951449766 0.0001349527665317139 0.030444140013045566
0 0.0011494252873563218 0.0 1.0 0.0 0.004990637032388805 0.0032136445824535592 0.020454034614520115 0.0013495276653171387 0.0001834158430054091
0 0.0008071025020177562 0.0 1.0 0.0 0.004205105584533261 0.004472925025809147 0.016343961724946215 0.0018957650536597906 0.04180259609124094
0 0.0015151515151515152 0.0 1.0 0.0 0.0023141788551894233 0.00245071730526677 0.006068779501011464 0.000613421666053245 0.014406653762877152
0 0.0010245901639344263 0.0 1.0 0.0 0.006379021600029166 0.005222026847032993 0.02111429534726905 0.002403846153846154 0.0002927471271772498
0 0.0009487666034155598 0.0 1.0 0.0 0.001980149227340641 0.002169749094846079 0.012058228551029315 0.0004763038818766373 0.00034670199459850136
0 0.0011337868480725624 0.0 1.0 0.0 0.0013078374974594975 0.001673289131582168 0.004190347750698391 0.000385579332947754 0.013842096493735582
0 0.0009191176470588235 0.0 1.0 0.0 0.005136038719646314 0.005410809891949927 0.019554956169925825 0.0019052155275065491 0.00012196682978988645
0 0.04 0.0 1.0 0.0 0.024156228264925365 0.01804536215307922 0.012669683257918552 0.005818181818181819 0.039999999999999994
0 0.027777777777777776 0.0 1.0 0.0 0.018077861426944817 0.012229215545324874 0.010809451985922574 0.0022727272727272726 0.034749637076421896
0 0.017543859649122806 0.0 1.0 0.0 0.0268110227647849 0.01229501484130318 0.014050964515360804 0.00215311004784689 0.037794836097327734
0 0.013157894736842105 0.0 1.0 0.0 0.011227093382965249 0.021677156752190813 0.013574660633484162 0.0035885167464114838 0.03307411903641563
0 0.008 0.0 1.0 0.0 0.006079024080870054 0.012367990478771471 0.007963800904977374 0.0003636363636363636 0.00021546499317688975
0 0.004629629629629629 0.0 1.0 0.0 0.013849787730973931 0.015324233669586067 0.009678230266465561 0.0041666666666666675 0.011135988805130592
0 0.009523809523809523 0.0 1.0 0.0 0.017578046296323913 0.04954806083810126 0.012368024132730015 0.008484848484848486 0.03813585148828147
0 0.006578947368421052 0.0 1.0 0.0 0.010683236290473052 0.0025914355991408706 0.00881162181471779 0.00047846889952153106 0.015840594233703625
0 0.01111111111111111 0.0 1.0 0.0 0.020340056651026794 0.009773233468516664 0.014479638009049774 0.0036363636363636364 0.0675194711275625
0 0.009523809523809523 0.0 1.0 0.0 0.017578046296323913 0.04954806083810126 0.012368024132730015 0.008484848484848486 0.03813585148828147
0 0.004545454545454545 0.0 1.0 0.0 0.011815367328357298 0.004886616734258332 0.007466063348416291 0.0018181818181818182 0.032212562805316446
0 0.02702702702702703 0.0 1.0 0.0 0.007129225180628732 0.004771722250938221 0.018213410932233547 0.0018646553530274463 0.02702702702702703
0 0.01020408163265306 0.0 1.0 0.0 0.005765528938566489 0.004812160851072405 0.017799838758121366 0.001835152665717452 0.01299445418578016
0 0.01075268817204301 0.0 1.0 0.0 0.0018494903747338968 0.00282752716645419 0.01644136828165213 0.001175293823455864 0.009385146829624122
0 0.014705882352941176 0.0 1.0 0.0 0.0016314489391033656 0.0006370010323865266 0.017678953843349887 0.0011399908800729594 0.001028182882372435
0 0.007692307692307693 0.0 1.0 0.0 0.006698544570725901 0.00840179726853437 0.019901090389084195 0.0030411449016100184 0.022924346328614745
0 0.003401360544217687 0.0 1.0 0.0 0.005479493609794757 0.004678328107311718 0.013073238590556275 0.0018035121025154267 0.010338042045880248
0 0.0049261083743842365 0.0 1.0 0.0 0.001452854290183784 0.0002062526481773788 0.013648868826624643 0.0010959636460839348 0.009319080423293147
0 0.003048780487804878 0.0 1.0 0.0 0.006754233669799828 0.0057169801937657656 0.010863199259413196 0.0017961807525052012 0.016734063822815275
0 0.0028490028490028487 0.0 1.0 0.0 0.004454566846354017 0.005448021976035613 0.01604798506425152 0.0024448419797257013 0.013925671371892068
0 0.0035714285714285718 0.0 1.0 0.0 0.002605975143311947 0.0023108544052143722 0.012282837224742726 0.00013842746400885935 0.010885830625469968
0 0.0021141649048625794 0.0 1.0 0.0 0.0030500610439977848 0.002400775081365713 0.009385189054815987 0.0005228051198846223 0.010098414326430782
0 0.0030864197530864196 0.0 1.0 0.0 0.0017654339594001466 0.0034837858258803117 0.01417218923028373 0.000717772035601493 0.009164228321934597
0 0.003663003663003663 0.0 1.0 0.0 0.0022129002059639935 0.0024616458386239747 0.023274685551989967 0.0010705057216685123 0.013118372794730009
0 0.0017857142857142857 0.0 1.0 0.0 0.0028978663856112446 0.003110081446698436 0.023586367157242445 0.0022480620155038754 0.008783376309257443
0 0.00130718954248366 0.0 1.0 0.0 0.003312321602923113 0.0030327098456036585 0.01825610182105375 0.0008967928256573948 0.006859838340545529
0 0.0017857142857142857 0.0 1.0 0.0 0.00519156889638274 0.006527001372226883 0.020028770609715613 0.0020819490586932447 0.015453146138923289
0 0.0012515644555694619 0.0 1.0 0.0 0.002302341393036962 0.0016594964082838116 0.014387659244853891 0.0007916872835230084 0.008895811168544009
0 0.0027777777777777775 0.0 1.0 0.0 0.0028569333563237273 0.0 0.004415182029434547 7.751937984496124e-05 0.010609077067893786
0 0.004784688995215311 0.0 1.0 0.0 0.0033874761651342023 0.0014381384277641247 0.0029575382015351033 0.0 0.0240097649924049
0 0.002272727272727273 0.0 1.0 0.0 0.007821494322750923 0.008299764541222708 0.024329272586437578 0.0033121916842847082 0.024611602893049533
0 0.0018315018315018315 0.0 1.0 0.0 0.0016621724624015703 0.0015922554964748236 0.01671334088065304 0.0003875968992248062 0.010075772916627545
0 0.0018181818181818182 0.0 1.0 0.0 0.00961883368753411 0.008439156910110985 0.014128582494190548 0.0020775193798449614 0.022459343633621776
0 0.0017391304347826085 0.0 1.0 0.0 0.004096167730163831 0.0013905170425125705 0.018621223857474827 0.0006821705426356589 0.0022711766616514213
0 0.0027777777777777775 0.0 1.0 0.0 0.0029297930973171274 0.0056441356789239 0.0198295894655306 0.0015503875968992248 0.013965601908213582
0 0.0016666666666666668 0.0 1.0 0.0 0.004554016216060548 0.0047422925248628124 0.01381358120320165 0.0010335917312661498 0.01032808002528541
0 0.0015384615384615385 0.0 1.0 0.0 0.004317394481297515 0.005157758024544205 0.02243222308288148 0.0019844961240310078 0.01172386443857837
0 0.0008230452674897119 0.0 1.0 0.0 0.0025624051150432894 0.0026351573079441606 0.008606592649969876 0.00062015503875969 0.00878819880988854
0 0.001020408163265306 0.0 1.0 0.0 0.004809839165636324 0.0038491307648768243 0.015137766958061303 0.0007751937984496124 0.006757406209480971
0 0.0014992503748125937 0.0 1.0 0.0 0.0031674946804631262 0.003395650427937319 0.01010339137170377 0.000741489720256151 0.016719269930897784
0 0.0020833333333333333 0.0 1.0 0.0 0.008998220574744252 0.008657075522510282 0.01636328427575523 0.0026647286821705426 0.03487794112253631
0 0.0008488964346349745 0.0 1.0 0.0 0.009113826530168682 0.00614469371974592 0.014900729748461005 0.0019991840065279472 0.012702492450007213
0 0.0011160714285714285 0.0 1.0 0.0 0.0033794771213718415 0.004802176247658746 0.015851499391390945 0.001495016611295681 0.010158135675693755
0 0.001594896331738437 0.0 1.0 0.0 0.007295966144124563 0.00361859517462863 0.00782746952586734 0.0006119951040391676 0.03862975652983021
0 0.0005767012687427913 0.0 1.0 0.0 0.004925687357540325 0.005188879611210972 0.017921963518172566 0.001459188326493388 0.010206713136460986
0 0.0015873015873015873 0.0 1.0 0.0 0.0021789050422615914 0.002151996471577174 0.018159910491436435 0.0005167958656330749 0.0019013353664335904
0 0.0010683760683760683 0.0 1.0 0.0 0.007058201618485438 0.004108438525966254 0.01543228266698445 0.001520572450805009 0.019821637042634052
0 0.000819000819000819 0.0 1.0 0.0 0.005683035594085923 0.0054947378221921785 0.01840245992066286 0.0020906741836974395 0.018016217869020832
0 0.0008223684210526315 0.0 1.0 0.0 0.004549809422820926 0.0029515417613252843 0.019437451587916342 0.001380813953488372 0.015912635661506393
0 0.0016025641025641025 0.0 1.0 0.0 0.0011047436216583164 0.0 0.013216498838109995 0.00029069767441860465 0.0017419095936611862
0 0.0006944444444444445 0.0 1.0 0.0 0.004047987248413535 0.004113645274189157 0.012221361562957223 0.001421188630490956 0.013806657348899586
0 0.0011614401858304297 0.0 1.0 0.0 0.007722605000195492 0.007007350215773385 0.010807421341890744 0.0019933554817275745 0.02510548044284224
0 0.0007680491551459293 0.0 1.0 0.0 0.006665753644155919 0.006188529898844815 0.013617850628420074 0.001800450112528132 0.017515915836980655
0 0.002325581395348837 0.0 1.0 0.0 0.002762176221037833 0.0015090834908125163 0.007126258714175058 0.000310077519379845 0.04344795586032863
0 0.0022727272727272726 0.0 1.0 0.0 0.001773313170070587 0.0 0.014407436096049572 0.0004651162790697674 0.0030929630168923675
0 0.023255813953488372 0.0 1.0 0.0 0.019969057231641576 0.024366293825667084 0.016030706705802658 0.007600680657969373 0.02325581395348837
0 0.038461538461538464 0.0 1.0 0.0 0.014270835594228785 0.006197134706139701 0.017550410754294248 0.002626641651031895 0.035503596250465036
0 0.02222222222222222 0.0 1.0 0.0 0.011543525008694256 0.012252727396461193 0.015210355987055018 0.0032520325203252032 0.05859481753586772
0 0.01 0.0 1.0 0.0 0.014204439629638061 0.019759742803907937 0.013398058252427182 0.004097560975609756 0.03832737381796607
0 0.02 0.0 1.0 0.0 0.012299393393926206 0.032096651511734145 0.016504854368932037 0.007317073170731707 0.034427069224245835
0 0.007575757575757575 0.0 1.0 0.0 0.010706701581736451 0.018349640229814047 0.012356575463371579 0.0015521064301552109 0.02517601437284197
0 0.012987012987012986 0.0 1.0 0.0 0.02924282666934307 0.024344339125520698 0.023830538393645188 0.005321507760532151 0.08883334453174721
0 0.004032258064516129 0.0 1.0 0.0 0.01716134522087744 0.018117643575899525 0.017381772627622923 0.0026750590086546027 0.028088640221135504
0 0.0030864197530864196 0.0 1.0 0.0 0.010188488748484924 0.0036869348310700875 0.013349514563106794 0.0 0.025015684024154602
0 0.03571428571428571 0.0 1.0 0.0 0.020911339775932656 0.016058480630584907 0.023348098929494278 0.005736491487786827 0.03571428571428571
0 0.016666666666666666 0.0 1.0 0.0 0.009685934393331954 0.0035104844143190365 0.02334194659776055 0.0038860103626942996 0.021937479341549534
0 0.020833333333333332 0.0 1.0 0.0 0.0224527153253201 0.014137355482150255 0.019864341085271315 0.006152849740932641 0.06492762466665432
0 0.009259259259259259 0.0 1.0 0.0 0.021049671640514907 0.014107379036589228 0.015025361278591253 0.0044137401650355 0.03196160551405685
0 0.007692307692307693 0.0 1.0 0.0 0.01955212850687075 0.011603982309563471 0.019976147883124625 0.0026903148664806694 0.03911692296034331
0 0.008771929824561403 0.0 1.0 0.0 0.014164415166211497 0.00875938513581125 0.02012783897728818 0.0017725661303517864 0.03226104796715414
0 0.007142857142857143 0.0 1.0 0.0 0.023903945637621105 0.02413640433556318 0.022868217054263566 0.0058290155440414515 0.05196815859163354
0 0.004807692307692308 0.0 1.0 0.0 0.019861900207519226 0.018821853916042228 0.019976147883124625 0.004483858110801117 0.03722100320082507
0 0.01111111111111111 0.0 1.0 0.0 0.015819784320057408 0.008272676755166249 0.020155038759689922 0.0 0.08208969399491003
0 0.002631578947368421 0.0 1.0 0.0 0.012981291502261886 0.01588039358847692 0.025159798721610227 0.004840469048268339 0.026875102414861025
0 0.004132231404958678 0.0 1.0 0.0 0.019650062518655666 0.01943810152877458 0.0314775663612873 0.004828073480923222 0.04801368340308381
1 0.003333333333333333 0.0 1.0 0.0 0.019234130417336646 0.015173195474536579 0.016227390180878553 0.003005181347150259 0.040593227654420555
0 0.004807692307692308 0.0 1.0 0.0 0.016533242106048143 0.013986640653214455 0.02955426356589147 0.0027525906735751298 0.03944481123595241
0 0.0026455026455026454 0.0 1.0 0.0 0.01503652981736066 0.012589628982999899 0.024978466838931953 0.004605641911341394 0.03783296194015213
0 0.0020833333333333333 0.0 1.0 0.0 0.015820914665238363 0.019673558881820454 0.01752260981912145 0.004128886010362695 0.032975865333609966
0 0.003676470588235294 0.0 1.0 0.0 0.006700602738236388 0.008641189616346351 0.02127982976136191 0.0016763181956720513 0.012813039607283219
0 0.007352941176470588 0.0 1.0 0.0 0.008754670649235304 0.009727427297092245 0.01937984496124031 0.0016191709844559587 0.018026623018333483
0 0.02857142857142857 0.0 1.0 0.0 0.00699669941973359 0.00664711394160955 0.016822429906542057 0.0022536287242169595 0.02857142857142857
1 0.013888888888888888 0.0 1.0 0.0 0.006261129316271862 0.00610462463800921 0.015650496958908175 0.002525252525252527 0.018341573401611178
0 0.017543859649122806 0.0 1.0 0.0 0.005652535125929375 0.007053192070291267 0.01939428009275525 0.0026737967914438492 0.03592598182909
0 0.01 0.0 1.0 0.0 0.006538841267727721 0.005021525385120822 0.014365821094793056 0.002352941176470587 0.016348764995366357
0 0.010526315789473684 0.0 1.0 0.0 0.005148060038749156 0.001289596309336694 0.01250790527721172 0.001266535322262876 0.014431082810846076
0 0.006172839506172839 0.0 1.0 0.0 0.006130021489330311 0.002772432530631116 0.008950205211887455 0.0017330164388987908 0.020240628975269213
0 0.004201680672268907 0.0 1.0 0.0 0.004363484619839269 0.004061963378608974 0.015825021597424018 0.0021626297577854677 0.006346591447416153
0 0.006944444444444444 0.0 1.0 0.0 0.0037381111200764324 0.006792671468638238 0.022696929238985312 0.0019310754604872252 0.018021310382120473
0 0.004830917874396135 0.0 1.0 0.0 0.0022913742968532665 0.002318401315058689 0.010100423753410347 0.0007556382236689142 0.0008408191748705362
0 0.002173913043478261 0.0 1.0 0.0 0.002783166713111463 0.0032264376590723305 0.01219016659894352 0.0008137642408742152 0.012832013338836787
0 0.008264462809917356 0.0 1.0 0.0 0.006039367281162548 0.004966228797901081 0.012865639033863334 0.0012153621779290229 0.010924078315836609
0 0.004166666666666667 0.0 1.0 0.0 0.005038177458683853 0.003991482844939749 0.014218958611481975 0.0006016042780748664 0.03164484950649614
0 0.0017482517482517483 0.0 1.0 0.0 0.003541449170038842 0.0038469524041047655 0.009740259740259742 0.00033422459893048126 0.012731433201683396
0 0.0024630541871921183 0.0 1.0 0.0 0.009209854162556885 0.00903933394241935 0.016573822568021732 0.0018439977872026553 0.025589223347747138
0 0.011111111111111112 0.0 1.0 0.0 0.004394031231874928 0.0021047028616953986 0.01757899421450823 0.000445632798573975 0.05208795065073385
0 0.00125 0.0 1.0 0.0 0.0034163931194562207 0.0025762634429564784 0.0201068090787717 0.0013101604278074866 0.006587400494374791
0 0.00130718954248366 0.0 1.0 0.0 0.0036254244131942006 0.0032551624424196584 0.016140038569945114 0.00083184789067142 0.009289826022596913
0 0.006944444444444444 0.0 1.0 0.0 0.002465509882819303 0.002273527661538874 0.015854472630173564 0.0013368983957219253 0.005044643151028329
0 0.001949317738791423 0.0 1.0 0.0 0.007652784910117306 0.003437696679501808 0.007812886317559215 0.0005941770647653 0.022157662573616555
0 0.002173913043478261 0.0 1.0 0.0 0.004405275594735094 0.0 0.004179485691066349 0.0001743780516159033 0.0052644660848106825
0 0.0047619047619047615 0.0 1.0 0.0 0.005756302202257176 0.002728233193846649 0.002136181575433912 0.0 0.01645156088226152
0 0.0017482517482517483 0.0 1.0 0.0 0.0078036641821256575 0.0064496043926697295 0.010424155283968369 0.0016454134101192923 0.02329525640150062
0 0.0016722408026755853 0.0 1.0 0.0 0.0030415636553500166 0.0040241515500611105 0.0183834856732053 0.0013883175647881533 0.010682511228817793
0 0.0011904761904761904 0.0 1.0 0.0 0.0021512185861736885 0.0033682507882852567 0.005302307839023459 7.639419404125286e-05 0.00045540994064330824
0 0.0016 0.0 1.0 0.0 0.0027794523617878215 0.005038544606401451 0.010947930574098798 0.0005347593582887701 0.0052105029840009255
0 0.0013736263736263737 0.0 1.0 0.0 0.0013555066248078867 0.002904904132481928 0.014447835208849897 0.0009071810542398776 0.001072038158382329
0 0.0016835016835016834 0.0 1.0 0.0 0.0019494567034550312 0.0023466908120205175 0.007889306954727516 0.00012153621779290228 0.0007359579501733322
0 0.0011160714285714285 0.0 1.0 0.0 0.003143390143324578 0.004606002157084549 0.009220627503337783 0.0003342245989304813 0.009974719302144946
0 0.05 0.0 1.0 0.0 0.02079728605573606 0.02078814731713039 0.0259765625 0.007450980392156863 0.05
0 0.015625 0.0 1.0 0.0 0.012046648653327087 0.01643724253121915 0.024658203125 0.006127450980392151 0.030084630486907366
0 0.013888888888888888 0.0 1.0 0.0 0.023496842204762187 0.018810658723926982 0.020345052083333332 0.005392156862745097 0.02819756874432994
0 0.025 0.0 1.0 0.0 0.03878146343544479 0.03219678329934402 0.015625 0.006274509803921568 0.08789866162034925
0 0.011111111111111112 0.0 1.0 0.0 0.01814453743525005 0.01376488585403535 0.022135416666666668 0.0015250544662309367 0.03381005343126208
0 0.004166666666666667 0.0 1.0 0.0 0.011620015411322404 0.00923950081732655 0.02177734375 0.0012745098039215687 0.01585633622490236
0 0.007142857142857143 0.0 1.0 0.0 0.019661339058360573 0.016113400367564347 0.0169921875 0.004901960784313725 0.044255959015995286
0 0.00625 0.0 1.0 0.0 0.01833560786346288 0.02037162275772943 0.014453125 0.003137254901960784 0.04534544738387046
0 0.003367003367003367 0.0 1.0 0.06060606060606061 0.013439062072565566 0.013546416056311766 0.016098484848484848 0.00261437908496732 0.027042115352500305
1 0.002564102564102564 0.0 1.0 0.0 0.008142855638131477 0.006054174756949928 0.025741185897435896 0.0018099547511312218 0.006986639678676645
0 0.04 0.0 1.0 0.0 0.02039689512101099 0.011229610801287005 0.01365853658536585 0.005714285714285712 0.04
0 0.020833333333333332 0.0 1.0 0.0 0.007038145390118967 0.008109620143983256 0.012533875338753388 0.0042517006802721075 0.020000634873928554
0 0.006666666666666666 0.0 1.0 0.0 0.017973136539434383 0.021734095198943208 0.01056910569105691 0.0023673469387755102 0.00881579748210088
0 0.006756756756756757 0.0 1.0 0.0 0.012188369878721577 0.012202623208761532 0.011755658097121511 0.001765030336458908 0.02233895764250341
0 0.009523809523809525 0.0 1.0 0.0 0.01271371646876683 0.016335762670655268 0.009872241579558655 0.0017492711370262393 0.024993772458587752
0 0.005555555555555555 0.0 1.0 0.0 0.009682485762211914 0.009423750659382104 0.007859078590785907 0.001360544217687075 0.01942279766626011
0 0.003663003663003663 0.0 1.0 0.0 0.008441572670513823 0.00621118600048064 0.010318949343339587 0.0015698587127158557 0.014067682474098463
0 0.00625 0.0 1.0 0.0 0.010060036844029705 0.007838630941459913 0.01138211382113821 0.0022448979591836735 0.034188889640372845
0 0.03225806451612903 0.0 1.0 0.0 0.016905668722875265 0.01608796157826046 0.017767810936691383 0.007110648629899408 0.03225806451612903
0 0.0625 0.0 1.0 0.0 0.007915869963527304 0.007778136661608609 0.01537433155080214 0.0067204301075268836 0.03650422644265695
0 0.0303030303030303 0.0 1.0 0.0 0.00964461184224946 0.021273999186086436 0.02284880894506563 0.00635386119257087 0.03807200042038517
0 0.015625 0.0 1.0 0.0 0.0010087583988656582 0.006793200245418107 0.014705882352941176 0.0016801075268817205 0.004300955459391514
0 0.004166666666666667 0.0 1.0 0.0 0.007772167693175499 0.014682111462793393 0.013257575757575754 0.002352150537634409 0.015130063916264204
0 0.004629629629629629 0.0 1.0 0.0 0.011236740431790244 0.011963600093892936 0.010398098633392751 0.0014934289127837518 0.017619478923341023
1 0.0049261083743842365 0.0 1.0 0.0 0.014190455253789381 0.022651735582509575 0.01770237875714549 0.0035224323322209867 0.026928573200256146
0 0.015625 0.0 1.0 0.0 0.020703108274310177 0.018578341498190126 0.017379679144385027 0.0020161290322580645 0.09183400391458035
0 0.038461538461538464 0.0 1.0 0.0 0.009289569274346099 0.005484842722137026 0.013510761083576617 0.0018687143245447126 0.038461538461538464
0 0.019230769230769232 0.0 1.0 0.0 0.0027846625486293236 0.0032262187310311695 0.015445719329214477 0.0019366675727099751 0.012658229799208583
0 0.007751937984496124 0.0 1.0 0.0 0.003095819740519121 0.00240754936680716 0.014942835444077257 0.0012531843208151855 0.007891570389638954
0 0.027777777777777776 0.0 1.0 0.0 0.003414608984958834 0.004363370164535316 0.012552711581837798 0.001177856301531213 0.02558559322054106
0 0.008333333333333333 0.0 1.0 0.0 0.004624163082427233 0.0028912452929420692 0.016070903206825533 0.0016931684334511186 0.008430875134606405
0 0.005555555555555555 0.0 1.0 0.0 0.0038539831074012715 0.0019200781498403617 0.010914974992644898 0.0015312131919905769 0.0031547115214825977
0 0.003663003663003663 0.0 1.0 0.0 0.0045721306223799624 0.003934814845828733 0.011270283114943313 0.0013137627978617374 0.015540112980288252
0 0.008928571428571428 0.0 1.0 0.0 0.011904509256989925 0.009198915834686624 0.0159500693481276 0.0030918727915194345 0.05835105339232336
0 0.003472222222222222 0.0 1.0 0.0 0.006541592115143632 0.006566079395915196 0.01770741394527802 0.002512146643109543 0.024317346112803874
0 0.006666666666666667 0.0 1.0 0.0 0.0031785820415504876 0.0017875513751713262 0.013709914680788469 0.0011189634864546523 0.013721014073535848
0 0.008264462809917356 0.0 1.0 0.0 0.0012604476703106183 0.0004906238020209096 0.015967263098772368 0.00096370061034372 0.0036412548385126916
0 0.0026041666666666665 0.0 1.0 0.0 0.001617508034557843 0.0008757216254299821 0.01792806707855251 0.0004969081272084805 0.00555286370938592
0 0.002403846153846154 0.0 1.0 0.0 0.008852776371210444 0.007282178459973664 0.009157105030891441 0.001877208480565371 0.02182158290559537
0 0.007936507936507936 0.0 1.0 0.0 0.008417021638162278 0.0012673382750381505 0.007845444738648621 0.0 0.07607636238317213
0 0.0047619047619047615 0.0 1.0 0.0 0.007144101324835344 0.0048266959525904716 0.012923969234648848 0.0010726905603230693 0.01626776996946013
0 0.004807692307692308 0.0 1.0 0.0 0.0011397550214384015 0.0 0.007604046438997897 0.0002718129926610492 0.011276582036452933
0 0.004901960784313725 0.0 1.0 0.0 0.0023791768670729566 0.0018466307839511756 0.018829067372756695 0.001987632508833922 0.014346504791613736
0 0.0037037037037037034 0.0 1.0 0.0 0.009284523195311672 0.010340475969625122 0.018181818181818184 0.003769140164899882 0.05288090946570508
0 0.0043859649122807015 0.0 1.0 0.0 0.0015560599507593237 0.0022486924259291687 0.0035304501323918797 0.00014723203769140164 0.015160289724071232
0 0.002173913043478261 0.0 1.0 0.0 0.00374586788086419 0.004352214642733543 0.023485168271998164 0.001958826240589952 0.005539214384686119
0 0.0020703933747412005 0.0 1.0 0.0 0.002197564152416592 0.0014078769971034794 0.015580029932077211 0.0008449838684897835 0.00030489646644295075
0 0.0023923444976076554 0.0 1.0 0.0 0.009318290632915859 0.008729726387169567 0.009058391787058112 0.002185233401525014 0.0404562352054428
0 0.0011750881316098707 0.0 1.0 0.0 0.007127437120381404 0.005473102903053047 0.012070322749934404 0.0016235316588673477 0.019111195132977023
0 0.005208333333333333 0.0 1.0 0.0 0.01630595245188011 0.01788158905069188 0.02140335392762577 0.006404593639575972 0.0997997273126231
0 0.0022222222222222222 0.0 1.0 0.0 0.00102425516362696 0.001866989588619262 0.008433853094047268 0.00019630938358853554 0.006264806716732876
0 0.0012406947890818859 0.0 1.0 0.0 0.004434568636568793 0.002592671677974211 0.009480966887794323 0.0005414339450587029 0.028296265861266837
0 0.0030864197530864196 0.0 1.0 0.0 0.0020329183713283356 0.005748718704704053 0.013092085907619887 0.0010306242638398117 0.017056697824802427
0 0.0015527950310559005 0.0 1.0 0.0 0.009607253844705826 0.00973815861772349 0.022947925860547214 0.002765401751421109 0.03400565890441526
0 0.0018148820326678765 0.0 1.0 0.0 0.004228494048269967 0.003719691943026049 0.015747665722116416 0.0006974149153803237 0.012868979266485222
0 0.0020833333333333333 0.0 1.0 0.0 0.0019954280876163496 0.0018854880498893251 0.00457855251544572 0.00011042402826855124 0.006245894703941839
0 0.002304147465437788 0.0 1.0 0.0 0.006697711584075795 0.0007709802603185721 0.012167444206279158 0.0 0.04925440993085402
0 0.001838235294117647 0.0 1.0 0.0 0.010260137419669618 0.010780591261589964 0.020352006645553193 0.0032737476616088133 0.04550873180757292
0 0.0013175230566534915 0.0 1.0 0.0 0.0019060346575082764 0.003666811059988213 0.019532599102037685 0.0019204178829313257 0.004809972079482348
0 0.0021008403361344537 0.0 1.0 0.0 0.0017745526525019917 0.0021305599279839746 0.017652250661959402 0.0015774861181221606 0.0006552598384878471
0 0.0047619047619047615 0.0 1.0 0.0 0.0031264437903077234 0.0035979078814866697 0.006031185642836129 0.0 0.04557283481187504
0 0.001633986928104575 0.0 1.0 0.0 0.0035121006564088468 0.0026837751706690243 0.008774206946679818 0.00020785699438786114 0.0007616180849654994
0 0.0009319664492078286 0.0 1.0 0.0 0.007291260789751802 0.007638832232438331 0.017956599811303525 0.0024369440721335447 0.02669357232880087
0 0.002631578947368421 0.0 1.0 0.0 0.0028234118825993275 0.002749258132396236 0.00970873786407767 0.00035335689045936394 0.008733170651774612
0 0.0005574136008918618 0.0 1.0 0.0 0.0011566661243366926 0.0024732093759328214 0.015925400053724243 0.00032647104009832543 0.0013154926107769996
0 0.0016666666666666668 0.0 1.0 0.0 0.0027999188838986728 0.0025185355170406687 0.004942630185348632 0.0 0.004815505167286044
0 0.0010604453870625664 0.0 1.0 0.0 0.008929553885913285 0.008034534701770924 0.018573237653018156 0.002765401751421109 0.034081216998142635
0 0.0008210180623973727 0.0 1.0 0.0 0.0023134015034408824 0.0022746359535498837 0.01156526767507685 0.0003046180090166931 0.006772419621955602
0 0.0009689922480620155 0.0 1.0 0.0 0.003416399237905996 0.0033874211668333144 0.01599735216240071 0.001251472320376914 0.005286529545904025
0 0.0007575757575757576 0.0 1.0 0.0 0.006493378946634831 0.007054285960443887 0.012003530450132393 0.0018256772673733805 0.024995104504567694
0 0.0006944444444444445 0.0 1.0 0.0 0.004153353347654727 0.002111444906207041 0.010094880847308032 0.0005245141342756184 0.0002134524525548388
0 0.004347826086956522 0.0 1.0 0.2 0.0 0.0 0.0008826125330979699 0.0 0.08723056631717145
0 0.0005319148936170213 0.0 1.0 0.025 0.003275663945905973 0.0032242423923337453 0.013062665489849959 0.0009717314487632508 0.005980041891204226
0 0.0006944444444444444 0.0 1.0 0.0 0.0063984086894024956 0.004864453669012509 0.0057369814651368044 0.0010306242638398115 0.02802122108468497
0 0.00037105751391465676 0.0 1.0 0.0 0.004343512685344631 0.0037358711663304255 0.010639492898980984 0.0011082557018952778 0.01391904792642048
0 0.0009090909090909091 0.0 1.0 0.09090909090909091 0.010001825133614183 0.008330597546744091 0.019417475728155345 0.0029714102152264693 0.034699051526239096
0 0.00130718954248366 0.0 1.0 0.0 0.004407257552146757 0.0014773046271609404 0.010532509561635778 0.0005889281507656067 0.01579141264363505
0 0.02857142857142857 0.0 1.0 0.0 0.010271139846317381 0.016028476580639307 0.019764464925755246 0.00483042137718397 0.028571428571428577
0 0.013888888888888888 0.0 1.0 0.0 0.008622366022384649 0.011395405289920309 0.01802070888092393 0.004796163069544368 0.017385931361525536
0 0.017543859649122806 0.0 1.0 0.0 0.008874865864618688 0.015992277659824295 0.02301452556121486 0.0035971223021582736 0.030799109443827202
0 0.016666666666666666 0.0 1.0 0.0 0.009780292742033469 0.006258271177643445 0.018876941457586616 0.00047961630695443646 0.031001538841916993
0 0.008 0.0 1.0 0.0 0.009856645391929602 0.00840957968946173 0.01734767025089606 0.0027338129496402874 0.017944802155103287
0 0.008771929824561403 0.0 1.0 0.0 0.00828947925550514 0.003469849062531825 0.015468779475570649 0.0 0.01652030696755619
0 0.005291005291005291 0.0 1.0 0.0 0.008031565115669466 0.004595115075658054 0.010221691225275454 0.0007993605115907275 0.01933183826186229
0 0.003676470588235294 0.0 1.0 0.0 0.006592426578579805 0.007868688520574776 0.01855365802234872 0.0021159542953872196 0.005479493228699117
0 0.006172839506172839 0.0 1.0 0.0 0.007420190115688253 0.01298609095937223 0.02708084428514536 0.002398081534772182 0.019112388428814464
0 0.004347826086956522 0.0 1.0 0.0 0.0038858220721957855 0.003573880175388992 0.010752688172043008 0.000781983109164842 0.0005161157184416578
0 0.003246753246753247 0.0 1.0 0.03571428571428571 0.007462659965581929 0.011515101656434296 0.01574500768049155 0.0007708119218910587 0.005412853931760009
0 0.038461538461538464 0.0 1.0 0.0 0.006373944753226047 0.008202481355384657 0.015796703296703296 0.0032337966148341816 0.038461538461538464
0 0.022727272727272728 0.0 1.0 0.0 0.004740072786452703 0.006299386410516513 0.008116883116883118 0.0017889087656529521 0.004020806630357778
0 0.013333333333333332 0.0 1.0 0.0 0.007706469730497974 0.011441871596195445 0.010785714285714282 0.0028622540250447226 0.024151751733347927
0 0.009259259259259259 0.0 1.0 0.0 0.003038416684257217 0.006219908807119446 0.0067460317460317455 0.002186444046909163 0.0021194677048366794
0 0.009523809523809525 0.0 1.0 0.0 0.0018310005859330715 0.0023956977475328967 0.01164965986394558 0.002214839424141749 0.0005362738580369822
0 0.01515151515151515 0.0 1.0 0.0 0.0022422252535696852 0.0057950616765415856 0.00974025974025974 0.0021141649048625794 0.010485562937788965
0 0.005291005291005291 0.0 1.0 0.0 0.0021835731645200177 0.005859672737289791 0.008928571428571428 0.0016563970052342143 0.0017116055051062155
0 0.005434782608695652 0.0 1.0 0.0 0.0016617247744276382 0.005301542613068136 0.013819875776397516 0.0004666718519094657 0.00043431110850730394
0 0.006944444444444444 0.0 1.0 0.0 0.006964069947630872 0.006689988652593797 0.007142857142857143 0.00022361359570661896 0.0007765252978401691
0 0.008333333333333333 0.0 1.0 0.0 0.010162605839555824 0.012398900155805524 0.01845238095238095 0.002981514609421586 0.06384999242798935
0 0.004329004329004329 0.0 1.0 0.0 0.005936954689531443 0.007296919942156595 0.012244897959183673 0.0005111167901865577 0.00016083840690743657
0 0.00641025641025641 0.0 1.0 0.0 0.0007133182487486552 0.0018721328645450149 0.011950549450549451 0.0005504334663547544 0.004178059126166182
0 0.004273504273504274 0.0 1.0 0.0 0.0010396805764701872 0.00475327811315701 0.012103174603174604 0.0010932220234545814 0.0006392886559047699
0 0.0018315018315018315 0.0 1.0 0.0 0.006984320637279357 0.005750484925147214 0.015247252747252747 0.0012384752992981973 0.011650834386618089
0 0.0031746031746031746 0.0 1.0 0.0 0.006897264248381039 0.005794696961686952 0.008163265306122446 0.0 0.00017696956695114634
0 0.0020161290322580645 0.0 1.0 0.0 0.0036688619687050227 0.005115231863034895 0.0066820276497695855 0.00040394714063131165 0.0020708737931525094
0 0.002028397565922921 0.0 1.0 0.0 0.0037904703936454064 0.005130579374816079 0.01003694581280788 0.0011103571648880387 0.026235873984976812
0 0.0017921146953405018 0.0 1.0 0.0 0.001226648744821327 0.0035328958895446253 0.014688940092165896 0.00034624040625541 0.0009093228562122694
0 0.002288329519450801 0.0 1.0 0.0 0.0014861386575436156 0.0028434242177994345 0.009782608695652173 0.0007000077778641984 0.0028997974009234754
0 0.0038461538461538464 0.0 1.0 0.0 0.004452604179146429 0.0 0.010164835164835165 0.0 0.0003637348563600839
0 0.0016420361247947454 0.0 1.0 0.0 0.0029079524207482254 0.0016191149295190059 0.01231527093596059 0.0006785516007649128 0.00019480584650181297
0 0.005681818181818182 0.0 1.0 0.0 0.003869719764270566 0.004284185078673288 0.0062499999999999995 0.0008944543828264759 0.01798201042349034
0 0.004347826086956522 0.0 1.0 0.0 0.0031280022378708514 0.0 0.003214285714285714 0.0 0.014242197786413635
0 0.0015432098765432098 0.0 1.0 0.0 0.0021605282523316704 0.0 0.012698412698412698 0.0003312794010468429 0.001108216150009741
0 0.002 0.0 1.0 0.0 0.003647234572062178 0.0 0.007142857142857143 0.0 0.0011636875744250159
0 0.0022624434389140274 0.0 1.0 0.0 0.00411699226493913 0.0022079920482875404 0.011029411764705883 0.0009470693465221507 0.004128071971951371
0 0.05555555555555555 0.0 1.0 0.0 0.03421912524611 0.017262799466606752 0.01717171717171717 0.006775067750677507 0.05555555555555555
1 0.011111111111111112 0.0 1.0 0.0 0.015578228766534254 0.01568817028719338 0.0197979797979798 0.003929539295392956 0.02205376723640598
0 0.013888888888888888 0.0 1.0 0.0 0.010019665105268452 0.004719157222109914 0.018434343434343435 0.0012703252032520325 0.019797132667230547
0 0.010416666666666666 0.0 1.0 0.0 0.021486577860137124 0.012665034053277041 0.03535353535353536 0.0030487804878048777 0.037271733581521825
0 0.008695652173913044 0.0 1.0 0.0 0.012254447323550638 0.015657453447951913 0.034519104084321475 0.002651113467656416 0.013364591462610464
0 0.016666666666666666 0.0 1.0 0.0 0.0 0.012443405054861545 0.02303030303030303 0.0 0.0011144920612734775
0 0.006802721088435374 0.0 1.0 0.0 0.012451256373993594 0.017977394633262173 0.01240981240981241 0.0008710801393728223 0.038317969004635966
0 0.037037037037037035 0.0 1.0 0.0 0.015868420893175014 0.012701715813560211 0.013962375073486185 0.004574295410948796 0.037037037037037035
0 0.029411764705882353 0.0 1.0 0.0 0.007744074304913568 0.007970933634080513 0.017740429505135387 0.0039840637450199185 0.019747147321432616
0 0.023809523809523808 0.0 1.0 0.0 0.010253674375691106 0.005807394504830089 0.017290249433106575 0.0039840637450199185 0.04288118981053438
0 0.010869565217391304 0.0 1.0 0.0 0.006391605757188958 0.01060480735664625 0.010869565217391304 0.0017322016282695302 0.005707420943335083
0 0.006896551724137932 0.0 1.0 0.0 0.012700286358779143 0.007497332077052719 0.018883415435139574 0.0009616705591427394 0.018768747349082147
0 0.007575757575757575 0.0 1.0 0.0 0.009237051830053702 0.007416217733234293 0.011002886002886002 0.0014487504527345165 0.014133080527342511
0 0.008403361344537815 0.0 1.0 0.0 0.017410782483435347 0.018461332188566073 0.011671335200746966 0.0016404968361846731 0.03995321516885381
0 0.003787878787878788 0.0 1.0 0.0 0.00585270349261247 0.0024637431232612497 0.016474266474266475 0.0007243752263672582 0.006299543948075774
0 0.00505050505050505 0.0 1.0 0.0 0.005880534258420881 0.010333696085939719 0.013708513708513705 0.0003621876131836291 0.008582425170906086
0 0.0033333333333333335 0.0 1.0 0.0 0.0057700711725185115 0.011132265834957229 0.010714285714285714 0.0002656042496679947 0.0075862076748594255
0 0.005050505050505051 0.0 1.0 0.0 0.008624256965923909 0.0034975684161099693 0.009479717813051146 0.0004426737494466578 0.015005928026445979
0 0.07692307692307693 0.0 1.0 0.0 0.019576928740935078 0.01717889769180418 0.017361111111111112 0.005628517823639775 0.07692307692307694
1 0.0078125 0.0 1.0 0.0 0.015318278054366795 0.01430927424784222 0.02338324652777777 0.004845383275261327 0.008428188672621848
0 0.023809523809523808 0.0 1.0 0.0 0.006788905513734687 0.0033859605591459985 0.020337301587301588 0.001244400199104032 0.00017434017679343914
0 0.020833333333333332 0.0 1.0 0.0 0.004788346844693327 0.005744028722383458 0.023148148148148154 0.0011614401858304297 0.0004252553250167206
0 0.0064516129032258064 0.0 1.0 0.0 0.009445834324727837 0.008904536382274859 0.014560931899641577 0.0012363718107227157 0.02798596258361499
0 0.0047619047619047615 0.0 1.0 0.0 0.011447006343450727 0.007470090933587164 0.015674603174603174 0.00019910403185664509 0.018167591042501652
0 0.004608294930875576 0.0 1.0 0.0 0.010636965953158817 0.008834316154098586 0.01814516129032258 0.0020231538720917163 0.026637693533717283
0 0.004310344827586207 0.0 1.0 0.0 0.010894142388217183 0.011082239956316294 0.01772030651340996 0.0022828307100804996 0.023338675494637005
0 0.008547008547008546 0.0 1.0 0.0 0.010614482041637388 0.014568099292669124 0.007211538461538462 0.0010720986330742428 0.003126299051773964
0 0.002173913043478261 0.0 1.0 0.0 0.005076471311222861 0.0052637392806698605 0.014719202898550726 0.0009846992879866687 5.22960898361356e-05
0 0.023255813953488372 0.0 1.0 0.0 0.00940378520736629 0.008619258652261872 0.016634089911843307 0.00331655078718133 0.023255813953488372
0 0.013888888888888888 0.0 1.0 0.0 0.005199737078488988 0.007190900043582642 0.016437964551172093 0.003102329133256967 0.013223588743081882
0 0.008333333333333333 0.0 1.0 0.0 0.006960601213272159 0.004819309052366413 0.016809605488850764 0.0023195876288659776 0.022715350970837038
0 0.004807692307692308 0.0 1.0 0.0 0.003114820815443632 0.004309329897358787 0.01424990104235387 0.0010243193232883957 0.01864935460443197
0 0.005555555555555556 0.0 1.0 0.0 0.0070413920211264735 0.006359664584431867 0.021679054697922622 0.002768232149675449 0.02687964600906459
0 0.0045045045045045045 0.0 1.0 0.0 0.007261159792043326 0.008044228251509663 0.01103333178804877 0.001718213058419244 0.02931451170844758
0 0.007142857142857143 0.0 1.0 0.0 0.010079500756167781 0.010111561923010434 0.02152658662092624 0.0031786941580756014 0.01827644016263002
0 0.004629629629629629 0.0 1.0 0.0 0.00679310016639074 0.006047386623195004 0.013277428371767994 0.001400025455008273 0.008358397519572654
0 0.006172839506172839 0.0 1.0 0.0 0.0044413538735267296 0.007657862518559339 0.014484467314655993 0.0013363879343260788 0.0069201882482533795
0 0.0015151515151515152 0.0 1.0 0.0 0.008977561559061471 0.00988734078424389 0.017724413950829045 0.0023430178069353325 0.011277664868193728
0 0.00909090909090909 0.0 1.0 0.0 0.0016437391986893943 0.002599496500127563 0.022469982847341342 0.00034364261168384877 0.004689086973672185
0 0.003205128205128205 0.0 1.0 0.0 0.004206267866791528 0.004118125972157185 0.014447816334608787 0.001189532117367169 0.010104087068293676
0 0.0034965034965034965 0.0 1.0 0.0 0.0031001520973264318 0.0033947820181669214 0.01691875877124591 0.0009372071227741332 0.002635892496053873
0 0.002040816326530612 0.0 1.0 0.0 0.007364560380330957 0.00496962602432488 0.021024258760107817 0.0024054982817869413 0.027716236970554257
0 0.0031746031746031746 0.0 1.0 0.0 0.007708539048951778 0.006195964818557816 0.021645021645021644 0.0022091310751104565 0.048334433166807335
0 0.0016025641025641025 0.0 1.0 0.0 0.006141170191249098 0.0023640771959660767 0.016756828077582792 0.0018944400387699357 0.02149800290694282
0 0.003095975232198142 0.0 1.0 0.0 0.011060384059671344 0.0065283858478484115 0.013180464024555383 0.0024416711882799787 0.041269537939890306
0 0.0015432098765432098 0.0 1.0 0.0 0.006660568741635901 0.0018937765904456462 0.01214979988564894 0.0016704849179075983 0.022956128595928705