1 0.04 0.0 1.0 0.0 0.015727279343694462 0.012653754986229395 0.01611111111111111 0.004122562674094708 0.04
0 0.0125 0.0 1.0 0.0 0.0057474797703015714 0.009891320321280936 0.01388888888888889 0.003064066852367688 0.00782786019700335
0 0.03333333333333333 0.0 1.0 0.0 0.003408836640751161 0.007193115513141324 0.010277777777777778 0.002785515320334262 0.0031696720827669813
0 0.01 0.0 1.0 0.0 0.004496189157875677 0.008661494914961685 0.007666666666666667 0.0026740947075208914 0.0005750474281879824
0 0.011764705882352941 0.0 1.0 0.0 0.005914974391739158 0.009804237016024725 0.012254901960784314 0.0006554153694904145 0.011039817631464832
0 0.01111111111111111 0.0 1.0 0.0 0.008726145054886595 0.016036745022861943 0.00925925925925926 0.001671309192200557 0.023756916223193297
0 0.0049261083743842365 0.0 1.0 0.0 0.006714184456704424 0.009257433727432915 0.016762452107279696 0.0010565747766785132 0.00804012529447334
0 0.005952380952380952 0.0 1.0 0.0 0.007340496927528253 0.009022940394381632 0.013492063492063491 0.0 0.013758576619875422
0 0.0029239766081871343 0.0 1.0 0.0 0.006910369856143914 0.007479542695342669 0.012573099415204679 0.0005131212432194693 0.017093637222282347
1 0.005555555555555556 0.0 1.0 0.0 0.004766897693999122 0.004661119393146228 0.010802469135802469 0.00030950170225936243 0.002146700928798196
0 0.012987012987012988 0.0 1.0 0.0 0.0 0.0027068821183144887 0.005952380952380953 0.0 0.014107757963364526
0 0.002525252525252525 0.0 1.0 0.0 0.01180633694522181 0.006316058276067141 0.01212121212121212 0.0005908668861315101 0.017409349905231106
0 0.004524886877828055 0.0 1.0 0.0 0.006097322189137645 0.001300731253242043 0.024019607843137253 0.0019662461084712438 0.0015822479817861966
0 0.001098901098901099 0.0 1.0 0.0 0.00899201996907482 0.002104879988518104 0.011837606837606837 0.0006428112277694451 0.007076570591520557
0 0.14285714285714285 0.0 1.0 0.0 0.003819729265150344 0.0026772677183444426 0.017806841046277663 0.0010067451927917046 0.14285714285714288
0 0.05 0.0 1.0 0.0 0.0027326581166969327 0.0019746659104660728 0.012253521126760564 0.0007751937984496124 0.014891942577497212
0 0.006060606060606061 0.0 1.0 0.0 0.004427214038618781 0.0032008276215775055 0.010025608194622277 0.0008969184444871541 0.0016206060224813396
0 0.022727272727272728 0.0 1.0 0.0 0.0016093771285464339 0.0034863961885190915 0.009346991037131882 0.0007047216349541932 0.007934479242751355
0 0.009090909090909092 0.0 1.0 0.09090909090909091 0.0027931115520272182 0.004482150657482815 0.008418693982074262 0.000960984047664809 0.0014162894111848028
0 0.020833333333333332 0.0 1.0 0.0 0.003928268739257518 0.0035953460694103127 0.013644366197183098 0.0007047216349541931 0.005241768403669196
0 0.005291005291005291 0.0 1.0 0.0 0.003490054588128162 0.0033689742071570604 0.010354720918101199 0.001070132853078589 0.006594416071033036
0 0.004166666666666667 0.0 1.0 0.0 0.004726435500303715 0.0030981680099395484 0.0142018779342723 0.0011275546159267083 0.0032355948449173813
0 0.013888888888888888 0.0 1.0 0.0 0.002354400547570402 0.003878897498662268 0.004577464788732394 0.0008809020436927414 0.04081446026252167
0 0.003448275862068966 0.0 1.0 0.0 0.006405631636564815 0.0032537633690761865 0.010174842156386593 0.000850526111151612 0.00027936828691240833
0 0.0021645021645021645 0.0 1.0 0.0 0.006730436687639755 0.004123523485059979 0.013430583501006031 0.001426222356454914 0.0013428133720458733
0 0.004166666666666667 0.0 1.0 0.0 0.0058845981112073 0.006663591012015755 0.0066901408450704206 0.0014446793516560954 0.009387190098421512
0 0.004524886877828055 0.0 1.0 0.0 0.008787347882874988 0.004601025314365351 0.008823529411764706 0.0012436264146250462 0.0019133242710721722
0 0.006493506493506493 0.0 1.0 0.0 0.013631370594627159 0.005229594282778637 0.00672215108834827 0.0012172464603754246 0.00914187866388125
0 0.006666666666666666 0.0 1.0 0.0 0.006848556333492979 0.009277903179127116 0.016901408450704224 0.001620859760394644 0.016838220135212228
0 0.0026041666666666665 0.0 1.0 0.08333333333333333 0.003285451538037358 0.006066501471305248 0.01050469483568075 0.0009689922480620155 0.0001192267770853963
0 0.0021786492374727667 0.0 1.0 0.0 0.009179298814549078 0.004833348227191193 0.01429316640584246 0.0010179312504893902 3.30057367597647e-05
0 0.0023148148148148147 0.0 1.0 0.0 0.0028687662098588924 0.0033642404337479743 0.012969483568075113 0.0008515386422363167 0.00010494181333506568
0 0.0010964912280701754 0.0 1.0 0.041666666666666664 0.006640222750751764 0.0037442455233493766 0.013218896713615022 0.0008368569415081044 1.7300510337200075e-05
0 0.004166666666666667 0.0 1.0 0.0 0.0032549911873185535 0.002576530361138536 0.01003521126760563 0.0007634484378670426 0.0025264016382401723
1 0.0031746031746031746 0.0 1.0 0.0 0.004725247078256961 0.0006391726345618333 0.01169014084507042 9.396288466055909e-05 0.0010749190338882905
0 0.002066115702479339 0.0 1.0 0.0 0.005804831439906219 0.0034160129295871863 0.009891165172855312 0.00019219680953296177 4.869099600521107e-05
0 0.0014992503748125937 0.0 1.0 0.0 0.005112788799382344 0.005494316294063504 0.010781932977173381 0.0010935335714806443 0.00470418567986876
0 0.004629629629629629 0.0 1.0 0.0 0.0021585300456837798 0.0026346668783206986 0.01791862284820031 0.001957560097094981 0.0007457275766557283
0 0.0026666666666666666 0.0 1.0 0.0 0.0006885843281134105 0.0014947028066377888 0.0053521126760563385 0.00018792576932111818 0.024748529243859233
0 0.0009615384615384616 0.0 1.0 0.0 0.004272262372865823 0.002902139053381675 0.015158450704225345 0.00033474277660324174 0.0023896392480243526
0 0.0016835016835016834 0.0 1.0 0.0 0.0015837654809522754 0.002178997617824432 0.00905889884763124 6.406560317765392e-05 0.00023478992037720005
0 0.001984126984126984 0.0 1.0 0.0 0.003831918382342453 0.003511406673011542 0.012597809076682315 0.0007438728368960927 0.00010607222105075663
0 0.002028397565922921 0.0 1.0 0.0 0.003176414078884568 0.004037049460340204 0.006213753106876553 0.0006632674211333583 0.004526258168838371
0 0.0015873015873015873 0.0 1.0 0.0 0.003003774889573158 0.0015979315864045832 0.01606304493628437 0.00046981442330279536 9.14511318051934e-05
0 0.002150537634408602 0.0 1.0 0.0 0.00942001680784593 0.004410579574088172 0.01028169014084507 0.0008456659619450318 0.0005932577301789993
0 0.0020833333333333333 0.0 1.0 0.0 0.0037052629074059615 0.0031136016048172567 0.014647887323943658 0.0009396288466055908 0.00025182411324776364
0 0.005050505050505051 0.0 1.0 0.0 0.0025900842531445534 0.0031958631728091665 0.0010563380281690142 0.0 0.04032613923542648
0 0.002262443438914027 0.0 1.0 0.0 0.004737034687839909 0.002950027544131539 0.014788732394366197 0.0001626280696048138 0.00014779174004797357
0 0.002040816326530612 0.0 1.0 0.0 0.0024530317538391773 0.003081725202351697 0.011519114688128771 0.0 0.003868399793107615
0 0.004629629629629629 0.0 1.0 0.0 0.0018774677851211329 0.002396897379606875 0.00528169014084507 0.0 0.06437642036932167
0 0.0018018018018018018 0.0 1.0 0.0 0.0025595856590757745 0.0038152270197289273 0.01812206572769953 0.0004698144233027954 0.0025720438654283748
0 0.0023923444976076554 0.0 1.0 0.0 0.014239138266464564 0.0079061932254466 0.0117797695262484 0.000832852841309501 0.006629766516236357
0 0.003205128205128205 0.0 1.0 0.0 0.0019492381024995408 0.0017976730347051561 0.0037852112676056335 0.0 0.040746658798142106
0 0.0019230769230769232 0.0 1.0 0.0 0.008044103935339731 0.007505602042344994 0.005904658721560129 0.000867349704559007 0.013739304800056914
0 0.0012836970474967909 0.0 1.0 0.0 0.005793605208856761 0.007866745148002022 0.00934025203854707 0.0011498089833463152 0.009306385557116405
0 0.0017006802721088435 0.0 1.0 0.0 0.007137411736320148 0.0029196958142077216 0.009205231388329979 0.00025168629819792614 0.001070422176540744
0 0.0012239902080783353 0.0 1.0 0.0 0.00890839593475588 0.0031103414430575364 0.0071905114899925866 0.0007418122473202034 0.0006543471597877744
0 0.0022727272727272726 0.0 1.0 0.0 0.007767075236916128 0.0019175179036854998 0.010211267605633801 0.00028188865398167724 0.0016028489561449935
0 0.0014814814814814816 0.0 1.0 0.0 0.012639334148197972 0.004072893073542485 0.008591549295774648 0.0009396288466055909 0.0020515594824037117
0 0.003105590062111801 0.0 1.0 0.0 0.001151098582288327 0.0 0.01358148893360161 0.0 0.01815077864862173
0 0.0009671179883945841 0.0 1.0 0.0 0.0022705144662457867 0.0008012157881978674 0.008066581306017924 0.00028829521429944266 0.0016458697091905718
0 0.0010416666666666667 0.0 1.0 0.0 0.00042968492186060424 0.0006141254685290252 0.012464788732394365 0.000810429880197322 0.0005269636637667583
0 0.0029154518950437317 0.0 1.0 0.0 0.0024270083720934173 0.004072256666300005 0.0193158953722334 0.0009060706735125341 0.008941741749836618
0 0.0009523809523809524 0.0 1.0 0.0 0.0005838850441455044 0.0 0.0090878604963112 0.00010067451927917045 0.0032915392239255777
0 0.0009337068160597572 0.0 1.0 0.0 0.002325799480781441 0.002994265774023759 0.015090543259557346 0.0006711634618611364 0.0002057231678127472
0 0.0019230769230769232 0.0 1.0 0.0 0.0012399814986077664 0.0012282509370580505 0.012816901408450704 0.0012684989429175477 0.0011711193408742025
0 0.0005717552887364208 0.0 1.0 0.0 0.0069236796839481675 0.002995016570773078 0.00834400341442595 0.0005765904285988854 2.8609164284552897e-05
0 0.0007407407407407407 0.0 1.0 0.0 0.0070056084214539195 0.0010597742848506742 0.008873239436619716 0.00028188865398167724 0.0003472318719537615
0 0.0009090909090909091 0.0 1.0 0.0 0.003794245645416159 0.0022774869663150614 0.007711267605633801 0.0004580690627202256 0.010644118594623424
0 0.0007142857142857143 0.0 1.0 0.0 0.0035004730334909882 0.001144702762411123 0.007183098591549295 0.0003946441155743481 0.002759164438054797
0 0.0010319917440660474 0.0 1.0 0.0 0.008888156730602956 0.001127951708050294 0.01188898094449047 0.00024872528292500936 0.000518555296166315
0 0.0012315270935960591 0.0 1.0 0.0 0.009892136152646017 0.0010680617389604984 0.009406438631790744 0.0002013490385583409 0.001829703360211474
0 0.00048426150121065375 0.0 1.0 0.0 0.007474035029580259 0.0020527064613331276 0.011126760563380281 0.0005436424041075204 2.4849475582520063e-05
0 0.0006172839506172839 0.0 1.0 0.0 0.0014909657845899454 0.00028272912077907864 0.00978090766823161 0.0001827056090621982 0.00020689398638092693
0 0.00048216007714561236 0.0 1.0 0.0 0.0034696893180136772 0.0009226810627628894 0.009797017398508696 0.00041454213820834885 0.0006998938714056423
0 0.0016129032258064516 0.0 1.0 0.0 0.014071350542210643 0.007803188120568759 0.010915492957746478 0.0012684989429175477 0.008716837530736153
0 0.001443001443001443 0.0 1.0 0.0 0.005333886888460976 0.0013728512741049978 0.018309859154929574 0.00038439361906592354 0.0014961860000308454
0 0.0005387931034482759 0.0 1.0 0.0 0.008803852313404322 0.005532135206495118 0.0053666828557552195 0.0009477290952832252 0.0030327237500562035
0 0.0004662004662004662 0.0 1.0 0.0 0.0007290727441846091 0.0006753396305481173 0.01327358087921468 0.00038439361906592354 0.0002277891825945747
0 0.000505050505050505 0.0 1.0 0.06666666666666667 0.006174118183222816 0.004025430851406557 0.011830985915492954 0.0007282123561193329 3.387779334224087e-05
0 0.0004664179104477612 0.0 1.0 0.0625 0.008439146705625115 0.006111621780980178 0.013622359154929577 0.0014314658210007045 0.004533108729828104
0 0.0005252100840336134 0.0 1.0 0.0 0.0031181995637380943 0.002774202420575578 0.005533199195171026 0.0005537098560354374 0.009238113811311463
0 0.001610305958132045 0.0 1.0 0.0 0.0028827030444459716 0.0 0.006964006259780908 0.0 0.020978310879745263
0 0.0006211180124223603 0.0 1.0 0.0 0.0009735459404116802 0.0 0.009675443968156765 0.0 0.0032244152214903517
0 0.0007042253521126761 0.0 1.0 0.0 0.00680468614002881 0.0 0.011197183098591548 0.0006694855532064835 5.317025537535573e-05
0 0.000992063492063492 0.0 1.0 0.0 0.0007666106363130389 0.0005227984346008467 0.007897384305835009 0.000453035336756267 0.022063162807967444
0 0.041666666666666664 0.0 1.0 0.0 0.02368236723916092 0.02384034622283784 0.018673355629877368 0.005732662192393735 0.041666666666666664
0 0.01020408163265306 0.0 1.0 0.0 0.015754698048703466 0.015719112757041423 0.016312879666916934 0.004519928776879877 0.015469254331858143
0 0.020833333333333332 0.0 1.0 0.0 0.013339559265669416 0.007517733909473545 0.014841137123745818 0.0010486577181208054 0.017550682129059976
0 0.01 0.0 1.0 0.0 0.010794002509531385 0.010956877471126407 0.011371237458193979 0.00026845637583892615 0.010602812310569419
0 0.008333333333333333 0.0 1.0 0.0 0.014481252817590703 0.015411718480747886 0.014910813823857302 0.0012583892617449666 0.016670653541348796
0 0.01282051282051282 0.0 1.0 0.0 0.02523412656618512 0.02211113660324632 0.026755852842809368 0.004130098089829634 0.06191400515530113
0 0.007518796992481203 0.0 1.0 0.0 0.014456913907840286 0.01802118005119475 0.014434078507305052 0.0012363122571529496 0.039360163852033545
0 0.007352941176470588 0.0 1.0 0.0 0.009501990265042566 0.010742036736398439 0.012984457997245721 0.0009869719699960521 0.024073147611590424
0 0.004115226337448559 0.0 1.0 0.0 0.01402211074403868 0.008854439902822683 0.011272141706924317 0.0013671389510315685 0.02196029372051192
0 0.005263157894736842 0.0 1.0 0.0 0.010387423347464708 0.004805648013651933 0.016370357331455726 0.001412928293889085 0.01536695856698673
0 0.0034965034965034965 0.0 1.0 0.0 0.013940972695961392 0.008300380956700033 0.012220221250321583 0.0016778523489932886 0.02879371605621125
0 0.005952380952380952 0.0 1.0 0.0 0.016367542276681524 0.011081128710966032 0.015766841853798376 0.0016778523489932886 0.04607285167232915
0 0.002958579881656805 0.0 1.0 0.0 0.010698186764643748 0.00736482573393897 0.014921533316182144 0.0011615900877645846 0.015147131800047177
0 0.038461538461538464 0.0 1.0 0.0 0.023741267739211702 0.019891670648821105 0.014254975793437336 0.007313109425785481 0.03846153846153845
0 0.03571428571428571 0.0 1.0 0.0 0.024165523936910665 0.03259812465210006 0.00999000999000999 0.0070422535211267625 0.053685796191522736
0 0.02222222222222222 0.0 1.0 0.0 0.022252266857448345 0.018682026916626238 0.013053613053613054 0.0028169014084507044 0.031682314048163435
0 0.009615384615384616 0.0 1.0 0.0 0.011884902830997487 0.02395209423705743 0.006993006993006993 0.0 0.00930058606036999
0 0.02 0.0 1.0 0.0 0.038672151735302744 0.019161675389645947 0.013986013986013988 0.0 0.08268961457657495
0 0.005208333333333333 0.0 1.0 0.0 0.016126028273643754 0.0015772530538979358 0.013767482517482521 0.0013204225352112676 0.02521186402246315
0 0.007142857142857143 0.0 1.0 0.0 0.028951765039510087 0.004790418847411487 0.014685314685314688 0.0007042253521126761 0.027097338723614812
0 0.02564102564102564 0.0 1.0 0.0 0.00658327993377525 0.008775858907254158 0.014867485455720746 0.0030250648228176344 0.025641025641025647
0 0.022727272727272728 0.0 1.0 0.0 0.011286350816023224 0.0108800122699627 0.009931245225362872 0.0028089887640449437 0.004026128394923379
0 0.037037037037037035 0.0 1.0 0.0 0.001616233069060134 0.002123094495419573 0.014939309056956118 0.0024968789013732834 0.0036402882268819284
0 0.008064516129032258 0.0 1.0 0.0 0.0036970731426930136 0.0076071539903925876 0.015180265654648957 0.0030808263863718738 0.02226472387686781
0 0.005714285714285714 0.0 1.0 0.0 0.0027194277557711787 0.007201344675497258 0.014965986394557826 0.0009630818619582664 0.0004008319284845907
1 0.004065040650406504 0.0 1.0 0.0 0.007996387212696512 0.006895699307258482 0.012912482065997127 0.00027404768429706766 0.009188416800090745
0 0.006493506493506493 0.0 1.0 0.0 0.005613957895144892 0.003553356602388269 0.012350394703335878 0.0002553626149131767 0.00015881504963387652
0 0.020833333333333332 0.0 1.0 0.0 0.0 0.003184641743129359 0.003734827264239029 0.0 0.04479018431604074
0 0.004830917874396135 0.0 1.0 0.0 0.004157097207568812 0.0049846566414198665 0.011813421020582145 0.0012212994626282364 0.0006057765517583231
1 0.003703703703703704 0.0 1.0 0.0 0.004031000127587014 0.0084080115422051 0.011411972196285923 0.0010403662089055346 0.022522520932477124
0 0.002331002331002331 0.0 1.0 0.0 0.0075492541067647915 0.009092370658527024 0.013000071823601238 0.0010803802938634398 0.004176507875337569
0 0.001937984496124031 0.0 1.0 0.0 0.008481376568885904 0.0007981771077559923 0.010162204416650382 0.0006532532009406846 0.00833977678996163
0 0.0038461538461538464 0.0 1.0 0.0 0.006392705630519205 0.001311874428038079 0.017366946778711485 0.001544943820224719 0.043314764058107934
0 0.018518518518518517 0.0 1.0 0.0 0.0023795317036341117 0.0027867640987510657 0.01508081422871441 0.0012856949519556102 0.018518518518518517
0 0.01 0.0 1.0 0.0 0.005066656812317981 0.004597418849269098 0.012331101643335361 0.0013641900121802689 0.006951130027586927
1 0.004901960784313725 0.0 1.0 0.0 0.002446977403379688 0.001783904793196906 0.01261143532275966 0.001209070717202838 0.00021866069077470298
0 0.006097560975609756 0.0 1.0 0.0 0.003503523464169458 0.0029302374875435216 0.00951560945919867 0.0007129912955646003 0.00037867846278974443
0 0.007692307692307693 0.0 1.0 0.0 0.003502905925700402 0.0029040896203602483 0.01008942366215647 0.0008198257284737191 0.02430566586600335
0 0.005747126436781609 0.0 1.0 0.0 0.007915942746688748 0.0036988739052302953 0.0071148235985476534 0.0007140157083455839 0.00040030967297275663
0 0.010989010989010988 0.0 1.0 0.0 0.003990902523911752 0.001593365212059475 0.008052811461210731 0.0007027077672631873 0.0544145906341055
0 0.010416666666666666 0.0 1.0 0.0 0.004603795525836161 0.00234624791829833 0.002333130452424427 0.0006597645148193259 0.02932794213810036
0 0.006172839506172839 0.0 1.0 0.0 0.0073368774023034496 0.003403038896920172 0.008487184689254076 0.0008796860197591011 0.024643324706542798
0 0.0033333333333333335 0.0 1.0 0.0 0.0039175152973492606 0.0031761079893718866 0.006735646175694867 0.0007511165245635404 0.000965406864923311
0 0.005347593582887701 0.0 1.0 0.0 0.008037120208454323 0.0031578467005326594 0.011241989187640977 0.0005731890807480117 0.018546767375900303
0 0.0024509803921568627 0.0 1.0 0.0 0.004191802258737949 0.003010602617367287 0.015019154344634996 0.0007164863509350146 0.012817066340378077
0 0.007692307692307693 0.0 1.0 0.0 0.00623031095173168 0.002899924685948245 0.005903834449178332 0.0005481120584652861 0.017052979258216087
0 0.0021645021645021645 0.0 1.0 0.0 0.0069802414108244394 0.0032765645930322045 0.011601099245651893 0.000682833204148673 0.006526371135253219
0 0.0015151515151515152 0.0 1.0 0.0 0.004705423749517989 0.0029196503305335465 0.009821280362972388 0.0008443140294541024 0.006418799895288585
0 0.003472222222222222 0.0 1.0 0.0 0.008126736230117336 0.0030388897781951528 0.005207276661932779 0.00033834077683042357 0.006394975864373287
0 0.004201680672268907 0.0 1.0 0.0 0.0012246078397588182 0.0029079682575012564 0.01004260499087036 0.0004350095702105446 0.018163117398190855
0 0.006172839506172839 0.0 1.0 0.0 0.0005068633942219802 0.0010446184186220686 0.005613038479745723 0.0005413452429286778 0.14813371302080708
0 0.0014619883040935672 0.0 1.0 0.0 0.003514977084414807 0.0021727326141383397 0.009231081355244473 0.0005582622817701989 8.427067293336657e-05
0 0.005 0.0 1.0 0.0 0.0007506408204188524 0.0012428248654063904 0.005295191722458916 0.0 0.12222322920034952
0 0.0015873015873015873 0.0 1.0 0.0 0.005253724911504534 0.0026970649394263036 0.007851491174680463 0.0007308160779537149 0.0001708749617709932
0 0.0010570824524312897 0.0 1.0 0.0 0.005589033773672737 0.00259426607471834 0.012371017282622545 0.0006656658074384612 0.0070937550239210875
0 0.0024154589371980675 0.0 1.0 0.0 0.0032099440219747486 0.0014429202207231753 0.012477175897748024 0.00020300446609825416 0.0003995560659256791
0 0.0012254901960784314 0.0 1.0 0.0 0.002417536703630996 0.0023039869380275866 0.014177795281228742 0.0008060471448018912 0.0004735404403929843
0 0.0012903225806451613 0.0 1.0 0.0 0.005284830002247369 0.0035015647000252097 0.012251389079771467 0.0012376723900829046 0.007456109065427131
0 0.0008741258741258741 0.0 1.0 0.045454545454545456 0.006190515932394636 0.003296693335173763 0.006183256791899517 0.0003460303399402059 0.000963009503410317
0 0.0013717421124828531 0.0 1.0 0.0 0.0037376917178447593 0.0030357911215187906 0.0105948919095602 0.0002706726214643389 0.0009228494463793526
0 0.0017857142857142857 0.0 1.0 0.0 0.0017368835811972078 0.0013248634554165373 0.012903225806451615 0.0007308160779537149 0.009657398765101211
0 0.0008019246190858059 0.0 1.0 0.0 0.001821500353523879 0.0023856264382291527 0.011550057325652167 0.00043905617086366594 0.0014813779190639663
0 0.001388888888888889 0.0 1.0 0.0 0.0019879983648180763 0.000549746285242024 0.010600527490363157 0.00020300446609825416 0.001641644002064042
0 0.0006325110689437065 0.0 1.0 0.0 0.0028596241385798167 0.0014534687122107843 0.011122647476519516 0.0007403692292995152 0.00014155263753369104
0 0.000625 0.0 1.0 0.0 0.0020736112191726496 0.0007683621657513861 0.011625076080340841 0.0002801461632155908 0.0001922582461411884
0 0.0008912655971479501 0.0 1.0 0.0 0.0028015389850229618 0.0005046615205534071 0.013927177687873691 0.00012538511141362758 0.00014914925537415043
0 0.001547987616099071 0.0 1.0 0.0 0.005866226843163856 0.0017872214636032698 0.014287087164045236 0.000769280082056542 0.0004294273700962282
0 0.0009216589861751152 0.0 1.0 0.0 0.003739052906385096 0.0014273101590728783 0.007971256356389768 0.00037326627637420924 0.015299629199864398
0 0.0012626262626262625 0.0 1.0 0.0 0.004513023126832502 0.0018857461743387093 0.007276047142145745 0.0004429188351234636 0.007599933297357661
0 0.0007722007722007722 0.0 1.0 0.0 0.003264803169665496 0.0008244530740935087 0.012555429962611945 0.0006786149295284497 0.004116080751036556
0 0.0013850415512465374 0.0 1.0 0.0 0.003044482544151787 0.00208245271448349 0.01691386103725534 0.001538560164113084 0.03257568575383494
0 0.001282051282051282 0.0 1.0 0.0 0.004182677604482457 0.0032805448497505024 0.00970785149117468 0.0008830694275274057 0.02716662032888938
0 0.0007575757575757576 0.0 1.0 0.0 0.0034118858228869664 0.0019687516666935315 0.006676626274922076 0.0006643782526851953 0.016645139877465364
0 0.0007621951219512195 0.0 1.0 0.0 0.003258004451039331 0.001962696457822366 0.009757303712720634 0.0005899817295980511 0.016324810257141484
0 0.0026455026455026454 0.0 1.0 0.0 0.0018313722872132347 0.0 0.006695069993913573 0.0 0.06548440533485406
0 0.0008613264427217916 0.0 1.0 0.0 0.0019053714073222346 0.0006820461613785536 0.015148441198349903 0.0006992376054495419 0.001104331185239708
0 0.001893939393939394 0.0 1.0 0.0 0.006525518767564677 0.0040670464008888555 0.01653479407587746 0.001218026796589525 0.009468304466590192
0 0.0005847953216374269 0.0 1.0 0.0 0.002584213856919867 0.00014411568509029837 0.01347022455713233 0.0005288800564138726 0.0013412712717224787
0 0.0006587615283267457 0.0 1.0 0.0 0.004310743701766736 0.0032355653260371557 0.014201663623453032 0.0007012881556121507 0.018815233963429545
0 0.0014184397163120566 0.0 1.0 0.0 0.001774824773756976 0.0023537670211082615 0.016311625076080343 0.002111246447421843 0.0019377632844708244
0 0.000992063492063492 0.0 1.0 0.0 0.0009427484488305679 0.0007379265298629337 0.0072457467466597114 0.0004930108462386172 0.0091917033906088
0 0.0018552875695732837 0.0 1.0 0.0 0.0020272720572653575 0.0 0.003485862889393017 0.0003321891263425977 0.045253297517851614
0 0.0005714285714285715 0.0 1.0 0.0 0.003472717795357626 0.0020066926993133776 0.010242587601078167 0.0005394118670610752 0.004221794195137435
0 0.0005027652086475615 0.0 1.0 0.0 0.0021334332328614694 0.0003798745779376751 0.011813911387861479 0.0007964021362316125 0.0001492454245434729
0 0.0006009615384615385 0.0 1.0 0.0 0.0035457528211049936 0.0011064657641423872 0.006828210590383445 0.0003045066991473812 0.00623566280039691
0 0.0005099439061703213 0.0 1.0 0.0 0.0016147679282447844 0.0013427981018097241 0.01014952871313188 0.0004279553609638871 0.005986183518101516
0 0.0005446623093681917 0.0 1.0 0.0 0.001631057934117128 0.0011472992741481255 0.007285811463964771 0.00023285806405387975 0.0014285455969972262
0 0.0009569377990430621 0.0 1.0 0.0 0.0027125551732761336 0.0003916435401477252 0.008328795207739374 0.0003205333675235592 0.0034372872323161037
0 0.0006613756613756613 0.0 1.0 0.0 0.005147938151665621 0.0018823941549616615 0.014314375239512182 0.0005413452429286777 0.0117760456726526
0 0.0021929824561403508 0.0 1.0 0.0 0.000930343098232927 0.00301756967494988 0.014227023737066344 0.0011419001218026797 0.04484215411916233
0 0.0008620689655172414 0.0 1.0 0.0 0.00017592037479587124 0.0008421396515202698 0.009129640900791236 0.0004263093788063338 0.03681081700353678
0 0.037037037037037035 0.0 1.0 0.0 0.015550108312065632 0.020012580523277642 0.011924119241192414 0.005809731299927379 0.037037037037037035
0 0.009259259259259259 0.0 1.0 0.0 0.01032294802698045 0.019355269131315165 0.00984643179765131 0.002995642701525055 0.011434362828542946
0 0.01075268817204301 0.0 1.0 0.0 0.013596084990897098 0.01841227366741478 0.014948859166011018 0.001739405439595193 0.008844803086647668
0 0.004545454545454545 0.0 1.0 0.0 0.010919196402088828 0.0059847129140721215 0.015432372505543244 0.0012477718360071302 0.012096408826661199
0 0.005263157894736842 0.0 1.0 0.0 0.016026689914663893 0.00838405635016164 0.010911424903722725 0.0018059855521155833 0.005426449250428063
1 0.02702702702702703 0.0 1.0 0.05405405405405406 0.023316987024678524 0.016178789172169118 0.02498725140234574 0.008381799521040024 0.027027027027027025
0 0.05 0.0 1.0 0.0 0.028285275240339424 0.02884692645323455 0.03144654088050315 0.006329113924050634 0.07302463463440259
0 0.013888888888888888 0.0 1.0 0.0 0.020193001111665203 0.01662819998250715 0.018081761006289308 0.0010548523206751054 0.029178317942020072
0 0.019230769230769232 0.0 1.0 0.0 0.017872843526385088 0.016558896697478846 0.014029995162070635 0.0 0.04343120160654183
0 0.018181818181818184 0.0 1.0 0.0 0.014545621749526156 0.023483526225515458 0.013722126929674101 0.0011507479861910242 0.00043521375465048804
0 0.006944444444444444 0.0 1.0 0.0 0.007746422890001385 0.01435104380448167 0.024633123689727462 0.0015822784810126582 0.02351617340501716
0 0.008403361344537815 0.0 1.0 0.0 0.032206832903636816 0.013861075815893428 0.024787273399926008 0.0029784065524944155 0.042529000571479146
0 0.005434782608695652 0.0 1.0 0.0 0.019790175851879144 0.0035642444525616213 0.01503964998632759 0.001375894331315355 0.035267429085537524
0 0.025 0.0 1.0 0.0 0.016922990013745306 0.02267464921108104 0.016265060240963858 0.0062121212121212166 0.025000000000000005
0 0.015151515151515152 0.0 1.0 0.06060606060606061 0.01302641951310414 0.01448230457991771 0.011683096020445418 0.002387511478420569 0.015931027652995797
0 0.01282051282051282 0.0 1.0 0.0 0.012492341013313348 0.017442037854677718 0.008572752548656163 0.0 0.004082288161209712
0 0.008333333333333333 0.0 1.0 0.0 0.02251379221003059 0.008245326985847649 0.012650602409638556 0.00040404040404040404 0.01800304289974738
0 0.005405405405405406 0.0 1.0 0.0 0.012878168327440048 0.0 0.016118528166720936 0.0 0.0002251750270989205
0 0.02857142857142857 0.0 1.0 0.0 0.005535122287167612 0.005574968122124066 0.01298076923076923 0.003580034423407919 0.02857142857142857
0 0.016129032258064516 0.0 1.0 0.0 0.004893153051467326 0.0034857500677054334 0.015818858560794045 0.003031480761756706 0.01925891205529158
0 0.013888888888888888 0.0 1.0 0.0 0.004543346176664985 0.006081247759425614 0.018028846153846156 0.004116465863453816 0.01879965517542374
0 0.0078125 0.0 1.0 0.0 0.01009644638429207 0.013837701433846081 0.012169471153846152 0.0027861445783132527 0.0016718739289441884
0 0.0064516129032258064 0.0 1.0 0.0 0.006568709747104294 0.0062372672210471705 0.017834987593052107 0.0013991449669646329 0.008925127314655872
0 0.005747126436781609 0.0 1.0 0.0 0.007705154030188343 0.01783711585461651 0.016412466843501332 0.0029912754466140425 0.0001161546907163278
0 0.005291005291005291 0.0 1.0 0.07407407407407407 0.00993021572465403 0.007285027858981861 0.015758547008547008 0.0002677376171352075 0.007582527208239333
0 0.004807692307692308 0.0 1.0 0.0 0.007031808802012206 0.007687393807282137 0.01368343195266272 0.0008341056533827618 0.011930920918942274
1 0.004830917874396135 0.0 1.0 0.0 0.005043464934057538 0.0074638893093883 0.006061872909698995 0.00041906757464641174 0.008308128346773186
0 0.0032258064516129032 0.0 1.0 0.0 0.008613512318789176 0.00528752022022877 0.01008064516129032 0.0006995724834823163 0.021229767070912137
0 0.001893939393939394 0.0 1.0 0.0 0.008817001395182149 0.008328362750991372 0.015174278846153843 0.0012550200803212851 0.005154781542487204
0 0.003333333333333333 0.0 1.0 0.0 0.0076935351213033906 0.011267270197142944 0.013846153846153847 0.002024096385542169 0.00017864069819974632
0 0.004273504273504274 0.0 1.0 0.0 0.006885121676668952 0.004367560837416556 0.01108440170940171 0.0008032128514056226 0.0002756671345283759
0 0.001984126984126984 0.0 1.0 0.0 0.007946547288614783 0.0014679695042882684 0.009415064102564104 0.0004016064257028113 0.00530014708972717
0 0.03125 0.0 1.0 0.0 0.011159760869726696 0.011370861526213517 0.017658730158730155 0.0035828025477707003 0.03125000000000001
0 0.017857142857142856 0.0 1.0 0.0 0.013464329322149951 0.017229898345869334 0.016666666666666666 0.004094631483166514 0.00032452983458450214
0 0.015873015873015872 0.0 1.0 0.0 0.01711647317668811 0.01341084803203155 0.008616780045351475 0.0037913254473764028 0.01185090832051748
0 0.025 0.0 1.0 0.0 0.0053466786648240705 0.008310446441966808 0.026666666666666665 0.002547770700636943 0.04702068455041343
0 0.009523809523809525 0.0 1.0 0.0 0.007385674533423174 0.010681209166195783 0.012547241118669691 0.001213224143160449 0.019994708047867252
0 0.027777777777777776 0.0 1.0 0.0 0.004139706884050948 0.010831838795102406 0.019576719576719578 0.0010615711252653928 0.003079566756360173
0 0.005494505494505494 0.0 1.0 0.0 0.002379298418146783 0.004390562871186901 0.021001221001221 0.0004899559039686428 0.0005276224574420946
0 0.005952380952380952 0.0 1.0 0.0 0.007771631604291981 0.012379244337259895 0.013303099017384731 0.00030330603579011223 0.016959071146937902
0 0.006944444444444444 0.0 1.0 0.0 0.007464170135968608 0.01225839888206742 0.012896825396825396 0.0013933121019108281 0.018630373868609856
0 0.005 0.0 1.0 0.0 0.005903421625455657 0.0075822871565716845 0.00761904761904762 0.00047770700636942675 0.020352029469704214
0 0.003787878787878788 0.0 1.0 0.0 0.01314035408209017 0.009977572387228682 0.0164021164021164 0.0011942675159235668 0.0008489278707082606
0 0.004629629629629629 0.0 1.0 0.0 0.003330105549535065 0.003610612931700802 0.007054673721340388 0.0 0.0031084476830574347
0 0.0027472527472527475 0.0 1.0 0.0 0.013489651709569539 0.013799855381519125 0.01587301587301587 0.0017060964513193812 0.006516717279798146
0 0.006493506493506493 0.0 1.0 0.0 0.0 0.0019694252354731647 0.023376623376623374 0.0014475969889982628 0.0025784662629821198
0 0.00202020202020202 0.0 1.0 0.0 0.012786078862670898 0.00960575659749308 0.021548821548821546 0.0030882069098629606 0.005407103693720251
0 0.03333333333333333 0.0 1.0 0.0 0.01955943296725758 0.015109640003822086 0.01491628614916286 0.005657492354740061 0.03333333333333333
0 0.0125 0.0 1.0 0.0 0.01131619167008957 0.014903537888880663 0.028538812785388133 0.005733944954128441 0.0018291909755887917
0 0.007407407407407407 0.0 1.0 0.0 0.014594295206809368 0.015673693502534128 0.02191780821917809 0.0012232415902140674 0.0058383106506927785
0 0.008928571428571428 0.0 1.0 0.14285714285714285 0.018855446734058198 0.013578957155756303 0.017938682322243965 0.0009829619921363042 0.016206651238217826
0 0.02 0.0 1.0 0.0 0.01216374653795289 0.0 0.02054794520547945 0.0 0.0406231977480669
0 0.008771929824561403 0.0 1.0 0.0 0.009292361832947335 0.004299521564875039 0.024993991828887285 0.0026557218734910674 0.029254283591422486
0 0.007518796992481203 0.0 1.0 0.0 0.017000697694188886 0.004787981686400138 0.023792357606344627 0.0026557218734910674 0.01055574498587978
0 0.004464285714285714 0.0 1.0 0.07142857142857142 0.014312282289000515 0.005418081021974129 0.02038486627527723 0.0021297509829619923 0.0128511582405498
1 0.045454545454545456 0.0 1.0 0.0 0.014927725611728025 0.02426738007898944 0.01970756516211062 0.007682458386683738 0.04545454545454544
0 0.01282051282051282 0.0 1.0 0.0 0.008729369004065232 0.023595633235608888 0.01649632418863188 0.0041531238714337315 3.3844563871589696e-05
0 0.011904761904761904 0.0 1.0 0.0 0.009841000753303198 0.029691343134393613 0.01673326673326674 0.0022635814889336017 0.020031552472621235
0 0.007352941176470588 0.0 1.0 0.0 0.01279428658989503 0.0045224317824385 0.020773344302756073 0.00227837613918807 0.002586882419550445
0 0.01 0.0 1.0 0.0 0.011984594182676927 0.0 0.024825174825174826 0.0014084507042253522 8.132645309266349e-05
0 0.025 0.0 1.0 0.0 0.007647858975763143 0.008325253699963644 0.015888382687927104 0.003139269406392694 0.025
0 0.021739130434782608 0.0 1.0 0.0 0.008698432967426725 0.010643289016400685 0.012082796870357532 0.003474290252134207 0.005682456366588599
0 0.01282051282051282 0.0 1.0 0.0 0.009907066914197885 0.013807973525038857 0.02128964429647801 0.0036002809975412713 0.02982108579240754
0 0.007575757575757576 0.0 1.0 0.0 0.0037539214323229933 0.0023531184320341467 0.018361289431904463 0.0012453300124533001 0.003080856894714403
0 0.007692307692307693 0.0 1.0 0.0 0.007788591959196423 0.014208110158906004 0.024180830558962675 0.003424657534246575 0.03257389787889084
0 0.008771929824561403 0.0 1.0 0.0 0.006253974082677332 0.007356591308569909 0.01366742596810934 0.0021629416005767843 0.042840432450840286
0 0.01020408163265306 0.0 1.0 0.0 0.001949711860432145 0.003720666976292368 0.006833712984054671 0.002446183953033268 0.014342910167300877
0 0.004464285714285714 0.0 1.0 0.0 0.005983136014730184 0.007765290825712684 0.019687601692157497 0.0014677103718199608 0.030510290100203622
0 0.0044444444444444444 0.0 1.0 0.0 0.006587504669535322 0.012310785430834702 0.019863325740318905 0.0027397260273972603 0.03209385303521826
0 0.005263157894736842 0.0 1.0 0.0 0.013168936563436822 0.014518779509477178 0.023018822683131514 0.0026435952895938475 0.03798560712293
0 0.002840909090909091 0.0 1.0 0.0 0.006998009945722768 0.009340131290634232 0.01722665148063781 0.0019263698630136985 0.00025591490246015277
0 0.003472222222222222 0.0 1.0 0.0 0.0007770923930978496 0.003235537844046952 0.01233864844343204 0.0001902587519025875 0.0002755097804435777
0 0.002564102564102564 0.0 1.0 0.0 0.0054586527204007395 0.008705929693886385 0.01943811693242217 0.0015220700152207 0.00012179326004861889
0 0.003105590062111801 0.0 1.0 0.0 0.005271304387373125 0.007432429958404449 0.0238684757848866 0.00228310502283105 0.0019197533429156776
0 0.0017094017094017094 0.0 1.0 0.0 0.005703488529461049 0.0016391348788186756 0.01676303954208282 0.0009366584709050462 0.0015004989390342476
0 0.001644736842105263 0.0 1.0 0.0 0.0069782016269971485 0.0010327029839644754 0.016544778803500776 0.0009012256669069935 0.0024010992451662092
0 0.024390243902439025 0.0 1.0 0.0 0.005857842758447916 0.005389031786935463 0.01566550522648084 0.0018418261985823517 0.024390243902439025
0 0.03125 0.0 1.0 0.0 0.00826212196550571 0.005688593794208517 0.006428571428571428 0.0014302059496567505 0.04430703442487384
0 0.015873015873015872 0.0 1.0 0.0 0.0054146995846980316 0.00432774940517356 0.011972789115646258 0.0016890051214994012 0.024947418824141473
0 0.013157894736842105 0.0 1.0 0.0 0.010559954964407967 0.007574356533804781 0.016481203007518794 0.0016861375406479586 0.007556343628483853
0 0.008333333333333333 0.0 1.0 0.0 0.005442649963364837 0.0073355022568133916 0.011857142857142853 0.0020499618611746775 0.0006582415833136711
0 0.0035460992907801418 0.0 1.0 0.0 0.003790836649716186 0.007081908622094892 0.009823708206686928 0.0016066994498271584 0.00010700313182833119
0 0.002976190476190476 0.0 1.0 0.0 0.0045440132580416475 0.008954287655003208 0.012952380952380951 0.0020976353928299015 0.00018059247831295295
0 0.0078125 0.0 1.0 0.0 0.003916598105434607 0.007823397193326214 0.013642857142857142 0.001072654462242563 0.004582742382591255
0 0.007407407407407407 0.0 1.0 0.0 0.008427850605637563 0.008272307900303871 0.013180952380952382 0.001983218916857361 0.04310803802605247
0 0.002631578947368421 0.0 1.0 0.0 0.007900772001385187 0.007253274329999412 0.01004511278195489 0.0007527399735035529 0.012417802502171803
0 0.0030303030303030303 0.0 1.0 0.0 0.006919078208337957 0.0046913491944364 0.02019047619047619 0.0016018306636155606 0.005785891689048615
0 0.001984126984126984 0.0 1.0 0.0 0.005062315593723585 0.004016984314476371 0.006149659863945578 0.0002724201808870001 0.007425575006296045
0 0.006993006993006993 0.0 1.0 0.0 0.005450129828630757 0.0038725660122206945 0.0024935064935064934 0.00020802995631370917 0.006908536545450703
0 0.004464285714285714 0.0 1.0 0.0 0.0009306732415532186 0.002918647638726106 0.0044285714285714275 0.0002860411899313501 0.021439021512111335
0 0.0015151515151515152 0.0 1.0 0.0 0.005776353222514704 0.0034174591769712587 0.014155844155844156 0.0009881422924901185 0.007931530866500417
0 0.004166666666666667 0.0 1.0 0.0 0.016054518680332856 0.002649981696704605 0.02125714285714286 0.0022120518688024406 0.023575052490594925
0 0.0032679738562091504 0.0 1.0 0.0 0.008569978433569863 0.00504615614901649 0.022920634920634918 0.0024154589371980675 0.009845810169801027
0 0.0023148148148148147 0.0 1.0 0.0 0.004550382398064454 0.0032591949952428347 0.016523809523809524 0.0015732265446224258 0.012293487656905433
0 0.005263157894736842 0.0 1.0 0.0 0.003064246476591038 0.0010807673276074313 0.016114285714285713 0.0006864988558352404 0.011668041865689064
0 0.00625 0.0 1.0 0.0 0.011423274130574503 0.007783060369936283 0.015428571428571427 0.0011441647597254005 0.0011647099238233625
0 0.003401360544217687 0.0 1.0 0.0 0.009383979644887014 0.0 0.023183673469387756 0.0 0.000559696088992299
0 0.0015151515151515152 0.0 1.0 0.06666666666666667 0.008049177835958958 0.005459149986014946 0.013600000000000001 0.0013729977116704807 0.00010876047561161897
0 0.0011148272017837235 0.0 1.0 0.0 0.0033951847430727954 0.0012231056107595301 0.015062271062271062 0.0005574136008918618 0.0002440053439706867
0 0.0013020833333333333 0.0 1.0 0.0 0.005425853783207327 0.003078287195973467 0.01292857142857143 0.0006435926773455377 0.008943616222568073
0 0.0012903225806451613 0.0 1.0 0.0 0.006673374379845619 0.006828113263926335 0.01780645161290322 0.0028788661696316532 0.012340416009301159
0 0.0008361204013377927 0.0 1.0 0.0 0.0039939767301214145 0.0038017049189482087 0.01371428571428571 0.0016665008456869961 0.002219088902134771
0 0.0009259259259259259 0.0 1.0 0.0 0.004717847704446402 0.006189156824523688 0.013142857142857145 0.0017734553775743706 0.00010507348340771532
0 0.001488095238095238 0.0 1.0 0.0 0.008506934899418695 0.00765979643889407 0.01761904761904762 0.0015732265446224258 0.0003063576831913481
0 0.0012315270935960591 0.0 1.0 0.0 0.008891602942926288 0.00966375793853464 0.015673469387755105 0.0018796992481203009 0.010978005213870145
0 0.0016666666666666666 0.0 1.0 0.0 0.013510133403637822 0.009430388770343263 0.015885714285714288 0.002574370709382151 0.024423611342032636
0 0.0012903225806451613 0.0 1.0 0.0 0.0060349232170559056 0.002948701816392139 0.015908571428571428 0.0009610983981693363 0.01329014427838264
0 0.0007267441860465116 0.0 1.0 0.0 0.0017870987710476504 0.0013183545541512872 0.013767441860465118 0.001037730828588154 0.008128375185225889
0 0.03225806451612903 0.0 1.0 0.0 0.025601497294593226 0.015233233945473672 0.025234131113423517 0.009441384736428008 0.03225806451612903
0 0.019230769230769232 0.0 1.0 0.0 0.022330992194454682 0.012608082684203508 0.029466501240694783 0.0037523452157598508 0.03402882598855264
0 0.0196078431372549 0.0 1.0 0.0 0.06599861436191537 0.031907841827433635 0.028462998102466795 0.003825920612147298 0.037820915635701516
0 0.008333333333333333 0.0 1.0 0.0 0.028584020014194633 0.029573040081428262 0.022043010752688167 0.0016260162601626016 0.025534444919749526
0 0.01 0.0 1.0 0.0 0.04272920213174233 0.02554740482320545 0.02661290322580645 0.006504065040650407 0.040991209017455996
0 0.02702702702702703 0.0 1.0 0.0 0.022209019928821922 0.036061065934919576 0.029142185663924795 0.01090564248458986 0.027027027027027025
0 0.013888888888888888 0.0 1.0 0.0 0.015227664628975044 0.03809113121690642 0.014492753623188406 0.0026803118908382065 0.02024762237144132
0 0.017543859649122806 0.0 1.0 0.0 0.01945056163221874 0.01884319879037205 0.03157894736842106 0.007386888273314866 0.04272921499407834
0 0.010869565217391304 0.0 1.0 0.0 0.02204235944107633 0.024284685045871387 0.026843100189035917 0.006102212051868802 0.03706541790774048
0 0.030303030303030304 0.0 1.0 0.0 0.015109413168802217 0.014219061536871474 0.012332628611698376 0.0026841845023663205 0.0303030303030303
0 0.020833333333333332 0.0 1.0 0.0 0.01010455469442107 0.007310861450970846 0.014147286821705426 0.0032051282051282063 0.025784771089686492
0 0.016666666666666666 0.0 1.0 0.0 0.010565303068668855 0.01030665873230956 0.017093023255813952 0.002797202797202796 0.03682027663682113
0 0.0125 0.0 1.0 0.0 0.006874474360698682 0.008721018927338859 0.021627906976744188 0.0027972027972027968 0.022723050921999197
0 0.01 0.0 1.0 0.0 0.004372794621658399 0.00902912052174033 0.011744186046511626 0.0017482517482517485 0.0004987725000279366
0 0.00641025641025641 0.0 1.0 0.0 0.01128821664235306 0.009384923178216719 0.019946332737030406 0.0012551551013089473 0.033890833846652084
0 0.006802721088435374 0.0 1.0 0.0 0.005953349227533751 0.005796640418388084 0.01971207087486157 0.000999000999000999 0.030137594562822518
0 0.020833333333333332 0.0 1.0 0.0 0.0017110658241780783 0.005285466016569006 0.016666666666666666 0.0 0.0018385754443920545
0 0.008547008547008546 0.0 1.0 0.0 0.0 0.006098614634502698 0.019499105545617172 0.0007172314864622557 0.0007043838450479047
0 0.007692307692307693 0.0 1.0 0.0 0.010491806772194886 0.013145234174856083 0.020214669051878353 0.0032275416890801506 0.04889632248740295
0 0.007575757575757576 0.0 1.0 0.0 0.01266025947352617 0.012405801194616052 0.02170542635658915 0.0011655011655011655 0.05625521443834333
0 0.004901960784313725 0.0 1.0 0.0 0.002476689356631859 0.005596375782249535 0.009028727770177838 0.0002742355683532154 0.0025714166628347055
0 0.006410256410256411 0.0 1.0 0.0 0.008630154290723746 0.01189229853728026 0.015697674418604656 0.0005827505827505828 0.02890689962426198
0 0.005494505494505494 0.0 1.0 0.0 0.009986855227114918 0.009384923178216719 0.013953488372093025 0.0008965393580778197 0.00019887234397657764
0 0.0044444444444444444 0.0 1.0 0.0 0.00945031920565057 0.010981734159006643 0.01550387596899225 0.001864801864801865 0.04223604904540233
0 0.0078125 0.0 1.0 0.0 0.004181101463573379 0.001982049756213377 0.0029069767441860465 0.0 0.007655507244166956
0 0.0021786492374727667 0.0 1.0 0.0 0.0055741775872280444 0.002756844709914678 0.012661498708010336 0.000777000777000777 0.00013581891194555928
0 0.0018518518518518517 0.0 1.0 0.0 0.011144321404291902 0.0010570932033138012 0.013255813953488372 0.0004662004662004662 0.02104284160035821
0 0.002105263157894737 0.0 1.0 0.0 0.013033756180979102 0.005749915148955451 0.012186046511627904 0.0009324009324009325 0.029827506356177303
0 0.005 0.0 1.0 0.0 0.017954370853986226 0.014374787872388628 0.01674418604651163 0.003263403263403264 0.06123030955206142
0 0.0022675736961451248 0.0 1.0 0.0 0.0034742986142864115 0.0 0.012292358803986709 0.000333000333000333 0.012086464121247465
0 0.0010330578512396695 0.0 1.0 0.0 0.008588326492258568 0.006222822548932127 0.020454545454545454 0.001748251748251748 0.01650248429572594
0 0.029411764705882353 0.0 1.0 0.0 0.011045903735065367 0.010859847942481876 0.015393073117097304 0.004136029411764706 0.029411764705882353
0 0.011111111111111112 0.0 1.0 0.0 0.013655243988673 0.015465659840399791 0.011630321910695742 0.004166666666666666 0.015449660095941842
0 0.009259259259259259 0.0 1.0 0.0 0.009641443435780474 0.010910314809436019 0.017999307718933887 0.0019965277777777776 0.01832723831183322
0 0.009259259259259259 0.0 1.0 0.0 0.012208583761678575 0.010319492841480545 0.012230298834660204 0.000462962962962963 0.013695154464727426
0 0.006666666666666667 0.0 1.0 0.0 0.007842370991676426 0.009473496516760996 0.01889927310488058 0.0017708333333333332 0.023374798986527334
0 0.006944444444444444 0.0 1.0 0.0 0.007354573429702238 0.010070413676335538 0.0157061266874351 0.0015624999999999999 0.031567450677741075
0 0.004081632653061224 0.0 1.0 0.0 0.014207562639983686 0.012855216991641084 0.013529149977748109 0.0010714285714285715 0.011322242018397873
0 0.0029069767441860465 0.0 1.0 0.0 0.009968453127960932 0.005683077056955514 0.014996739839165397 0.0010174418604651165 0.01059246629131831
0 0.005555555555555555 0.0 1.0 0.0 0.013039005136550649 0.01113557320282944 0.019003115264797508 0.0032812500000000003 0.03473486791685626
0 0.003703703703703704 0.0 1.0 0.0 0.01151893199230317 0.008164164614691273 0.022960655359409252 0.0021990740740740738 0.0260193313803117
0 0.02631578947368421 0.0 1.0 0.0 0.006839243037461795 0.007676260227638699 0.00955299206921413 0.002211790195901419 0.02631578947368421
0 0.022727272727272728 0.0 1.0 0.0 0.009558089984202196 0.010076836153372983 0.006070983810709838 0.0021830656479026977 0.05311310050037981
0 0.03333333333333333 0.0 1.0 0.0 0.0038920080330212803 0.002333583109202165 0.00684931506849315 0.0018867924528301887 0.0024625351959748757
0 0.017857142857142856 0.0 1.0 0.0 0.008894533511626664 0.006667380312006185 0.014921722113502936 0.0017152658662092622 0.07930214690509518
0 0.0064516129032258064 0.0 1.0 0.0 0.004603186588568296 0.0067749187041353165 0.005357931948740609 0.0017705970231837553 0.0005408994902144222
0 0.0047619047619047615 0.0 1.0 0.0 0.0049260748897286865 0.005599334310972476 0.016095890410958907 0.0017642734623866704 0.030536076806239987
0 0.004608294930875576 0.0 1.0 0.0 0.0031354422395872632 0.00564576558677943 0.010826336721166596 0.00044264925579593867 0.009506921585519022
0 0.004629629629629629 0.0 1.0 0.0 0.004123588875352964 0.006914320323561969 0.006785895484525622 0.0 0.0007944540608978848
0 0.004629629629629629 0.0 1.0 0.0 0.012096693389231354 0.01011618350898593 0.013341894977168948 0.0011435105774728416 0.03529545196542413
0 0.009090909090909092 0.0 1.0 0.0 0.0028018740163949347 0.004242878380367573 0.004669987546699875 0.0 0.003244703479160359
0 0.0025974025974025974 0.0 1.0 0.0 0.008490983143559498 0.009356203894913456 0.011399217221135028 0.0010781671159029648 0.023741012263517016
0 0.002032520325203252 0.0 1.0 0.0 0.006135961486524697 0.006678740746010765 0.010524557300367525 0.0005438647868468394 0.00010240814017705104
0 0.003076923076923077 0.0 1.0 0.0 0.006116239345801164 0.0023761429621426576 0.009931506849315068 0.0004116638078902229 0.00017330312746335539
0 0.0012531328320802004 0.0 1.0 0.03508771929824561 0.006975044608879304 0.001250288518402277 0.012827445325642877 0.00048147813788330175 0.015727286402709314
0 0.0020833333333333333 0.0 1.0 0.0 0.004326007309710901 0.0019648094713007177 0.012574914383561644 0.0004288164665523156 0.007139355658560255
0 0.003125 0.0 1.0 0.0 0.00926088615178893 0.005311741231371892 0.010188356164383563 0.0010291595197255573 0.05604656788760334
0 0.0034602076124567475 0.0 1.0 0.0 0.004980921638439455 0.0 0.012691377921031428 0.0 0.0004395181012729828
0 0.003472222222222222 0.0 1.0 0.0 0.0026626510301486937 0.0 0.011879280821917807 0.0008576329331046312 0.0006345245573162285
0 0.002288329519450801 0.0 1.0 0.0 0.006490195011535304 0.0 0.01235854675402025 0.0005220374375419494 0.04880251627740757
0 0.0025 0.0 1.0 0.0 0.004994852983045289 0.006772051359450587 0.013184931506849318 0.001286449399656947 0.00028730736794558247
0 0.005952380952380952 0.0 1.0 0.0 0.016659148226819062 0.011196812506273215 0.009631849315068492 0.0017152658662092624 0.1432904536671444
0 0.0034965034965034965 0.0 1.0 0.0 0.007146921972349747 0.0024438538342248153 0.012118018967334037 0.0011874917535294896 0.0005369321013841713
0 0.001278772378516624 0.0 1.0 0.0 0.008188367133016435 0.002382781805190169 0.01178485092667204 0.0005044899606497831 0.02495848987848563
0 0.038461538461538464 0.0 1.0 0.0 0.011204803477750401 0.012355503316547679 0.02437530622243998 0.004669451953797001 0.038461538461538464
0 0.016129032258064516 0.0 1.0 0.0 0.010531003419874396 0.009814853827325604 0.017978220669817135 0.0034010099969081727 0.019943633825689523
0 0.01111111111111111 0.0 1.0 0.0 0.006581290751143865 0.01224411297695636 0.013694267515923566 0.0035143769968051116 0.00015085780183666869
0 0.019230769230769232 0.0 1.0 0.0 0.005640825803513096 0.01003056490045364 0.01592356687898089 0.0009830425165888424 0.047709391007079015
0 0.011764705882352941 0.0 1.0 0.0 0.0070595593904013414 0.005182150379042501 0.017047583364556012 0.0015034767900770532 0.0002536173709612708
0 0.01111111111111111 0.0 1.0 0.0 0.00991659528490408 0.0057954374980398815 0.010615711252653927 0.0006389776357827476 0.037367489857692594
0 0.005494505494505494 0.0 1.0 0.0 0.008175083512865665 0.006912231453716242 0.015066144047035766 0.0009830425165888424 0.009761584898000258
0 0.004629629629629629 0.0 1.0 0.0 0.009345967564849926 0.009839956409221973 0.01969804199103562 0.0013016211099278192 0.030845212190272652
0 0.004115226337448559 0.0 1.0 0.0 0.009162268612877656 0.01165646009529546 0.008256664307619722 0.0009466335344929593 0.0031383492831937743
0 0.003703703703703704 0.0 1.0 0.0 0.005994063067724191 0.0034005814113998835 0.013918376975701816 0.0007099751508697196 0.01853925829817827
0 0.005681818181818182 0.0 1.0 0.0 0.008542966236482792 0.0 0.007762738853503185 0.0 0.003496467568093239
0 0.003205128205128205 0.0 1.0 0.0 0.009616975498866436 0.00339836153304567 0.014453699167074962 0.0011059228311624477 0.020276568596610086
0 0.002331002331002331 0.0 1.0 0.0 0.008991356691814058 0.003146151845602335 0.015248021617448369 0.0008713331397037467 0.009013516589628059
0 0.043478260869565216 0.0 1.0 0.0 0.029969943386041024 0.03473017059906286 0.016781083142639205 0.010003847633705275 0.04347826086956523
0 0.017857142857142856 0.0 1.0 0.0 0.011503669416852028 0.012899610802764182 0.013784461152882205 0.0028445006321112516 0.006371428713280908
0 0.02222222222222222 0.0 1.0 0.0 0.01003615088397935 0.008026424499497713 0.029824561403508767 0.002359882005899705 0.00908327143066129
0 0.027777777777777776 0.0 1.0 0.0 0.054858055358341984 0.04682080958040333 0.018518518518518517 0.0019665683382497543 0.09738619773297891
0 0.008 0.0 1.0 0.0 0.027978898004015113 0.01991212020189126 0.012280701754385965 0.0007079646017699115 0.029513323601021116
1 0.011904761904761904 0.0 1.0 0.0 0.029553234599838323 0.0 0.013157894736842105 0.0 0.05083298035496763
0 0.029411764705882353 0.0 1.0 0.0 0.01072504506731548 0.010974347534815729 0.01283846872082166 0.0027482165828558052 0.029411764705882346
0 0.008928571428571428 0.0 1.0 0.0 0.006970329979420638 0.007506330154833084 0.019238945578231286 0.0031241124680488476 0.009451151633042928
0 0.012345679012345678 0.0 1.0 0.0 0.010918247369667865 0.015621905888078666 0.02101704879482657 0.004123407701936527 0.02163016291105174
0 0.015625 0.0 1.0 0.0 0.007053377051022654 0.011370481697215499 0.023189484126984128 0.003354870775347913 0.02863587090546531
0 0.008 0.0 1.0 0.0 0.008943600411424037 0.010984653658534425 0.014285714285714285 0.0013518886679920478 0.022652727484892204
0 0.005555555555555555 0.0 1.0 0.0 0.005419841479623514 0.007112189848230214 0.014616402116402112 0.0009940357852882703 0.015164849049672257
0 0.007936507936507936 0.0 1.0 0.0 0.004493647094364513 0.008482696315839528 0.016534391534391533 0.0009940357852882703 0.015784479341272018
0 0.008928571428571428 0.0 1.0 0.0 0.00289217464427054 0.003863899325943942 0.007794784580498866 0.000710025560920193 0.0031803250915864827
0 0.012345679012345678 0.0 1.0 0.0 0.010194280512655106 0.007795479066755222 0.016313932980599646 0.0008835873647006847 0.0575441683729118
0 0.005 0.0 1.0 0.0 0.0021554150309076375 0.004057094292241139 0.005853174603174603 0.0003976143141153081 0.002740667877278914
0 0.0023923444976076554 0.0 1.0 0.0 0.007231386009949638 0.009233353914733981 0.020989974937343354 0.001412577168567542 0.010139584442158553
0 0.0037878787878787876 0.0 1.0 0.0 0.007638999691520132 0.00881558081035942 0.010371572871572872 0.0009940357852882705 0.027258422771895326
0 0.0014792899408284025 0.0 1.0 0.0 0.006670805856286882 0.004518890063653447 0.01594932844932844 0.001452821532344395 0.013922860789921858
0 0.007142857142857143 0.0 1.0 0.0 0.008098089003957512 0.0 0.013690476190476189 0.0 0.05616711717156388
0 0.011111111111111112 0.0 1.0 0.0 0.0026865577391887003 0.0 0.0026455026455026454 0.0 0.017505462018068216
0 0.0026041666666666665 0.0 1.0 0.0 0.008878281938699049 0.004584813730820676 0.01479828042328042 0.0008283631544068918 0.019163292514048975
0 0.003676470588235294 0.0 1.0 0.0 0.005667518809554352 0.0014174409728270876 0.015749007936507936 0.00024850894632206757 0.025543666778924435
0 0.0021367521367521365 0.0 1.0 0.0 0.00871142625207727 0.005898916727134455 0.013812576312576312 0.0012234286588163326 0.021332899630336372
0 0.005263157894736842 0.0 1.0 0.0 0.010522393600292577 0.0 0.0067460317460317455 0.0 0.055883289483479405
0 0.0015151515151515152 0.0 1.0 0.0 0.00993836533157346 0.007902762813255828 0.0214045214045214 0.0029519850593409244 0.019230933854439167
0 0.0026455026455026454 0.0 1.0 0.0 0.011591948526058255 0.005843139684470891 0.01840828924162257 0.0014358294676386125 0.03467243833689893
0 0.02857142857142857 0.0 1.0 0.0 0.016989688809418493 0.010751904932528674 0.023711340206185563 0.006069578090303477 0.02857142857142857
0 0.021739130434782608 0.0 1.0 0.08695652173913043 0.0160670518941989 0.007662080156932091 0.012326311071268489 0.0018022077044379365 0.036984983418170796
0 0.0101010101010101 0.0 1.0 0.0 0.01992108827209898 0.02780232138133895 0.018275538894095597 0.003611241953210865 0.021184556326907338
0 0.0078125 0.0 1.0 0.0 0.014658597406400234 0.013962744065071211 0.017396907216494843 0.0008095854922279793 0.02273364003607998
0 0.0071428571428571435 0.0 1.0 0.0 0.009035461939049074 0.012587703114959863 0.01527982326951399 0.0012953367875647669 0.009330051163296481
0 0.003875968992248062 0.0 1.0 0.0 0.013161118776947874 0.015308865637525686 0.02361543994245984 0.003373900469936136 0.001322824079464865
0 0.03333333333333333 0.0 1.0 0.0 0.006364746439699012 0.004824393449166178 0.011142587346553351 0.0015602836879432629 0.033333333333333326
0 0.017241379310344827 0.0 1.0 0.0 0.009177050152538153 0.006032559547326702 0.013773566474553094 0.0017119100024455855 0.002522907332081811
0 0.008771929824561403 0.0 1.0 0.0 0.008942822821106432 0.00735433326086127 0.015245266139853886 0.001903695408734603 0.013852232127156095
0 0.0125 0.0 1.0 0.0 0.008317307543347006 0.009216939744045343 0.013456090651558075 0.0017021276595744679 0.042114734064498775
0 0.015384615384615385 0.0 1.0 0.0 0.009328786300515663 0.008906572521537561 0.005774678579211157 0.0016366612111292959 0.0022298688545317395
0 0.00980392156862745 0.0 1.0 0.0 0.005901173730544069 0.007121069344057354 0.013831028161973005 0.0015018773466833537 0.00044821564179491026
0 0.00510204081632653 0.0 1.0 0.0 0.008144364662355075 0.004931727955297366 0.012849048968029141 0.0016717325227963524 6.948694725891275e-05
0 0.004464285714285714 0.0 1.0 0.0 0.004991229420259542 0.006077933221751119 0.013304330230675843 0.00045592705167173255 0.005878120774739668
0 0.007936507936507936 0.0 1.0 0.0 0.011923132979488873 0.008938238185602878 0.014872521246458924 0.001519756838905775 0.005631424753815014
0 0.0033333333333333335 0.0 1.0 0.0 0.006906192589916755 0.005090145605215599 0.012370160528800756 0.0008037825059101655 1.8049329923723486e-05
0 0.0030303030303030303 0.0 1.0 0.0 0.010889466712718874 0.005319313434547781 0.010859301227573183 0.00047281323877068556 0.019294914640509062
0 0.0026881720430107525 0.0 1.0 0.0 0.0024192607965187974 0.0044493310869031305 0.013204788449236955 0.0008693662777396478 0.0002832327248352516
0 0.004807692307692308 0.0 1.0 0.0 0.0061577843048846075 0.007402256885660986 0.016023371104815866 0.0010638297872340426 0.00029064990179422477
0 0.002857142857142857 0.0 1.0 0.0 0.008402416026346808 0.006225866123032387 0.014957507082152979 0.0010780141843971633 0.0010933520122218458
0 0.0020833333333333333 0.0 1.0 0.0 0.009592404086908504 0.0059906343086221165 0.0141643059490085 0.001285460992907801 0.016494430127989426
0 0.004807692307692308 0.0 1.0 0.0 0.004312733913533421 0.0029688575071791863 0.010786663761168009 0.0002182214948172395 0.0007703437008790064
0 0.004201680672268907 0.0 1.0 0.0 0.011981512554724242 0.0073705066722277186 0.016187778227438283 0.001114488348530902 0.00022716266029926762
0 0.0027777777777777775 0.0 1.0 0.0 0.005887361196024005 0.001710954838199189 0.009985835694050992 0.0007092198581560283 0.0013491836609522737
0 0.001644736842105263 0.0 1.0 0.0 0.006492850518106407 0.002412196724583089 0.01473973087818697 0.0004432624113475178 0.002200841254432232
0 0.0015151515151515152 0.0 1.0 0.0 0.0046265962581385186 0.0011695499270705887 0.010344235556700146 0.0003438641736514077 0.0001430986363828175
0 0.001287001287001287 0.0 1.0 0.0 0.011454571315539258 0.004013012579253568 0.014240869764949085 0.001073413839371286 0.012113446288419507
0 0.0025252525252525255 0.0 1.0 0.0 0.007823888410909922 0.0 0.00960025180988354 0.00015760441292356187 0.047385722826365696
0 0.002717391304347826 0.0 1.0 0.0 0.007836798620008304 0.002412196724583089 0.015403682719546742 0.0008865248226950354 0.0003274857174992297
0 0.0021929824561403508 0.0 1.0 0.0 0.0009265853732551352 0.0 0.014089756970329506 0.00022396416573348266 0.0007449386299808757
0 0.0019047619047619048 0.0 1.0 0.0 0.007807357544412202 0.0014202968015252018 0.013152569809793608 0.0004052684903748734 0.00010201817829032544
0 0.0019230769230769232 0.0 1.0 0.0 0.004482021640391684 0.0012248193229890242 0.009206798866855525 0.0005673758865248227 0.00952795157823182
0 0.0028490028490028487 0.0 1.0 0.0 0.009121915470330696 0.0030662469458324145 0.010023970363913707 0.0006546644844517185 0.013360882146917129
0 0.0018796992481203006 0.0 1.0 0.0 0.009175929799731392 0.002031323557543654 0.011033248844490832 0.0004479283314669653 0.04275969598406376
0 0.0024630541871921183 0.0 1.0 0.0 0.005232739914330241 0.0018002386583498152 0.010319708619991905 0.0007092198581560284 0.01941584264094762
0 0.0020833333333333333 0.0 1.0 0.0 0.008944943730380977 0.004047438372096341 0.018325070821529746 0.0012411347517730497 6.642390886611197e-05
0 0.0016129032258064516 0.0 1.0 0.0 0.008609773968052733 0.004916452974936746 0.011402266288951841 0.0011347517730496454 8.183076991604553e-05