0 0.017543859649122806 0.0 1.0 0.0 0.0012790748212180825 0.004363793254580066 0.008354218880534668 0.001757175131788137 0.017543859649122806
0 0.018518518518518517 0.0 1.0 0.0 0.001444475116030687 0.00527624785201025 0.010993533215755438 0.0018253547665312384 0.005865495340641432
0 0.020833333333333332 0.0 1.0 0.0 0.002046419076259436 0.004055481774636911 0.009821428571428573 0.001589825119236884 0.009276929652794759
0 0.013888888888888888 0.0 1.0 0.0 0.00046622780951757303 0.005090799675981513 0.010934744268077603 0.0020314432079137964 0.00906884873525851
0 0.011764705882352941 0.0 1.0 0.0 0.001253005979735942 0.004788205581382801 0.013165266106442574 0.001589825119236884 0.009589650973034568
0 0.009259259259259259 0.0 1.0 0.0 0.00429931443495791 0.0036301510569888024 0.013227513227513229 0.001589825119236884 0.005566329193680803
0 0.014285714285714285 0.0 1.0 0.0 0.002538118590803647 0.004325847226279371 0.010317460317460319 0.001907790143084261 0.007756506894488162
1 0.006578947368421052 0.0 1.0 0.0 0.0024133675720316035 0.005691904245104437 0.01236424394319131 0.00041837503137812744 0.006438838982036239
0 0.013888888888888888 0.0 1.0 0.0 0.011550277396104413 0.008110963549273821 0.006746031746031746 0.0 0.0038239969425959363
0 0.0029411764705882353 0.0 1.0 0.0 0.0064906078297909285 0.007951925048307665 0.006676003734827266 0.00018703824932198636 0.0015896585256767776
0 0.005050505050505051 0.0 1.0 0.0 0.007615055371775806 0.0066637212730237694 0.010317460317460317 0.0003532944709415298 0.002979185400720834
0 0.008333333333333333 0.0 1.0 0.0 0.006401895623920885 0.004325847226279371 0.009365079365079364 0.0 0.00713912402420294
1 0.008547008547008548 0.0 1.0 0.0 0.0 0.0 0.008641975308641976 0.0 0.054869634272415896
0 0.007936507936507936 0.0 1.0 0.0 0.0014214483390068886 0.0012016242295220475 0.013403880070546737 0.0 0.034584262045516394
0 0.0022222222222222222 0.0 1.0 0.0 0.0017017395212575984 0.0056401792592584475 0.008783068783068783 0.0008479067302596714 0.004550648427912463
0 0.005208333333333333 0.0 1.0 0.0 0.006694131994897837 0.0056221819041307 0.006878306878306879 0.000794912559618442 0.003774577350835428
0 0.001278772378516624 0.0 1.0 0.0 0.001660532299813824 0.005843950143483249 0.011007591442374048 0.0005875440658049354 0.003401037179579355
0 0.004629629629629629 0.0 1.0 0.0 0.005694708805809144 0.007209745377132286 0.005952380952380953 0.00026497085320614734 0.004298956799206061
0 0.008771929824561403 0.0 1.0 0.0 0.006346746885827789 0.007209745377132285 0.008465608465608466 0.0005299417064122947 0.010232983966239428
0 0.002272727272727273 0.0 1.0 0.0 0.005266467994318091 0.006131493928657316 0.007431457431457431 0.0003613238907356554 0.001306515199942193
0 0.0016420361247947454 0.0 1.0 0.0 0.003696853940010882 0.0009422898122419129 0.0036124794745484405 0.00010964311167150925 0.0017531436702351042
0 0.007575757575757576 0.0 1.0 0.0 0.0039766946778541715 0.0 0.004497354497354497 0.0 0.021379714329682175
0 0.003105590062111801 0.0 1.0 0.0 0.002387531642952629 0.0015449454379569182 0.009410430839002268 0.00022711787417669773 0.014367092864445454
0 0.004166666666666667 0.0 1.0 0.0 0.002716086892693429 0.0 0.006507936507936509 0.0 0.014918627558500116
0 0.002105263157894737 0.0 1.0 0.0 0.0036076357324644277 0.0006065335006236073 0.008771929824561401 0.00016735001255125095 0.0025572795420373664
0 0.002136752136752137 0.0 1.0 0.0 0.004386412853035557 0.004138030280759404 0.012345679012345678 0.0007065889418830596 0.006632592199970281
0 0.0016835016835016834 0.0 1.0 0.0 0.004277646410096155 0.003385661138803148 0.010678210678210677 0.000722647781471311 0.005441249879813099
0 0.0015527950310559005 0.0 1.0 0.0 0.005612603555761779 0.0031664366445834495 0.006142167011732229 0.0007603511439828575 0.0026635228465999765
0 0.0014992503748125937 0.0 1.0 0.0 0.003397895020571587 0.000844576979714435 0.009799861973775015 0.00013824566254233775 0.001791063435835637
0 0.002564102564102564 0.0 1.0 0.0 0.003787796459627807 0.0009077540198033496 0.016483516483516484 0.00024458847988259754 0.008280469113693937
0 0.0017921146953405018 0.0 1.0 0.0 0.0038384682753379415 0.0006402298062138077 0.005996472663139329 0.0001766472354707649 0.0021241613512939473
0 0.001644736842105263 0.0 1.0 0.0 0.003907875479970967 0.0 0.006098579782790309 0.0 0.0025806495562735975
0 0.0033670033670033673 0.0 1.0 0.0 0.0041161160568587915 0.0 0.0072310405643738985 0.0 0.010469389223772673
0 0.0032679738562091504 0.0 1.0 0.2222222222222222 0.0 0.0 0.003527336860670194 0.0005299417064122946 0.05759161165425849
0 0.037037037037037035 0.0 1.0 0.0 0.01474927798074542 0.018697868533742005 0.009390907495172896 0.003518958388317056 0.03703703703703703
0 0.016666666666666666 0.0 1.0 0.0 0.00743698385950221 0.011201616642018148 0.01050552922590837 0.0026920031670625492 0.005911578469934201
0 0.01515151515151515 0.0 1.0 0.0 0.008363466834141619 0.005875529918656283 0.005708746230073244 0.002267328870654287 0.03933592398589285
0 0.025 0.0 1.0 0.0 0.004376346840001379 0.0252904855420656 0.00900473933649289 0.00498812351543943 0.022363946278928543
1 0.013333333333333334 0.0 1.0 0.0 0.009175418329397984 0.0064630829105219115 0.011532385466034753 0.0025336500395882824 0.06402010661792937
0 0.023809523809523808 0.0 1.0 0.0 0.0 0.0046164877932299364 0.005416384563303995 0.0020359687818120127 0.006587784053098956
0 0.017857142857142856 0.0 1.0 0.0 0.009358706728059487 0.017357893903704742 0.015699052132701424 0.0020783847980997625 0.0003962853925346854
0 0.011363636363636364 0.0 1.0 0.0 0.011621963480686935 0.013219942316976636 0.014864282636794486 0.0008637443316778234 0.00021138374320062343
0 0.004115226337448559 0.0 1.0 0.0 0.002214805865128597 0.005984336028261029 0.005265929436545551 0.0 0.00015386903513020606
0 0.003703703703703704 0.0 1.0 0.0 0.00292080094110131 0.008378070439565441 0.006406880814463752 0.0 0.00013272648134134816
0 0.006993006993006993 0.0 1.0 0.0 0.006752748137830928 0.008700303918010265 0.005650747356908495 0.0 0.0006760032483787619
0 0.013888888888888888 0.0 1.0 0.0 0.002139060190444084 0.008078853638152389 0.01184834123222749 0.0 0.0018335669273864162
0 0.008547008547008548 0.0 1.0 0.0 0.013695601749828066 0.008976504042391543 0.007898894154818325 0.0 0.11082481028961905
0 0.008928571428571428 0.0 1.0 0.0 0.0073390960914242465 0.008078853638152389 0.005627962085308057 0.0 0.03915101348733018
0 0.007407407407407408 0.0 1.0 0.0 0.0011891221655111305 0.0 0.006055818852027383 0.0 0.010453388025230706
0 0.002717391304347826 0.0 1.0 0.0 0.005935061205208734 0.003606887392503665 0.015763445291572226 0.0010327377878756585 9.540196564608645e-05
0 0.0028011204481792717 0.0 1.0 0.0 0.0026777984495279456 0.004564417322001579 0.01117129316181449 0.0010179843909060061 0.0001624470941683349
0 0.0017921146953405018 0.0 1.0 0.0 0.004201828532401328 0.004160792551093242 0.011083932120470878 0.0012259596965749754 0.02998794062991549
0 0.005263157894736842 0.0 1.0 0.0 0.003678763594167432 0.0 0.010663507109004738 0.0007125890736342043 0.0007259429740492183
0 0.0035714285714285718 0.0 1.0 0.0 0.003042382132925515 0.0 0.010155721056194989 0.00033932813030200206 0.022098580079954477
0 0.006802721088435374 0.0 1.0 0.0 0.0 0.0 0.015233581584292485 0.0006786562606040041 0.0024165424855007336
0 0.0025252525252525255 0.0 1.0 0.0 0.010988631750146853 0.004124017895801047 0.014744602422327538 0.0014515703351807867 0.049234309028026925
0 0.002173913043478261 0.0 1.0 0.0 0.0036435091648663646 0.01183735740721756 0.009360189573459717 0.0028503562945368177 0.007309190669449123
0 0.005952380952380952 0.0 1.0 0.0 0.0018334801632377863 0.0 0.008124576844955992 0.0 0.004677063428850331
0 0.0009523809523809524 0.0 1.0 0.047619047619047616 0.004855463634790398 0.0 0.012581809975174905 0.0006221015722203372 0.003958248290768282
0 0.030303030303030304 0.0 1.0 0.0 0.008124732069064406 0.009545862024484552 0.009582700513488104 0.0021360558994967605 0.03030303030303031
0 0.03125 0.0 1.0 0.0 0.005395996634304406 0.009581414552303484 0.017899761336515517 0.0026881720430107525 0.004067557579972927
0 0.016666666666666666 0.0 1.0 0.0 0.008218396029610062 0.010516672631035789 0.011336515513126491 0.0023894862604540022 0.008931814562465336
0 0.007142857142857143 0.0 1.0 0.0 0.004282790256720117 0.005972013344760128 0.016842823048073642 0.002082266598395632 0.019566275769127044
0 0.007407407407407408 0.0 1.0 0.0 0.0059105857461904 0.006074660558530077 0.011756386458057102 0.0020354882959422982 0.029268297360724962
0 0.01515151515151515 0.0 1.0 0.0 0.012289981306754407 0.009153062760927162 0.013018008244738555 0.0019550342130987292 0.02799120979930644
0 0.006211180124223602 0.0 1.0 0.0 0.0037372550850537124 0.0024734696038268235 0.006900487703642213 0.0011427977767388706 0.002425678055369584
0 0.0078125 0.0 1.0 0.0 0.007340979296212888 0.007963972084516975 0.0164826968973747 0.0019414575866188767 0.030704095873088044
0 0.007407407407407407 0.0 1.0 0.0 0.002742391950938692 0.0032508457650295393 0.007796340493237867 0.0012743926722421346 0.0036585072966080446
0 0.004545454545454546 0.0 1.0 0.0 0.006079071853057044 0.006105237056133654 0.009871989585593403 0.0014119691539046376 0.024254171070141262
0 0.006493506493506494 0.0 1.0 0.0 0.007869889646958872 0.0074663871535009885 0.008523695874531197 0.0005973715651135006 0.03306681451369526
0 0.003205128205128205 0.0 1.0 0.0 0.007537463758163609 0.007405827141719745 0.01142830916100606 0.0008271298593879238 0.016539152794553678
0 0.002849002849002849 0.0 1.0 0.0 0.006852273938815908 0.007224651393414844 0.007646070891894281 0.0006194964378954821 0.015260988578440092
0 0.003968253968253968 0.0 1.0 0.0 0.007977945186534297 0.0068318396160308974 0.008618403606470431 0.000663746183459445 0.04451263151170745
0 0.0026666666666666666 0.0 1.0 0.0 0.002355815855190542 0.0015591722559379529 0.009260143198090692 0.0004301075268817204 0.002954482340942642
0 0.010416666666666666 0.0 1.0 0.0 0.0012199975126158532 0.001354519068762308 0.008552108194112966 0.0 0.025553234273612068
0 0.0028011204481792717 0.0 1.0 0.0 0.004561844633060744 0.0028259151200312124 0.013808387316740537 0.0006258178301189054 0.014395536865359371
0 0.003472222222222222 0.0 1.0 0.0 0.006180371266736353 0.008722674023270675 0.011187350835322196 0.0012694145758661887 0.002217066725702394
0 0.001644736842105263 0.0 1.0 0.0 0.00331831760342429 0.005590897894477355 0.010255071599045347 0.00033602150537634406 0.004400262446311752
0 0.0020833333333333333 0.0 1.0 0.0 0.005850797368043107 0.010569506489039959 0.02242442322991249 0.0025886101154918356 0.007227629059819405
0 0.005952380952380952 0.0 1.0 0.0 0.010254452265637279 0.019746644249968585 0.023717183770883055 0.004330943847072879 0.06795747966253919
0 0.0018181818181818182 0.0 1.0 0.0 0.006592316146841095 0.0073107250243087665 0.008639618138424822 0.0006212664277180405 0.015456379330372541
0 0.004347826086956522 0.0 1.0 0.0 0.0052848247439257565 0.0048762686475443085 0.012291169451073985 0.00023894862604540023 0.005371720189626637
0 0.0027777777777777775 0.0 1.0 0.0 0.002980670001134806 0.0005418076275049232 0.012012728719172633 0.00015929908403026683 0.02161001049083005
0 0.0026666666666666666 0.0 1.0 0.0 0.008818435268259043 0.007850080687141887 0.006921241050119332 0.0008761449621664675 0.0008413245814759119
0 0.004807692307692308 0.0 1.0 0.0 0.0030440310695067025 0.001015889301571731 0.003132458233890215 0.0 0.005123488219289082
0 0.005291005291005291 0.0 1.0 0.0 0.011363053895345077 0.0 0.013296965564268666 0.0 0.0063112116433722346
0 0.00510204081632653 0.0 1.0 0.0 0.015269870839303933 0.0 0.005114217524718718 0.0 0.11070027675925785
0 0.0024630541871921183 0.0 1.0 0.0 0.005606747435909836 0.0 0.005114217524718717 0.0 0.015057359390697609
0 0.0016666666666666666 0.0 1.0 0.0 0.00758056789621944 0.004619293681046253 0.017064439140811453 0.0009557945041816009 0.03250970262121804
0 0.0018975332068311196 0.0 1.0 0.0 0.0018328630327550987 0.0 0.006106977397164116 0.0 0.0024285159010967766
0 0.001201923076923077 0.0 1.0 0.0 0.0025170427935106623 0.0012118444253092946 0.00982192032311364 0.0004135649296939619 0.002358179411473384
0 0.0016835016835016836 0.0 1.0 0.0 0.009029173143231333 0.0060309099153848635 0.011535401750198885 0.0014602416036107793 0.04213025583818305
0 0.0014705882352941176 0.0 1.0 0.0 0.005861568830039847 0.0016254228825147697 0.011634844868735084 0.00035842293906810036 0.018886046892067222
0 0.0011904761904761904 0.0 1.0 0.0 0.00347519826476376 0.0033434683078462624 0.01581145584725537 0.0011449621664675427 0.0026995387482415165
0 0.0014619883040935672 0.0 1.0 0.0 0.007065619035986605 0.004223328388858437 0.019093078758949878 0.0008803370433251587 0.02891334505716874
0 0.0013513513513513514 0.0 1.0 0.0 0.0030749112899791506 0.0019012647406979623 0.011515513126491645 0.0007168458781362007 0.0026918710070600585
0 0.0018796992481203006 0.0 1.0 0.0 0.0036741879096210085 0.0 0.010313672008182746 0.00034135518006485745 0.005223516290599343
0 0.0028490028490028487 0.0 1.0 0.0 0.002593472957547364 0.0 0.007557677008750995 0.0 0.008619140889247515
0 0.0013157894736842105 0.0 1.0 0.0 0.0003852623724050063 0.0 0.010237407360884312 0.0003772873042822109 0.0056072047180600465
0 0.0010604453870625664 0.0 1.0 0.0 0.003699077337562683 0.0 0.010324789872366917 0.0 0.024800278145789202
0 0.0009157509157509158 0.0 1.0 0.0 0.003137505843617476 0.0026121259785240364 0.008261428309161005 0.0005514199062586158 0.0006502590066220246
0 0.002325581395348837 0.0 1.0 0.0 0.0016441012660933917 0.0 0.009427207637231504 0.0 0.005683077087104378
0 0.0006142506142506142 0.0 1.0 0.0 0.003519056011575815 0.00033536483909007135 0.009353028446107206 0.00019374212922600018 0.0004032437844306793
0 0.045454545454545456 0.0 1.0 0.0 0.004117944250992303 0.0031739924239789917 0.005361305361305362 0.0008943152655727502 0.045454545454545456
0 0.020833333333333332 0.0 1.0 0.0 0.0008969776286395118 0.002424577546095063 0.007407407407407408 0.0009623609923011117 0.0004645131908485823
0 0.010416666666666666 0.0 1.0 0.0 0.0006644829918024834 0.002182119791485557 0.006276709401709402 0.0008286997433704016 0.0005424130071058784
0 0.008928571428571428 0.0 1.0 0.0 0.004544666193284694 0.0029035006846733808 0.007814407814407814 0.001038738848832946 0.03289163050858913
0 0.011111111111111112 0.0 1.0 0.0 0.0011266347436204589 0.0029094930553140758 0.009306742640075973 0.0009980039920159678 0.0006439767007025451
0 0.0035460992907801418 0.0 1.0 0.0 0.0042617193740782985 0.0038791205106418073 0.009201673031460265 0.0011648435651493373 0.013848844940291321
0 0.007518796992481203 0.0 1.0 0.10526315789473684 0.006088329071178758 0.00415037465964466 0.008726945569050832 0.001125568412048084 0.04507042165902072
0 0.006944444444444444 0.0 1.0 0.0 0.0016838677699973306 0.0032327700614600842 0.005508072174738841 0.0008079079935367358 0.0007559061819759075
0 0.005555555555555555 0.0 1.0 0.0 0.00948354351688592 0.00713402738259217 0.006794871794871796 0.0012403763900769884 0.03213566837568988
0 0.0125 0.0 1.0 0.0 0.0017255043673370084 0.003636866319142595 0.00373931623931624 0.0008554319931565441 0.005207304127715302
0 0.004545454545454545 0.0 1.0 0.0 0.0024333741187889716 0.0032004423608454832 0.0027777777777777775 0.0008126603934987166 0.0008219063340478364
0 0.0024509803921568627 0.0 1.0 0.0 0.0009986973054619485 0.0020537598037511126 0.0058069381598793365 0.0006793136416243141 0.00047752203137687254
0 0.003344481605351171 0.0 1.0 0.0 0.001532161105250423 0.0030359927533712095 0.003047194351542177 0.0 0.0009798771305362958
0 0.0021008403361344537 0.0 1.0 0.0 0.0006149543422134536 0.0023150669466530504 0.011085972850678734 0.0003522367030644593 0.00043904187397965307
0 0.0035087719298245615 0.0 1.0 0.10526315789473684 0.0011895512180020338 0.0018375745612509954 0.006117858749437697 0.0 0.0020286760099599067
0 0.0078125 0.0 1.0 0.0 0.010074421964983435 0.0026310405441439377 0.008653846153846156 0.00032078699743370403 0.11746738875863867
0 0.003676470588235294 0.0 1.0 0.0 0.0011360614394253636 0.0016463375744093962 0.011324786324786324 0.000106928999144568 0.0010955249959418377
0 0.0024154589371980675 0.0 1.0 0.0 0.002245338005023254 0.00345107996469314 0.012077294685990336 0.0006322758210287499 0.0004912202107627684
0 0.004784688995215311 0.0 1.0 0.18181818181818182 0.0029914746252487356 0.0039293364809459405 0.005594405594405594 0.0004665992689944785 0.002119256829333604
0 0.002380952380952381 0.0 1.0 0.0 0.0018109642432245165 0.003048040343662365 0.008384208384208383 0.00020367428408489145 0.0008589706848449326
0 0.0022675736961451248 0.0 1.0 0.0 0.0013581192589150698 0.002216756613572629 0.008994708994708995 8.146971363395658e-05 0.0014144654429101035
0 0.004132231404958678 0.0 1.0 0.0 0.006138857028558503 0.005906717682023253 0.00473970473970474 0.0006998989034917179 0.08641448995860544
0 0.003105590062111801 0.0 1.0 0.14285714285714285 0.0021551457184719566 0.0029357480655180985 0.01282051282051282 0.0004888182818037394 0.0008199763041026006
0 0.003472222222222222 0.0 1.0 0.0 0.0023352458853903957 0.0014547465276570383 0.009544159544159546 0.000142571998859424 0.0007763573814642042
0 0.00125 0.0 1.0 0.0 0.0038125498404620517 0.002926075333345719 0.009802350427350427 0.00032078699743370403 0.026298537163863628
0 0.002564102564102564 0.0 1.0 0.0 0.00273494619618696 0.0024229748861332814 0.010940170940170938 0.0006273167949814657 0.0005802843175700101
0 0.0016835016835016834 0.0 1.0 0.0 0.0008030070888542618 0.0027455463288994387 0.008197358197358198 0.0005054825414106852 0.0007807835817659095
0 0.0013227513227513227 0.0 1.0 0.0 0.0009025577452829695 0.0024456765097613993 0.011301044634377966 0.00034850933054525864 0.0004456174974988671
0 0.002028397565922921 0.0 1.0 0.0 0.005976569888467163 0.005181992661884986 0.009904474610356965 0.0009057515221657526 0.05103219329401376
0 0.001851851851851852 0.0 1.0 0.0 0.0009179889689421455 0.002035023894956441 0.008689458689458689 9.5047999239616e-05 0.002173453908097209
0 0.002150537634408602 0.0 1.0 0.06666666666666667 0.0011025938751683692 0.002133628240563656 0.005527065527065527 0.00017108639863130882 0.0012123499356547446
0 0.00390625 0.0 1.0 0.125 0.0007405418595725912 0.0 0.01079059829059829 0.00053464499572284 0.006255844117672329
0 0.004329004329004329 0.0 1.0 0.0 0.0 0.0024938511902692084 0.009035409035409035 0.0 0.010522923298106389
0 0.0009487666034155598 0.0 1.0 0.0 0.004134183864321741 0.003728245481608068 0.00973256134546457 0.0005242970280636883 0.028222353612530733
0 0.0007936507936507937 0.0 1.0 0.0 0.0038985257436993143 0.004401256733754516 0.009140550807217474 0.00045147799638817606 0.02278816552774389
0 0.002525252525252525 0.0 1.0 0.0 0.00037040468617369275 0.001057997474659664 0.006060606060606061 0.00015553308966482617 0.0028105823190737525
0 0.0033783783783783786 0.0 1.0 0.0 0.002038235494597556 0.0012197995027066297 0.005448717948717949 0.000213857998289136 0.0041061061339062776
0 0.0007518796992481202 0.0 1.0 0.0 0.0021013383930745654 0.0 0.006544566544566543 0.00021996822681168274 0.00040371938451181326
0 0.0009496676163342829 0.0 1.0 0.07407407407407407 0.0020865179590783367 0.0 0.00674264007597341 0.00012673066565282133 0.00047491859177948615
0 0.0006578947368421052 0.0 1.0 0.0 0.0015795784629607298 0.0002567998953066589 0.008839406207827258 0.00015757957768673181 0.000507934772305
0 0.0008710801393728223 0.0 1.0 0.0 0.003599334330122675 0.0006850203870987167 0.006349206349206349 0.00015275571306366857 0.032166985053452314
1 0.003968253968253968 0.0 1.0 0.0 0.0032778928584107207 0.008371261324911328 0.007549857549857551 0.00142571998859424 0.005864071349437175
0 0.0029069767441860465 0.0 1.0 0.0 0.004822529785153249 0.001883874889018794 0.011324786324786326 0.000427715996578272 0.0018409275620491924
0 0.0011961722488038277 0.0 1.0 0.0 0.0021815556304141627 0.0 0.010571300044984256 9.004547296384674e-05 0.0004535334716649545
0 0.00048309178743961357 0.0 1.0 0.021739130434782608 0.003129892029047786 0.0009680648164608778 0.010219249349684132 0.00029754156283705877 0.0001567971879760521
0 0.0011441647597254005 0.0 1.0 0.05263157894736842 0.001327209838575305 0.0 0.0053081421502474135 0.00018009094592769348 0.0009030018907611643
0 0.002127659574468085 0.0 1.0 0.0 0.0 0.0 0.006666666666666668 0.0 0.006259435359549266
0 0.0009057971014492753 0.0 1.0 0.0 0.0014378238746740716 0.00042427808789795816 0.009661835748792274 0.00022315617212779408 0.0011296277998882507
0 0.001020408163265306 0.0 1.0 0.0 0.002452454051121911 0.004759776304408097 0.006111111111111111 0.0010692899914456799 0.0008707961223887372
0 0.00125 0.0 1.0 0.0 0.0027459661842577144 0.0005455299478713893 0.006677350427350427 0.00016039349871685202 0.0014413193997355911
0 0.0004782400765184122 0.0 1.0 0.0975609756097561 0.0034783545000679965 0.0017528864519457128 0.007108609547633936 0.00035469131423564024 0.020688413124679943
0 0.002403846153846154 0.0 1.0 0.0 0.0036509772000001117 0.001883874889018794 0.009615384615384616 0.000641573994867408 0.002359877865824896
0 0.0012578616352201257 0.0 1.0 0.0 0.00518520794257667 0.0032394933391507747 0.013504273504273504 0.0006273167949814656 0.062334614538618445
0 0.0007407407407407407 0.0 1.0 0.0 0.0015338245908379678 0.0011695909160074239 0.01111111111111111 0.00044482463644140297 0.0007022265536029196
0 0.0009090909090909091 0.0 1.0 0.0 0.00499015472417107 0.002972785721569807 0.00829059829059829 0.0008982035928143712 0.04531113777910513
0 0.002232142857142857 0.0 1.0 0.0 0.00975108807646241 0.0011762940164868996 0.00747863247863248 0.0006415739948674081 0.11738389201359821
0 0.0021929824561403508 0.0 1.0 0.0 0.002203835928279393 0.0012197995027066297 0.007905982905982906 0.000427715996578272 0.004038283864825544
1 0.041666666666666664 0.0 1.0 0.0 0.011102201106385684 0.005085758490774936 0.011194029850746268 0.004213483146067415 0.041666666666666664
0 0.019230769230769232 0.0 1.0 0.0 0.0062216615254169815 0.004963736807728316 0.008897818599311134 0.0037453183520599247 0.034286814075727014
0 0.02222222222222222 0.0 1.0 0.0 0.013392138816206737 0.006793902385342633 0.01318407960199005 0.002746566791510612 0.05310419343674881
0 0.010869565217391304 0.0 1.0 0.0 0.011172024381634787 0.009781172813455802 0.008922777417261519 0.0008141996417521576 0.036192983694324866
0 0.005128205128205128 0.0 1.0 0.0 0.008625172486944215 0.013638457710671376 0.00841944125526215 0.0007682704311917795 0.017531363180130533
0 0.005555555555555555 0.0 1.0 0.0 0.009080447728036178 0.014198462932142124 0.007711442786069651 0.00149812734082397 0.024258781422086522
0 0.006802721088435374 0.0 1.0 0.0 0.004358561381980054 0.006065984272627351 0.007818052594171995 0.0003566969859104691 0.00044031911480426575
0 0.005208333333333333 0.0 1.0 0.0 0.005961198504010546 0.006321171538747089 0.009172885572139303 0.0021847690387016227 0.00019464271471669896
0 0.0025839793281653744 0.0 1.0 0.0 0.01357245186676368 0.012150308756204821 0.011367580701145432 0.0011323055482971864 0.014239307567272557
0 0.004347826086956522 0.0 1.0 0.0 0.009753926227292826 0.009649876952270858 0.006651524983776767 0.0016283992835043153 0.03697955716628405
0 0.09090909090909091 0.0 1.0 0.0 0.006920132600305592 0.0027081948636188237 0.01656891495601173 0.0023498311058892645 0.09090909090909091
0 0.03333333333333333 0.0 1.0 0.0 0.006375704702157083 0.007102262368504392 0.010537634408602151 0.0017232094776521273 0.0034635933065520165
1 0.009009009009009009 0.0 1.0 0.05405405405405406 0.004904680921936694 0.008438558493531895 0.00928509154315606 0.0021394577129633667 0.015766866790218208
0 0.0125 0.0 1.0 0.0 0.004501612294418705 0.0041292136817414685 0.005806451612903225 0.0017770597738287566 0.0014547551108085412
0 0.011764705882352941 0.0 1.0 0.0 0.0037432794586773287 0.005817880154891077 0.012049335863377609 0.0015204789508695244 0.003414504185663396
0 0.01515151515151515 0.0 1.0 0.0 0.00550332929134588 0.007143253721662823 0.007184750733137831 0.0016155088852988692 0.0029813471330793757
0 0.011904761904761904 0.0 1.0 0.0 0.007084678426783235 0.007188653591374838 0.007795698924731184 0.0020193861066235864 0.059520440569082705
0 0.009615384615384616 0.0 1.0 0.0 0.003904183803763502 0.004226665069792663 0.006451612903225808 0.0014912389710451102 0.009749997403882708
0 0.0065359477124183 0.0 1.0 0.11764705882352941 0.006318482176200319 0.008841233688986424 0.008064516129032258 0.0014254490164401792 0.04033591846395775
0 0.004545454545454546 0.0 1.0 0.0 0.005464680814654486 0.00599417955352414 0.008064516129032258 0.00014686444411807903 0.0023612340848509264
0 0.010101010101010102 0.0 1.0 0.0 0.00438629109363883 0.007326219454307283 0.004659498207885304 0.0003590019745108598 0.005030875751495608
0 0.005208333333333333 0.0 1.0 0.0 0.004481466009924667 0.006439008337226772 0.014213709677419355 0.000908723747980614 0.019450553971957066
0 0.003076923076923077 0.0 1.0 0.0 0.003929521437158342 0.00665440748275475 0.010451612903225809 0.0009693053311793213 0.0024363852617294533
0 0.007142857142857143 0.0 1.0 0.0 0.006093771158333913 0.008791463345168738 0.011935483870967743 0.0 0.009126367409182167
0 0.008333333333333333 0.0 1.0 0.0 0.0036134880758390883 0.0013736661476826154 0.01875 0.0004038772213247173 0.01674336444794787
0 0.006944444444444444 0.0 1.0 0.0 0.0029378887434888834 0.0070773782478596265 0.011111111111111112 0.0003590019745108598 0.017058644220591484
0 0.007352941176470588 0.0 1.0 0.0 0.002376663105379008 0.0065883843811594634 0.017137096774193547 0.0008077544426494346 0.020547175323655444
0 0.0021367521367521365 0.0 1.0 0.0 0.004266849861499144 0.005712317258599804 0.009615384615384616 0.0004349446998881571 0.024046559544724268
0 0.005263157894736842 0.0 1.0 0.0 0.005794366551551267 0.006594726918761668 0.01032258064516129 0.0008077544426494346 0.009171354729864443
0 0.0033333333333333335 0.0 1.0 0.0 0.0028677912425258893 0.003663109727153641 0.013870967741935487 0.0008616047388260636 0.0061039242390155376
0 0.002976190476190476 0.0 1.0 0.0 0.003705746815540183 0.005786515626079078 0.013104838709677422 0.0012116316639741518 0.004372617040849562
0 0.006493506493506494 0.0 1.0 0.0 0.0037821530835893727 0.004709712506340396 0.009216589861751152 0.0 0.00839447016566485
0 0.0033444816053511705 0.0 1.0 0.0 0.0032539881716605688 0.00676266411166826 0.005583126550868485 0.0 0.0036632558352498435
0 0.004629629629629629 0.0 1.0 0.0 0.0019075637318508682 0.0026530559817129146 0.00878136200716846 0.0010770059235325794 0.008985312673263586
0 0.004 0.0 1.0 0.0 0.007048349437314941 0.006841695328203214 0.010806451612903226 0.0009693053311793214 0.007611543415923294
0 0.0018315018315018315 0.0 1.0 0.0 0.0033334734725421096 0.0023012307758454066 0.010522273425499232 0.0006923609508423724 0.0037282513393717153
0 0.001763668430335097 0.0 1.0 0.0 0.004328696963612354 0.0031840798231437778 0.01175115207373272 0.0008462189399184552 0.04219332690877296
0 0.0023809523809523807 0.0 1.0 0.0 0.00506170936867337 0.004755091808343614 0.010537634408602147 0.0010770059235325794 0.0042841349826133425
0 0.0021551724137931034 0.0 1.0 0.0 0.004582139782810412 0.0 0.010483870967741936 0.0 0.009951645213646061
0 0.002777777777777778 0.0 1.0 0.0 0.0010429445550697205 0.0 0.008736559139784945 0.00026925148088314486 0.00504756338729318
0 0.0015360983102918587 0.0 1.0 0.0 0.004641357703694536 0.0009399565478520449 0.007834101382488478 0.0006923609508423725 0.0011951326721244926
0 0.001358695652173913 0.0 1.0 0.0 0.0016846153267283553 0.0 0.00582047685834502 0.000280958067008499 0.001391328338119519
0 0.0012626262626262627 0.0 1.0 0.0 0.003288664824721931 0.0008224619793705392 0.007795698924731183 0.0005385029617662897 0.0008974179025243111
0 0.0007002801120448179 0.0 1.0 0.0 0.0029962123131126194 0.00038028485622555275 0.008218125960061443 0.0002307869836141242 0.0006360447292438282
0 0.0014285714285714286 0.0 1.0 0.0 0.002849906120667631 0.0 0.0064516129032258064 0.0005654281098546041 0.0014302477441778772
0 0.0021367521367521365 0.0 1.0 0.0 0.00111705293271079 0.0012286126124210167 0.008312655086848635 0.0004970796570150367 0.009989580319768697
0 0.0010395010395010396 0.0 1.0 0.07692307692307693 0.002150655420017395 0.0 0.005024813895781638 0.00037280974276127755 0.0012716606179836482
0 0.05 0.0 1.0 0.0 0.021780061946819317 0.028314988794588436 0.0128 0.008467741935483868 0.05
0 0.03333333333333333 0.0 1.0 0.0 0.02286982929795092 0.02807630834906358 0.014400000000000001 0.008602150537634405 0.02456773462657499
0 0.02564102564102564 0.0 1.0 0.0 0.011041270010841375 0.0224622818821078 0.009846153846153846 0.0012406947890818859 0.011276359481122492
0 0.011363636363636364 0.0 1.0 0.0 0.005679888198978503 0.01994837173995399 0.008 0.0 0.00019927040372620682
0 0.014285714285714287 0.0 1.0 0.0 0.011168962288100185 0.019592150816026242 0.013142857142857142 0.0 0.02776646103360027
0 0.007936507936507936 0.0 1.0 0.0 0.02551109931611419 0.009605358861736182 0.014476190476190476 0.002304147465437788 0.03178306951837212
0 0.007142857142857143 0.0 1.0 0.0 0.003609537491820558 0.0 0.0128 0.0016129032258064516 0.00488935202225768
0 0.037037037037037035 0.0 1.0 0.0 0.004729734361332939 0.0058278062424684356 0.010525623314255645 0.0018452616317385009 0.037037037037037035
0 0.03571428571428571 0.0 1.0 0.0 0.004488342850366798 0.007729360368154575 0.010276579548337985 0.0020335536349771225 0.055566229170712966
0 0.013888888888888888 0.0 1.0 0.0 0.0028592415800429882 0.005906515321312891 0.010509177027827117 0.0018534994068801906 0.006733028210368137
0 0.013888888888888888 0.0 1.0 0.0 0.004198160274669758 0.010079387517389522 0.004243141898559306 0.002075919335705813 0.04353131575271604
0 0.022222222222222223 0.0 1.0 0.0 0.005639377063995815 0.0063132724940572794 0.00967041641997237 0.0019770660340055358 0.09073489918492485
0 0.010416666666666666 0.0 1.0 0.0 0.005059885682545496 0.006083781115866974 0.011545293072824158 0.0017793594306049823 0.0005476052610930343
0 0.008928571428571428 0.0 1.0 0.0 0.006850662797915463 0.009077928954614293 0.008103907637655417 0.001668149466192171 0.0005570576239351893
0 0.017857142857142856 0.0 1.0 0.0 0.007250627653708905 0.0034582586493768735 0.008880994671403197 0.0015251652262328417 0.1190972728443351
0 0.005847953216374269 0.0 1.0 0.0 0.006396949932601109 0.006904499880382924 0.008039637281480789 0.001873009926952613 0.03930505896810889
0 0.0029411764705882353 0.0 1.0 0.0 0.002530498725608483 0.004003497929922998 0.00982133528366942 0.0005233410090014653 0.00047903495668153405
0 0.0023923444976076554 0.0 1.0 0.0 0.003856965031829783 0.006408448468004429 0.007992895204262877 0.00018730099269526128 0.01808714464488917
0 0.003968253968253968 0.0 1.0 0.0 0.007511327788713799 0.010719685966399117 0.008119766556711497 0.0005931198102016607 0.002004719651357677
0 0.004048582995951417 0.0 1.0 0.0 0.0027828743076719663 0.00547759750348373 0.00803963728148079 0.00028095148904289194 0.0005784624316921596
0 0.001984126984126984 0.0 1.0 0.0 0.0054708662577861965 0.00746098873598754 0.004884547069271761 0.00034598655595096875 0.01718245379214506
0 0.001851851851851852 0.0 1.0 0.0 0.0021453343892713934 0.005180333638399785 0.010163805012828105 0.0004448398576512456 0.0002672361599345241
0 0.003289473684210526 0.0 1.0 0.0 0.00237322272462912 0.0019111429378135354 0.008039637281480789 0.00018730099269526128 0.0022127533577494737
0 0.00267379679144385 0.0 1.0 0.0 0.003566121950349 0.0 0.010980138866462135 0.00024263992235522486 0.0005642823137957739
0 0.004273504273504273 0.0 1.0 0.0 0.003780337296888129 0.0 0.007104795737122559 0.0 0.0008347520229283092
0 0.001949317738791423 0.0 1.0 0.0 0.002502044805637912 0.0008052257259475899 0.0070390105914084605 0.0003295110056675893 0.00033501403243087717
0 0.0025 0.0 1.0 0.0 0.00275165692104585 0.0 0.00497335701598579 0.0 0.002336796126791096
0 0.0022675736961451248 0.0 1.0 0.0 0.005035849541165131 0.0017816890481766317 0.009895965490992134 0.0003389256058295204 0.03134726079944395
0 0.004132231404958678 0.0 1.0 0.0 0.00562329002811119 0.001976463145507721 0.004359761020507024 0.0003235198964736331 0.016384856950146385
0 0.004830917874396135 0.0 1.0 0.0 0.005639377063995815 0.0 0.012038681665679889 0.0 0.09203238291083664
0 0.002976190476190476 0.0 1.0 0.0 0.0035582120118622003 0.0 0.0021568129916264907 0.0 0.003942728847700046
0 0.0033333333333333335 0.0 1.0 0.0 0.005690704389827554 0.0 0.010361160449970395 0.00029655990510083033 0.004291651067828782
0 0.0011312217194570137 0.0 1.0 0.0 0.0025591546722778537 0.0007119944278128857 0.008724271236025496 0.00020933640360058613 0.00031372091501207384
0 0.0030864197530864196 0.0 1.0 0.08333333333333333 0.00747575310499312 0.0014402386163312566 0.008436944937833037 0.00029655990510083033 0.06286400039664973
0 0.0023809523809523807 0.0 1.0 0.06666666666666667 0.002927478466212966 0.0011521908930650052 0.010538780343398462 0.00047449584816132857 0.005538944004516284
0 0.03571428571428571 0.0 1.0 0.0 0.013298536243369683 0.011846653506546106 0.011479591836734694 0.00396825396825397 0.035714285714285705
0 0.045454545454545456 0.0 1.0 0.0 0.00833386488044355 0.014441487936548009 0.015584415584415588 0.004561746497230367 0.061342702872540594
0 0.013888888888888888 0.0 1.0 0.0 0.0024717941932545615 0.009533401651460346 0.009226190476190476 0.00433094384707288 0.017777121827045578
0 0.015625 0.0 1.0 0.0 0.018053658533914226 0.007877170699976533 0.014732142857142857 0.00246415770609319 0.039731134239816786
0 0.01 0.0 1.0 0.0 0.00903588435234275 0.009286844469235476 0.013750000000000002 0.0017921146953405018 0.03351703987700482
0 0.005747126436781609 0.0 1.0 0.0 0.004360090966617336 0.005885151816001751 0.013546798029556646 0.0008651588184402423 0.0019775820814979146
0 0.007936507936507936 0.0 1.0 0.0 0.006367481124556447 0.01219067161886077 0.009325396825396825 0.0007964954201513341 0.0005769639722019552
0 0.0078125 0.0 1.0 0.0 0.00947220830443902 0.012682881425611716 0.01160714285714286 0.0008960573476702509 0.0355713640355473
0 0.0017094017094017094 0.0 1.0 0.0 0.0055652289062128775 0.008681659594966492 0.010714285714285713 0.0021505376344086026 0.008114212787372718
0 0.004347826086956522 0.0 1.0 0.0 0.012817078253504335 0.001688047499518286 0.010403726708074533 0.0006233442418575658 0.031852852985795106
0 0.0030303030303030303 0.0 1.0 0.0 0.00746681047232464 0.0 0.009404761904761905 0.00023894862604540023 0.025440605393951134
0 0.125 0.0 1.0 0.0 0.0014416352429507248 0.0017689511892120795 0.004461388708630759 0.0006493506493506495 0.12499999999999999
0 0.03571428571428571 0.0 1.0 0.0 0.007915591671367196 0.0025240796895451985 0.006303884305182163 0.0006493506493506495 0.0004642026279806343
0 0.0101010101010101 0.0 1.0 0.0 0.0027781512112732146 0.0030683162418869447 0.009163667826873539 0.0012199921290830384 0.0006932996888006752
0 0.00641025641025641 0.0 1.0 0.0 0.0022389874175882214 0.0030432362196537435 0.005058320437944059 0.0007492507492507494 0.00026385727785859176
0 0.002105263157894737 0.0 1.0 0.0 0.0024089973232487316 0.0027172517718118817 0.009091840568325424 0.000813397129186603 0.000847743238262316
0 0.013888888888888888 0.0 1.0 0.0 0.00435128690501681 0.0035248754546511178 0.012545965823058619 0.001406926406926407 0.0024539339736198906
0 0.012987012987012986 0.0 1.0 0.0 0.009130479552638788 0.0029008880429376607 0.012270662497787741 0.0007674144037780402 0.01047633168964081
0 0.006578947368421052 0.0 1.0 0.0 0.0058026700691694855 0.0023414003338417745 0.008026230404043854 0.0009569377990430623 0.0002593211159886805
0 0.018518518518518517 0.0 1.0 0.0 0.0005813625792433664 0.001472379818901366 0.00865239022279905 0.0005411255411255411 0.013678949747721868
0 0.0058823529411764705 0.0 1.0 0.0 0.001937933752693138 0.001818822129231099 0.005802191090582892 0.0009167303284950346 0.00190957202090706
0 0.015151515151515152 0.0 1.0 0.0 0.0022879541537455593 0.002208569728352049 0.006056673155959334 0.0007575757575757577 0.008641107879421961
0 0.0024509803921568627 0.0 1.0 0.0 0.002885772479251303 0.0029880649265939473 0.004389815627743635 0.0006493506493506495 0.00028096586791257557
0 0.0032051282051282055 0.0 1.0 0.0 0.005994117628379388 0.0034611232132071047 0.00935539692840147 0.0012445887445887446 0.00020171402650448188
0 0.008928571428571428 0.0 1.0 0.0 0.0010353706287542159 0.002610567340201188 0.009247242050616482 0.0013798701298701301 0.008524122491792994
0 0.007407407407407408 0.0 1.0 0.0 0.0008963356893426577 0.003792884121302422 0.008147667459802437 0.001298701298701299 0.007153522629401878
0 0.001524390243902439 0.0 1.0 0.0 0.0026626198321322526 0.00308578805017035 0.007122394390718731 0.0005701615457713019 0.0005131451261977599
0 0.007352941176470588 0.0 1.0 0.0 0.014600754252317504 0.009568558494346385 0.014114211550940949 0.0030032467532467534 0.0006134982015340421
0 0.0012077294685990338 0.0 1.0 0.0 0.004186609707159742 0.004009174750564855 0.011398583641339617 0.0008046301524562393 0.00030116265139425646
0 0.003095975232198142 0.0 1.0 0.0 0.0012890299973423733 0.002201605574158239 0.0065274649769057535 7.639419404125286e-05 0.004298576749984809
0 0.001388888888888889 0.0 1.0 0.0 0.004893337416642714 0.0023852173985411222 0.013086740211983562 0.0008477633477633478 0.000274680315594277
0 0.002976190476190476 0.0 1.0 0.0 0.007263724402888012 0.003879795852277933 0.008030499675535369 0.0007305194805194805 0.0002807367926539779
0 0.001893939393939394 0.0 1.0 0.0 0.001318368456030528 0.002978103043615709 0.00419100151416829 0.00010822510822510823 0.003186308578422826
0 0.002173913043478261 0.0 1.0 0.0 0.006878357578527047 0.0030919976196928686 0.008663205710577547 6.493506493506494e-05 0.0005375986791526277
0 0.0016025641025641025 0.0 1.0 0.0 0.003946057598381287 0.0020767486829167217 0.007936904108221437 9.99000999000999e-05 0.0006469606273818198
0 0.0012903225806451613 0.0 1.0 0.0 0.0023193076335499972 0.002548650627110522 0.008331414456469403 0.0003351487222454965 0.0013504271687730016
0 0.0038461538461538464 0.0 1.0 0.0 0.004933175944680008 0.002208569728352049 0.011550940947436732 0.0007792207792207792 0.001117108818652987
0 0.003367003367003367 0.0 1.0 0.0 0.007919425204521295 0.007176328589104999 0.014217450297917527 0.001298701298701299 0.0009310848346880343
0 0.003968253968253968 0.0 1.0 0.0 0.00634353219438149 0.003951414033087142 0.018386329223447975 0.00202020202020202 0.0012245005765032992
0 0.0022988505747126436 0.0 1.0 0.0 0.004272184575375285 0.0017668557826816392 0.00808998485831711 0.0 0.0006604974357195283
0 0.005555555555555556 0.0 1.0 0.0 0.0 0.001472379818901366 0.008111615833874108 0.0 0.021936724293473542
0 0.002304147465437788 0.0 1.0 0.0 0.006621409568453256 0.002208569728352049 0.007833503290998424 0.00046382189239332097 0.00032368026753622084
0 0.0009765625 0.0 1.0 0.0 0.003794060262795764 0.0030187661025929857 0.008557754704737183 0.00038555194805194807 0.0005332665488145035
0 0.0025252525252525255 0.0 1.0 0.0 0.005748157061194186 0.007361192751268542 0.01589876703439325 0.0016774891774891775 0.0019552053803844776
0 0.0011312217194570135 0.0 1.0 0.0 0.00294839028578989 0.002594118454385938 0.007013427844057305 0.00029970029970029975 0.0007461514035074866
0 0.001680672268907563 0.0 1.0 0.0 0.00860886887075701 0.0031312520073294514 0.006107569569034622 0.0005347593582887702 0.00027868435246332845
0 0.001633986928104575 0.0 1.0 0.0 0.005592727693254893 0.0033125040436939764 0.008016185059357939 0.0002291825821237586 0.0012806292642825903
0 0.0018018018018018018 0.0 1.0 0.0 0.005864956955612164 0.006374592341940682 0.017218256543370107 0.002251082251082251 0.0006681847643255008
0 0.0020242914979757085 0.0 1.0 0.0 0.006945389777497402 0.003951541526807738 0.011381220985374132 0.0008491508491508492 0.0007366465390769322
0 0.005128205128205128 0.0 1.0 0.0 0.0014324376004988463 0.0008834278913408195 0.0023361453601557433 0.0 0.015038816562489824
0 0.00125 0.0 1.0 0.0 0.008056345973915871 0.004556893836265549 0.006489292667099286 0.0007142857142857144 0.00023890355282663394
0 0.0012836970474967909 0.0 1.0 0.0 0.008539656154579247 0.004170660287485711 0.016359848355476624 0.0010594668489405333 0.0003380640656741707
0 0.003968253968253968 0.0 1.0 0.0 0.0 0.0 0.009517629245078953 0.00021645021645021645 0.026344269433323936
0 0.000664451827242525 0.0 1.0 0.0 0.004909649716705986 0.0018166834163065816 0.008491702975804209 0.0006122448979591836 0.0003022612788342214
0 0.0017482517482517483 0.0 1.0 0.0 0.005716866162148742 0.0011883709356879566 0.0125293266110917 0.0006493506493506494 0.0017843680980042247
0 0.002777777777777778 0.0 1.0 0.0 0.0045200757490159804 0.0 0.004623621025308241 0.0 0.0057061445484055135
0 0.0010351966873706005 0.0 1.0 0.0 0.0020104192044133945 0.0 0.00568585643212509 0.00037105751391465676 0.0011176391711428698
0 0.002127659574468085 0.0 1.0 0.0 0.00812444000443369 0.009681719374090495 0.01765087605451006 0.0024025974025974027 0.0022950678365505576
0 0.0020833333333333333 0.0 1.0 0.0 0.004942825377004398 0.0023534681382963414 0.017780661907852043 0.0014285714285714288 0.0024914818249040347
0 0.001020408163265306 0.0 1.0 0.0 0.00923126855144677 0.004037007688768557 0.008598312783906551 0.0011688311688311688 0.0002228942644231353
0 0.0018181818181818182 0.0 1.0 0.0 0.008832868302389248 0.0013080355232987445 0.016046250958645508 0.000295159386068477 0.003060990615126318
0 0.0007262164124909223 0.0 1.0 0.0 0.004945462216696179 0.0011883054245412728 0.00973393900064893 0.000456950456950457 0.00017848175347362342
0 0.0009615384615384616 0.0 1.0 0.0 0.0063255309761578535 0.003737970663704396 0.009214795587280984 0.0011688311688311688 0.0004560461938837532
0 0.0020964360587002098 0.0 1.0 0.0 0.0013051650341546067 0.0005908145111431602 0.010094455259932222 0.0001443001443001443 0.018835399013677846
0 0.0018518518518518517 0.0 1.0 0.0 0.004787015924094329 0.001023899023413769 0.007268007787151201 0.0003896103896103896 0.0011194214742219148
0 0.00202020202020202 0.0 1.0 0.0 0.006148154257215022 0.0012392131794148043 0.015213786141754991 0.000505050505050505 0.0012130528639561313
0 0.0006377551020408163 0.0 1.0 0.0 0.0073323342606790715 0.0008455723757113513 0.008969129507740798 0.00018552875695732838 0.0003296877460942892
0 0.0010964912280701754 0.0 1.0 0.0 0.006234789035884557 0.0010916189144688868 0.011924075275794936 0.0003652597402597403 0.0006336052983276929
0 0.0017241379310344827 0.0 1.0 0.0 0.005503731095656052 0.0013763899000335353 0.014536015574302402 0.0005844155844155844 0.0024715852608961364
0 0.0018832391713747645 0.0 1.0 0.0 0.005875422951363633 0.002369328349612855 0.009012906482082342 0.0007215007215007215 0.0012454068644242326
0 0.0020833333333333333 0.0 1.0 0.0 0.006763705693727551 0.0014017818550442565 0.007381570408825438 0.0003246753246753247 0.0013733420775905289
0 0.0020491803278688526 0.0 1.0 0.0 0.008756221071939218 0.008065052879993777 0.014033095392602208 0.0022727272727272726 0.0013173200649969604
0 0.001075268817204301 0.0 1.0 0.0 0.005233323651351704 0.0016367404426497914 0.010382868267358857 0.0005194805194805195 0.0017619977752039433
0 0.001443001443001443 0.0 1.0 0.0 0.009366963116934931 0.0 0.0050734469942776235 0.0 0.0004498168361001863
0 0.0011160714285714285 0.0 1.0 0.0 0.009980164393023629 0.0050342106177037865 0.011680726800778713 0.0012523191094619668 0.00034323956904456875
0 0.0010256410256410256 0.0 1.0 0.0 0.0025327685936108874 0.0010009916440275172 0.013757300454250486 0.0006926406926406926 0.0014084214709902886
0 0.0016835016835016836 0.0 1.0 0.0 0.004846446466482869 0.000823056634149524 0.007787151200519143 0.0001443001443001443 0.0027963076957482195
0 0.0013568521031207597 0.0 1.0 0.0 0.011359158003311894 0.006143091984226538 0.012919591764497668 0.0018299881936245572 0.00044483053809748016
0 0.001838235294117647 0.0 1.0 0.0 0.0036709218179964737 0.002654049550535693 0.008273848150551589 0.0005681818181818182 0.004363085469662246
0 0.0011148272017837235 0.0 1.0 0.0 0.004224186309474408 0.001289874360248619 0.0085359157390306 0.0001998001998001998 0.0008511598903086246
0 0.002857142857142857 0.0 1.0 0.0 0.002228391883339182 0.0 0.010512654120700843 0.0 0.011363893304012385
0 0.002012072434607646 0.0 1.0 0.0 0.008114043238256312 0.00458783931366804 0.013256697877074257 0.0012059369202226348 0.0015408543036754248
0 0.001984126984126984 0.0 1.0 0.0 0.01273962249900654 0.002582640582392972 0.013812922962825621 0.0009276437847866419 0.0011424258020977737
0 0.0013698630136986301 0.0 1.0 0.0 0.006998953335591444 0.001840880464253837 0.013043478260869565 0.0006493506493506494 0.001068973646990407
0 0.002702702702702703 0.0 1.0 0.0 0.0022307992816488946 0.0 0.004023361453601557 0.0 0.022975393149899354
0 0.0013333333333333335 0.0 1.0 0.0 0.013899979849505955 0.00719057178539155 0.009149902660609995 0.0016233766233766235 0.0004844965166422896
0 0.001644736842105263 0.0 1.0 0.0 0.0015796531683769665 0.0006758664665112098 0.009652822842310189 0.00016233766233766234 0.007215761044256927
0 0.0016233766233766235 0.0 1.0 0.0 0.002569500120282137 0.0 0.002027903958468527 0.0 0.010746025118418967
0 0.0006747638326585695 0.0 1.0 0.0 0.0023517126916257174 0.0006367533074254278 0.007445609481198129 0.0003759398496240601 0.0027953727374107977
0 0.002109704641350211 0.0 1.0 0.0 0.0 0.0 0.00627298291152931 0.0 0.019383629257353062
0 0.00078125 0.0 1.0 0.0 0.007274836822820952 0.0 0.007787151200519144 0.000487012987012987 0.00030592704704873085
0 0.0015432098765432098 0.0 1.0 0.0 0.0009129635853169162 0.0008792370782799384 0.0056781310837118746 0.00016233766233766234 0.015605206078420444
0 0.0009380863039399625 0.0 1.0 0.0 0.004833079123451744 0.0 0.004442669595167973 9.99000999000999e-05 0.0011536784404623025
0 0.0017211703958691911 0.0 1.0 0.0 0.002634976024406048 0.0010582156724779593 0.007879855381477705 0.00037105751391465676 0.005768879953210926
0 0.000744047619047619 0.0 1.0 0.0 0.002363989032624517 0.0 0.007584360804672292 0.0002435064935064935 0.0014026408967962192
0 0.0003676470588235294 0.0 1.0 0.0 0.00592908833945221 0.0010340014632101834 0.007766872160934456 0.0003043831168831169 0.00019059601226617667
0 0.0007267441860465116 0.0 1.0 0.0 0.004593073525603852 0.0025616088535616753 0.010220635950681376 0.0008928571428571429 0.0009235578752329384
0 0.0007662835249042146 0.0 1.0 0.0 0.007594023127269787 0.001157594056588954 0.012675751676400606 0.0003463203463203463 0.00047692975436424296
0 0.00039184952978056425 0.0 1.0 0.0 0.004434885314165998 0.0015847719898853592 0.010315737653561278 0.0005373936408419167 0.0002981147395666022
0 0.0012484394506866417 0.0 1.0 0.0 0.003066052837294962 0.005560625690505166 0.013627514600908504 0.002308802308802309 0.003325445411555281
0 0.0015873015873015873 0.0 1.0 0.0 0.008105444426580882 0.007065852194096203 0.01344210623899138 0.0015769944341372914 0.0015540797507731792
0 0.001098901098901099 0.0 1.0 0.0 0.0044789390127645615 0.0 0.008760545100584036 0.0 0.0011279493132895992
0 0.0009881422924901185 0.0 1.0 0.0 0.005436329109110464 0.00413498411104512 0.011739720370479618 0.0007083825265643447 0.002180511574200872
0 0.000413564929693962 0.0 1.0 0.0 0.0056294354668694445 0.002988448146717139 0.009134927369839762 0.0007242757242757243 0.0004886559565885507
0 0.0017730496453900709 0.0 1.0 0.0 0.003668183623170769 0.0 0.01027471338957387 0.00021645021645021645 0.007343312381696267
0 0.0010526315789473684 0.0 1.0 0.0 0.011601429601644273 0.0 0.004023361453601557 0.0 0.0004476888857501191
0 0.045454545454545456 0.0 1.0 0.0 0.016486605596819113 0.014312544912730178 0.01109936575052854 0.006113769271664008 0.045454545454545456
0 0.020833333333333332 0.0 1.0 0.0 0.01965277061338134 0.026860875510308826 0.014777131782945737 0.006578947368421052 0.01612180407037542
0 0.011494252873563218 0.0 1.0 0.0 0.00979224622042211 0.01564989712028755 0.017842822774659185 0.001613228473482557 0.023499899322108726
0 0.01 0.0 1.0 0.0 0.01638750261628159 0.02085541621779931 0.023953488372093032 0.002807017543859649 0.03005285727168107
0 0.008 0.0 1.0 0.0 0.013275984536335977 0.015400969725357998 0.021860465116279072 0.0023391812865497076 0.024782387605828796
0 0.01515151515151515 0.0 1.0 0.0 0.012257392891778436 0.0093751172608895 0.016913319238900635 0.0010632642211589579 0.06133529510210418
0 0.007518796992481203 0.0 1.0 0.0 0.007476368741223079 0.004187377508971567 0.016829865361077112 0.0006155740227762388 0.006791441060617379
0 0.015625 0.0 1.0 0.0 0.0 0.0 0.007994186046511628 0.0 0.0035007609274400266
0 0.012345679012345678 0.0 1.0 0.0 0.0025925119092087465 0.0 0.009043927648578812 0.0 0.00134108475507582
0 0.030303030303030304 0.0 1.0 0.0 0.024528770687295795 0.0463162856929453 0.038606060606060616 0.00916985486123763 0.030303030303030304
0 0.013888888888888888 0.0 1.0 0.0 0.022454272818501635 0.045131048806716256 0.03994444444444446 0.00790469828545981 0.006109703972151178
0 0.0101010101010101 0.0 1.0 0.0 0.014931292272198134 0.014475486218828286 0.03442424242424243 0.0019432805003947286 0.0038844084684859985
0 0.00625 0.0 1.0 0.0 0.01842878848690723 0.02235385662903979 0.03700000000000001 0.0036072144288577163 0.01685641852375926
0 0.0058823529411764705 0.0 1.0 0.0 0.0286245630914144 0.0489676591161238 0.04700000000000001 0.010727337026995168 0.014143388355774396
0 0.004629629629629629 0.0 1.0 0.0 0.017253972229261786 0.019826776278868814 0.03772222222222223 0.00334001336005344 0.001981504451903103
0 0.002976190476190476 0.0 1.0 0.0 0.025044429791499706 0.046590711071836786 0.03620833333333335 0.008684034736138947 0.01630122591627808
0 0.0026595744680851063 0.0 1.0 0.0 0.02576340719385403 0.04684101278258062 0.03595744680851066 0.008996716837931183 0.016271525430130687
0 0.002525252525252525 0.0 1.0 0.0 0.02394153067618401 0.04355358929477753 0.03527272727272729 0.007970486427400258 0.020139284987562678
0 0.002127659574468085 0.0 1.0 0.0 0.02549859846693387 0.04918012445514251 0.03600000000000001 0.009252547648488468 0.016458003311204363
0 0.012987012987012988 0.0 1.0 0.0 0.012004135013272037 0.006321122341361056 0.02114285714285714 0.001145147437732608 0.028929942097613702
0 0.0020833333333333333 0.0 1.0 0.0 0.02065260794504884 0.025057008053634526 0.033100000000000004 0.004809619238476955 0.005512081933335405
0 0.0013986013986013986 0.0 1.0 0.0 0.02125393196114912 0.024859105525561705 0.029963636363636373 0.0058662780105665875 0.008330683082456908
0 0.16666666666666666 0.0 1.0 0.0 0.015072414701207246 0.008138403629310953 0.008026440037771483 0.0028409090909090914 0.1666666666666667
0 0.014705882352941176 0.0 1.0 0.0 0.00814037463584767 0.008630776969310612 0.011581403099483419 0.0034258021390374317 0.022053148762351017
0 0.011904761904761904 0.0 1.0 0.0 0.0074248017625270874 0.013029959038182515 0.012140833670578716 0.0034496753246753237 0.02709935596153202
0 0.006944444444444444 0.0 1.0 0.0 0.008341498437585575 0.010706436091088982 0.012433112999685235 0.0025252525252525237 0.018703393634198394
0 0.015384615384615385 0.0 1.0 0.0 0.007591527892435636 0.01040576122012023 0.006537371976465461 0.0 6.017003109777479e-05
0 0.004273504273504273 0.0 1.0 0.0 0.006559356335740201 0.008565783469982373 0.010677707561560251 0.0006555944055944055 0.017649767615071654
0 0.0031746031746031746 0.0 1.0 0.0 0.00854079667180213 0.00778118913863977 0.012590494176896441 0.0010101010101010103 5.787162417942689e-06
0 0.0033783783783783786 0.0 1.0 0.0 0.005816924513661218 0.011085271048364893 0.010029859888216827 0.0010749385749385752 4.8390009252058344e-05
0 0.0025839793281653744 0.0 1.0 0.0 0.00911468197463816 0.0073011900278534755 0.008564464062191184 0.0007928118393234673 2.3811016507042847e-05
0 0.0029411764705882353 0.0 1.0 0.0 0.0054164967792240505 0.002632080693655248 0.00899850024995834 0.0006684491978609626 1.4068561518797978e-05
0 0.007575757575757576 0.0 1.0 0.0 0.006645316182032027 0.002299471881756154 0.011803588290840416 0.0004734848484848485 0.00022954389096394243
0 0.003205128205128205 0.0 1.0 0.07692307692307693 0.004752228609275212 0.0 0.006428415776857705 0.0006555944055944055 0.00011325138715432188
0 0.02564102564102564 0.0 1.0 0.0 0.02761816239899468 0.022559873672287796 0.01923076923076923 0.008472686733556301 0.02564102564102564
0 0.025 0.0 1.0 0.0 0.013081921145908554 0.026849112696254264 0.017241379310344824 0.0008695652173913044 0.00939621499369077
0 0.023809523809523808 0.0 1.0 0.0 0.013372757474712808 0.012675269745324803 0.010467980295566504 0.0 0.09225944139213646
0 0.011363636363636364 0.0 1.0 0.0 0.02589650768441454 0.02419824224107462 0.008620689655172415 0.0 0.05718216600808524
0 0.009523809523809525 0.0 1.0 0.0 0.02110325051517486 0.010692871508147973 0.02011494252873563 0.0033126293995859213 0.0530672815290753
0 0.037037037037037035 0.0 1.0 0.0 0.01325737557919525 0.010606096693156078 0.008294753086419752 0.0032878831834445405 0.037037037037037035
0 0.02 0.0 1.0 0.0 0.004464872546787232 0.006049683133568091 0.009270833333333334 0.003550913838120104 0.040398583002810365
0 0.010416666666666666 0.0 1.0 0.0 0.004078804624602971 0.009404002005199303 0.011311848958333332 0.003182114882506527 8.972274449068968e-05
0 0.009259259259259259 0.0 1.0 0.0 0.002503550934105119 0.003946849296967979 0.010802469135802469 0.0018373464848660667 0.000141585834648203
0 0.011764705882352941 0.0 1.0 0.0 0.005803795988253039 0.008358033805343957 0.01011029411764706 0.0009215174320380895 0.01910645613489794
0 0.009259259259259259 0.0 1.0 0.0 0.005868821134577795 0.010853835566661944 0.009837962962962963 0.000725268349289237 0.016415965204693923
0 0.003968253968253968 0.0 1.0 0.0 0.0056015967505855845 0.009187962925169553 0.011067708333333334 0.0013054830287206264 0.024175374925846385
0 0.011363636363636364 0.0 1.0 0.0 0.012851155809426933 0.01697852018290128 0.007575757575757575 0.0007120816520294327 0.012876692977882055
0 0.009259259259259259 0.0 1.0 0.0 0.004734316022614852 0.009513695179538631 0.006076388888888889 0.0004351610095735422 0.0011468615492677416
0 0.0020408163265306124 0.0 1.0 0.0 0.006922429438409381 0.010720411534216802 0.010469812925170066 0.0014386955826717108 0.015511984757706255
0 0.0030303030303030303 0.0 1.0 0.0 0.009297029226250753 0.007454709556291666 0.009722222222222222 0.0015665796344647516 0.03509996414147839
0 0.0018115942028985505 0.0 1.0 0.0 0.0037635152444344894 0.0011223346227894108 0.008774909420289854 0.0007378817118855717 6.059122887400849e-05
0 0.005494505494505495 0.0 1.0 0.0 0.008893524826597693 0.006808861433061897 0.00985863095238095 0.002051473330846699 0.020887803620988004
0 0.006493506493506493 0.0 1.0 0.0 0.006056997597188379 0.0 0.00615530303030303 0.0 0.029320917292480465
0 0.0022988505747126436 0.0 1.0 0.0 0.0049495099501793635 0.004129656361941084 0.011673850574712645 0.00198073287116233 0.00782756480093672
0 0.03571428571428571 0.0 1.0 0.0 0.03381894546105024 0.043954943823928894 0.014285714285714287 0.011583011583011579 0.03571428571428571
0 0.02 0.0 1.0 0.0 0.02192144431876759 0.028666412835391668 0.017066666666666664 0.002162162162162162 0.02613598144576317
0 0.023809523809523808 0.0 1.0 0.0 0.023467400848903083 0.01969805433395071 0.019047619047619046 0.0 0.046019476718327325
1 0.03125 0.0 1.0 0.0 0.03266042345626101 0.05276923157834759 0.013333333333333334 0.0033783783783783786 0.07063909086937993
0 0.125 0.0 1.0 0.25 0.022373162987538952 0.03791160982579421 0.017045454545454544 0.013461538461538462 0.12500000000000003
0 0.01282051282051282 0.0 1.0 0.05128205128205128 0.04104595734778237 0.04934383330169713 0.00971250971250971 0.005522682445759369 5.530776157692189e-06
0 0.017543859649122806 0.0 1.0 0.10526315789473684 0.012885716944117684 0.0 0.004784688995215311 0.0 4.6553143352452867e-05
0 0.02564102564102564 0.0 1.0 0.05128205128205128 0.008706592142128154 0.010319333526473823 0.012201591511936342 0.0037811650714876513 0.025641025641025647
0 0.023809523809523808 0.0 1.0 0.0 0.006091279855556813 0.008956411801611996 0.007334428024083197 0.0028527540048277366 0.02872064949762113
0 0.023809523809523808 0.0 1.0 0.0 0.00545178396322085 0.005597757376007498 0.01691297208538588 0.003456221198156682 0.018827582718551703
0 0.013157894736842105 0.0 1.0 0.0 0.005690197766562808 0.00577452866156563 0.01500302480338778 0.0026679602231384904 0.028305741798161987
0 0.008333333333333333 0.0 1.0 0.0 0.007412722341400324 0.008489932020278038 0.011398467432950192 0.0034562211981566827 0.0213378621733861
0 0.011904761904761904 0.0 1.0 0.0 0.004289807959219461 0.012315066227216495 0.004105090311986864 0.001152073732718894 0.0034999998555695355
0 0.005494505494505494 0.0 1.0 0.0 0.005053105651531169 0.010851037375029921 0.009725906277630416 0.0007975895072669266 0.020486976584541496
0 0.005681818181818182 0.0 1.0 0.0 0.002571683707945321 0.006411976630699498 0.007628004179728317 0.001152073732718894 0.009672177903621609
0 0.008547008547008546 0.0 1.0 0.0 0.0008587948035842613 0.007234024916686612 0.00618921308576481 0.0 0.005660002551520282
0 0.0058823529411764705 0.0 1.0 0.0 0.008864503676872549 0.008297852110316997 0.010818120351588911 0.0010843046896177825 0.02011363009881732
0 0.005050505050505051 0.0 1.0 0.0 0.004456253502268151 0.007836860326410497 0.006896551724137931 0.00038402457757296467 0.0005091297071301193
1 0.003623188405797101 0.0 1.0 0.08695652173913043 0.00783013167097411 0.010221991730100648 0.008095952023988006 0.0006010819475055099 0.0003895601317022656
0 0.0022624434389140274 0.0 1.0 0.0 0.0033538736200442935 0.005593809566609051 0.011426639621365788 0.0016942260775277853 0.00029432920092351174
0 0.002747252747252747 0.0 1.0 0.0 0.004263199340923133 0.0012056708194477688 0.015826702033598587 0.0012406947890818859 0.0003439931810757235
0 0.0031746031746031746 0.0 1.0 0.0 0.0048877318603435015 0.0 0.003393541324575807 0.0 0.0014906425626051857
0 0.002403846153846154 0.0 1.0 0.07692307692307693 0.0062524806183052 0.0012056708194477688 0.008576480990274093 0.0001772421127259837 0.00019736697859878283
0 0.003676470588235294 0.0 1.0 0.0 0.003031684596053409 0.0011111623802298014 0.013505747126436783 0.000576036866359447 0.00039485975772809675
0 0.002525252525252525 0.0 1.0 0.0 0.006555605326365002 0.0011947596302170507 0.008672936259143156 0.0010473397570171764 0.0132516145254602
0 0.0043859649122807015 0.0 1.0 0.0 0.009733133512183344 0.0 0.0007662835249042146 0.0 0.0032146046928649835
0 0.004166666666666667 0.0 1.0 0.16666666666666666 0.006513627398224766 0.0 0.00842911877394636 0.00038402457757296467 0.0011988303513441585
0 0.002976190476190476 0.0 1.0 0.0 0.0006570172862473249 0.0 0.010344827586206898 0.001152073732718894 0.0011482358137682076
0 0.030303030303030304 0.0 1.0 0.0 0.009467443019742911 0.008850730964933102 0.009509993552546746 0.002422089455837237 0.030303030303030304
0 0.027777777777777776 0.0 1.0 0.0 0.004225619884705485 0.00671244796065158 0.009456264775413713 0.0016775212157094923 0.025948163953862312
0 0.007936507936507936 0.0 1.0 0.0 0.005023237893557967 0.007328036239024611 0.012537993920972646 0.0021145225408102856 7.529456236794808e-05
0 0.010416666666666666 0.0 1.0 0.0 0.0082096013482453 0.0059986214487113805 0.013150118203309693 0.0022202486678507987 0.016992065477940004
0 0.00625 0.0 1.0 0.0 0.005380484155074852 0.00501019723506685 0.008311170212765957 0.0011101243339253994 0.005284798054592453
0 0.023809523809523808 0.0 1.0 0.0 0.0011223311812523754 0.005195378683918878 0.014184397163120569 0.0005074854097944684 0.007520241517063206
0 0.009523809523809523 0.0 1.0 0.0 0.0013805727387159702 0.0024245100524954762 0.010874704491725767 0.00023682652457075192 0.001152674381924876
0 0.004310344827586207 0.0 1.0 0.0 0.012633300710351835 0.009380733918690196 0.008865248226950357 0.0005512341520181295 0.01975783002444115
0 0.006944444444444444 0.0 1.0 0.0 0.008497015060710825 0.003020601582293211 0.01595744680851064 0.0006660746003552398 0.0022525352939192964
0 0.0024390243902439024 0.0 1.0 0.0 0.005493718191777166 0.00706437005415998 0.012022141498010726 0.0009097604297534982 0.007713541636499575
0 0.00909090909090909 0.0 1.0 0.0 0.002412196724583089 0.00845768443042099 0.0014184397163120566 0.0 0.003659883359940825
0 0.0027777777777777775 0.0 1.0 0.0 0.0062012113139914655 0.004832962531669137 0.008924349881796693 0.00023682652457075192 7.707474475899436e-05
0 0.006993006993006993 0.0 1.0 0.0 0.007717719034349555 0.004393602301517398 0.01144422952933591 0.0017761989342806395 0.0512448772266852
0 0.004464285714285714 0.0 1.0 0.0 0.003984485522132498 0.004377006463013541 0.011857269503546099 0.0006660746003552398 0.00046428159204529775
0 0.0020833333333333333 0.0 1.0 0.0625 0.002395486887042131 0.00045452315299978913 0.012799202127659576 0.0008880994671403195 0.0012766127941725893
0 0.002840909090909091 0.0 1.0 0.0 0.008586485102461449 0.0031832774276462114 0.009268214055448098 0.0006458905215565962 0.0040817529488365156
0 0.003095975232198142 0.0 1.0 0.0 0.002062002295036289 0.0007655126787364869 0.009425158641284062 0.0010283256987940546 0.004794236349001081
0 0.0014619883040935672 0.0 1.0 0.0 0.004695178788557401 0.0007594793496594027 0.009611795446061963 0.00042067869496120405 0.014019194644346755
0 0.002105263157894737 0.0 1.0 0.0 0.00874120322295341 0.0045003066718379316 0.006595744680851064 0.0008525754884547069 0.021500714906706807
0 0.0016129032258064516 0.0 1.0 0.0 0.0027047576928518322 0.0012842370084054605 0.01138183482040723 0.0006302641379705494 0.0001296789090569622
0 0.0017006802721088435 0.0 1.0 0.0 0.009851943506948957 0.0016381175267811058 0.00303951367781155 0.0002537427048972342 0.019427062545895327
0 0.001976284584980237 0.0 1.0 0.0 0.007011552681281872 0.0036328210053569094 0.0061671292013567676 0.000617808324967179 0.00040948826070391994
0 0.001976284584980237 0.0 1.0 0.0 0.0 0.0 0.00805931656995487 0.00048441789116744714 0.0007774963080031681
0 0.05 0.0 1.0 0.0 0.0034233777723017924 0.0030612127644029626 0.010140562248995982 0.0020120724346076456 0.05000000000000001
0 0.03333333333333333 0.0 1.0 0.0 0.0042834097451244025 0.0 0.0009370816599732262 0.001877934272300469 0.005711739390821809
0 0.041666666666666664 0.0 1.0 0.25 0.028182815157974744 0.01710863874075531 0.0077811244979919675 0.0025150905432595573 0.0027921949592727645
0 0.027777777777777776 0.0 1.0 0.2222222222222222 0.001363062825248631 0.0 0.01182507809013833 0.0020120724346076456 0.00415789690224065
0 0.0058823529411764705 0.0 1.0 0.11764705882352941 0.006401759051588041 0.012901671720460224 0.008091188282541933 0.0029589300508935964 0.0015243854346972036
0 0.00505050505050505 0.0 1.0 0.0 0.003848118807318482 0.0058500625921844894 0.009127418765972981 0.0021340162185232605 0.000312394076907264
0 0.023809523809523808 0.0 1.0 0.0 0.0037825316043020667 0.009124607328402833 0.005354752342704151 0.001676727028839705 0.019104279667342534
0 0.004629629629629629 0.0 1.0 0.07407407407407407 0.0035331409724700088 0.005959799303506398 0.008403986315632899 0.0008197332140994113 0.00045389047764602194
0 0.002525252525252525 0.0 1.0 0.045454545454545456 0.0030137084624714465 0.005251449124794024 0.007256297918948521 0.00027437351381013356 8.416024347315003e-05
0 0.016666666666666666 0.0 1.0 0.0 0.005752445938790071 0.01140575916050354 0.004685408299866131 0.0 0.01711593931527902
0 0.0017825311942959003 0.0 1.0 0.0784313725490196 0.004505119460429497 0.01067358818092929 0.00933144342074179 0.0009468576162859509 0.0002977963435835661
0 0.011904761904761904 0.0 1.0 0.2857142857142857 0.0077032790029714655 0.018507367867726703 0.01778542742398164 0.004024144869215292 0.024822186928113495
0 0.002079002079002079 0.0 1.0 0.10810810810810811 0.005792716866327584 0.009551003025377244 0.007543688266579832 0.0009788460492685845 0.000502510290364932
0 0.003105590062111801 0.0 1.0 0.0 0.004256660925564118 0.005355747779714705 0.006984459577440194 0.0 0.001915553371485672
1 0.0016666666666666666 0.0 1.0 0.05 0.002740398267573973 0.0023952094237057434 0.008333333333333333 0.0002012072434607646 0.0007352518179207625
0 0.0021551724137931034 0.0 1.0 0.13793103448275862 0.009488163993834887 0.006730924322994717 0.007962886026866085 0.001457017969888295 0.0011892674455444047
0 0.003095975232198142 0.0 1.0 0.10526315789473684 0.012258737055424485 0.004175375857124429 0.007609384908053264 0.0009530869427088849 0.0003264987946642854
0 0.002525252525252525 0.0 1.0 0.09090909090909091 0.004722059105802903 0.0012442646356912953 0.009127418765972983 0.00036583135174684476 0.0004862929461372746
0 0.0011198208286674132 0.0 1.0 0.0851063829787234 0.004017286518814088 0.00438080963830594 0.009356575237118686 0.001070251295004067 0.0014887911495735098
0 0.002380952380952381 0.0 1.0 0.0 0.003062734736555266 0.000930628459187314 0.006119716963090456 0.00019162594615310916 0.005498993008883089
0 0.03125 0.0 1.0 0.0 0.0049411764756081816 0.00899670347785323 0.011320754716981131 0.002362948960302457 0.03125000000000001
0 0.014285714285714285 0.0 1.0 0.05714285714285714 0.0037117726316866512 0.008450179830216535 0.012506738544474393 0.002160410477990818 0.0009097843447523327
0 0.013888888888888888 0.0 1.0 0.08333333333333333 0.003106109922002082 0.008801897501449484 0.012264150943396225 0.0021266540642722116 0.002024039783561502
0 0.006944444444444444 0.0 1.0 0.05555555555555555 0.0032185102746728695 0.0074016915780994695 0.00880503144654088 0.002152909052720016 0.00761860794690712
0 0.005555555555555556 0.0 1.0 0.0 0.0037444054203330554 0.003834879600316219 0.015146750524109014 0.0010501995379122034 0.018206372044868045
0 0.020833333333333332 0.0 1.0 0.0 0.0 0.0032147423267128122 0.007547169811320755 0.0 0.022312408848926713
0 0.005494505494505494 0.0 1.0 0.0 0.007024474767363505 0.007099132782840788 0.022568940493468796 0.0015268285589646647 0.022078847956091115
1 0.005 0.0 1.0 0.0 0.009430679375202165 0.005824088239992713 0.014792452830188678 0.0006805293005671077 0.013491952198371767
0 0.005555555555555555 0.0 1.0 0.0 0.0010475988169130475 0.00517805304538586 0.010094339622641509 0.0014177693761814746 0.005359707842447424
0 0.01 0.0 1.0 0.0 0.0030483027826216634 0.008418879633530411 0.022452830188679246 0.002079395085066163 0.0061015671064739065
0 0.004545454545454545 0.0 1.0 0.0 0.001425033311709915 0.004852388282107769 0.014622641509433962 0.0010396975425330814 0.0024218852994568043
0 0.003205128205128205 0.0 1.0 0.0 0.0061840812944587535 0.004299993553020137 0.008127721335268505 0.0003635306092773012 0.014783588260874083
0 0.0027472527472527475 0.0 1.0 0.0 0.003820645641100919 0.004452100060191958 0.009231805929919137 0.0006076154469349176 0.004521961512491984
0 0.011904761904761904 0.0 1.0 0.0 0.00760557221382631 0.010060659191853094 0.007861635220125786 0.001575299306868305 0.01190133711694469
0 0.0018018018018018018 0.0 1.0 0.0 0.0019338242472067423 0.002197496201771935 0.01560428352881183 0.0009196341899555512 0.0007190832938897617
0 0.002840909090909091 0.0 1.0 0.0 0.002186678724229333 0.0048647862763301864 0.006775300171526586 0.0004296270836913559 0.004048209613635351
0 0.00130718954248366 0.0 1.0 0.0 0.003969183530205578 0.0034290584818269998 0.00981132075471698 0.0004200798151648813 0.012599258213556978
0 0.00326797385620915 0.0 1.0 0.0 0.004001888984084038 0.0 0.010876803551609322 0.0008895807850550428 0.03302196197112823
0 0.0014619883040935672 0.0 1.0 0.0 0.0037947273911153353 0.0 0.010849056603773584 0.0 0.0038455932875899788
0 0.0029411764705882353 0.0 1.0 0.0 0.004531933687268357 0.0010007360547826677 0.014095449500554937 0.0007783831869231624 0.0007915123692733979
0 0.003663003663003663 0.0 1.0 0.0 0.0014670946248450134 0.0 0.003193033381712627 0.0 0.008188924989504204
0 0.004132231404958678 0.0 1.0 0.0 0.007130077034377635 0.0 0.006003430531732418 0.0 0.03127159978123179
0 0.06666666666666667 0.0 1.0 0.0 0.0008648206922043365 0.0025621072554893824 0.01220657276995305 0.0026365348399246713 0.06666666666666665
0 0.03333333333333333 0.0 1.0 0.0 0.006674363282618413 0.0 0.002816901408450705 0.0026365348399246713 0.005324603314984679
0 0.037037037037037035 0.0 1.0 0.2222222222222222 0.0030680384958405213 0.0 0.0134585289514867 0.0025109855618330196 0.0015694602667041923
0 0.009615384615384616 0.0 1.0 0.15384615384615385 0.006975484983260256 0.010280214263380634 0.006717226435536294 0.0035853976531942645 0.00113724260292401
0 0.009090909090909092 0.0 1.0 0.0 0.004820470213026302 0.009607902208085186 0.009346991037131882 0.002824858757062148 0.0002615487107542614
0 0.003401360544217687 0.0 1.0 0.0 0.0038918756591164636 0.00509807055939214 0.009427996550732965 0.0008071025020177564 4.823101834539762e-05
0 0.004201680672268907 0.0 1.0 0.11764705882352941 0.007904866689071427 0.011634980960957903 0.008533554266777132 0.001163177135260884 0.0005560122707633723
0 0.004464285714285714 0.0 1.0 0.0 0.004659486680027843 0.008699950297203374 0.007645875251509054 0.0006053268765133172 0.00016501382548580348
0 0.015873015873015872 0.0 1.0 0.14285714285714285 0.012531179289948041 0.010980459666383068 0.006438631790744466 0.0008071025020177562 0.013649979877779338
0 0.0058823529411764705 0.0 1.0 0.0 0.004943242990233496 0.0033910243087359477 0.004473902236951119 0.00033233632436025255 0.005846852114892017
0 0.01818181818181818 0.0 1.0 0.4 0.015004250526403518 0.021884139569641824 0.007323943661971831 0.001694915254237288 0.01629994098427583
0 0.002976190476190476 0.0 1.0 0.0 0.007665180796650706 0.007339275711752178 0.008651911468812877 0.0003026634382566586 7.847918315718127e-05
0 0.003663003663003663 0.0 1.0 0.0 0.008129144672670756 0.012530815865598673 0.009926224010731052 0.0004035512510088781 0.0002027562199263839
0 0.007936507936507936 0.0 1.0 0.0 0.0017953480141808045 0.0 0.010328638497652582 0.0012554927809165098 0.0015146787470671674
0 0.0020833333333333333 0.0 1.0 0.125 0.003118304139177157 0.008546638123013027 0.010299295774647887 0.0005296610169491525 0.00010017787769342506
0 0.010416666666666666 0.0 1.0 0.0 0.004760119072229528 0.0 0.016431924882629106 0.0 0.002386720655488565
0 0.0053475935828877 0.0 1.0 0.0 0.003289911350819746 0.0 0.004097311139564661 0.0 0.010345979730646729
0 0.0026455026455026454 0.0 1.0 0.0 0.0027643660542680574 0.0 0.006036217303822937 0.0 0.00022982396807890782
1 0.01818181818181818 0.0 1.0 0.0 0.0027020677981716753 0.003678771676742087 0.013509260380099261 0.0018424242424242428 0.01818181818181818
0 0.014705882352941176 0.0 1.0 0.0 0.001954494083912048 0.005323113957823587 0.00908592464948696 0.0014901960784313717 0.0011053140237660176
0 0.0303030303030303 0.0 1.0 0.0 0.0017707606804982636 0.0043889937447221545 0.01210507202517855 0.0020606060606060605 0.00608377599922493
0 0.007142857142857143 0.0 1.0 0.0 0.0034913021112523836 0.0036481879244954804 0.013543846300171199 0.0019047619047619043 0.010814158668869313
0 0.008333333333333333 0.0 1.0 0.0 0.0053720620964147715 0.003555230088453254 0.008211273857079449 0.001388888888888889 0.02406857704289943
0 0.005208333333333333 0.0 1.0 0.0 0.0020101956965109125 0.0035519734340351255 0.010319573901464714 0.0016666666666666661 0.023532704370783846
0 0.004329004329004329 0.0 1.0 0.0 0.0021579157521898823 0.0043087309751859695 0.013638381148367832 0.0008080808080808081 0.010862361400268219
0 0.007352941176470588 0.0 1.0 0.0 0.002019719378405485 0.004268169263262313 0.005482885564345578 0.0 0.01399814087639246
0 0.015873015873015872 0.0 1.0 0.0 0.003541378372096605 0.005182776962532809 0.006087121932661213 0.0 0.04043791530207512
0 0.004 0.0 1.0 0.0 0.004453750051565497 0.00494859668911932 0.0170439414114514 0.00128 0.026804839698677575
0 0.004132231404958678 0.0 1.0 0.0 0.0023102730225766964 0.002557615935822167 0.012528749546059799 0.0007272727272727273 0.03743977114516653
0 0.007575757575757575 0.0 1.0 0.0 0.0024729976200154077 0.0027940237539318268 0.01041036194165355 0.00024242424242424242 0.010832588797610815
0 0.004807692307692308 0.0 1.0 0.0 0.002971242029799149 0.0022674649211081037 0.00815579227696405 0.0005833333333333333 0.06653390041205556
0 0.00510204081632653 0.0 1.0 0.0 0.0026482148843248077 0.0055318400984848675 0.005611565531672057 0.00038095238095238096 0.019731847457379225
0 0.011111111111111112 0.0 1.0 0.0 0.000972289834509929 0.001649489915540442 0.01087438970261873 0.0008888888888888888 0.10558182949037549
0 0.001893939393939394 0.0 1.0 0.0 0.0018102712212785023 0.0044030829073197116 0.006940241294435701 0.00016161616161616162 0.0022104501199807234
0 0.00267379679144385 0.0 1.0 0.0 0.001792172159895565 0.003409196337596533 0.009805108340394624 0.00012121212121212121 0.004114249274860234
0 0.0030864197530864196 0.0 1.0 0.0 0.0021443735416158964 0.004783572330031902 0.0142772599496967 0.0008148148148148149 0.0029461806601844137
0 0.0043859649122807015 0.0 1.0 0.0 0.003179574030138193 0.0024214976278992026 0.012427873945849975 0.0011111111111111111 0.0761379735997235
0 0.0033333333333333335 0.0 1.0 0.0 0.0013680770423798025 0.0037187573179980307 0.0040834442964935635 0.0003555555555555555 0.020709221790478554
0 0.007936507936507936 0.0 1.0 0.0 0.0013312958462104194 0.0015116432807387359 0.007767421216156235 0.0 0.08550865532478195
0 0.0010822510822510823 0.0 1.0 0.023809523809523808 0.0020622736936188662 0.004558996750700377 0.008813645298332382 0.0005714285714285715 0.016427022611134698
0 0.008695652173913044 0.0 1.0 0.0 0.0036231130563644798 0.003627943873772966 0.006391478029294273 0.0 0.053962117799673345
0 0.00042087542087542086 0.0 1.0 0.020202020202020204 0.002558244109297578 0.002656827584328687 0.008903952978520221 0.0003367003367003367 0.0002004551043841242
0 0.004 0.0 1.0 0.0 0.0026581222994289597 0.0 0.00559254327563249 0.0 0.03352290036584794
0 0.0006747638326585696 0.0 1.0 0.0 0.002681153929000754 0.00041250515947913803 0.012708201929590955 0.0002807017543859649 0.0004612225427936176
0 0.0007716049382716049 0.0 1.0 0.0 0.0019299559196563317 0.0001927883473971726 0.012566577896138484 0.0005 0.0006554589197468899
0 0.0012755102040816326 0.0 1.0 0.0 0.0018249772054461828 0.0 0.009368461099486395 0.0006666666666666668 0.0019153543012150095
0 0.0024630541871921183 0.0 1.0 0.0 0.002366381555335774 0.0 0.003424006087121932 0.0 0.01901156393392529
0 0.05555555555555555 0.0 1.0 0.0 0.02560509329833989 0.02361123548296083 0.01823579304495335 0.007692307692307693 0.05555555555555555
0 0.03333333333333333 0.0 1.0 0.0 0.006610791179944925 0.01324271009855249 0.019338422391857506 0.0071794871794871795 0.00032601419465886673
0 0.037037037037037035 0.0 1.0 0.0 0.01891745899596599 0.01744203785467772 0.016963528413910092 0.003418803418803419 0.13071998807364935
0 0.007575757575757576 0.0 1.0 0.0 0.005910312534882486 0.008395938935745717 0.018274346518621334 0.0009324009324009324 0.0061054047076084935
0 0.010526315789473684 0.0 1.0 0.0 0.018364368651631675 0.013770029885271885 0.015267175572519087 0.0008097165991902835 0.05294073887112577
0 0.013888888888888888 0.0 1.0 0.0 0.012980906965172165 0.02308883207330072 0.010178117048346055 0.001282051282051282 0.019830272451386813
0 0.012987012987012986 0.0 1.0 0.0 0.014113984775042892 0.02581996383345122 0.011797362942401109 0.0013986013986013986 0.03049858814794676
0 0.008928571428571428 0.0 1.0 0.0 0.01910522729215785 0.011212738620864249 0.023446019629225736 0.0 0.08400788001433443
0 0.038461538461538464 0.0 1.0 0.0 0.0038411222797328634 0.004658387601776776 0.006879299562226391 0.0016994633273703028 0.038461538461538464
1 0.013513513513513514 0.0 1.0 0.0 0.0033965294718317097 0.005594949224015565 0.007439495244373295 0.0015399120050282836 0.024173913808395585
0 0.007751937984496124 0.0 1.0 0.0 0.008190386481030215 0.008900391826059171 0.011425330200145857 0.002271498107084909 0.010914749957269864
0 0.025 0.0 1.0 0.0 0.000823298077886836 0.003954880676351344 0.00708478513356562 0.0011627906976744186 0.0026170856692099057
0 0.010526315789473684 0.0 1.0 0.0 0.00667286011645199 0.012024411748488704 0.013753896937465619 0.002631578947368419 0.00012362585676283454
0 0.005747126436781609 0.0 1.0 0.0 0.0035574264828795526 0.005232667113953756 0.011534302535143577 0.0013632718524458699 0.00014020189476949703
0 0.01020408163265306 0.0 1.0 0.0 0.01481879000121405 0.01873651862258627 0.015762402521984405 0.004235880398671095 0.03979698842038622
0 0.007352941176470588 0.0 1.0 0.0 0.0024114019452066543 0.003394211187482746 0.009701441552230648 0.0011627906976744186 0.0013451920302982353
0 0.004629629629629629 0.0 1.0 0.0 0.0029064267353906847 0.004323743320708933 0.01069492837785521 0.0017441860465116272 0.0005196716417608965
0 0.004347826086956522 0.0 1.0 0.0 0.002699270000109361 0.003439026675088125 0.01136191486138464 0.000910010111223458 0.00024863093236796176
0 0.006493506493506494 0.0 1.0 0.0 0.0020535710330199775 0.003954880676351344 0.0073004811680769865 0.0 0.001148401187980489
0 0.0028735632183908046 0.0 1.0 0.0 0.0057188689456224955 0.009511846569643143 0.011654451519884658 0.0010825982357658382 0.00016861726643933644
0 0.00591715976331361 0.0 1.0 0.0 0.0065592964045666675 0.0024337727239085193 0.01125703564727955 0.00017889087656529517 0.034607850873192625
0 0.003105590062111801 0.0 1.0 0.0 0.004442742716898978 0.0017195133375440626 0.0073221229106701004 0.00010111223458038423 0.0005916755812661339
0 0.0031746031746031746 0.0 1.0 0.0 0.003706110992122263 0.0023525395696759196 0.011780321884851501 0.0003322259136212625 0.00035766307255395816
0 0.004166666666666667 0.0 1.0 0.0 0.006938060340085051 0.006373509283685852 0.012543554006968643 0.0016279069767441861 0.06206943348064753
0 0.004524886877828054 0.0 1.0 0.0 0.0050769876470493575 0.003042215904885649 0.0038416867685160372 0.0 0.0011717595301160835
0 0.0018518518518518517 0.0 1.0 0.0 0.0014167694200687738 0.0032601613730429964 0.008362369337979094 0.0003875968992248062 0.0005766893291607037
0 0.002631578947368421 0.0 1.0 0.0 0.0024032487732430865 0.003958822717243865 0.007839721254355402 0.0005232558139534884 0.00040863504199368595
0 0.0029411764705882353 0.0 1.0 0.0 0.00593033638058523 0.006513921113990449 0.005192320830771334 0.00027359781121751026 0.0010079960872633738
0 0.0021645021645021645 0.0 1.0 0.0 0.003652222823636552 0.00287627685552825 0.01013620525815648 0.0003171247357293869 0.0003352187373549263
0 0.004132231404958678 0.0 1.0 0.18181818181818182 0.013800711230012806 0.0057525537110565 0.006968641114982577 0.00021141649048625792 0.000732624468961286
0 0.005434782608695652 0.0 1.0 0.0 0.0026016048326935113 0.002966160507263508 0.011469221835075495 0.0 0.0064047355246507195
0 0.002976190476190476 0.0 1.0 0.14285714285714285 0.004548050411656763 0.006779795445173732 0.00514352082296333 0.0003322259136212625 0.0018431660060250737
0 0.0025 0.0 1.0 0.0 0.004430358785058306 0.007012408721321592 0.009799651567944248 0.00043604651162790697 0.0006729985709930093
0 0.0016722408026755855 0.0 1.0 0.0 0.006124592373010153 0.008216794140172278 0.011210422663232845 0.0008088978766430738 0.0001592004154064623
0 0.0028490028490028487 0.0 1.0 0.0 0.004111486540429837 0.0018253295429313892 0.005271151612615026 0.00026833631484794273 0.002269943818084262
0 0.004464285714285714 0.0 1.0 0.0 0.00461886603357801 0.0 0.004210220673635308 0.0 0.0029936462328438765
0 0.0014992503748125937 0.0 1.0 0.0 0.0006579520972451174 0.0 0.005453719133464627 0.00010111223458038423 0.002587641101898885
0 0.001075268817204301 0.0 1.0 0.0 0.0022707608919077574 0.0013229253989297189 0.007717957363905438 0.0003000750187546887 0.0004540811367865597
0 0.0016129032258064516 0.0 1.0 0.0 0.002569705800554134 0.0016762464817284824 0.015737514518002323 0.0011627906976744186 0.0001491679471895852
0 0.0010080645161290322 0.0 1.0 0.0 0.0050503862061305116 0.0 0.012888239481473154 0.0005251312828207052 4.904764166532499e-05
0 0.0030303030303030303 0.0 1.0 0.2 0.009022282178835269 0.0 0.011149825783972125 0.0 0.00034304231800078835
0 0.003676470588235294 0.0 1.0 0.0 0.005102779020301021 0.001775944064757083 0.0040650406504065045 0.00029069767441860465 0.002885231105415634
0 0.001680672268907563 0.0 1.0 0.0 0.004818811624857315 0.0008357383834150979 0.007651841224294595 0.00027359781121751026 0.0011489917882216744
0 0.0012077294685990338 0.0 1.0 0.0 0.007301840811133653 0.008210268506083543 0.01166489925768823 0.001718907987866532 0.014530284017481796
0 0.000819000819000819 0.0 1.0 0.0 0.0034748859890140938 0.0 0.013409354872769508 0.0003875968992248062 0.00011612972092273791
0 0.0013157894736842105 0.0 1.0 0.0 0.0034980404576348345 0.0 0.009988385598141695 0.00011627906976744185 0.0337616486108489
0 0.0009861932938856016 0.0 1.0 0.0 0.007749024619740288 0.008968842326053026 0.011525060305548115 0.0018336314847942755 0.021478568575039707
0 0.0008928571428571429 0.0 1.0 0.07142857142857142 0.009389904426193257 0.007316410357285734 0.00618052098888336 0.00132890365448505 0.019341095871333064
0 0.0022172949002217295 0.0 1.0 0.0 0.006027459550204736 0.002157207641646187 0.002111709428782599 0.0003171247357293869 0.002399052128851032
0 0.0047619047619047615 0.0 1.0 0.0 0.0027082182061773075 0.0 0.004413472706155633 0.0 0.012782009228134463
1 0.0033222591362126247 0.0 1.0 0.0 0.013856094713304725 0.00487295753806666 0.008793761407001825 0.00132890365448505 0.13564449716060187
0 0.0014204545454545455 0.0 1.0 0.5 0.015690950443869246 0.003954880676351344 0.005589430894308943 0.0005813953488372093 0.0005167454775974346