1 0.037037037037037035 0.0 1.0 0.0 0.013087346927296113 0.01106986919143541 0.013401559454191029 0.006622516556291395 0.03703703703703704
0 0.05 0.0 1.0 0.0 0.016729688674688173 0.01729203096995307 0.009210526315789473 0.005960264900662251 0.07892965890903976
0 0.013888888888888888 0.0 1.0 0.0 0.0179614093190055 0.022455411389068355 0.007127192982456139 0.0019315673289183224 0.009377519730189526
1 0.01 0.0 1.0 0.0 0.01799696755841522 0.02368489557379002 0.010526315789473684 0.0005298013245033113 0.02841835641619543
0 0.011111111111111112 0.0 1.0 0.0 0.012200029970911007 0.012931545949901924 0.006578947368421052 0.0007358351729212656 0.012019242816935043
0 0.005747126436781609 0.0 1.0 0.0 0.015225247851890614 0.0034887612639985972 0.01406533575317604 0.0009134505594884677 0.018490657082534143
0 0.014285714285714285 0.0 1.0 0.0 0.008097992273951646 0.004504897194254511 0.011184210526315788 0.0 0.0008386627865125485
0 0.013888888888888888 0.0 1.0 0.0 0.01773503042790275 0.010010882653898913 0.005847953216374269 0.0 0.08893652265650905
0 0.047619047619047616 0.0 1.0 0.0 0.011055224045730543 0.011302704077772573 0.013756613756613753 0.005852620377760041 0.047619047619047616
0 0.041666666666666664 0.0 1.0 0.0 0.009068650881531217 0.015834252242375026 0.015277777777777774 0.006052141527001862 0.0005442917092309563
0 0.037037037037037035 0.0 1.0 0.0 0.021988525758676332 0.029557270852433384 0.008024691358024692 0.00558659217877095 0.0004189978588383673
0 0.025 0.0 1.0 0.0 0.006852371342555709 0.019935458025152397 0.010555555555555556 0.006145251396648045 0.01888545843619315
0 0.014285714285714287 0.0 1.0 0.0 0.010323673247946353 0.01628665944930003 0.009523809523809526 0.0007980845969672786 0.00022338244354307003
0 0.007575757575757575 0.0 1.0 0.0 0.008883320031090006 0.00690949188758183 0.007070707070707071 0.0005078720162519046 0.03586972529719065
0 0.005714285714285714 0.0 1.0 0.0 0.007279563151132406 0.003040176430536005 0.011333333333333336 0.0 0.028084771218770958
0 0.004032258064516129 0.0 1.0 0.0 0.014379779879129013 0.018388163894371 0.008064516129032256 0.0007208506037123806 0.017406543881286506
0 0.0101010101010101 0.0 1.0 0.0 0.010898710560945461 0.00690949188758183 0.011616161616161615 0.0010157440325038092 0.06996834328348223
0 0.004 0.0 1.0 0.0 0.0036142332363514225 0.003040176430536005 0.010444444444444444 0.0 0.00013606186275032678
0 0.16666666666666666 0.0 1.0 0.0 0.006167941504480371 0.012814348676795791 0.007082152974504249 0.003787878787878788 0.16666666666666666
1 0.05555555555555555 0.0 1.0 0.0 0.0309886481861231 0.00385684822144215 0.015423355366698144 0.002525252525252526 8.618338566566015e-05
0 0.0303030303030303 0.0 1.0 0.0 0.021129643423973807 0.013810817051845488 0.02060262683492145 0.004648760330578511 5.747035785431173e-05
0 0.006944444444444444 0.0 1.0 0.0 0.01991637721037509 0.007140511056011915 0.015344664778092543 0.0034722222222222207 1.3120438179547223e-05
0 0.0064516129032258064 0.0 1.0 0.0 0.018593390051114086 0.010815708363211399 0.015443662615370553 0.0022910557184750726 0.0048716076795077634
0 0.01282051282051282 0.0 1.0 0.0 0.0018469328152796087 0.004459611951480099 0.014600130747439528 0.0008741258741258741 0.0005171919868622822
0 0.017857142857142856 0.0 1.0 0.0 0.002703090540672153 0.0021694771245612094 0.015580736543909348 0.002840909090909091 0.0010228506443709991
0 0.006578947368421052 0.0 1.0 0.0 0.02620866422144575 0.015318655530438674 0.016102579394662298 0.0037380382775119613 0.00822932927352974
0 0.007407407407407407 0.0 1.0 0.0 0.015369138811578174 0.00991282510699141 0.016052880075542966 0.0003787878787878788 5.742104403765741e-05
0 0.0032258064516129032 0.0 1.0 0.0 0.011019866463010102 0.006870816329493567 0.015717810472448142 0.0021077712609970673 2.3325112424725814e-05
0 0.003952569169960474 0.0 1.0 0.0 0.0065182534669563355 0.010194301119762094 0.014164305949008494 0.001976284584980237 0.023986012644444627
0 0.004166666666666667 0.0 1.0 0.0 0.011243663293720726 0.010834666807408534 0.016572237960339943 0.0011363636363636363 3.0476794816850547e-05
0 0.003344481605351171 0.0 1.0 0.0 0.002066147606411556 0.008212942023742427 0.011577780514841731 0.0011116600790513833 0.03726397897188963
0 0.006493506493506493 0.0 1.0 0.0 0.013581688115128738 0.014200213906218824 0.010301313417460727 0.0010330578512396695 0.00015697034909565832
0 0.005128205128205128 0.0 1.0 0.0 0.021952782842865372 0.0130281351697863 0.015907605142732623 0.0021853146853146855 6.044218903942366e-05
0 0.003125 0.0 1.0 0.0 0.008391466727468797 0.006843868392266332 0.013881019830028329 0.0005681818181818182 6.618101651002136e-05
0 0.0021008403361344537 0.0 1.0 0.0 0.0040047884283156265 0.007404931942160825 0.014973694860380414 0.002232142857142857 8.29764131082177e-05
0 0.0037037037037037034 0.0 1.0 0.0 0.023329378112085384 0.007543804897516202 0.017563739376770537 0.0020833333333333333 4.1667967742241234e-05
0 0.002506265664160401 0.0 1.0 0.0 0.006318583322286172 0.0062366601650263994 0.009173074328881693 0.0008116883116883116 8.722080362696233e-05
0 0.08333333333333333 0.0 1.0 0.0 0.0034515246832417176 0.007524410366993278 0.0033375052148518977 0.0013575605680868838 0.08333333333333333
0 0.029411764705882353 0.0 1.0 0.0 0.004691206300795058 0.003757425042391114 0.01096959434587352 0.0016954150081085065 0.000198124110092576
0 0.015873015873015872 0.0 1.0 0.0 0.004215426662208193 0.002660634677119549 0.009535729185291138 0.0014918248000954767 0.019665672117570955
0 0.010416666666666666 0.0 1.0 0.0 0.0044798397370943545 0.0026213585909758887 0.008395911556111807 0.0015142021720969089 0.0015367053540421638
0 0.004878048780487805 0.0 1.0 0.04878048780487805 0.001120985210963401 0.0020790985889492975 0.010775664702829757 0.0013753896937465614 0.00018123895697693727
0 0.018518518518518517 0.0 1.0 0.0 0.00268939133734215 0.004786496370121062 0.013350020859407594 0.001392369813422445 0.0012566912269950123
0 0.017857142857142856 0.0 1.0 0.0 0.006085573601526452 0.008328767150446193 0.013923654568210262 0.0018796992481203006 0.09476942590407547
0 0.006944444444444444 0.0 1.0 0.0 0.0038668093069945367 0.0074840255078901415 0.013975803087192325 0.0021581732108047896 0.0002650538782491092
0 0.01111111111111111 0.0 1.0 0.0 0.0019691967173835942 0.003487454750614652 0.01376720901126408 0.0013784461152882206 0.0010521409214621056
0 0.004545454545454546 0.0 1.0 0.0 0.0036326954983477706 0.005047281620516286 0.007907611787461598 0.0016518569150148097 0.00020065757528008477
0 0.012987012987012988 0.0 1.0 0.0 0.005724247757972168 0.0051097813816295 0.016806722689075633 0.0014321518080916576 0.0009424051305135871
0 0.008333333333333333 0.0 1.0 0.0 0.003978694405584411 0.0009418226379952098 0.012390488110137673 0.0012531328320802004 0.0007038615984601518
0 0.0026525198938992045 0.0 1.0 0.0 0.003596197817720289 0.0027255315118905874 0.010098830434594969 0.0008642295393656554 0.00014466950008106957
0 0.007142857142857143 0.0 1.0 0.0 0.0032106679375127683 0.0025572912644076353 0.011639549436795993 0.0002506265664160401 0.0009291369133936446
0 0.00392156862745098 0.0 1.0 0.0 0.003069819483959993 0.004185677751031993 0.011705808731502614 0.0008845643520566121 0.0003988143665674036
0 0.010416666666666666 0.0 1.0 0.0 0.005265511356030726 0.0035137145679859697 0.017313308302044222 0.000835421888053467 0.14742667333121293
0 0.004901960784313725 0.0 1.0 0.0 0.002853930319404145 0.006165074228548573 0.008135168961201502 0.0003132832080200501 0.0007143383333598109
0 0.0017921146953405018 0.0 1.0 0.06451612903225806 0.0017751227297295672 0.002335500965656163 0.010537365254955793 0.00048508367693427115 0.00022689579968624692
0 0.004784688995215311 0.0 1.0 0.0 0.001576879495437413 0.0037167554631466924 0.008647172602116282 0.000227842333105491 0.000999899075590638
0 0.004166666666666667 0.0 1.0 0.0 0.003401017783522902 0.003551793422788383 0.013245723821443471 0.00020885547201336674 0.06832585537630768
0 0.003401360544217687 0.0 1.0 0.14285714285714285 0.006609276750271643 0.005479909852302077 0.008313963883425712 0.0 0.00018739129499407867
0 0.0025252525252525255 0.0 1.0 0.0 0.0013902996550035182 0.003009072277123206 0.018773466833541926 0.0006961849067112225 0.0005075159329513252
0 0.0005175983436853002 0.0 1.0 0.047619047619047616 0.0031517122372357216 0.004113749613088437 0.01080219321771262 0.0004027926960257787 0.00037627428937800453
0 0.003472222222222222 0.0 1.0 0.0 0.006187952709277344 0.00426215210734606 0.014601585314977057 0.0003132832080200501 0.05400222266467002
0 0.0025 0.0 1.0 0.0 0.0017223431740867998 0.002663845067091287 0.009543178973717144 0.00015664160401002505 0.0006425587501013419
0 0.007692307692307693 0.0 1.0 0.0 0.0024212675579284846 0.0017048608429384236 0.012265331664580726 0.0 0.002842080798032558
0 0.003367003367003367 0.0 1.0 0.0 0.0017654263067595655 0.0030997469871607702 0.014108544771873933 0.00034176349965823647 0.0011463653937274691
0 0.0015527950310559005 0.0 1.0 0.0 0.0011096652648822538 0.002594353456645428 0.008924198726669205 0.0 0.0003867381075851968
0 0.0021551724137931034 0.0 1.0 0.0 0.0016445064478564414 0.00426215210734606 0.004928035043804756 0.0 0.00036636207756356713
0 0.0017543859649122807 0.0 1.0 0.10526315789473684 0.0021931959089957417 0.0028242298375988286 0.007904617614122917 0.0006595435958316844 0.0003730781244068823
0 0.0020161290322580645 0.0 1.0 0.0 0.00388213022389403 0.004310735272807187 0.009464956195244055 0.00015664160401002505 0.047187007546674174
0 0.004464285714285714 0.0 1.0 0.0 0.002903777417969533 0.005143906043213575 0.011264080100125156 0.0003580379520229144 0.0015050992255575368
0 0.004329004329004329 0.0 1.0 0.0 0.007298888932635853 0.0036532732348680506 0.013409619166815665 0.0 0.10305008016991664
0 0.001278772378516624 0.0 1.0 0.0 0.006084207027416202 0.0023991088811601865 0.009794852260978397 0.0003813882532418001 0.00010475919540113564
0 0.002040816326530612 0.0 1.0 0.0 0.0029299979440633238 0.000992403904696446 0.01296263186125514 0.0009846043680630146 0.0005029597808461822
0 0.0012626262626262625 0.0 1.0 0.0 0.005523658530353159 0.0012875603136995415 0.007680054613721698 0.000227842333105491 0.00011105404320708756
0 0.003861003861003861 0.0 1.0 0.0 0.0008233810452329863 0.0 0.011621669944573575 0.0003580379520229144 0.0022308597492879723
0 0.0017543859649122805 0.0 1.0 0.0 0.004423423557659237 0.0 0.010846891948268668 0.0 0.00018252454785695922
0 0.0019723865877712033 0.0 1.0 0.0 0.00339379771133997 0.0026662718263340875 0.011167805911235198 0.0006747638326585695 0.0004617151296649278
0 0.004166666666666667 0.0 1.0 0.0 0.0008160248238273147 0.0 0.0027117229870671673 0.0 0.003632093155004922
0 0.003048780487804878 0.0 1.0 0.0 0.005808778300513768 0.0011627043577587702 0.023623279098873594 0.0006265664160401002 0.10212179301290121
0 0.001984126984126984 0.0 1.0 0.0 0.004166471213729604 0.0035704801611517773 0.012619941593658741 0.001670843776106934 0.0007038354155249706
0 0.0014534883720930232 0.0 1.0 0.0 0.002433855379167275 0.0008683534166093902 0.010794743429286609 0.0007048872180451127 0.00044493645415761104
0 0.002840909090909091 0.0 1.0 0.0 0.00408508303358697 0.0021310760536730295 0.008291614518147685 0.0003132832080200501 0.10811393299678033
0 0.0031746031746031746 0.0 1.0 0.0 0.009797281154734468 0.001859275635836094 0.006615412122295726 0.0003580379520229144 0.0003941947222456833
0 0.0016722408026755853 0.0 1.0 0.0 0.0034522007402496492 0.0006858235871836313 0.013382112255704246 0.0006747638326585695 0.0004543895778327385
0 0.0010638297872340426 0.0 1.0 0.0 0.001802984991050952 0.00048345310578419424 0.007634543178973717 0.0003759398496240601 0.000886582856118238
0 0.0016025641025641025 0.0 1.0 0.0 0.005735292516190247 0.0 0.006739193222297102 0.000192789666473877 0.0030239968346708213
0 0.0029154518950437317 0.0 1.0 0.0 0.004407940922798569 0.004374684985867788 0.014124798855712497 0.0007160759040458288 0.0009374637214154911
0 0.0033333333333333335 0.0 1.0 0.0 0.003183009401263133 0.0 0.01084689194826867 0.0 0.0020437835574760644
0 0.0014005602240896359 0.0 1.0 0.0 0.0014000766005190842 0.0006906472939774204 0.007956374038977294 0.0001790189760114572 0.0007533546950268484
0 0.027777777777777776 0.0 1.0 0.0 0.008473434326803234 0.010000733295656561 0.019219219219219215 0.0035098275170477333 0.027777777777777776
0 0.013513513513513514 0.0 1.0 0.0 0.00702347644702746 0.004446805686105664 0.012904796688580475 0.0021953361303541797 0.015936560466356598
0 0.02222222222222222 0.0 1.0 0.0 0.011772339287831704 0.010480360624197526 0.021021021021021016 0.003369434416365824 0.04318879210557198
0 0.011363636363636364 0.0 1.0 0.0 0.0061553720653023366 0.012262712562876787 0.01818181818181818 0.003938299967180833 0.01852342598585905
0 0.005555555555555556 0.0 1.0 0.0 0.003657798650423227 0.005719958530895042 0.019469469469469473 0.002807862013638187 0.007749636930498371
0 0.006172839506172839 0.0 1.0 0.0 0.01026428452667205 0.009259710989529702 0.016282949616282953 0.0020724695814948522 0.028084773347481547
0 0.0047619047619047615 0.0 1.0 0.0 0.00590519173599131 0.003859572821503314 0.014474474474474475 0.001203369434416366 0.024122973917542166
0 0.010416666666666666 0.0 1.0 0.0 0.004329554561714232 0.002046448484754606 0.01066066066066066 0.0006016847172081829 0.015092067920752605
0 0.004273504273504273 0.0 1.0 0.0 0.005241046991503061 0.006503580129197556 0.014622314622314623 0.0018744793113024164 0.01583006856121042
0 0.004 0.0 1.0 0.0 0.011241004656958035 0.011996904652217344 0.021981981981981983 0.002671480144404332 0.027238550821250162
0 0.003952569169960474 0.0 1.0 0.0 0.007151365067021958 0.008800724849089442 0.018331374853113987 0.002668340919792811 0.0019955396208723706
0 0.005208333333333333 0.0 1.0 0.0 0.007070048557828755 0.0030696727271319092 0.015427927927927926 0.0006768953068592059 0.004146322052114757
0 0.007692307692307693 0.0 1.0 0.0 0.005829673313597497 0.006616513627542633 0.008648648648648649 0.0007220216606498196 0.0062855942547605775
0 0.006493506493506493 0.0 1.0 0.0 0.004290864198419625 0.00522804314916138 0.014578214578214581 0.0013127666557269447 0.008671513865863954
0 0.003703703703703704 0.0 1.0 0.0 0.004620051887411746 0.0013642989898364041 0.007907907907907907 0.0 0.038725841220272415
0 0.00390625 0.0 1.0 0.0 0.006865536301585417 0.004604509090697864 0.007770270270270271 0.0002256317689530686 0.04264818348638782
0 0.0029411764705882353 0.0 1.0 0.0 0.005559732437205692 0.005042827783417317 0.021711711711711712 0.0023465703971119133 0.006493680393701548
0 0.0037037037037037034 0.0 1.0 0.0 0.001292704082290804 0.001637158787803685 0.013093093093093092 0.00024067388688327318 0.011575400078874264
0 0.002631578947368421 0.0 1.0 0.0 0.001131012027674963 0.0 0.013693693693693693 0.0007220216606498196 0.0127981015337259
0 0.0016129032258064516 0.0 1.0 0.0 0.009646715891075764 0.008060577437222551 0.014646904969485616 0.0016885990450681264 0.02147887899315424
0 0.001443001443001443 0.0 1.0 0.0 0.009137571412814457 0.006484159488739762 0.012394212394212395 0.0009845749917952082 0.01645478002575521
0 0.003246753246753247 0.0 1.0 0.0 0.008193354829121513 0.0071784909006497215 0.015701415701415703 0.0005157297576070139 0.009007701947246335
0 0.0036231884057971015 0.0 1.0 0.0 0.0037338157360489554 0.005147818117920759 0.02102102102102102 0.0016546329723225027 0.01902769971453828
0 0.0020833333333333333 0.0 1.0 0.0 0.0014075332539142018 0.001860821779899692 0.013963963963963965 0.000631768953068592 0.0046225428094253534
0 0.005 0.0 1.0 0.0 0.004209346875434087 0.004604509090697864 0.01509009009009009 0.0 0.0337540521064323
0 0.0038461538461538464 0.0 1.0 0.0 0.006710024912229965 0.007061330841005678 0.012792792792792796 0.0010830324909747295 0.004933086135878941
0 0.0030864197530864196 0.0 1.0 0.0 0.007347657708059659 0.005454619389445678 0.013063063063063063 0.0016546329723225027 0.04121040477869712
0 0.16666666666666666 0.0 1.0 0.0 0.0013212978424691569 0.008175955244380181 0.009192645883293365 0.0020032051282051285 0.1666666666666667
0 0.03125 0.0 1.0 0.0 0.007845438258355812 0.01124193846102275 0.007943645083932853 0.0027043269230769226 0.0012477404331774496
0 0.008771929824561403 0.0 1.0 0.0 0.005587406080460381 0.004733447773062211 0.013946737346964534 0.0027834008097166003 5.618043090601961e-05
0 0.022727272727272728 0.0 1.0 0.0 0.0006842888853705394 0.002973074634320066 0.013516459559625028 0.0037150349650349646 0.0014759610614783793
0 0.015384615384615385 0.0 1.0 0.0 0.00991771411942749 0.0074796089989567225 0.01180593986349382 0.002773668639053254 0.0007638334258768076
0 0.005952380952380952 0.0 1.0 0.0 0.005792685023078311 0.008314128142082284 0.009934909215484755 0.0025755494505494505 0.000334301106068198
0 0.0049261083743842365 0.0 1.0 0.0 0.0037412453387001203 0.005082653696749958 0.016538493343256435 0.0013262599469496023 0.0001980945308059581
0 0.004032258064516129 0.0 1.0 0.0 0.0061786752414582135 0.007253123559064517 0.007967819292952736 0.0006203473945409429 0.0003654620239303348
0 0.0044444444444444444 0.0 1.0 0.0 0.009403879695599918 0.003042479237936038 0.011990407673860913 0.0006730769230769232 6.875247613951462e-05
0 0.004761904761904762 0.0 1.0 0.0 0.0076984158524364705 0.005957986305461049 0.015644627155418523 0.0012591575091575092 0.00011196701406945527
0 0.008264462809917356 0.0 1.0 0.0 0.013301964713704812 0.004459611951480099 0.006540222367560495 0.0 0.0010594669201560538
0 0.003333333333333333 0.0 1.0 0.0 0.0035511897427419935 0.006540764195504145 0.010359712230215827 0.0003846153846153846 0.0009649505508140415
0 0.004807692307692308 0.0 1.0 0.0 0.0020032195801080715 0.006433439422727379 0.006744604316546762 0.0006009615384615385 0.0028177063981191957
0 0.01020408163265306 0.0 1.0 0.0 0.0 0.0 0.01301815690304899 0.0006868131868131869 0.01743702446506717
0 0.00392156862745098 0.0 1.0 0.0 0.002113341061510298 0.006055001809625768 0.008322753561856397 0.0007070135746606336 0.0020720983959679226
0 0.003125 0.0 1.0 0.0 0.0059940371075521874 0.007314532422635923 0.007913669064748202 0.001201923076923077 0.0005941900342666208
0 0.0053475935828877 0.0 1.0 0.0 0.007726832843476846 0.010757474050634677 0.012644429910616962 0.00152972027972028 0.001138841206845417
0 0.0022222222222222222 0.0 1.0 0.0 0.0031607480855887515 0.005241801868679536 0.01199040767386091 0.0007692307692307692 0.00022842284705943056
0 0.002631578947368421 0.0 1.0 0.0 0.002392832937871073 0.0049860164828601 0.014028776978417267 0.0013221153846153847 0.0003806585912643475
0 0.002173913043478261 0.0 1.0 0.0 0.003593137875830218 0.0042657157796766165 0.010217912626420604 0.0 3.369192336319238e-05
0 0.001984126984126984 0.0 1.0 0.0 0.0013942342426996577 0.002792354528320053 0.012490007993605112 0.0009014423076923076 0.0015916248192537638
0 0.1 0.0 1.0 0.0 0.017687732229439562 0.024205295983567084 0.013636363636363636 0.006285714285714286 0.1
0 0.02631578947368421 0.0 1.0 0.0 0.03330277377450026 0.03160563850408162 0.014653110047846892 0.007819548872180454 0.02692903303483562
0 0.0196078431372549 0.0 1.0 0.0 0.019216955926058744 0.015416944298715011 0.01370320855614973 0.006722689075630252 3.306869483224985e-05
0 0.041666666666666664 0.0 1.0 0.0 0.005220420914789453 0.0 0.005681818181818181 0.0 0.0019366449899354962
0 0.008695652173913044 0.0 1.0 0.0 0.028230378748685232 0.01486659490475718 0.01655138339920948 0.003229813664596273 0.022691180832036407
0 0.01282051282051282 0.0 1.0 0.0 0.00767207232950619 0.00769969781629748 0.013986013986013986 0.0008791208791208791 0.00012332100938635828
0 0.017857142857142856 0.0 1.0 0.0 0.005421539550325398 0.0043637482734031185 0.014914772727272728 0.0014285714285714286 0.001242982326799885
0 0.0125 0.0 1.0 0.0 0.01356234820371685 0.013195153122547331 0.007954545454545454 0.0017142857142857144 0.0003302393339369949
0 0.01111111111111111 0.0 1.0 0.0 0.01781546304901385 0.004470883434775024 0.015340909090909094 0.001142857142857143 0.00017005699912437088
0 0.01 0.0 1.0 0.0 0.02509025254100683 0.022884790900247802 0.014772727272727274 0.001142857142857143 8.153516125879296e-05
0 0.006060606060606061 0.0 1.0 0.0 0.02406635491591049 0.015020218750028945 0.010606060606060603 0.0 0.0530269357867084
0 0.004629629629629629 0.0 1.0 0.0 0.012802056325605451 0.009917265109327549 0.012626262626262624 0.0006349206349206349 0.05111999016806824
0 0.004524886877828055 0.0 1.0 0.0 0.03102299101821296 0.010572352758894404 0.020387700534759357 0.0020168067226890756 0.034183913333160815
0 0.043478260869565216 0.0 1.0 0.0 0.017086321568757532 0.003946241715200632 0.01543690695368928 0.0038363171355498735 0.043478260869565216
0 0.018518518518518517 0.0 1.0 0.0 0.011567576136336723 0.016031600377803355 0.017131137652310294 0.0038731541999515863 0.015954981042445176
0 0.012345679012345678 0.0 1.0 0.0 0.011464870725179611 0.0066286564928331815 0.01761370491012185 0.004115226337448561 0.02762485024603376
0 0.007575757575757576 0.0 1.0 0.0 0.021797737938858988 0.0186458347419722 0.016582765768433524 0.0024757377698554173 0.021225775455571003
0 0.015384615384615385 0.0 1.0 0.0 0.022395989611583195 0.023497057618203566 0.018040591330493613 0.0027652086475615885 0.04815698232141651
0 0.01515151515151515 0.0 1.0 0.0 0.006353728211775173 0.01761684278247878 0.014509920047379332 0.0020796197266785502 0.023807001040729234
0 0.017857142857142856 0.0 1.0 0.0 0.0212935327888428 0.007769971376165459 0.010993485342019544 0.0 0.09483431456801829
0 0.009615384615384616 0.0 1.0 0.0 0.010498492009686295 0.01637060881566822 0.017038336256577302 0.002262443438914027 0.0019255318124901492
0 0.01111111111111111 0.0 1.0 0.0 0.007384322269555083 0.008287305984690943 0.02214983713355049 0.0016339869281045752 0.02888687284354935
1 0.002380952380952381 0.0 1.0 0.0 0.016305482724477786 0.0036315974071585914 0.015511090429657207 0.0005446623093681918 0.016185761834900985
0 0.0033670033670033673 0.0 1.0 0.0 0.01392576969861242 0.009874280332444576 0.01773434672457474 0.0018155410312273054 0.023179778807023294
0 0.003968253968253968 0.0 1.0 0.0 0.01683211428110884 0.012055149061399869 0.012563983248022336 0.0010893246187363835 0.043657796977289054
0 0.008547008547008548 0.0 1.0 0.0 0.02028045511843375 0.01025099139463661 0.011219688744118711 0.0007262164124909223 0.08312047363463936
0 0.006493506493506493 0.0 1.0 0.0 0.02290054209419882 0.01972058799393135 0.028427598460171753 0.0041592394533571005 0.047314318321007125
0 0.0035087719298245615 0.0 1.0 0.0 0.02284898465445078 0.016908408013886954 0.020572604148808505 0.0027519779841761265 0.047267681228399076
0 0.004807692307692308 0.0 1.0 0.0 0.029152461775524212 0.016370608815668222 0.02630919569030318 0.002262443438914027 0.06593972453268081
0 0.023809523809523808 0.0 1.0 0.0 0.00956400436778297 0.0040900905775371026 0.012493458922030349 0.002886002886002886 0.023809523809523815
0 0.013157894736842105 0.0 1.0 0.0 0.00872476503929602 0.008101267991764728 0.00896471949103528 0.0028998115122517037 5.7963031775172405e-05
1 0.027777777777777776 0.0 1.0 0.0 0.023323078452106485 0.010365390913892212 0.014194139194139194 0.003443526170798898 0.089369897875134
0 0.008620689655172414 0.0 1.0 0.0 0.007577102038680589 0.010104796778838538 0.01203107237589996 0.0018998765080269783 0.036931015861373415
0 0.010526315789473684 0.0 1.0 0.0 0.009863118168599607 0.008474548955731333 0.015037593984962405 0.0008699434536755111 0.05755487259536803
0 0.009259259259259259 0.0 1.0 0.0 0.00595043963344492 0.002082153279254457 0.014346764346764344 0.0 0.06555619799435856
0 0.005291005291005291 0.0 1.0 0.07407407407407407 0.0026767716852654274 0.006246459837763369 0.008852258852258854 0.0 0.0007137225495528017
0 0.003048780487804878 0.0 1.0 0.0 0.006186005671227341 0.007583694299151617 0.013535245242562312 0.0005375260364173889 0.0012592829747039651
0 0.006944444444444444 0.0 1.0 0.0 0.0066437676321517685 0.005185976845473644 0.019574175824175824 0.0003443526170798898 0.019601200419080846
0 0.008333333333333333 0.0 1.0 0.0 0.005175002030061619 0.006246459837763371 0.009615384615384614 0.0 0.0007442816096544852
0 0.004784688995215311 0.0 1.0 0.0 0.009779107739089994 0.002137270929659345 0.016194331983805668 0.0002899811512251704 0.0624306096839396
0 0.004166666666666667 0.0 1.0 0.0 0.007889972003866094 0.005818328974614434 0.013186813186813185 0.0008264462809917355 0.05671259481570236
0 0.0034965034965034965 0.0 1.0 0.0 0.014819758722397216 0.008696549888429505 0.007492507492507492 0.0005008765339343852 0.04931380387347662
0 0.00510204081632653 0.0 1.0 0.0 0.012181553603104784 0.010708216864737205 0.008634222919937203 0.0 0.08226281566371067
0 0.005128205128205128 0.0 1.0 0.0 0.0 0.0014414907317915472 0.0061284868977176665 0.0 0.006415245319835301
0 0.002840909090909091 0.0 1.0 0.0 0.0048421265025956894 0.0017035799557536466 0.008866133866133868 0.0 0.01084099288196292
0 0.047619047619047616 0.0 1.0 0.0 0.010682999106178764 0.010006595017781447 0.013143719026071966 0.004761904761904763 0.047619047619047616
0 0.013513513513513514 0.0 1.0 0.0 0.010635607967576049 0.014949068800754303 0.011617952794423384 0.005282555282555283 0.018585672190637035
0 0.041666666666666664 0.0 1.0 0.0 0.0 0.0 0.004524886877828055 0.0 0.0036157547573262626
0 0.011363636363636364 0.0 1.0 0.0 0.00718570915398764 0.009838174244477308 0.009872480460715755 0.0 0.00016024237667420797
0 0.015384615384615385 0.0 1.0 0.0 0.017124935815283283 0.02302068027129561 0.010790114862513052 0.001048951048951049 0.011439356013587811
0 0.01282051282051282 0.0 1.0 0.0 0.012985205336179289 0.016022728627287455 0.01392272885485555 0.0017482517482517483 0.05928876045756299
0 0.00510204081632653 0.0 1.0 0.0 0.004399106062514965 0.013297754831866059 0.01098901098901099 0.0019480519480519483 0.00014211756051063577
0 0.00390625 0.0 1.0 0.0 0.01010906814145331 0.002898747768462064 0.008908371040723981 0.0 0.017682640602641936
0 0.007407407407407407 0.0 1.0 0.0 0.0011061540112805917 0.008245326985847649 0.0027149321266968325 0.0 0.0010201171579413062
0 0.004347826086956522 0.0 1.0 0.0 0.006692050137480172 0.008348119552487354 0.011213850088530397 0.002173913043478261 0.03646560035620137
0 0.010101010101010102 0.0 1.0 0.0 0.0041202706329169355 0.009203223349815791 0.01558572146807441 0.0025252525252525255 0.03436470129617204
0 0.03571428571428571 0.0 1.0 0.0 0.017756083490520297 0.009238318496244444 0.01241758241758242 0.003968253968253968 0.03571428571428571
0 0.011904761904761904 0.0 1.0 0.0 0.013263846470309633 0.005106693561390617 0.00835164835164835 0.0030864197530864204 0.01631923262379358
0 0.011904761904761904 0.0 1.0 0.0 0.02702349692288205 0.017247207773003446 0.015604395604395607 0.003196649029982363 0.028489718446535858
0 0.016666666666666666 0.0 1.0 0.0 0.026732577241173543 0.013140827031366915 0.017846153846153845 0.0034979423868312753 0.047055651899187825
0 0.008 0.0 1.0 0.0 0.01327849132356548 0.011071050634836668 0.013661538461538461 0.0013580246913580246 0.03246112854815413
0 0.007575757575757575 0.0 1.0 0.0 0.028200325354412373 0.013874585358669577 0.013986013986013986 0.0021043771043771043 0.04029821729599837
0 0.01020408163265306 0.0 1.0 0.0 0.023398781882808743 0.019022740709964427 0.013846153846153843 0.0026455026455026454 0.038648789054277426
0 0.010416666666666666 0.0 1.0 0.0 0.012646569776510462 0.01598373199951561 0.02 0.004115226337448559 0.0016241090276102798
0 0.012345679012345678 0.0 1.0 0.0 0.03688111336333186 0.011663914203230985 0.01401709401709402 0.0006858710562414266 0.09563736728462591
0 0.01 0.0 1.0 0.0 0.013603785885134315 0.008398018226326309 0.005230769230769231 0.0 0.0004064400923209885
0 0.004545454545454545 0.0 1.0 0.0 0.015959186280245334 0.008637494430588696 0.015692307692307693 0.0018518518518518517 0.036933461576223535
0 0.003968253968253968 0.0 1.0 0.0 0.02381277250173964 0.009771271485868748 0.016996336996337 0.002204585537918871 0.029098834904008795
0 0.004048582995951417 0.0 1.0 0.0 0.00898289197613953 0.0036469276778812367 0.01603238866396761 0.0014619883040935672 0.024955187116411655
0 0.007936507936507936 0.0 1.0 0.0 0.002535788958539957 0.0 0.013333333333333332 0.0006858710562414266 0.0018247280362214387
0 0.0022222222222222222 0.0 1.0 0.0 0.018922763792476423 0.013140959783926631 0.014564102564102567 0.0011316872427983538 0.0320137421176606
0 0.002976190476190476 0.0 1.0 0.0 0.020847643656658348 0.004426830323120359 0.011868131868131867 0.0008818342151675485 0.021586547391813822
0 0.03125 0.0 1.0 0.0625 0.024666630258305313 0.018413682788771573 0.016036184210526317 0.006057268722466964 0.03125
0 0.045454545454545456 0.0 1.0 0.0 0.016897440568011794 0.0054484539554059365 0.013556618819776713 0.004405286343612335 0.054499536865397206
0 0.015873015873015872 0.0 1.0 0.0 0.005592012107126905 0.009022780188227834 0.007309941520467837 0.0033564086427522555 0.009532718102504108
0 0.013888888888888888 0.0 1.0 0.0 0.021865941658226196 0.014356261668868006 0.013888888888888888 0.0014684287812041117 0.05165631216540337
0 0.015384615384615385 0.0 1.0 0.0 0.0018051689462073005 0.004610230269958869 0.0067476383265856945 0.0 0.0017626369349071616
0 0.008333333333333333 0.0 1.0 0.0 0.010932296787343332 0.010229337007371353 0.009649122807017544 0.000881057268722467 0.03152010141458457
0 0.004608294930875576 0.0 1.0 0.0 0.010521570691103242 0.011082596460148078 0.014431239388794568 0.000994742077589882 0.025495749038008258
0 0.005681818181818182 0.0 1.0 0.0 0.01894163031307203 0.016345251146649562 0.014354066985645932 0.0014016820184221067 0.03916917667484066
0 0.018518518518518517 0.0 1.0 0.0 0.030215362125725388 0.004994416125788775 0.008771929824561403 0.0 0.0985857885051072
0 0.004761904761904762 0.0 1.0 0.0 0.026387314088467378 0.01557599963694853 0.018796992481203006 0.0031466331025802393 0.03640932038160353
0 0.010101010101010102 0.0 1.0 0.0 0.007692579815167014 0.00998883225157755 0.01364522417153996 0.0 0.006228247145265204
0 0.003472222222222222 0.0 1.0 0.0 0.015608057274588366 0.010872704917469602 0.013888888888888888 0.0016519823788546256 0.03775225077853265
0 0.14285714285714285 0.0 1.0 0.0 0.006971831715113956 0.013534410591572444 0.0011904761904761904 0.00238758456028651 0.14285714285714285
0 0.03125 0.0 1.0 0.0 0.015143076743366613 0.008008172124182047 0.015451388888888886 0.003307799442896936 1.1257494825220204e-05
0 0.009259259259259259 0.0 1.0 0.0 0.008959245601889139 0.0063160582760671425 0.012577160493827157 0.002785515320334262 4.494428376765522e-06
0 0.019230769230769232 0.0 1.0 0.0 0.001980114553480743 0.004372655729584943 0.010683760683760682 0.0029997857295907438 0.024080109335816304
0 0.010526315789473684 0.0 1.0 0.0 0.018569948061621877 0.00674372389404804 0.015789473684210527 0.0036651517372819236 8.601235331636e-06
0 0.007246376811594202 0.0 1.0 0.0 0.008597350860421824 0.01113451493527141 0.01642512077294686 0.001089984255782972 1.2698783591319374e-05
0 0.006802721088435374 0.0 1.0 0.0 0.008925673425463118 0.008585768771354127 0.013359788359788358 0.0006632179334129196 1.0356474238775878e-05
0 0.004629629629629629 0.0 1.0 0.0 0.012064678395899217 0.004210705517378094 0.014917695473251027 0.0010316723408645414 6.383564658251865e-06
0 0.003472222222222222 0.0 1.0 0.0 0.012399291963427 0.00430932264786052 0.014756944444444442 0.0009575208913649026 4.909788716044244e-06
0 0.00625 0.0 1.0 0.0 0.006916220730503598 0.001184260926762589 0.010416666666666666 0.00034818941504178273 1.574152603078608e-05
0 0.002932551319648094 0.0 1.0 0.0 0.009296382767682847 0.009384838445369446 0.009318996415770607 0.0005391319974840507 6.887897566599158e-06
1 0.0037878787878787876 0.0 1.0 0.0 0.011161577698433832 0.006497526051553209 0.01565656565656565 0.001392757660167131 8.177776334365645e-06
0 0.004524886877828055 0.0 1.0 0.0 0.0068021251525262815 0.006687591115835796 0.011764705882352941 0.00032770768474520726 2.8702752288829393e-05
0 0.0035714285714285713 0.0 1.0 0.0 0.0 0.0009474087414100711 0.009583333333333334 0.0 6.0447406125722176e-05
0 0.0020833333333333333 0.0 1.0 0.0 0.012464351369838358 0.010319575682601586 0.010677083333333334 0.0006093314763231198 5.18930117818059e-06
0 0.00625 0.0 1.0 0.0 0.006247522272778375 0.0037896349656402844 0.0030555555555555557 0.0 6.715957148899595e-05
0 0.0032679738562091504 0.0 1.0 0.0 0.01002861077541147 0.0029076697041170592 0.010339506172839507 0.0010832559579077685 1.3512082654752592e-05
0 0.037037037037037035 0.0 1.0 0.0 0.010817747160987793 0.006199534536045704 0.010680695042244543 0.002181779480630055 0.037037037037037035
0 0.014705882352941176 0.0 1.0 0.0 0.004329579017217721 0.0059220183905964365 0.013629842180774749 0.0019438810006761318 0.01679263320082132
0 0.0101010101010101 0.0 1.0 0.0 0.004377759232062806 0.004208473809748139 0.014303725924959786 0.0018721699756182506 0.015129314767166896
0 0.011363636363636364 0.0 1.0 0.0 0.0090991840001435 0.00778484237429917 0.01897743576366245 0.0022857889237199573 0.037814330593094525
0 0.008333333333333333 0.0 1.0 0.0 0.007074136729546314 0.002036157436339892 0.004961740793878526 0.0013769157088122598 0.016134410317796995
0 0.006172839506172839 0.0 1.0 0.0 0.009579639399777943 0.004304121828347571 0.016047611456506725 0.002501064282673477 0.027656003264402897
0 0.011904761904761904 0.0 1.0 0.0 0.006987752652729085 0.006832216210076523 0.011477761836441893 0.0015565134099616857 0.030544713427295454
0 0.004032258064516129 0.0 1.0 0.0 0.00482553285170662 0.00483097636388584 0.01166288702735225 0.00027808676307007786 0.0071527540006762315
0 0.006172839506172839 0.0 1.0 0.0 0.0009532360877148123 0.0012781557419620445 0.008369201339072214 0.0003991060025542784 0.002302905728442192
0 0.005555555555555556 0.0 1.0 0.0 0.009535047437824178 0.005119103395205337 0.009325681492109038 0.0008780332056194126 0.02277898771745126
0 0.004784688995215311 0.0 1.0 0.0 0.006966467280810725 0.004744845203721461 0.006493996828513177 0.0007562008469449486 0.016839884279144464
0 0.007575757575757575 0.0 1.0 0.0 0.0040627826600272195 0.0017770101262602693 0.015390635189774356 0.0002612330198537095 0.0010637618540369521
0 0.007692307692307693 0.0 1.0 0.0 0.010845378402187411 0.00488677784721574 0.006025824964131994 0.0 0.02566311991437678
0 0.011904761904761904 0.0 1.0 0.0 0.0 0.0 0.011956001912960307 0.0 0.02470703957926312
0 0.0017543859649122807 0.0 1.0 0.0 0.006345451544536243 0.004590316280748519 0.010911424903722725 0.0009452510586811857 0.019612516621832214
0 0.0020833333333333333 0.0 1.0 0.0 0.009447707429809465 0.004141258305421101 0.01793400286944046 0.0009578544061302681 0.031803140054213454
0 0.003676470588235294 0.0 1.0 0.0 0.009480187733396227 0.00244338892360787 0.01685796269727403 0.00017959770114942528 0.032054332338543386
0 0.0024154589371980675 0.0 1.0 0.08695652173913043 0.00843141281162208 0.0036213360301938953 0.01765329673757096 0.0016241879060469764 0.03435973862002464
0 0.007518796992481203 0.0 1.0 0.0 0.0 0.0027924444841232804 0.005124000819840131 0.0 0.016112032120263454
0 0.002 0.0 1.0 0.0 0.010340653972542786 0.006541161209982371 0.010559540889526542 0.0012643678160919542 0.03144315376481307
0 0.0047619047619047615 0.0 1.0 0.0 0.007973070027546308 0.007118691375802719 0.013629842180774749 0.0008620689655172414 0.06053461696019249
0 0.005681818181818182 0.0 1.0 0.0 0.00230487666501348 0.001221694461803935 0.005200860832137733 0.0008979885057471264 0.00668200828500098
1 0.0009250693802035152 0.0 1.0 0.0 0.008800053212854824 0.004525548210485477 0.013553527274947347 0.0006419662509170946 0.012238052197679901
0 0.005208333333333333 0.0 1.0 0.0 0.0030914219479250228 0.0039140586657853485 0.007532281205164993 0.00035919540229885057 0.004865874895762757
0 0.0016 0.0 1.0 0.16 0.005626347677128201 0.0031862534111566933 0.01641319942611191 0.0014942528735632182 0.020178240505435804
0 0.0017482517482517483 0.0 1.0 0.0 0.005493965607882559 0.005506312320695625 0.01010825616277553 0.000522466039707419 0.00018462650661195133
0 0.001949317738791423 0.0 1.0 0.0 0.006933649360452752 0.00477547500773106 0.010949180699237332 0.0006049606775559588 0.02887626733277453
0 0.0018796992481203006 0.0 1.0 0.0 0.002704592149991334 0.0 0.015253341387903045 0.0006049606775559588 0.00030293574036707423
0 0.0022988505747126436 0.0 1.0 0.0 0.0020056257011778524 0.0 0.008034433285509325 0.00019157088122605365 0.0018757022490907757
0 0.006666666666666666 0.0 1.0 0.0 0.015610495434678883 0.0032780359049748285 0.01205164992826399 0.0005747126436781609 0.0721969867410071
0 0.0016129032258064516 0.0 1.0 0.0 0.0072127972930220744 0.004189647062169818 0.013271162123385938 0.0014367816091954023 0.00016579903615678777
0 0.0026041666666666665 0.0 1.0 0.0 0.010137895824604072 0.0014629424288228844 0.01135820181731229 0.00023946360153256704 0.042045239146454666
0 0.001443001443001443 0.0 1.0 0.0 0.005012157267376332 0.003154172957024846 0.009086561453849831 0.0008894362342638203 0.00019245398636299723
0 0.002262443438914027 0.0 1.0 0.0 0.008545252546790819 0.005855462989482742 0.00971195232314314 0.0011052166224580018 0.0007782533231767174
0 0.0035714285714285713 0.0 1.0 0.0 0.004809414365436641 0.0 0.015961262553802008 0.0014367816091954023 0.001117969570122719
0 0.001984126984126984 0.0 1.0 0.0 0.005479428125365809 0.003411944715938972 0.0054314408690305386 0.0006157635467980296 0.0015091470040366783
0 0.16666666666666666 0.0 1.0 0.0 0.004783681268160556 0.014411853312127777 0.004219409282700422 0.0035310734463276836 0.16666666666666663
0 0.041666666666666664 0.0 1.0 0.0 0.008977093032942163 0.007205926656063889 0.013009845288326305 0.00459039548022599 3.949507298935647e-05
0 0.0303030303030303 0.0 1.0 0.0 0.0016561135840185309 0.0026203369658414142 0.006904487917146144 0.0038520801232665644 0.00012942841269823738
0 0.006756756756756757 0.0 1.0 0.0 0.011802283405144949 0.00820058023038241 0.010605542251111872 0.0036646816307833265 5.894853881812389e-06
0 0.014285714285714287 0.0 1.0 0.14285714285714285 0.0171482321691302 0.021469286349411858 0.012658227848101266 0.0006053268765133172 2.0049728517368075e-05
0 0.01515151515151515 0.0 1.0 0.0 0.011300900324348778 0.013101684829207068 0.004602991944764097 0.0 3.091388350001634e-05
0 0.002695417789757412 0.0 1.0 0.07547169811320754 0.007750326399445137 0.011964557466672118 0.0074834806146007495 0.0 4.399876384450908e-06
0 0.005434782608695652 0.0 1.0 0.0 0.009002581786997744 0.012532046358371976 0.00733810310034856 0.00036845983787767134 1.856266889935065e-05
0 0.006944444444444444 0.0 1.0 0.0 0.0030922054993818226 0.001990398477542843 0.013449367088607595 0.001059322033898305 4.6059354396554665e-05
0 0.0038461538461538464 0.0 1.0 0.0 0.01625749642295996 0.015636713913692604 0.016228497241155472 0.004074315514993481 7.5041361667472025e-06
0 0.003246753246753247 0.0 1.0 0.0 0.008593623916158604 0.0030415985064041187 0.013713080168776374 0.0012106537530266344 1.0457605672718752e-05
1 0.1 0.0 1.0 0.0 0.0 0.006240729140664506 0.025454545454545452 0.009174311926605505 0.10000000000000002
0 0.00641025641025641 0.0 1.0 0.0 0.021327962969335982 0.02900363240900706 0.014335664335664333 0.0038814396612561752 4.001645411952502e-06
0 0.01515151515151515 0.0 1.0 0.0 0.037574801024089395 0.005673390127876823 0.006611570247933885 0.0008340283569641369 0.00044437865682882364
0 0.043478260869565216 0.0 1.0 0.0 0.01369945641613647 0.011426921551240555 0.012295081967213116 0.004115226337448559 0.043478260869565216
0 0.03333333333333333 0.0 1.0 0.0 0.007383834410904716 0.00876063985595109 0.007377049180327868 0.0038408779149519904 0.0003505242593302873
0 0.00980392156862745 0.0 1.0 0.0 0.007812058955668146 0.010606283031674955 0.015429122468659595 0.003873154199951585 0.02037611966929738
0 0.004807692307692308 0.0 1.0 0.0 0.012773053704523779 0.014057086453745534 0.012137452711223204 0.0008705286483064261 0.012789602938037258
0 0.009523809523809525 0.0 1.0 0.0 0.006126526778864795 0.00933113136258479 0.010343481654957066 0.0 0.0001507102928178437
0 0.01282051282051282 0.0 1.0 0.0 0.013812426572940037 0.007296833165538959 0.01008827238335435 0.0006331117442228554 0.054090751684516054
0 0.007518796992481203 0.0 1.0 0.0 0.008343574641169294 0.017538750698256885 0.0073339085418464185 0.0010829542993285683 0.02724682206626104
0 0.013888888888888888 0.0 1.0 0.0 0.006514383560864405 0.0031103771208615964 0.013661202185792348 0.0009144947416552356 0.0011248349660741334
1 0.0028490028490028487 0.0 1.0 0.0 0.012577585021764962 0.004119743781580177 0.01712904581757041 0.0011607048644085682 0.018228248939819724
0 0.005263157894736842 0.0 1.0 0.0 0.010262406050758618 0.0014733365309344403 0.012726488352027611 0.0004331817197314274 0.037445844433684906
0 0.027777777777777776 0.0 1.0 0.0 0.010424444973300183 0.008264521590513031 0.01428734061930783 0.002509696554871094 0.027777777777777783
0 0.00980392156862745 0.0 1.0 0.0 0.011585831567012018 0.003286577974791308 0.013982642237222759 0.0022949631598019097 0.009179110716117751
0 0.041666666666666664 0.0 1.0 0.0 0.018786007409320744 0.005237983647323648 0.015368852459016393 0.0017967145790554412 0.1009914553375399
0 0.007142857142857143 0.0 1.0 0.0 0.005392643160805981 0.005857359746114897 0.007552693208430913 0.0017013787034320918 0.0034926335031198043
0 0.011764705882352941 0.0 1.0 0.0 0.019307519494123574 0.009210416979384267 0.01518804243008679 0.0009663002778113299 0.03140753267082724
0 0.0028735632183908046 0.0 1.0 0.0 0.007236170071936391 0.006538494295025434 0.012436404748445448 0.0006726616158040076 0.014102693406060018
0 0.0037593984962406013 0.0 1.0 0.0 0.013847834301606571 0.006448450930690017 0.01590811044003451 0.0005944018156273642 0.01444965498391842
0 0.0033783783783783786 0.0 1.0 0.0 0.013363772745722223 0.009132943668132444 0.014455028799291092 0.0010544425328819578 0.016445723302776556
0 0.004629629629629629 0.0 1.0 0.0 0.01111322393553083 0.008752166747432517 0.01092896174863388 0.0008555783709787816 0.0003573301206486516
0 0.003703703703703704 0.0 1.0 0.0 0.0045490847593689255 0.004655985464287688 0.008652094717668488 0.0 0.00021904980548721149
0 0.006993006993006993 0.0 1.0 0.0 0.014279152217623776 0.008334381266854386 0.017812105926860024 0.001263623440214816 0.06327708662102734
0 0.002525252525252525 0.0 1.0 0.0 0.01832986096668815 0.008892501711942011 0.0179458519622454 0.0016178209196689689 0.015165716880222377
0 0.004807692307692308 0.0 1.0 0.0 0.010908185192896833 0.0022058917434682667 0.007300204918032786 0.0002566735112936345 0.048735558089978225
0 0.004201680672268907 0.0 1.0 0.0 0.009792052202214768 0.005054770183292234 0.01820154291224687 0.0016910254861698271 0.019846309468297386
0 0.0047619047619047615 0.0 1.0 0.0 0.007513764969541248 0.0016731541433429747 0.019613583138173303 0.001026694045174538 0.0006764592117654222
0 0.003125 0.0 1.0 0.0 0.013718623153122047 0.0008150269854759948 0.00973360655737705 0.0004106776180698152 0.02888451894283156
0 0.00267379679144385 0.0 1.0 0.0 0.0026536990789113005 0.0 0.010618479880774963 0.0 0.0009468643709513634
0 0.002525252525252525 0.0 1.0 0.0 0.0173628521312804 0.001402976414262045 0.015927719821162444 0.0007466865783087549 0.0238104255240246
1 0.02857142857142857 0.0 1.0 0.0 0.01141443476335107 0.012926829369374499 0.00889586603872318 0.004096638655462183 0.02857142857142857
0 0.022727272727272728 0.0 1.0 0.0 0.007564248909156509 0.004315388484655306 0.013653013653013652 0.0035093582887700536 0.02838371116979892
0 0.02222222222222222 0.0 1.0 0.0 0.009757006972690958 0.00649912545900424 0.015384615384615385 0.0036764705882352945 0.028836928083698567
0 0.03125 0.0 1.0 0.0 0.0 0.006252201069231903 0.010531135531135532 0.002297794117647059 0.004606527081208948
0 0.009090909090909092 0.0 1.0 0.0 0.007515987699770227 0.013513160537329462 0.00849150849150849 0.0006684491978609625 0.027951980381752763
1 0.027777777777777776 0.0 1.0 0.0 0.0 0.004168134046154602 0.010378510378510378 0.0012254901960784314 0.005154649474570527
0 0.002695417789757412 0.0 1.0 0.0 0.007591805363315369 0.009293039242841727 0.009883198562443844 0.0008324084350721421 0.01119711754237199
0 0.004032258064516129 0.0 1.0 0.0 0.00872422559187135 0.013550096847176635 0.009807396904171097 0.0009487666034155598 0.02817508068005613
0 0.005847953216374269 0.0 1.0 0.0 0.014892118741773768 0.0011821299502253028 0.009446693657219974 0.0 0.02134870705931881
0 0.004347826086956522 0.0 1.0 0.0 0.0030072954944966616 0.001087339316388157 0.008281573498964804 0.0 0.0008180008302399406
0 0.008264462809917356 0.0 1.0 0.0 0.015045593366222963 0.010904304630849486 0.012321012321012322 0.0 0.008746850837030331
0 0.002976190476190476 0.0 1.0 0.07142857142857142 0.00852402755621635 0.0069633487060759705 0.01164311878597593 0.0002626050420168067 0.01799794978286537
0 0.041666666666666664 0.0 1.0 0.0 0.018601221357344384 0.007512978565413212 0.015771713615023473 0.0033068783068783067 0.041666666666666664
0 0.014285714285714285 0.0 1.0 0.0 0.012428250429794164 0.005816304922590149 0.016348088531187122 0.0026706979087931467 0.025552055404910963
0 0.0303030303030303 0.0 1.0 0.0 0.011155867858303366 0.004362606870818862 0.010563380281690139 0.001763668430335097 0.11145477550350534
0 0.008928571428571428 0.0 1.0 0.0 0.007477922667964078 0.006236452845799788 0.012009557344064383 0.002330561854371378 0.011624180455543769
0 0.018181818181818184 0.0 1.0 0.0 0.016818206659329316 0.00789355082666778 0.01504481434058899 0.0025653358986692317 0.11086817108784315
0 0.00505050505050505 0.0 1.0 0.0 0.006104325000352356 0.0047657549608765 0.00949637217242851 0.002458446902891347 0.03464615227292571
0 0.003968253968253968 0.0 1.0 0.0 0.001351882368131877 0.0024559669792749202 0.012128325508607195 0.0010288065843621398 0.0001435468925011128
0 0.005208333333333333 0.0 1.0 0.0 0.011720859547591696 0.004380666884000932 0.011590375586854459 0.0005878894767783657 0.046349768583670126
0 0.004629629629629629 0.0 1.0 0.0 0.008237367360211542 0.004397064852204505 0.013497652582159625 0.00029394473838918284 0.05104923319564428
0 0.005 0.0 1.0 0.0 0.004897265051023605 0.004676619377907813 0.00977112676056338 0.0007054673721340387 0.017008437173552864
0 0.004784688995215311 0.0 1.0 0.0 0.020485377066176785 0.0062955567870617 0.013250555967383247 0.001206720504966119 0.05041161000124467
0 0.005208333333333333 0.0 1.0 0.0 0.0035683217086214373 0.004676993137412107 0.008912852112676055 0.0005511463844797178 0.013759453534014407
0 0.008547008547008548 0.0 1.0 0.0 0.014394184775495046 0.0013330187660835413 0.00958528951486698 0.0 0.13585075895978393
0 0.0021645021645021645 0.0 1.0 0.0 0.010043053055293091 0.007340375025586248 0.012910798122065723 0.0006413339746673079 0.03352382205952696
0 0.002898550724637681 0.0 1.0 0.0 0.008104867735868753 0.005059134280216146 0.012936313533374155 0.0009968560693198374 0.05190680719444698
0 0.0021551724137931034 0.0 1.0 0.0 0.006204496916964876 0.005351133893372351 0.010866925692083534 0.0012163230554035152 0.04111931093377901
0 0.001336898395721925 0.0 1.0 0.0 0.005368619477172335 0.006065623731021966 0.007962548015364916 8.016674683341349e-05 0.026273013418233297
0 0.0037037037037037034 0.0 1.0 0.0 0.01061797219132085 0.01001976853010823 0.015258215962441313 0.0022339800117577896 0.025489462060690457
0 0.003095975232198142 0.0 1.0 0.0 0.0013310864616819546 0.0028228632693533813 0.015016570008285001 0.0008299616142753397 0.0009358512415337746
0 0.00625 0.0 1.0 0.0 0.003730145603752442 0.005998584447375935 0.010123239436619719 0.0008818342151675485 0.004244619394090235
0 0.0047619047619047615 0.0 1.0 0.0 0.005169827842806217 0.0037085527595380266 0.010035211267605634 0.00035273368606701937 0.017373281353394443
0 0.003787878787878788 0.0 1.0 0.0 0.016003705520533058 0.009235013014817321 0.016872065727699528 0.0020576131687242796 0.1024099858837041
0 0.0033444816053511705 0.0 1.0 0.0 0.0036977098771354936 0.0027685774372504315 0.006229685807150596 0.0 0.0020502455314109916
0 0.0010683760683760683 0.0 1.0 0.0 0.007999455816815082 0.004280705395147109 0.012549656915854098 0.001492334825668159 0.029459807811427065
0 0.001142857142857143 0.0 1.0 0.0 0.0024336147135941588 0.0003533945978654554 0.008199195171026154 0.00010078105316200554 0.00016661565281342916
0 0.14285714285714285 0.0 1.0 0.0 0.004527318731356135 0.005980127264460933 0.01358457493426819 0.0030769230769230774 0.14285714285714285
0 0.025 0.0 1.0 0.0 0.018459148660380457 0.013818448726638894 0.012116564417177917 0.003999999999999999 0.0009816655614240228
0 0.0101010101010101 0.0 1.0 0.0 0.011074718358536783 0.0074062016393991155 0.013664249860568882 0.003449883449883448 1.6623256144529388e-05
0 0.019230769230769232 0.0 1.0 0.0 0.02690186131045496 0.004830102790526139 0.013213780084945729 0.002840236686390533 4.3728867752429596e-05
0 0.013333333333333334 0.0 1.0 0.0 0.016987569850016364 0.017597971421962722 0.01820040899795501 0.0041025641025641026 4.0517944894205175e-05
0 0.00980392156862745 0.0 1.0 0.0 0.002423486985176967 0.006804614073317224 0.014976542764345 0.0016289592760180994 0.002029599285642978
0 0.011904761904761904 0.0 1.0 0.0 0.004537351826913144 0.006151462366263857 0.02044989775051125 0.0015384615384615382 0.01506903738997027
0 0.009615384615384616 0.0 1.0 0.0 0.0017821378852581888 0.008050171317543563 0.009438414346389807 0.0 0.0003831056738957621
0 0.007407407407407407 0.0 1.0 0.0 0.0007167847673107459 0.0027907260567484353 0.014519427402862986 0.0006153846153846154 0.00040950825310753986
0 0.005263157894736842 0.0 1.0 0.0 0.016672574068097277 0.007711216735752255 0.012108492089118503 0.00032388663967611336 3.0195642011308606e-05
0 0.005347593582887701 0.0 1.0 0.0 0.018852090145299868 0.011412513001568706 0.01461566221580657 0.0007239819004524887 3.395025830152781e-05
0 0.010416666666666666 0.0 1.0 0.0 0.0042691936080897185 0.0 0.012269938650306749 0.0007692307692307692 0.006181803905290645
0 0.005128205128205128 0.0 1.0 0.0 0.008724769946696662 0.014007606686241462 0.015337423312883437 0.003487179487179487 0.0019573449799605703
0 0.0037593984962406013 0.0 1.0 0.0 0.014048812900968053 0.009914421517395756 0.008556667742977073 0.00032388663967611336 3.1848996418021976e-05
0 0.005555555555555556 0.0 1.0 0.0 0.005841735742997866 0.010465222712806631 0.006646216768916156 0.0 0.002877976564092047
0 0.001893939393939394 0.0 1.0 0.0 0.006026830067950604 0.0031712796099414037 0.013199479457148172 0.0 2.8097240395180276e-05
0 0.0034602076124567475 0.0 1.0 0.0 0.019590277649264867 0.010578998035779007 0.01515698303861422 0.00036199095022624434 3.376519373807807e-05
0 0.005555555555555555 0.0 1.0 0.0 0.028496292325516287 0.004186089085122653 0.009815950920245401 0.0006153846153846154 0.0009321001208857657
0 0.001697792869269949 0.0 1.0 0.0 0.00258484987333323 0.0010751564073854928 0.01306154759548783 0.0008933002481389579 6.437844969700164e-05
0 0.16666666666666666 0.0 1.0 0.0 0.0010544689715760076 0.0011337324605540519 0.0014985014985014987 0.0008333333333333334 0.16666666666666666
0 0.041666666666666664 0.0 1.0 0.0 0.007501079077103446 0.002410364790115764 0.012654012654012654 0.001416666666666667 9.530469070592729e-05
0 0.015873015873015872 0.0 1.0 0.0 0.002283231717330404 0.002846740092085389 0.01393844250987108 0.001428571428571429 0.00012851887291968902
0 0.00641025641025641 0.0 1.0 0.0 0.004427780208714787 0.002650175490514783 0.012372243141473914 0.0011794871794871802 2.4289429573666996e-05
0 0.022222222222222223 0.0 1.0 0.0 0.000702979314384005 0.0022674649211081037 0.005328005328005329 0.001 0.06625228578419513
0 0.027777777777777776 0.0 1.0 0.0 0.008851893669587484 0.0 0.010822510822510824 0.0008333333333333334 0.0002014695667395793
0 0.007518796992481203 0.0 1.0 0.0 0.005839179810752899 0.004955386483068791 0.008570376991429624 0.001315789473684211 0.00045500271813186195
0 0.0125 0.0 1.0 0.0 0.002143164437091568 0.004081436857994587 0.0025974025974025974 0.0010000000000000002 0.000567320578836222
0 0.0065359477124183 0.0 1.0 0.0 0.001988659328565313 0.0017176920910130702 0.012575659634483163 0.0011764705882352944 0.0002319548536558696
0 0.005263157894736842 0.0 1.0 0.0 0.003887776074172783 0.0024315319788639814 0.008675534991324466 0.001210526315789474 6.14091953630711e-05
0 0.006993006993006993 0.0 1.0 0.0 0.006074547003949323 0.0020930445425613262 0.008222546684085147 0.001076923076923077 0.0006876663584278162
0 0.00641025641025641 0.0 1.0 0.0 0.000961052581109699 0.0020930445425613262 0.011296395911780527 0.0010769230769230773 0.0004311629618074797
0 0.004273504273504274 0.0 1.0 0.0 0.005853047110168954 0.004290793778067738 0.004606504606504606 0.0010555555555555559 8.510962853611901e-05
0 0.003105590062111801 0.0 1.0 0.0 0.001661963338532459 0.002070294058403051 0.011814272683837904 0.0010000000000000007 0.00017268981791334292
0 0.0019047619047619048 0.0 1.0 0.0 0.004518663976750494 0.004948164439973149 0.013700585129156558 0.0009714285714285715 3.318292728157943e-05
0 0.001644736842105263 0.0 1.0 0.0 0.006169219810083914 0.004717637090923261 0.0038119774961880228 0.0002105263157894737 2.3021776969411175e-05
0 0.001680672268907563 0.0 1.0 0.0 0.006435376782429764 0.004987217962839329 0.008905380333951763 0.0007428571428571429 2.2758924272874112e-05
0 0.0018518518518518517 0.0 1.0 0.0 0.005656724147099739 0.0025991936256687816 0.013752913752913754 0.0005666666666666667 2.655256582484439e-05
0 0.002770083102493075 0.0 1.0 0.0 0.0036784664761619207 0.0033606314132865614 0.007255901992744099 0.0006842105263157895 7.727479431699245e-05
0 0.002631578947368421 0.0 1.0 0.0 0.0027550145473565087 0.002332680340908729 0.010358062989641937 0.0002631578947368421 0.00010299935063445342
0 0.002976190476190476 0.0 1.0 0.0 0.007850693539269357 0.00454009627120186 0.008054445554445556 0.000375 5.7233806055837405e-05
0 0.003787878787878788 0.0 1.0 0.0 0.00496374770874819 0.004769380735279543 0.011571761571761574 0.0007500000000000001 0.00014039483278077756
0 0.006211180124223602 0.0 1.0 0.0 0.0016175999119483005 0.001943541360949803 0.008420151277294135 0.0005714285714285715 0.07947307684334969
0 0.0037878787878787876 0.0 1.0 0.0 0.005514287319070361 0.004117314702150801 0.016165652529288893 0.001090909090909091 0.0001337018098967548
0 0.0014285714285714286 0.0 1.0 0.0 0.001908962943942801 0.0030457440139267703 0.015306122448979591 0.0006071428571428572 9.454630488708167e-05
0 0.0038461538461538464 0.0 1.0 0.0 0.000501885179255928 0.0 0.007492507492507493 0.0 0.0008128436845077811
0 0.001763668430335097 0.0 1.0 0.0 0.0035724366281240133 0.003563159161741306 0.00937158080015223 0.0002380952380952381 5.4932130281828615e-05
0 0.0023809523809523807 0.0 1.0 0.0 0.005366406532678866 0.004202135644086263 0.006327006327006325 0.0004 7.570641741754332e-05
0 0.003134796238244514 0.0 1.0 0.0 0.0050844811103473555 0.0034107756103583216 0.011715557170102624 0.0008181818181818183 0.00017241531331165872
0 0.0017543859649122807 0.0 1.0 0.0 0.005555439721650682 0.004086302795438287 0.00941164099058836 0.0002631578947368421 8.455583340660612e-05
0 0.0032258064516129032 0.0 1.0 0.0 0.0026643685845975365 0.0020407184289972934 0.012387612387612388 0.0008 0.00030877619386255576
0 0.005208333333333333 0.0 1.0 0.0 0.005142975947672573 0.003161195558974551 0.020812520812520812 0.0006666666666666666 0.0004696810211696824
0 0.0030303030303030303 0.0 1.0 0.0 0.004358419510160429 0.0030428454878165443 0.015484515484515488 0.0012000000000000001 0.00018372301904445802
0 0.0029411764705882353 0.0 1.0 0.0 0.0016775980397286112 0.0013604789526648622 0.008491508491508492 0.0002 0.00045250342060049187
0 0.002857142857142857 0.0 1.0 0.0 0.002247406478755205 0.0034011973816621558 0.016283716283716283 0.001 0.00042283529433936125
0 0.0006775067750677507 0.0 1.0 0.0 0.003555618189686171 0.004074956011449381 0.018274408518310963 0.001121951219512195 3.197113072242576e-05
0 0.001589825119236884 0.0 1.0 0.0 0.0018562454918820198 0.004548688784518714 0.0160427807486631 0.0011176470588235296 0.00019304334961218312
0 0.0012531328320802004 0.0 1.0 0.0 0.003854604120002749 0.003887082721899606 0.007706579135150564 0.0 7.66530604948961e-05
0 0.003205128205128205 0.0 1.0 0.0 0.004247249477600094 0.0025508980362466166 0.010989010989010988 0.00125 0.00023050299454199693
0 0.0016666666666666668 0.0 1.0 0.0 0.0015310399550467239 0.0018139719368864828 0.017915417915417915 0.00013333333333333334 0.00022721460830993633
0 0.0020325203252032522 0.0 1.0 0.0 0.0 0.0 0.005910755910755912 0.0 0.0006625364315735216
0 0.0011337868480725624 0.0 1.0 0.0 0.004213725920137999 0.0017728976019757026 0.008753151610294465 0.0005238095238095238 6.893392157175127e-05
0 0.0011627906976744186 0.0 1.0 0.0 0.006648469309536489 0.0013422467969854666 0.009340659340659342 0.00055 5.093356490252683e-05
0 0.0006493506493506494 0.0 1.0 0.0 0.003493008562099227 0.0014606240244405635 0.010646496360782076 0.0005428571428571429 3.612022733401772e-05
0 0.001851851851851852 0.0 1.0 0.0 0.004499842424871459 0.002897432288152679 0.01332001332001332 0.0011666666666666668 0.00016084209521317083
0 0.002173913043478261 0.0 1.0 0.0 0.00045566557168337074 0.0 0.008291708291708291 0.0002 0.0007148820733351367
0 0.0006447453255963894 0.0 1.0 0.0 0.0047148061300042845 0.001102107725974946 0.011897193715375533 0.0007272727272727273 2.3919369839811434e-05
0 0.0016025641025641025 0.0 1.0 0.0 0.005730884980111452 0.0009027745397141875 0.007761469299930839 0.00023076923076923076 8.88440380500437e-05
0 0.0013605442176870747 0.0 1.0 0.0 0.005488142722979605 0.002028563658544363 0.012787212787212787 0.0005333333333333334 9.429100266372731e-05
0 0.0014285714285714286 0.0 1.0 0.0 0.0016439866002373028 0.0006428299529043235 0.009205080633652064 0.00014285714285714287 0.00028469040659751617
0 0.000980392156862745 0.0 1.0 0.0 0.002311395535719884 0.0011302204433654576 0.01208791208791209 0.00075 0.0011626836949957082
1 0.0027472527472527475 0.0 1.0 0.0 0.001046639231452879 0.0023211858866590373 0.011131725417439705 0.001 0.0009440172513761464
0 0.003144654088050314 0.0 1.0 0.0 0.0 0.0 0.004828504828504828 0.0 0.0022419000419337527
0 0.0011574074074074073 0.0 1.0 0.125 0.0016097941244790897 0.0013998981739936176 0.009927572427572428 0.0005 0.0014396919614584264
0 0.001652892561983471 0.0 1.0 0.0 0.002087367414056943 0.0 0.008536917627826717 0.0 0.0002997177291596752
0 0.0005411255411255411 0.0 1.0 0.0 0.002146860652982582 0.0005608045601753713 0.004631731904459177 0.0003333333333333333 6.152815557965742e-05
0 0.0010319917440660474 0.0 1.0 0.0 0.0032448253947420422 0.0007772646159751659 0.005817711700064641 0.00017647058823529413 0.00013959921362597966
0 0.0024630541871921183 0.0 1.0 0.0 0.0027174386522292797 0.0 0.0021407164264307123 0.0 0.0007217858445459255
0 0.125 0.0 1.0 0.0 0.013772275419998547 0.012234522955619265 0.005357142857142857 0.0062949640287769774 0.125
0 0.021739130434782608 0.0 1.0 0.0 0.016965107301461245 0.022888713663982485 0.014906832298136646 0.009696590553644045 3.64029205690981e-05
0 0.008130081300813007 0.0 1.0 0.0 0.019467871111308464 0.022064754169503938 0.015156794425087106 0.004386734514827162 0.0014346724470710769
0 0.009259259259259259 0.0 1.0 0.0 0.008610112434905988 0.009397599556479164 0.013756613756613755 0.0005329070077271516 0.01258495582272627
0 0.004878048780487805 0.0 1.0 0.0 0.016533577152607778 0.021298995920528706 0.013414634146341461 0.0029829794700824705 0.003948503469950808
0 0.05555555555555555 0.0 1.0 0.0 0.012688025185835188 0.010244570426693241 0.0046713380046713385 0.0030120481927710854 0.05555555555555555
0 0.041666666666666664 0.0 1.0 0.0 0.010903800602273347 0.00512228521334662 0.015015015015015015 0.002761044176706827 8.843361977976462e-05
0 0.011904761904761904 0.0 1.0 0.0 0.0071117043705001435 0.012015871339464083 0.01051051051051051 0.0039802065404475045 0.0009476848487942875
0 0.020833333333333332 0.0 1.0 0.0 0.016506905163888533 0.009693058233586758 0.013013013013013013 0.0032630522088353407 0.02835141902462202
1 0.006060606060606061 0.0 1.0 0.0 0.007088251659653792 0.008504407434481383 0.010283010283010284 0.0019167579408543264 0.002344823080817823
0 0.005208333333333333 0.0 1.0 0.0 0.009530299061304419 0.0 0.009009009009009007 0.00037650602409638556 2.3026455241219406e-05
0 0.014285714285714285 0.0 1.0 0.0 0.002227382193312124 0.0 0.008408408408408407 0.0 0.0005995750443808718
0 0.007352941176470588 0.0 1.0 0.0 0.007375665082131359 0.009397564633710746 0.011658717541070484 0.001948972360028349 0.036915005173012924
0 0.0024154589371980675 0.0 1.0 0.0 0.004806508571219992 0.006001179134892893 0.007638072855464159 0.0005238344683080147 0.0005540586308178016
0 0.00625 0.0 1.0 0.0 0.008769416916201507 0.011112823670890707 0.006006006006006006 0.0009412650602409639 0.0029305933058718964
0 0.006493506493506494 0.0 1.0 0.0 0.011433532624079276 0.013171590548605592 0.010510510510510511 0.0004302925989672978 0.04709231748631976
0 0.0043859649122807015 0.0 1.0 0.0 0.0069625016400155885 0.009705382509498858 0.006954322743796428 0.0 0.00010833856424843983
0 0.0024813895781637717 0.0 1.0 0.0 0.010182646655999031 0.014537169233046926 0.009687106461300011 0.001748931208705791 0.0016323849289020885
0 0.002976190476190476 0.0 1.0 0.0 0.009233651977230658 0.009751603641461501 0.01026026026026026 0.0017570281124497991 3.988433077025217e-05
0 0.0031746031746031746 0.0 1.0 0.0 0.012672806910897809 0.011785422010639616 0.009295009295009296 0.002008032128514056 4.381430656881445e-05
0 0.03125 0.0 1.0 0.0 0.003668300516241078 0.006089615715635081 0.013218390804597704 0.003096198156682026 0.03125000000000001
0 0.03125 0.0 1.0 0.0 0.002689309658778345 0.00876095423216594 0.01738505747126437 0.003744239631336405 0.004342708309790885
0 0.027777777777777776 0.0 1.0 0.0 0.0018477686576223874 0.0026122867754701656 0.00996168582375479 0.0024961597542242707 0.009944147697086946
0 0.020833333333333332 0.0 1.0 0.0 0.0032924352223784752 0.010371008566304895 0.00842911877394636 0.002304147465437788 0.006964694375016179
0 0.015384615384615385 0.0 1.0 0.0 0.0030964522989203143 0.008710893854426145 0.01803713527851459 0.004608294930875575 0.009145419005035758
0 0.007936507936507936 0.0 1.0 0.0 0.004523171832416755 0.007546425226644814 0.012807881773399013 0.003072196620583716 0.03811390345067063
0 0.007142857142857143 0.0 1.0 0.0 0.0020182849900073803 0.006920779900589327 0.018275862068965514 0.0027649769585253456 0.004620142528694803
1 0.004310344827586207 0.0 1.0 0.0 0.003850653961426637 0.0 0.012128418549346017 0.00023836008263149533 0.02590714094746652
0 0.003968253968253968 0.0 1.0 0.0 0.004693693309293719 0.00903683198310117 0.016912972085385877 0.0022218564845292955 0.006326584634063908
0 0.004347826086956522 0.0 1.0 0.0 0.003778557915662822 0.008227416481385278 0.016591704147926038 0.002805049088359046 0.0027168235917391934
0 0.005347593582887701 0.0 1.0 0.0 0.004648566184354523 0.003225817683494225 0.013387423935091276 0.0012198427758200055 0.0056148545511552584
0 0.0030864197530864196 0.0 1.0 0.0 0.004187001367359279 0.005732921718445831 0.014644529587058322 0.0019627922853729307 0.02596944217389894
0 0.006993006993006993 0.0 1.0 0.0 0.003383623328816443 0.00825891793440008 0.006478578892371995 0.0008378718056137411 0.01350166421976845
0 0.004464285714285714 0.0 1.0 0.0 0.0013822834199882696 0.004893817286452936 0.015086206896551723 0.0010080645161290322 0.006485054776411215
0 0.0047619047619047615 0.0 1.0 0.0 0.004445358906090976 0.0073070914283084225 0.012807881773399017 0.0016458196181698486 0.007594801366655641
0 0.0021551724137931034 0.0 1.0 0.0 0.005788860092315242 0.007671716435529339 0.01093935790725327 0.0009534403305259813 0.022654358301176434
0 0.0017301038062283738 0.0 1.0 0.0 0.001561471513030253 0.00462797270541149 0.01568627450980392 0.000813228517213337 0.002053075338385959
0 0.001984126984126984 0.0 1.0 0.0 0.004107107195952181 0.007222287660098582 0.012233169129720852 0.0013166556945358788 0.028826830979472483
0 0.0015037593984962405 0.0 1.0 0.0 0.0023723103480704556 0.0040216242877473265 0.012413793103448274 0.0017774851876234364 0.0028939821030220876
0 0.002777777777777778 0.0 1.0 0.0 0.0023648714518415656 0.0066882134570224105 0.010217113665389528 0.0017921146953405018 0.005118833666095856