0 0.030303030303030304 0.0 1.0 0.0 0.01232320743194117 0.023178699189455677 0.015295815295815298 0.008158508158508156 0.030303030303030304
0 0.045454545454545456 0.0 1.0 0.0 0.02740174749434271 0.0344650998416311 0.012987012987012986 0.0034965034965034965 0.009349103757464849
0 0.012345679012345678 0.0 1.0 0.0 0.017544661835483494 0.014535031545564767 0.010229276895943563 0.0 0.009947090292881534
0 0.022727272727272728 0.0 1.0 0.0 0.02109257436498368 0.0523035476475515 0.015584415584415584 0.0034965034965034965 0.01923338862229503
0 0.008695652173913044 0.0 1.0 0.0 0.007501951028997818 0.005687621039568822 0.007867494824016564 0.0 0.005541809426758115
1 0.03333333333333333 0.0 1.0 0.0 0.019806986868377993 0.02154539574799234 0.026881720430107524 0.010382513661202184 0.03333333333333333
0 0.015625 0.0 1.0 0.0 0.03197732758318382 0.04181800059420684 0.02167338709677419 0.0010245901639344263 0.010764087593567367
0 0.03571428571428571 0.0 1.0 0.0 0.017126837138095076 0.01542493143610955 0.011529808773903262 0.007653061224489796 0.03571428571428571
0 0.015625 0.0 1.0 0.0625 0.021320256499745237 0.02724701573926611 0.009104330708661415 0.002232142857142857 0.008176543138427602
0 0.0101010101010101 0.0 1.0 0.0 0.01494323383500823 0.021267708495241955 0.009305654974946315 0.0 0.016260659874382046
0 0.007352941176470588 0.0 1.0 0.0 0.014109938645659738 0.005002062450397972 0.012737378415933302 0.0018674136321195143 0.0056316764798745285
0 0.03125 0.0 1.0 0.0 0.0034985445615979827 0.006006350453062299 0.004532113259668508 0.0014263485477178427 0.03125000000000001
0 0.013513513513513514 0.0 1.0 0.0 0.002079153330076114 0.0004567490996795907 0.005188890548006568 0.0013831258644536656 0.011672998842075162
0 0.03333333333333333 0.0 1.0 0.0 0.005191608327648925 0.0016899716688144855 0.00897790055248619 0.001521438450899032 0.05692879209108308
0 0.03125 0.0 1.0 0.0 0.001987728844090164 0.0035282130515167593 0.0051795580110497235 0.0012102351313969572 0.028313375375332996
0 0.005263157894736842 0.0 1.0 0.05263157894736842 0.00319763450325296 0.0028477751443509473 0.004034603082291363 0.0016015141588410866 0.0037046371195569453
0 0.011904761904761904 0.0 1.0 0.0 0.004326925139489847 0.0 0.014305445935280188 0.0018770993874728315 0.024580822219520324
0 0.0037593984962406013 0.0 1.0 0.0 0.0021743900917769276 0.0004447293865301278 0.01232189589997092 0.0015651161097765165 0.006064473229209747
0 0.004032258064516129 0.0 1.0 0.06451612903225806 0.0026889070327300686 0.00641658655003654 0.0037426483692746385 0.0008031053406505152 0.005210549657412008
0 0.006944444444444444 0.0 1.0 0.0 0.0008154270064993913 0.005292319577275139 0.006733425414364639 0.00017289073305670817 0.0014370183661965871
0 0.0058823529411764705 0.0 1.0 0.0 0.0010921883230801963 0.0027672259227582425 0.007068573285667859 0.00016272068993572535 0.0014617906061816892
0 0.0025974025974025974 0.0 1.0 0.05714285714285714 0.003015919363148872 0.001932223800112607 0.008918705603788477 0.00031614305473226637 0.0041818697943076235
0 0.003472222222222222 0.0 1.0 0.0 0.0013105482564756776 0.0 0.010531767955801102 0.00011526048870447212 0.0005031137774941867
0 0.004524886877828055 0.0 1.0 0.0 0.0007193071215023648 0.0 0.010074748131296718 0.000488162069807176 0.0026440472607484958
0 0.0037593984962406013 0.0 1.0 0.0 0.002234287530733085 0.0 0.006833381797034022 0.00021838829438742082 0.0016405144425950388
0 0.0015873015873015873 0.0 1.0 0.047619047619047616 0.0032078770983084226 0.0015560864199987575 0.012529597474348855 0.00039517881841533294 8.177558145422119e-05
0 0.002232142857142857 0.0 1.0 0.0 0.0026582885934860073 0.0 0.012085635359116022 0.0002963841138114997 0.0003608442942093045
0 0.0015898251192368838 0.0 1.0 0.0 0.002877113967722604 0.002085967725112906 0.01593997312229356 0.001270980524092557 0.00028307230408766666
0 0.001633986928104575 0.0 1.0 0.058823529411764705 0.0034047909056981497 0.005592507185018568 0.005849853753656157 0.000122040517451794 0.0005583828181642529
0 0.0013157894736842105 0.0 1.0 0.0 0.0011618553419555817 0.0035282130515167606 0.006457182320441987 0.0002074688796680498 0.00011474571611226217
0 0.004166666666666667 0.0 1.0 0.0 0.0020182280952261 0.00392023672390751 0.0024171270718232043 0.0 0.003276119004765141
0 0.001763668430335097 0.0 1.0 0.07407407407407407 0.005532543050826616 0.006923247272297271 0.009412727644771844 0.0006659494902925056 0.0038838190345770363
0 0.0012987012987012987 0.0 1.0 0.0 0.0027055258482663754 0.005246021656404328 0.00927387529597474 0.00023710729104919976 0.0001933974203758887
0 0.002173913043478261 0.0 1.0 0.1 0.003035656926292536 0.006585997696164618 0.004143646408839779 0.0005532503457814661 0.0005519063930431383
0 0.004629629629629629 0.0 1.0 0.0 0.0048987730369172075 0.007386360910695959 0.011203192142418661 0.00030736130321192565 0.002334118039452801
0 0.004 0.0 1.0 0.0 0.001687637453802311 0.0 0.010082872928176796 0.0 0.003434994148334249
0 0.0009615384615384616 0.0 1.0 0.05 0.005509758437159927 0.0066175854141795375 0.007596685082872927 0.00027662517289073305 0.0024057427056937216
0 0.0011574074074074073 0.0 1.0 0.0 0.0038730198705414737 0.004998301822982078 0.010315953038674032 0.00047544951590594743 0.0005224840423451955
0 0.002551020408163265 0.0 1.0 0.0 0.0023223253641438094 0.0047042840686890115 0.007498026835043408 0.0 0.0015816163296778888
0 0.004310344827586207 0.0 1.0 0.0 0.0035233398290699124 0.00823249712020577 0.0008632596685082873 0.0 0.0031390858537701347
0 0.027777777777777776 0.0 1.0 0.0 0.003502668484504848 0.0031641810670523848 0.010001896094046264 0.0018043684710351382 0.027777777777777776
0 0.019230769230769232 0.0 1.0 0.0 0.004209654413167363 0.004125301313215818 0.006694670517196114 0.0019066403681788303 0.0006739642168309396
0 0.012345679012345678 0.0 1.0 0.0 0.0035968424122850193 0.006561122940316569 0.005372266464416635 0.0018360240582462812 0.002266877948998467
0 0.008620689655172414 0.0 1.0 0.06896551724137931 0.0022868582586297744 0.00280676471224699 0.005825585500764974 0.0016504568228706165 0.005858620460621187
0 0.014285714285714287 0.0 1.0 0.0 0.0018683303428794296 0.003497047512346917 0.007435397367137981 0.001831501831501832 0.02072041446941575
0 0.010416666666666666 0.0 1.0 0.0 0.0031433465580123377 0.0029070063091129533 0.008425767918088738 0.0016025641025641032 0.041702848590231746
0 0.0047619047619047615 0.0 1.0 0.0 0.004314894924409692 0.0019842110560021587 0.011262798634812285 0.00011396011396011396 0.002769517842268434
0 0.007352941176470588 0.0 1.0 0.0 0.005517559158201559 0.0074119220885918505 0.0069263200160610315 0.001005530417295123 0.008317185222785042
0 0.0038314176245210726 0.0 1.0 0.0 0.002888230562429157 0.005867070431077119 0.009532776273979051 0.0007662835249042146 0.0033151973720488017
0 0.005 0.0 1.0 0.0 0.0025052198653167704 0.0024790919908538 0.010665529010238907 0.0005982905982905983 0.0007518975329447762
0 0.003246753246753247 0.0 1.0 0.0 0.0043678849589497285 0.005491783396050662 0.005119453924914676 0.0002442002442002442 0.005048826683245471
0 0.003205128205128205 0.0 1.0 0.0 0.004277899919377352 0.005366780878362376 0.006629036492517721 0.00013149243918474687 0.00019954078418949194
0 0.003076923076923077 0.0 1.0 0.0 0.002523133623669885 0.0023256050472903627 0.007918088737201364 0.00013675213675213676 0.0008613719760369284
0 0.01020408163265306 0.0 1.0 0.0 0.0013203560219903511 0.003322292924700518 0.008288639687957094 0.0009768009768009768 0.02998105102397876
0 0.004166666666666667 0.0 1.0 0.0 0.004033775251254208 0.004539194938925973 0.009918941979522184 0.000641025641025641 0.0009781855802332236
0 0.002232142857142857 0.0 1.0 0.0 0.0016539210756802514 0.0029292677934589797 0.008898098488542174 0.0004884004884004884 0.0012102751982140478
0 0.0034602076124567475 0.0 1.0 0.0 0.0045092068944269535 0.002205275454405905 0.007628990162617947 0.00020110608345902463 0.0011455363170789308
0 0.00505050505050505 0.0 1.0 0.0 0.0062281016101480985 0.006602465365710505 0.009618367980142723 0.0006216006216006216 0.029565012100965803
0 0.0020242914979757085 0.0 1.0 0.0 0.0028879848157567292 0.005010692751984702 0.006235232344447361 0.00013149243918474687 0.020112193488971492
0 0.002777777777777778 0.0 1.0 0.0 0.004216556820441344 0.007193771444991505 0.007489571482745543 0.0004748338081671415 0.006335521005025973
0 0.0026455026455026454 0.0 1.0 0.0 0.0024084796257480465 0.004522009814175706 0.009480470231323472 0.0 0.0007451215092104797
0 0.004132231404958678 0.0 1.0 0.0 0.005638726613132949 0.0037975120949584242 0.008997828110456099 0.0006216006216006216 0.004691419323127347
0 0.002173913043478261 0.0 1.0 0.0 0.0010200077024164022 0.0017442037854677717 0.0071672354948805455 0.0005128205128205128 0.005782744910309933
0 0.004629629629629629 0.0 1.0 0.0 0.007802092606757766 0.010727292896676064 0.007584376185058778 0.001329534662867996 0.003801050550641061
0 0.0017391304347826088 0.0 1.0 0.0 0.0040260464483640335 0.0025739341265870854 0.005861403769105205 0.00014864362690449647 0.025941226941005754
0 0.0013736263736263737 0.0 1.0 0.0 0.0029596072630438566 0.005075051791739409 0.008410531448074108 0.0006105006105006104 0.0008427037520178317
0 0.0030864197530864196 0.0 1.0 0.0 0.0031131198890007148 0.0 0.003555176336746303 0.0002849002849002849 0.00916458538820344
0 0.004464285714285714 0.0 1.0 0.0 0.0032678301951238374 0.002610789565283917 0.00895904436860068 0.00042735042735042735 0.00727330657130588
0 0.003134796238244514 0.0 1.0 0.0 0.0031534407275555358 0.0 0.0048091839900713616 0.0 0.010993759918811892
0 0.03125 0.0 1.0 0.0 0.023512319090806557 0.0317343559275469 0.02252252252252253 0.011931818181818184 0.03125000000000001
0 0.016666666666666666 0.0 1.0 0.0 0.024642927552490156 0.03040646234214855 0.009609609609609607 0.002727272727272727 0.02822557758370558
0 0.0303030303030303 0.0 1.0 0.0 0.0034725381658668552 0.011243627707974067 0.013104013104013103 0.0 0.011138943749933088
0 0.014705882352941176 0.0 1.0 0.0 0.006593343252169019 0.014550577033848792 0.010598834128245893 0.0 0.0002872049626769686
0 0.009523809523809525 0.0 1.0 0.0 0.011842126399915054 0.007864070086233403 0.01758901758901759 0.003463203463203463 0.010714479626778423
0 0.04 0.0 1.0 0.0 0.00783459760816883 0.02563641617246515 0.01936305732484076 0.00794871794871795 0.04
0 0.013513513513513514 0.0 1.0 0.05405405405405406 0.01631908576079945 0.01330157777130494 0.012566706834222757 0.003811503811503812 0.006462270852482726
0 0.014492753623188404 0.0 1.0 0.0 0.00781730948321268 0.0 0.012461921905289393 0.0 0.0003210831841466429
0 0.009615384615384616 0.0 1.0 0.0 0.0031730681873123304 0.015094071220394183 0.009064184223419891 0.0 0.0009795958630514068
0 0.011764705882352941 0.0 1.0 0.0 0.02088114333196635 0.021778211526062997 0.01049082053203447 0.0018853695324283558 0.0002737241675613376
0 0.005747126436781609 0.0 1.0 0.0 0.013880264786922634 0.026458015071181937 0.016692290797276518 0.004199823165340406 0.005281273707091318
0 0.03125 0.0 1.0 0.0 0.004570859026679443 0.004413952468371388 0.010168650793650794 0.0014900662251655632 0.03125
0 0.011363636363636364 0.0 1.0 0.0 0.0038051584828005113 0.004233987521146125 0.009499759499759498 0.0014449127031908495 0.01918662173327972
0 0.0303030303030303 0.0 1.0 0.0 0.0014692755129303429 0.002543110677646044 0.008056758056758056 0.001324503311258278 0.010637632216699472
0 0.011904761904761904 0.0 1.0 0.09523809523809523 0.003127172197222173 0.007584098464995355 0.004787100025195263 0.0014506464837590659 0.0023271043960458072
0 0.011764705882352941 0.0 1.0 0.0 0.002116615265875184 0.001589963715619239 0.015250544662309367 0.0012465913517724966 0.0012196456497526216
0 0.00641025641025641 0.0 1.0 0.0 0.0024162782925694227 0.004106311662253159 0.007987382987382986 0.0014263881813550686 0.00028389625267000526
0 0.011904761904761904 0.0 1.0 0.0 0.0030607779490462363 0.00450489719425451 0.004629629629629629 0.001214128035320088 0.006598148081381306
0 0.004166666666666667 0.0 1.0 0.13333333333333333 0.0022631516982332266 0.004904015284996037 0.007671957671957672 0.0014128035320088305 0.0014363871085012264
1 0.0018832391713747645 0.0 1.0 0.0 0.0016015305601870258 0.0025960424509263278 0.01049233252623083 0.0005163317993040744 0.00042452490759744464
0 0.0024390243902439024 0.0 1.0 0.04878048780487805 0.003704398827749609 0.005933279231457159 0.005194218608852754 0.0 0.00020076754254541238
0 0.0023923444976076554 0.0 1.0 0.0 0.0007867969800382863 0.002174867138981973 0.010442773600668339 0.0001742767514813524 0.00014076457875159936
0 0.0026881720430107525 0.0 1.0 0.0 0.004358009978962111 0.006103409101893207 0.005120327700972862 0.0 0.0003684493362665201
0 0.003344481605351171 0.0 1.0 0.08695652173913043 0.003784621072984904 0.00274211133563318 0.006843800322061191 0.00011517420097898071 0.004081380642922576
0 0.003401360544217687 0.0 1.0 0.0 0.0016478839419845005 0.0030482569051496463 0.011904761904761904 0.0006307158625039421 0.0002436842298304185
0 0.005128205128205128 0.0 1.0 0.0 0.001335059541960274 0.003465305534041931 0.016687016687016686 0.0 0.002370225778885873
0 0.010416666666666666 0.0 1.0 0.0 0.0029142993322224518 0.003003264796169674 0.0006613756613756613 0.0 0.021038769094396295
0 0.002262443438914027 0.0 1.0 0.0 0.0009575737048686546 0.0020791833204251587 0.007682132682132682 0.0 0.002453154268294369
0 0.0020576131687242796 0.0 1.0 0.07407407407407407 0.005015794138452364 0.006006529592339347 0.0030864197530864196 9.811135638950208e-05 0.0018223449473428518
0 0.0021929824561403508 0.0 1.0 0.0 0.0021599711895776683 0.004880305293775719 0.004905202821869488 0.0 0.000583379155514629
0 0.0025 0.0 1.0 0.0 0.004306158210031672 0.0 0.010846560846560846 0.0005298013245033113 0.0002290425782720951
0 0.0015360983102918587 0.0 1.0 0.0 0.00260742698635687 0.0003408579410723492 0.007595152756443078 0.0001281777397991882 0.00018002271622380298
0 0.0013774104683195593 0.0 1.0 0.06060606060606061 0.0017337990591510164 0.0009358923843141327 0.008377425044091712 0.0005217740317078065 0.00048508598165412047
0 0.002717391304347826 0.0 1.0 0.0 0.003819631243855892 0.0019302780426478988 0.012566137566137565 0.0005794701986754967 0.0010894909194322858
0 0.0011574074074074073 0.0 1.0 0.05555555555555555 0.005045881416215976 0.00036870016880767147 0.006650499706055262 0.00014716703458425313 0.0001479056117849112
0 0.002857142857142857 0.0 1.0 0.0 0.0019281164295136936 0.0006499714159579634 0.008597883597883597 0.0001892147587511826 0.0015102472656114431
0 0.0016722408026755855 0.0 1.0 0.0 0.0012871673174600265 0.0 0.007936507936507936 0.00028793550244745177 0.0008153327172133501
0 0.001949317738791423 0.0 1.0 0.0 0.0022450755176932568 0.0004789263064953415 0.007797270955165692 0.0004879749041477867 0.0011449042828070785
0 0.0009398496240601503 0.0 1.0 0.05263157894736842 0.004131504547131064 0.0 0.006961849067112225 0.0001394214011850819 0.0003073642884883718
0 0.0014367816091954023 0.0 1.0 0.0 0.0031279838971202383 0.0 0.010085978835978835 0.00011037527593818985 0.0008614664874759661
0 0.029411764705882353 0.0 1.0 0.0 0.005786167254066748 0.009614330184459846 0.0158288770053476 0.0037569772434521234 0.029411764705882353
0 0.017857142857142856 0.0 1.0 0.0 0.011112222453074624 0.012806843587081786 0.013116883116883119 0.004562043795620437 0.0033946029081227806
0 0.014492753623188404 0.0 1.0 0.0 0.0045347217730697656 0.012693131785602003 0.012806324110671934 0.0026975563313233904 0.009396607197341023
0 0.008064516129032258 0.0 1.0 0.0 0.007438592208757196 0.014206250589568162 0.009149560117302055 0.0012950317871438662 0.0003544263503649726
0 0.015384615384615385 0.0 1.0 0.0 0.005705747978823491 0.00864488994715142 0.003356643356643356 0.0005614823133071308 0.01161073657123468
0 0.011904761904761904 0.0 1.0 0.0 0.009974369725585557 0.007093216645802201 0.009090909090909092 0.0 0.01558242869508465
0 0.008928571428571428 0.0 1.0 0.0 0.004302278632397255 0.008074422485798687 0.00909090909090909 0.0009124087591240876 0.01626444499634814
0 0.004310344827586207 0.0 1.0 0.0 0.006431731795656355 0.012299896749749658 0.01780564263322884 0.0016360432922225016 6.0870054072474103e-05
0 0.003472222222222222 0.0 1.0 0.0 0.005245389108570057 0.0077582057063461584 0.012386363636363636 0.0002281021897810219 0.006973933694202728
0 0.0032258064516129032 0.0 1.0 0.0 0.0055758289462835495 0.0012227353074853332 0.006686217008797654 0.0002354603249352484 0.0013614570155536985
0 0.003787878787878788 0.0 1.0 0.0 0.009130748453819814 0.003349915559976519 0.009393939393939392 0.0010644768856447689 0.003462174179644341
0 0.029411764705882353 0.0 1.0 0.0 0.01609298379748975 0.014004930395079463 0.0157251019219569 0.008235294117647061 0.029411764705882353
0 0.013157894736842105 0.0 1.0 0.0 0.016003808473438092 0.028641662161365527 0.016675351745700888 0.0010526315789473684 0.01735446982862311
0 0.05555555555555555 0.0 1.0 0.0 0.005786399170495019 0.011337324605540518 0.009900990099009901 0.0 0.005457992737018893
0 0.010869565217391304 0.0 1.0 0.0 0.01145179948864709 0.01983924339010853 0.02023245802841154 0.002608695652173913 0.0006064213416251794
0 0.08333333333333333 0.0 1.0 0.0 0.005260567358416133 0.005928430453919811 0.003512596899224806 0.0013343037360504613 0.08333333333333336
0 0.013513513513513514 0.0 1.0 0.0 0.0017102199676899338 0.004806835503178225 0.004949717159019485 0.0014556040756914111 0.014303577839264909
0 0.03333333333333333 0.0 1.0 0.0 0.005113270157489294 0.007114116544703774 0.009738372093023256 0.001601164483260553 0.06416993335455247
0 0.00641025641025641 0.0 1.0 0.05128205128205128 0.0028661805892981444 0.0010839458260383517 0.0040995825879546815 0.0014929272571193959 0.0032182612244293996
0 0.014285714285714287 0.0 1.0 0.0 0.004303339660010093 0.0 0.01650747508305648 0.0019754626741526307 0.023909428825728555
0 0.0043859649122807015 0.0 1.0 0.0 0.002475259794914178 0.0004680339832041956 0.013922888616891064 0.0017237416685819344 0.007442182231170817
0 0.003401360544217687 0.0 1.0 0.047619047619047616 0.003236272174843507 0.0018733802936510217 0.013289036544850499 0.001109031676717266 4.82261066941523e-05
0 0.004464285714285714 0.0 1.0 0.0 0.0025881966531386942 0.0 0.013392857142857146 0.0004158868787689749 0.00010664317036289515
0 0.003003003003003003 0.0 1.0 0.0 0.0026212559628399864 0.0019483086030176646 0.01787397862979259 0.0012589008222195993 7.088147122913785e-05
0 0.004 0.0 1.0 0.08 0.004567408228383007 0.008198368997656278 0.010988372093023257 0.0009315866084425037 9.110778007335755e-05
0 0.0034965034965034965 0.0 1.0 0.0 0.002447368155764331 0.004410172682152696 0.011124776386404293 0.0005598477214197739 7.357626976795885e-05
0 0.005952380952380952 0.0 1.0 0.0 0.002761729682872094 0.004988709342572062 0.006125415282392027 0.0004158868787689749 0.0002826815363159084
0 0.002079002079002079 0.0 1.0 0.0 0.0016698773663709056 0.0036374734633266683 0.006128221244500315 0.0003147252055548999 7.283863838458163e-05
0 0.0035714285714285713 0.0 1.0 0.1 0.0049958790124531565 0.0035585824790283493 0.003270348837209302 0.00043668122270742354 0.007134966738158538
0 0.00392156862745098 0.0 1.0 0.0 0.001537522509489738 0.0 0.02034883720930233 0.0003424950766332734 0.0002239612928546352
0 0.0026041666666666665 0.0 1.0 0.0 0.0016893236971152975 0.0 0.011022286821705427 0.000121300339640951 0.00014369240085228003
0 0.0034602076124567475 0.0 1.0 0.0 0.0004152261127110976 0.0 0.011114911080711354 0.0005137426149499101 0.0004332684740166948
0 0.0029239766081871343 0.0 1.0 0.0 0.0023511979247830715 0.0 0.007726438188494493 0.00038305370412931893 0.0002014391721794049
0 0.0012239902080783353 0.0 1.0 0.046511627906976744 0.0036386214356138352 0.004910040777466802 0.012777176852352622 0.001083240242375004 4.075962915609663e-05
0 0.0014705882352941176 0.0 1.0 0.0 0.0026527630539375483 0.0058244667893863475 0.008421682626538987 8.562376915831835e-05 6.949563871416095e-05
0 0.007936507936507936 0.0 1.0 0.0 0.006671047267507092 0.004950796770978393 0.0012112403100775194 0.0 0.0005335058663479327
0 0.003246753246753247 0.0 1.0 0.0 0.0023308229635628 0.006593759351970786 0.014638704318936878 0.0011436889166146808 0.0002870704867322872
0 0.003952569169960474 0.0 1.0 0.0 0.0012298998574012067 0.0009001448674506168 0.005021141649048626 0.0 0.000610508195242133
0 0.0021929824561403508 0.0 1.0 0.10526315789473684 0.002417743327572938 0.006253638026499022 0.0016064871481028151 0.0 0.00020883124096506662
0 0.002857142857142857 0.0 1.0 0.0 0.003113648245053007 0.004243540089410051 0.012769933554817274 0.0 0.00029758360263318996
0 0.0032051282051282055 0.0 1.0 0.0 0.0024580353625177458 0.0 0.01174903100775194 0.000485201358563804 0.02179041871464019
0 0.0009259259259259259 0.0 1.0 0.05 0.006374553169481559 0.008034475029428884 0.007194767441860467 0.0005822416302765649 0.001924120176638434
0 0.0009157509157509158 0.0 1.0 0.10256410256410256 0.002796789513529196 0.006936956786738802 0.0073047107930828865 0.00029858545142387937 3.7826522096860347e-05
0 0.034482758620689655 0.0 1.0 0.0 0.005673179878076546 0.008713726706543084 0.014166731532653538 0.003042596348884382 0.034482758620689655
0 0.027777777777777776 0.0 1.0 0.0 0.011960310061388797 0.007695016700593112 0.009280160521695509 0.002262443438914027 0.00022198744510215832
0 0.00980392156862745 0.0 1.0 0.0 0.008711595369998368 0.005884424535747674 0.012083388660204487 0.002595155709342562 9.076813082694206e-05
0 0.010869565217391304 0.0 1.0 0.0 0.005985553629193801 0.009653890576793637 0.01619393463539111 0.003147747393271691 0.005854984646989103
0 0.014285714285714287 0.0 1.0 0.0 0.0 0.0 0.007255723960012899 0.0024240465416936 0.02036980160888702
0 0.01515151515151515 0.0 1.0 0.0 0.01819941136327555 0.008394563673374305 0.005130309870716191 0.0008227067050596463 0.0018842169546470862
0 0.02857142857142857 0.0 1.0 0.0 0.009970932313270422 0.006156013360474491 0.008126410835214447 0.0 0.020394911824424856
0 0.005208333333333333 0.0 1.0 0.0 0.00783517049686917 0.004328763016065784 0.014578630549285175 0.0008484162895927602 0.00013890975320435923
0 0.005847953216374269 0.0 1.0 0.0 0.006584164176504912 0.00966123088878646 0.009742188428181062 0.001428911645629912 0.012319484147298
0 0.005263157894736842 0.0 1.0 0.0 0.012666842953232586 0.0068633048263232535 0.014019246762504455 0.0005953798523457967 0.00469926003008702
0 0.003787878787878788 0.0 1.0 0.0 0.004430863890863384 0.004792198262456484 0.0118510158013544 0.0007541478129713424 0.015323354886916619
0 0.003333333333333333 0.0 1.0 0.0 0.012178788696414174 0.011497581531748931 0.00785553047404063 0.0004524886877828055 0.00015187111967864323
0 0.004048582995951417 0.0 1.0 0.0 0.005041488744850872 0.007290015821614527 0.014850896994178447 0.0 0.00022928087560755665
0 0.005494505494505494 0.0 1.0 0.0 0.020509063515659717 0.0135825301464385 0.009897551658274006 0.001218238774799861 0.0015404933119110417
0 0.001851851851851852 0.0 1.0 0.0 0.003336024060210579 0.005557512061539469 0.01022071733132681 0.0003770739064856712 0.006385999553513288
0 0.0025 0.0 1.0 0.0 0.01117283917228635 0.008116592691589214 0.012821670428893905 0.0008144796380090498 0.00021685796900806212
0 0.004901960784313725 0.0 1.0 0.0 0.0014447956601268037 0.0 0.006395786305492851 0.0 0.015355338723477769
0 0.00505050505050505 0.0 1.0 0.0 0.018775841106667517 0.005247292016547287 0.015596142006977221 0.002056766762649116 0.004060027430500091
0 0.004048582995951417 0.0 1.0 0.0 0.005631731704208161 0.0 0.01128668171557562 0.0005221023320570832 0.002411213242057927
0 0.002631578947368421 0.0 1.0 0.0 0.011725060869494033 0.0 0.009266959724367354 0.0 0.00020680663882074847
0 0.001984126984126984 0.0 1.0 0.0 0.0033674977338559397 0.0011518189258605516 0.013544018058690745 0.0001885369532428356 0.005699467916427502
0 0.0017482517482517483 0.0 1.0 0.0 0.003956042513765975 0.0035515461695045133 0.01041847542976211 0.0007831534980856249 0.003138032739684799
0 0.03125 0.0 1.0 0.0 0.008141274007932459 0.0042846495162159855 0.014937106918238994 0.0025603991596638664 0.03125
0 0.017857142857142856 0.0 1.0 0.0 0.006166847046050558 0.008012758192919278 0.013477088948787063 0.002926170468187275 0.01464344614679348
0 0.0196078431372549 0.0 1.0 0.0 0.006725566213817835 0.010972818238208717 0.020717721050684427 0.0028423133959466136 0.03314379506233528
0 0.014705882352941176 0.0 1.0 0.0 0.004437818025141816 0.00682680559105405 0.00949562214823036 0.0025951557093425604 0.01972305709581912
0 0.008333333333333333 0.0 1.0 0.0 0.004517767438267698 0.0036940356215918904 0.009084556254367574 0.0021008403361344537 0.00471429633581935
0 0.008771929824561403 0.0 1.0 0.0 0.0043865231820109235 0.00700059895307355 0.01886792452830189 0.0008845643520566123 0.000516464135346127
0 0.007142857142857143 0.0 1.0 0.0 0.004259172134767051 0.004439675349209755 0.01467505241090147 0.0007352941176470588 0.014247860745859486
0 0.005434782608695652 0.0 1.0 0.0 0.002038662434792505 0.004349357265552628 0.013125512715340442 0.0 0.0001954853996522079
0 0.00326797385620915 0.0 1.0 0.0 0.005580187267203103 0.004627453463000271 0.015661610556172153 0.0017301038062283735 0.007568842875699104
0 0.0058823529411764705 0.0 1.0 0.0 0.003108533549482493 0.0050437924592122915 0.006289308176100629 0.00024715768660405336 0.012789006865899899
0 0.003134796238244514 0.0 1.0 0.0 0.0033425467107366666 0.003663278357585278 0.020024578905515796 0.0013764126340191248 0.0101947311480559
0 0.0026041666666666665 0.0 1.0 0.0 0.005610481423572935 0.001339757371978265 0.007468553459119497 0.00013130252100840336 0.01665685862516823
0 0.007692307692307693 0.0 1.0 0.0 0.004886101431501709 0.007145372650550747 0.006708595387840671 0.0 0.0465793861358137
0 0.0037593984962406013 0.0 1.0 0.0 0.005086918660436063 0.00601852948104744 0.010040825333774688 0.0009951348960636887 0.024736365163505022
0 0.0031746031746031746 0.0 1.0 0.0 0.008332655327233323 0.008077738260837701 0.009683537985424779 0.0006002400960384154 0.022213676765226755
0 0.003472222222222222 0.0 1.0 0.0 0.007904995071348338 0.006985023462744803 0.015373864430468207 0.0005835667600373484 0.03933977707365906
0 0.004524886877828054 0.0 1.0 0.0 0.005653149726077388 0.007895504695618219 0.020803096274794392 0.0006464124111182935 0.024341637033035515
0 0.0030864197530864196 0.0 1.0 0.0 0.005864339214654096 0.008827879623340773 0.010132774283717678 0.0004668534080298786 0.013066104745825658
0 0.002506265664160401 0.0 1.0 0.0 0.0049285442041543635 0.009063396114243895 0.02565638414695019 0.0017006802721088435 0.026252227303519473
0 0.005555555555555556 0.0 1.0 0.0 0.010195883024046155 0.01005749410139347 0.026088982063824834 0.0014005602240896359 0.06380754885185573
0 0.0008503401360544217 0.0 1.0 0.0 0.0037107770498893333 0.003980609690198774 0.014263252470799638 0.000862845138055222 0.008044201965942945
0 0.023809523809523808 0.0 1.0 0.0 0.006481086270187791 0.006697716530800045 0.02023809523809524 0.0023451784720566007 0.023809523809523808
0 0.019230769230769232 0.0 1.0 0.0 0.005841634849931661 0.005292785629585451 0.012243589743589745 0.0023115448824964687 0.015973399286262385
0 0.01282051282051282 0.0 1.0 0.0 0.00762282261453903 0.007873179456619984 0.017179487179487182 0.002632592782843199 0.032846777195495114
0 0.005555555555555556 0.0 1.0 0.0 0.009173487138422951 0.009712313239211236 0.019407407407407408 0.002634019662400295 0.013547873184958103
0 0.004761904761904762 0.0 1.0 0.0 0.006384654405319396 0.00826392934874077 0.016428571428571428 0.0012322124175212657 0.014201987100017471
0 0.008771929824561403 0.0 1.0 0.0 0.003971171640056496 0.004957891426440739 0.01587719298245614 0.0007907916703277392 0.0002809490341828859
0 0.017857142857142856 0.0 1.0 0.0 0.0018749206959709438 0.0014195314614616676 0.002916666666666667 0.0 0.05179564371462423
0 0.004310344827586207 0.0 1.0 0.0 0.008329005445302561 0.010402917398015653 0.01103448275862069 0.00126647861378159 0.020426447406071826
0 0.012345679012345678 0.0 1.0 0.0 0.011329349514079679 0.017127037826382013 0.014629629629629631 0.0024114264514932295 0.0009134672026231275
0 0.004761904761904762 0.0 1.0 0.0 0.007111048535912505 0.004866404548521923 0.02023809523809524 0.001271961205183242 0.04179329270991245
0 0.004132231404958678 0.0 1.0 0.0 0.001073309074477777 0.006202314287111061 0.012651515151515153 0.000531188344210047 0.0011247674972533813
0 0.003968253968253968 0.0 1.0 0.0 0.007163248058791998 0.005226696137514816 0.019523809523809527 0.001033468479211384 0.035588528240627984
0 0.0027472527472527475 0.0 1.0 0.0 0.005689569070444709 0.004110270953865641 0.007738095238095238 0.00023849272597185786 0.00011217949868216917
0 0.0032467532467532465 0.0 1.0 0.0 0.005161893282031026 0.006423555590483004 0.028636363636363637 0.0013659128851115495 0.004885635974459711
0 0.0026666666666666666 0.0 1.0 0.0 0.0055048841329762765 0.006351994398452155 0.012533333333333332 0.0007345575959933222 0.01762807358386899
0 0.0125 0.0 1.0 0.2 0.0 0.0 0.0 0.0 0.1900788538927612
0 0.004201680672268907 0.0 1.0 0.07142857142857142 0.009708891673426452 0.008909364634730271 0.012142857142857141 0.0011924636298592892 0.06317037303899602
0 0.0019157088122605363 0.0 1.0 0.0 0.0051575903921668095 0.005127306857786651 0.014080459770114944 0.0010362097749122099 0.022665060627235525
0 0.0037593984962406013 0.0 1.0 0.0 0.00430198710752036 0.001622321670241906 0.018214285714285714 0.0007154781779155735 0.0006900219917471131
0 0.002 0.0 1.0 0.0 0.004344760219926956 0.0006004836251682308 0.019066666666666666 0.0008013355592654424 0.028062675402400993
0 0.0026455026455026454 0.0 1.0 0.0 0.004999341704619963 0.0022087820919688894 0.015555555555555557 0.0013912075681691708 0.0387807245278465
0 0.001567398119122257 0.0 1.0 0.0 0.009006194137875796 0.0063558045134651485 0.015057471264367817 0.00161188187208566 0.028747928564323913
0 0.0010604453870625662 0.0 1.0 0.0 0.004615111047505728 0.0007337163301855965 0.016097560975609753 0.000244309621727269 0.000722799476923719
0 0.003472222222222222 0.0 1.0 0.0 0.004165039863733541 0.0 0.005833333333333334 0.0 0.0198792565700118
0 0.0023529411764705885 0.0 1.0 0.0 0.0037215819479083896 0.0 0.005294117647058824 0.0 0.01106726772665987
0 0.0034965034965034965 0.0 1.0 0.0 0.001334696815310891 0.001048376882528781 0.02121212121212121 0.001062376688420094 0.0017021669417122407
0 0.030303030303030304 0.0 1.0 0.0 0.00989960626516552 0.015396922457691205 0.0207020702070207 0.0054184226369656825 0.030303030303030304
0 0.011111111111111112 0.0 1.0 0.0 0.011514428918634441 0.013695175712264408 0.018188485515218185 0.0037527593818984547 0.013473555831723348
0 0.01282051282051282 0.0 1.0 0.0 0.006759392128600406 0.008559609863306915 0.01383599898451384 0.0014009169638308711 0.013500795909435823
1 0.013157894736842105 0.0 1.0 0.0 0.007562942616253021 0.010520506246124942 0.0099009900990099 0.0010456605088881143 0.002130454863946679
0 0.03333333333333333 0.0 1.0 0.0 0.0 0.011262242985636278 0.0 0.0 0.03668352919378871
0 0.009259259259259259 0.0 1.0 0.0 0.015574328502861896 0.018713131251293494 0.020718738540520722 0.0042310522442972785 0.04268311734941584
0 0.0037593984962406013 0.0 1.0 0.0 0.008384894355342147 0.013978761720933272 0.020844189682126105 0.002178459393516905 0.009699434906319483
1 0.004166666666666667 0.0 1.0 0.0 0.0065092770502482005 0.0052744394343323 0.011991199119911993 0.0011037527593818985 0.01816657061905024
0 0.003968253968253968 0.0 1.0 0.0 0.013365390881280076 0.005803548782773975 0.018741159830268743 0.0016556291390728477 0.02964466558561509
0 0.005 0.0 1.0 0.0 0.012603993206447131 0.011055593606584129 0.025742574257425748 0.0034768211920529805 0.03865760839230186
0 0.00909090909090909 0.0 1.0 0.0 0.014044324059521666 0.01291796377910602 0.023102310231023104 0.004966887417218543 0.05785323386520249
0 0.0027777777777777775 0.0 1.0 0.0 0.008488223041109782 0.0031746839549994742 0.019691969196919692 0.0014348785871964682 0.02384888509642226
0 0.027777777777777776 0.0 1.0 0.05555555555555555 0.012950767895844598 0.012360405349354122 0.012578616352201257 0.004419191919191916 0.027777777777777776
0 0.014285714285714285 0.0 1.0 0.0 0.008147339362383054 0.008834278913408196 0.012614555256064688 0.0038961038961038944 0.002891411621700003
0 0.009259259259259259 0.0 1.0 0.0 0.011195251279475862 0.0101807456639977 0.010062893081761006 0.0008417508417508418 0.011081435535702372
0 0.013157894736842105 0.0 1.0 0.0 0.011108002318660097 0.00708458012773432 0.009930486593843097 0.00039872408293460925 0.009481901028264749
0 0.010526315789473684 0.0 1.0 0.0 0.010462629172620707 0.002159529665950726 0.01628599801390268 0.0013955342902711324 0.017589099901789616
0 0.007575757575757575 0.0 1.0 0.0 0.014153913701732928 0.016712484185655758 0.006346483704974271 0.0003443526170798898 0.016326064009307462
0 0.017857142857142856 0.0 1.0 0.0 0.0066665888253123595 0.019324985123080427 0.010849056603773584 0.0 0.012197986838316396
0 0.005208333333333333 0.0 1.0 0.0 0.005959525941871276 0.005368051423077897 0.011635220125786163 0.0 0.012645226310556977
0 0.009259259259259259 0.0 1.0 0.0 0.008227756732772 0.014014484696465268 0.00880503144654088 0.0006313131313131314 0.015242208214852766
1 0.0032258064516129032 0.0 1.0 0.0 0.007030963811094765 0.0013235826984859286 0.012416311625076079 0.0012218963831867058 0.01544345801209877
0 0.003952569169960474 0.0 1.0 0.0 0.010082236570801918 0.0 0.00951599671862182 0.0004940711462450593 0.01686676092042676
0 0.023809523809523808 0.0 1.0 0.0 0.0052733641684616995 0.008146294616314307 0.02121126228269085 0.003266117580232887 0.023809523809523808
0 0.015625 0.0 1.0 0.0 0.009376327794617506 0.008469148384821362 0.009486607142857144 0.002298707753479124 0.009700367132069867
0 0.008333333333333333 0.0 1.0 0.0 0.004247542392892033 0.0077007807233133215 0.012549603174603175 0.0026341948310139155 0.007160054915928108
0 0.008620689655172414 0.0 1.0 0.0 0.006324269810122844 0.01053050866312 0.011015325670498084 0.0025365051072873093 0.002589233675655724
0 0.007692307692307693 0.0 1.0 0.0 0.004971755259896091 0.007783743987202645 0.015415140415140412 0.0014528215323443953 0.0033658926392400174
0 0.01282051282051282 0.0 1.0 0.0 0.0010818981151718037 0.0031208417632624147 0.005036630036630036 0.0006117143294081663 0.033583393778027285
0 0.015873015873015872 0.0 1.0 0.0 0.004370245898486547 0.006010510062579465 0.0068342151675485005 0.0 0.02394338157072091
0 0.003676470588235294 0.0 1.0 0.0 0.00309377798770822 0.004684444261285036 0.010854341736694674 0.0009355630920360193 0.010385864922080993
0 0.0065359477124183 0.0 1.0 0.0 0.001951315759033635 0.0023865260542594935 0.006419234360410831 0.0 0.01927949198617996
0 0.004347826086956522 0.0 1.0 0.0 0.007677446014296506 0.005282754979191025 0.010438233264320222 0.0006050652606102514 0.008520978876833379
0 0.0036363636363636364 0.0 1.0 0.0 0.0030998150670769843 0.006728230250459759 0.013968253968253968 0.0005566600397614314 0.005228880901247166
0 0.010416666666666666 0.0 1.0 0.0 0.007588115884169086 0.0060728107184536435 0.017857142857142856 0.0017395626242544733 0.002865527502733619
0 0.0032051282051282055 0.0 1.0 0.0 0.003627540264951635 0.0067618238204018985 0.011904761904761904 0.00016567263088137837 0.00048000397586825063
0 0.002551020408163265 0.0 1.0 0.0 0.0026983748606369783 0.003863899325943942 0.014668367346938771 0.0 0.011949391417950409
0 0.004166666666666667 0.0 1.0 0.0 0.004650936936793893 0.0009863770922634428 0.023065476190476185 0.0008697813121272366 0.0003267286583387991
0 0.0026041666666666665 0.0 1.0 0.0 0.004039435910886658 0.002075025701002716 0.019014550264550262 0.0009940357852882703 0.004924253280397432
0 0.006535947712418301 0.0 1.0 0.0 0.0027535300487493727 0.0030052550312897326 0.014329805996472662 0.00044179368235034236 0.0382346362333688
0 0.006944444444444444 0.0 1.0 0.0 0.0014644083142927836 0.0 0.016865079365079364 0.0 0.006365280653259864
0 0.005263157894736842 0.0 1.0 0.0 0.009801559811773861 0.005086116721063401 0.01607142857142857 0.001988071570576541 0.05807953619492786
0 0.0010416666666666667 0.0 1.0 0.0 0.005093812858647571 0.001845760608778271 0.014343584656084653 0.0008283631544068921 0.005011791425316748
0 0.001221001221001221 0.0 1.0 0.0 0.0029395010069004695 0.0005521843709236295 0.01200651200651201 0.00035683335882143034 0.0002107283116729488
0 0.03333333333333333 0.0 1.0 0.06666666666666667 0.01978455927539916 0.006668464055392572 0.010493827160493826 0.004806201550387597 0.03333333333333333
0 0.05555555555555555 0.0 1.0 0.0 0.017428531633528067 0.01054634847027025 0.0051440329218107 0.004134366925064599 0.021967228686581918
0 0.0196078431372549 0.0 1.0 0.0 0.011965974038534624 0.011889980919264161 0.008986928104575163 0.004103967168262654 0.0307047593515046
0 0.010416666666666666 0.0 1.0 0.0 0.004974946307619638 0.017137816264189157 0.008873456790123456 0.0003875968992248062 0.00796150655545097
0 0.008 0.0 1.0 0.0 0.012093163209882199 0.00748944017383876 0.013703703703703697 0.0018604651162790697 0.03648974819146331
0 0.018518518518518517 0.0 1.0 0.0 0.006989924956954495 0.007030898980180167 0.0154320987654321 0.0 0.0006009273729987445
0 0.007936507936507936 0.0 1.0 0.0 0.014067827509340457 0.004198527443569317 0.016718106995884774 0.0012919896640826874 0.057085692391416205
0 0.005681818181818182 0.0 1.0 0.0 0.009713423194622588 0.009016268508180587 0.008838383838383838 0.0012684989429175475 0.00011426894649241211
0 0.01111111111111111 0.0 1.0 0.0 0.014631494540726703 0.0280457126096597 0.012037037037037037 0.004651162790697674 0.0006205879443583242
0 0.0033333333333333335 0.0 1.0 0.0 0.012871532261155188 0.014120099783438866 0.01574074074074074 0.0010852713178294573 0.02978447936967691
0 0.004132231404958678 0.0 1.0 0.0 0.014499477313707989 0.010066968994348875 0.01515151515151515 0.00042283298097251583 0.032668037505024415
0 0.029411764705882353 0.0 1.0 0.058823529411764705 0.011945551515309138 0.009427557388090358 0.01039153831879755 0.004095309009679823 0.029411764705882346
0 0.017857142857142856 0.0 1.0 0.0 0.008659305751268945 0.00522496258839854 0.008900405588102747 0.0033905967450271264 0.022923459042293044
0 0.0196078431372549 0.0 1.0 0.0 0.011580846891857247 0.001538471421269071 0.018556318426424197 0.004467609828741624 0.046029920274453386
1 0.005555555555555556 0.0 1.0 0.0 0.010084673133846287 0.009372384426458963 0.011917280056081316 0.0011251758087201128 0.016193903855188225
0 0.006666666666666667 0.0 1.0 0.0 0.005686573653453612 0.005031130021814403 0.012513144058885381 0.001371308016877637 0.019369781362830695
0 0.007575757575757575 0.0 1.0 0.0 0.007948965279403374 0.004892401296982387 0.00802982506452538 0.0 0.016574835142932894
0 0.010989010989010988 0.0 1.0 0.0 0.011757233442385866 0.010291295591937439 0.013588934724581411 0.0014605647517039922 0.03206319682803497
0 0.0033783783783783786 0.0 1.0 0.05405405405405406 0.006799575885768763 0.010479084416983236 0.011168897604228836 0.0006842285323297981 0.013933628955614077
0 0.005555555555555555 0.0 1.0 0.0 0.009130547237543304 0.00526572671897715 0.016403785488958992 0.0017405063291139242 0.0325629579042367
0 0.005263157894736842 0.0 1.0 0.0 0.0017029448214353775 0.0130918321960092 0.011788145442470529 0.0044970019986675545 0.005759453436206098
0 0.003787878787878788 0.0 1.0 0.0 0.0070342742728362355 0.0017938804755602085 0.00801787592008412 0.00026371308016877635 0.003670811002324635
0 0.002976190476190476 0.0 1.0 0.07142857142857142 0.009019327778154248 0.01306970060765295 0.00743578188373141 0.0 0.018367176042699697
0 0.029411764705882353 0.0 1.0 0.0 0.005254493345332642 0.005895766478378097 0.016136889538424064 0.0023187698315840864 0.029411764705882353
0 0.016666666666666666 0.0 1.0 0.0 0.005802442052624163 0.0037634272549512096 0.008350586611456177 0.002074688796680498 0.013595461804167373
0 0.011494252873563218 0.0 1.0 0.0 0.004836249403976281 0.005426240781520919 0.00870993074891126 0.002360852768636429 0.00022889218700491808
0 0.006756756756756757 0.0 1.0 0.0 0.004673509994587876 0.007912751881067454 0.013821274690839911 0.0019064707861388363 0.004165663400545063
0 0.03333333333333333 0.0 1.0 0.0 0.003929743902272011 0.0023521420343445057 0.006556245686680469 0.0 0.046184908562237136
0 0.00980392156862745 0.0 1.0 0.0 0.0007708704429662466 0.005418341166512323 0.005724028741931555 0.000732243104710764 0.012284695888787962
0 0.005291005291005291 0.0 1.0 0.07407407407407407 0.003084418543844698 0.004181585838834677 0.008434935971167854 0.0002305209774089442 0.00716773821043251
0 0.008333333333333333 0.0 1.0 0.0 0.004300506353725374 0.005303407466555356 0.02318840579710145 0.0019363762102351312 0.0039961761220218515
0 0.005847953216374269 0.0 1.0 0.0 0.002284600461555673 0.005199471865393118 0.011332679524899206 0.0009827473247433938 0.009145292644760238
0 0.005555555555555556 0.0 1.0 0.0 0.005657015954754199 0.00878884976408354 0.017253278122843344 0.0005763024435223605 0.0006017955653178678
0 0.003787878787878788 0.0 1.0 0.0 0.0041380666659908485 0.0050787361923554765 0.013112491373360942 0.0004322268326417704 0.010214792073822596
0 0.005952380952380952 0.0 1.0 0.0 0.0037051946555430966 0.008215887574707538 0.01375332741792369 0.0008891523414344992 0.0007509353532603897
0 0.005128205128205128 0.0 1.0 0.0 0.0022025375090959877 0.005645140882426814 0.01352657004830918 0.0019363762102351315 0.0008476316364667282
0 0.004464285714285714 0.0 1.0 0.0 0.0054106407627122575 0.004874934226540154 0.011645962732919256 0.00025933609958506224 0.040888879182603664
0 0.002777777777777778 0.0 1.0 0.0 0.004020084677708121 0.008627158291649922 0.013975155279503104 0.0017289073305670815 0.00018810615483761948
0 0.001953125 0.0 1.0 0.0 0.0036281143383060615 0.004703706189640013 0.01953933747412008 0.0015560165975103733 0.015949044496552215
0 0.0018975332068311196 0.0 1.0 0.0 0.0026237906020620803 0.00045525329696990437 0.012355573365391039 0.00033462722527104807 0.0015122095110759977
0 0.0029239766081871343 0.0 1.0 0.0 0.004647378718288777 0.006093628790971214 0.012422360248447204 0.0006551648831622626 0.006838748924378569
0 0.0018148820326678765 0.0 1.0 0.0 0.004624693776750532 0.006955552523999521 0.012993503248375813 0.0006438689369008441 9.12428922325434e-05
0 0.005 0.0 1.0 0.0 0.005673141852481354 0.006929268138191569 0.014906832298136646 0.0012448132780082987 0.0008844997546165762
0 0.0026455026455026454 0.0 1.0 0.0 0.0033577323462895374 0.0013057182341042826 0.019438693351736827 0.0014983863531581373 0.03335275865122092
0 0.0023923444976076554 0.0 1.0 0.0 0.0032287214649014294 0.001965411517942898 0.008608477716029204 0.0006551648831622626 0.0005939407927158909
0 0.02702702702702703 0.0 1.0 0.0 0.004063100201880039 0.00316987766274497 0.013362430753735104 0.001781632378647304 0.02702702702702702
1 0.010869565217391304 0.0 1.0 0.0 0.0028691637469788027 0.0029550239184270464 0.012719416689170945 0.0018386329223447973 0.015749016049298216
0 0.01515151515151515 0.0 1.0 0.0 0.0026984627475664068 0.004622722914001901 0.009429700734048557 0.001413387607417458 0.0008214526368154695
0 0.010869565217391304 0.0 1.0 0.0 0.0034192485921743032 0.0032357375356261574 0.0142587091547394 0.001784555483452304 0.01939526226637901
0 0.011111111111111112 0.0 1.0 0.0 0.0014257072959457445 0.0023501916678151987 0.007177363699102828 0.0016583747927031516 0.0016230320018250203
0 0.010416666666666666 0.0 1.0 0.0 0.004286636308479528 0.0010575862505168394 0.011024844720496892 0.0011660447761194029 0.02418380930711682
0 0.0032467532467532465 0.0 1.0 0.0 0.002785589744592704 0.004429068064649778 0.018944099378881987 0.0018374038896426948 0.009224935438906122
0 0.0035714285714285713 0.0 1.0 0.0 0.0025688536576367023 0.00372944193017336 0.011038154392191657 0.0007107320540156361 0.00037924898708124443
0 0.004830917874396135 0.0 1.0 0.0 0.0033154067356902005 0.004165237236313196 0.008965703483661895 0.0005407743889249405 0.01678959743756533
0 0.0025 0.0 1.0 0.0 0.0020226905125453843 0.0028207090103507856 0.011149068322981365 0.0003420398009950249 0.009216890841504647
0 0.003246753246753247 0.0 1.0 0.0 0.001579357137089548 0.003021675001476684 0.011268855368234252 8.884150675195451e-05 0.00016290819960933426
0 0.002525252525252525 0.0 1.0 0.0 0.0022012160335558493 0.0037935182831578757 0.005119518162996423 0.00015076134479119553 0.0043669940459940566
0 0.0020242914979757085 0.0 1.0 0.0 0.0024223284006227967 0.0033995468401364073 0.013108859104282446 0.00032731081434930607 0.000944758019018661
0 0.003401360544217687 0.0 1.0 0.0 0.004193819058623221 0.004028900001968911 0.010292812777284823 0.0007699597251836057 0.03538856354993114
0 0.0022222222222222222 0.0 1.0 0.0 0.0022683192733284705 0.005316079985722633 0.0036024844720496884 0.0002487562189054726 0.004559548215565185
0 0.002232142857142857 0.0 1.0 0.0 0.005222313023218573 0.004253950471659842 0.01637089618456078 0.0007995735607675906 0.024642459297345484
0 0.0021008403361344537 0.0 1.0 0.0 0.005816780571384807 0.004154952088561478 0.010248447204968942 0.00013326226012793177 0.022972693522873195
0 0.0013888888888888887 0.0 1.0 0.0 0.002433058766098395 0.0024067491051958144 0.01745341614906832 0.000808457711442786 0.018007236033109966
0 0.001349527665317139 0.0 1.0 0.0 0.007193675062331444 0.004440467709174562 0.019493549928332528 0.0013075647404005612 0.01056797594706221
0 0.001282051282051282 0.0 1.0 0.0 0.004093120044685038 0.0008677630773471503 0.010001592610288263 0.00025513458349279245 0.01630053508578953
0 0.0015873015873015873 0.0 1.0 0.0 0.004894662539841416 0.0026128801298171745 0.012505175983436851 0.0004975124378109452 0.02214807462196898
0 0.0022727272727272726 0.0 1.0 0.0 0.005207003645487008 0.0024189446086975903 0.00670807453416149 0.00043532338308457713 0.00444066052464667
0 0.0015527950310559005 0.0 1.0 0.0 0.003872096220292149 0.0010656851114263079 0.008917480035492456 0.00017768301350390902 0.025672177521151956
0 0.0015432098765432098 0.0 1.0 0.0 0.004282642349010701 0.0 0.00924775707384403 0.00046065966463976416 0.025923408827489343
0 0.0010526315789473684 0.0 1.0 0.0 0.002790610726519234 0.00033994218714913655 0.008957175547564564 0.00022911757004451423 0.004065485351068524
0 0.0032051282051282055 0.0 1.0 0.0 0.0032937755939103277 0.001266427774204885 0.016873706004140784 0.0008291873963515755 0.015108315768292519
0 0.0024691358024691358 0.0 1.0 0.0 0.002077402283162962 0.001844093346079705 0.003146997929606625 0.0007462686567164177 0.035459138558787434
0 0.00510204081632653 0.0 1.0 0.0 0.0 0.0 0.014729370008873114 0.000888415067519545 0.019914463033567552
0 0.03225806451612903 0.0 1.0 0.0 0.010878506915762328 0.014437647304721244 0.018275481417882985 0.0046786505786752045 0.03225806451612904
0 0.017857142857142856 0.0 1.0 0.0 0.010456139047158548 0.010956983170903182 0.009641499185225421 0.004089422028353329 0.016711972391235896
0 0.02564102564102564 0.0 1.0 0.0 0.003940810247252605 0.010652938921622227 0.0076045627376425855 0.0032295948326482677 0.0005703986423452553
0 0.01 0.0 1.0 0.0 0.007894792463701929 0.010385335516525665 0.01536121673003802 0.0006106870229007634 0.008984216041257435
0 0.011111111111111112 0.0 1.0 0.0 0.009333047116730728 0.009271616421789555 0.009928179129700041 0.0008481764206955047 0.013417633123329269
0 0.01515151515151515 0.0 1.0 0.0 0.007032087142078234 0.010229533380888618 0.020048392671966817 0.002081887578070784 0.0006449424101322754
0 0.01020408163265306 0.0 1.0 0.0 0.004361051140569183 0.010371259503191408 0.006518196632265072 0.0010905125408942203 0.010657873778177339
0 0.013888888888888888 0.0 1.0 0.0 0.005219307719573915 0.017308892527542773 0.005069708491761724 0.0 0.009172740247428564
0 0.003968253968253968 0.0 1.0 0.0 0.009671788608403722 0.018800230374316478 0.017517653449212387 0.0027262813522355507 0.012688643296426601
0 0.003125 0.0 1.0 0.0 0.0075729893752992765 0.012655503433528188 0.019605513307984792 0.0016698473282442748 0.002964780930365764
0 0.002932551319648094 0.0 1.0 0.0 0.006755449052766291 0.0 0.006500674598307373 0.0 0.007928879771057305
0 0.003623188405797101 0.0 1.0 0.0 0.01124943200707358 0.004055258933132669 0.009918994875185983 0.0009956853634251576 0.013719429521682957
0 0.047619047619047616 0.0 1.0 0.0 0.006078335743151427 0.015701741814086272 0.017726798748696555 0.007352941176470588 0.047619047619047616
0 0.017857142857142856 0.0 1.0 0.0 0.017359920800826937 0.011412258471615153 0.012252346193952034 0.005777310924369748 0.01221654383954946
0 0.010416666666666666 0.0 1.0 0.0625 0.012471598321643095 0.02813490481154355 0.007299270072992701 0.0 0.005105815825990788
0 0.014705882352941176 0.0 1.0 0.0 0.010549816111499348 0.0323643349466122 0.0068699012451696 0.0 0.0013948677443113495
0 0.008695652173913044 0.0 1.0 0.0 0.006419967338472979 0.0 0.010790225325293558 0.0 0.00024791531068107107
0 0.010416666666666666 0.0 1.0 0.0 0.013866988845225105 0.0056151172635701884 0.010948905109489052 0.0009191176470588235 0.0003330611795801418
0 0.029411764705882353 0.0 1.0 0.0 0.004450979222703469 0.003661282998157381 0.011242603550295856 0.0014287705603568434 0.02941176470588236
0 0.023809523809523808 0.0 1.0 0.0 0.004348587013748472 0.0029706643926333412 0.010143702451394761 0.0013540961408259982 0.026228374451272695
0 0.012345679012345678 0.0 1.0 0.0 0.003983976902890237 0.002766988517362959 0.015472277010738548 0.0012287168685272945 0.004749258867303453
0 0.006756756756756757 0.0 1.0 0.0 0.004419261442374652 0.003485279755770109 0.01436110666879897 0.0017932624567695643 0.0027005771369055295
0 0.0125 0.0 1.0 0.0 0.004670383874742958 0.001511195519103446 0.0036982248520710066 0.0011107819905213272 0.00698595314709995
1 0.005952380952380952 0.0 1.0 0.0 0.004911193692839373 0.004605548248696216 0.004564666103127642 0.0011848341232227483 0.0061981487418374445
0 0.007142857142857143 0.0 1.0 0.0 0.004274799848951577 0.005477333268098227 0.020887573964497037 0.0018364928909952601 8.349625844866854e-05
0 0.004310344827586207 0.0 1.0 0.0 0.002403584821245716 0.0035634442031408486 0.016568047337278104 0.0008579833306095767 0.0014428083629838173
0 0.0065359477124183 0.0 1.0 0.0 0.0022617786284194665 0.004916251900678325 0.005012182387747997 0.0006969612489545582 0.008849850562546484
0 0.016666666666666666 0.0 1.0 0.0 0.0 0.005373139623478919 0.007889546351084813 0.0003949447077409163 0.10028005616662215
0 0.004545454545454545 0.0 1.0 0.0 0.0015181113246631086 0.004454442269558965 0.007218934911242604 0.00023696682464454977 0.0018926349827301423
0 0.0037878787878787876 0.0 1.0 0.0 0.003663673326968275 0.0039576149152925275 0.0074771382463690176 0.0005924170616113745 0.03097708326115103
0 0.004807692307692308 0.0 1.0 0.0 0.0 0.0005037318397011487 0.013535502958579882 0.0 0.0011024907036516717
0 0.007936507936507936 0.0 1.0 0.0 0.005492062370449711 0.0037476035245052656 0.02222222222222222 0.0007898894154818326 0.002244105230385004
0 0.003333333333333333 0.0 1.0 0.0 0.0014408622523068195 0.0032238837740873514 0.011065088757396452 0.0 0.007536492717554055
0 0.006944444444444444 0.0 1.0 0.0 0.0010288028942611824 0.0008955232705798199 0.008547008547008548 0.0011848341232227487 0.040634577798347046
0 0.002352941176470588 0.0 1.0 0.0 0.002765821807017359 0.003296124537314545 0.0165207100591716 0.002180094786729857 0.0005604552351423552
0 0.006172839506172839 0.0 1.0 0.0 0.0 0.0 0.018277449046679814 0.0 0.009112309446640644
0 0.003095975232198142 0.0 1.0 0.0 0.002355177948528274 0.004259561775457274 0.011834319526627219 0.0005575689991636464 0.0017850970140594526
0 0.0010638297872340426 0.0 1.0 0.0 0.0022488456648390737 0.002255036381232934 0.015309077174870955 0.0010083694665725524 0.003932088729271985
0 0.0014005602240896359 0.0 1.0 0.0 0.0035091016418266753 0.0031340677906325724 0.019491820396797768 0.001184834123222749 0.002989533108940686
0 0.004545454545454545 0.0 1.0 0.0 0.005913844779712142 0.008357628231153153 0.009230769230769232 0.0016587677725118486 0.06218534204737973
0 0.004347826086956522 0.0 1.0 0.0 0.0 0.0024179128305655134 0.006035502958579882 0.00035545023696682463 0.046776776719079254
0 0.0011574074074074073 0.0 1.0 0.0 0.003901864356613911 0.003583572338233711 0.011275476660092041 0.0010860979462875198 0.016579394128917666
0 0.00125 0.0 1.0 0.0 0.0034986682738517906 0.0035261228779080397 0.008616863905325445 0.0001481042654028436 4.715580397988798e-05
0 0.002958579881656805 0.0 1.0 0.0 0.003247655908753128 0.006190173816768618 0.010559854346836595 0.00045570543200874956 0.0014791480402416277
0 0.0012345679012345679 0.0 1.0 0.0 0.003581592413433864 0.0040298547176091885 0.008323471400394479 0.00015797788309636652 0.0003121743091719188
0 0.0011904761904761904 0.0 1.0 0.0 0.0024590199761396047 0.0023481220560172844 0.013846153846153843 0.0010268562401263821 0.00016506275802982164
0 0.001277139208173691 0.0 1.0 0.0 0.002550590934901956 0.0023834385462057515 0.011921981152750383 0.000877654906090925 0.0024029453655667003
0 0.0011494252873563218 0.0 1.0 0.0 0.0034786632039513375 0.0031352048179378207 0.01171189553152418 0.0009396960287628696 0.0002931678062100719
0 0.001152073732718894 0.0 1.0 0.0 0.005797265243174128 0.003082188525573545 0.013778529163144548 0.0009732566012186865 0.002700250581280955
0 0.0010080645161290322 0.0 1.0 0.0 0.0036917287787254843 0.0009750930203505927 0.017751479289940825 0.0010319523008714263 0.00020423545728792705
0 0.003787878787878788 0.0 1.0 0.0 0.003009113113066117 0.0020149273588045947 0.009319526627218936 0.0008886255924170617 0.027847643931180756
0 0.0016339869281045752 0.0 1.0 0.0 0.0007716021706958867 0.0008042716670305906 0.017554240631163707 0.0009873617693522906 0.0004896472443289615
0 0.0013605442176870747 0.0 1.0 0.0 0.006085639289912106 0.001945298105764359 0.013074105381797688 0.0011284134506883321 0.0009364121210207359
0 0.0010683760683760683 0.0 1.0 0.0 0.003106481706023562 0.0 0.011788802913063267 0.00018228217280349984 0.0051986721841471555
0 0.0018018018018018018 0.0 1.0 0.0 0.002747286910539094 0.0017246682974417912 0.015069033530571992 0.0014218009478672985 0.0012590942066053865
0 0.0014619883040935672 0.0 1.0 0.0 0.0028179742338181033 0.0 0.017882971729125573 0.00013164823591363877 0.0008220519153344136
0 0.047619047619047616 0.0 1.0 0.0 0.008523173247177102 0.007857381619405857 0.01713679102214134 0.0033470257112429634 0.04761904761904763
0 0.014705882352941176 0.0 1.0 0.0 0.009232653109035871 0.008049101973405021 0.01611090295991008 0.003288855478293554 0.0013483136498254908
0 0.014492753623188404 0.0 1.0 0.0 0.00405778224260988 0.007559266301791148 0.012877319302132373 0.0033337963606056395 0.025447276669296293
0 0.006944444444444444 0.0 1.0 0.0 0.002807290615049396 0.008451679684641493 0.005484784147204529 0.0010649627263045792 0.00024380062529810186
0 0.02 0.0 1.0 0.0 0.0028661208091275573 0.0043465781235299105 0.01592356687898089 0.0 0.0019045106029252795
0 0.005208333333333333 0.0 1.0 0.0 0.004510402535794038 0.006791528318015484 0.01572452229299363 0.0005990415335463259 0.006478211576124794
0 0.0035714285714285713 0.0 1.0 0.0 0.007327660865596908 0.005580931756895563 0.01568471337579618 0.0003194888178913738 0.013101629903884951
0 0.00625 0.0 1.0 0.0 0.008874732964667955 0.010866445308824775 0.005732484076433121 0.0 0.0013037263321128624
1 0.0031746031746031746 0.0 1.0 0.0 0.004995424028940074 0.006313091347188952 0.012010919017288443 0.00018256503879507074 3.9601401026818526e-05
0 0.003448275862068966 0.0 1.0 0.0 0.009829491005270894 0.007572688941403609 0.009663957830002196 0.00022033711578715433 0.0133740860826791
0 0.0026737967914438505 0.0 1.0 0.0 0.006476950488177132 0.0 0.015548894717122518 0.0013155421913174214 3.7364558745271774e-05