0 0.02564102564102564 0.0 1.0 0.0 0.009221550525679518 0.007530640894133838 0.0067658478453081145 0.002117502117502117 0.025641025641025637
0 0.03333333333333333 0.0 1.0 0.0 0.008084193943659824 0.0068302971636194955 0.01149425287356322 0.0017017017017017016 0.07334320577982595
0 0.013888888888888888 0.0 1.0 0.0 0.0054392818849800404 0.00511120758565118 0.00893303348325837 0.0020020020020020024 0.04556901318071329
0 0.03571428571428571 0.0 1.0 0.0 0.010348653529241905 0.004944379229930839 0.008781323623902335 0.001716001716001716 0.16100892204627643
0 0.007692307692307693 0.0 1.0 0.0 0.01088369167836042 0.004321225594627363 0.008534194441240917 0.0017902517902517907 0.0019463845135199319
0 0.0047619047619047615 0.0 1.0 0.0 0.007233359663593667 0.0013941056376330554 0.009338188048832725 0.0016731016731016738 0.022346882778986738
0 0.0035714285714285713 0.0 1.0 0.0 0.008336255211471686 0.005861206923573959 0.010569715142428786 0.0011261261261261263 0.014612123302726479
0 0.013888888888888888 0.0 1.0 0.0 0.010845863277936874 0.003404601983645801 0.015658837248042644 0.0005005005005005005 0.003928156963684421
0 0.0025839793281653744 0.0 1.0 0.0 0.006019408524150838 0.005414752051525447 0.011087479516055923 0.0006285355122564425 7.24605918812401e-05
0 0.003448275862068966 0.0 1.0 0.0 0.007758051417940835 0.0035317428109827714 0.012045701287287392 0.0006730868799834316 0.02679410060897042
0 0.003246753246753247 0.0 1.0 0.0 0.004462697886231893 0.0037226056786283657 0.008781323623902333 0.0005362505362505362 0.011926565970955923
0 0.00641025641025641 0.0 1.0 0.0 0.008648678007016287 0.003928386904206694 0.0032291546534425094 0.0 0.0003161117700059681
0 0.003076923076923077 0.0 1.0 0.0 0.005142113118761199 0.0035104482971578988 0.008455772113943029 0.0006606606606606606 0.00014403020610440222
0 0.0024630541871921183 0.0 1.0 0.0 0.0102393236150151 0.00599811026243367 0.010701545778834719 0.001294397846121984 0.02525252489085687
0 0.0024691358024691358 0.0 1.0 0.0 0.010233439561651167 0.006650476756120415 0.007607307457382418 0.0004448893337782227 0.0006521599520228293
0 0.003676470588235294 0.0 1.0 0.0 0.016752553919709777 0.010096339725254089 0.01155304700590881 0.0013248542660307366 0.002658275566015815
0 0.002262443438914027 0.0 1.0 0.0 0.01335360334749429 0.009109333746000843 0.01014877176796217 0.0020212520212520213 0.025935476841295865
0 0.0037037037037037034 0.0 1.0 0.0 0.009003775922789633 0.0049092972671581905 0.01519240379810095 0.0013013013013013013 0.005495590421875687
0 0.003095975232198142 0.0 1.0 0.0 0.013959989056818061 0.009373085077272794 0.010847517417761706 0.001854795972443031 0.007958332156341511
0 0.002777777777777778 0.0 1.0 0.0 0.0071478735578659825 0.0022697346557638675 0.009495252373813094 0.0001668335001668335 0.0021109895733018177
0 0.0019047619047619048 0.0 1.0 0.0 0.004683046709250572 0.0028598656662624728 0.006656671664167917 0.00012012012012012012 0.00014566022615216574
0 0.0034965034965034965 0.0 1.0 0.0 0.009045635610081955 0.005179507348236358 0.017760350593933803 0.0012705012705012705 0.00026844216901053476
0 0.0017391304347826085 0.0 1.0 0.0 0.001896168645648802 0.003870296017704925 0.010074962518740632 0.00024024024024024023 0.0005800375630142415
0 0.003472222222222222 0.0 1.0 0.0 0.0017754353574280341 0.0017023009918229004 0.007996001999000501 0.0 0.01042713761803359
0 0.004 0.0 1.0 0.0 0.0010100172590222383 0.0025260758786061293 0.008095952023988006 0.0003003003003003003 0.0028372141565779804
0 0.002958579881656805 0.0 1.0 0.0 0.016965693089334412 0.008938347203452478 0.022027447814554266 0.0016170016170016168 0.0002389855616578844
0 0.001949317738791423 0.0 1.0 0.0 0.0038733237782157316 0.004358508717385644 0.013651069202240988 0.0009483167377904218 0.00046896301500784114
0 0.002747252747252747 0.0 1.0 0.0 0.0026897447111247 0.0007856773808413386 0.006919617114519662 0.000231000231000231 0.001249532727760983
0 0.0021551724137931034 0.0 1.0 0.0 0.008785797082820864 0.005144953379758132 0.006371814092953523 0.0010322822822822822 0.06900065212888372
0 0.0008547008547008547 0.0 1.0 0.05128205128205128 0.003941271535929846 0.0006024521452880798 0.010148771767962176 0.0002695002695002695 0.007092146582935075
0 0.034482758620689655 0.0 1.0 0.0 0.012907353372338528 0.030175124539332975 0.01536360532604985 0.009655172413793104 0.03448275862068966
0 0.013157894736842105 0.0 1.0 0.0 0.020624301099008025 0.017718631698074517 0.011464304325169358 0.0005263157894736842 0.013994698652029248
0 0.015873015873015872 0.0 1.0 0.0 0.015222377128501993 0.021188699050849295 0.021687883074021693 0.002857142857142857 0.021275574085273207
0 0.019230769230769232 0.0 1.0 0.0 0.018564589174716338 0.012941281039628326 0.021325209444021328 0.003076923076923077 0.03808216221082735
0 0.05555555555555555 0.0 1.0 0.0 0.01168346534342833 0.005365626316432565 0.007525453740593182 0.0013297872340425527 0.05555555555555555
0 0.019230769230769232 0.0 1.0 0.0 0.0067221258700353136 0.0017395649456128047 0.008376749412605985 0.0014832242225859245 0.031921391074736766
0 0.027777777777777776 0.0 1.0 0.0 0.004591591560494552 0.0015076229528644307 0.007746790615316512 0.0017730496453900702 0.0003828651762655284
0 0.006756756756756757 0.0 1.0 0.0 0.005236346285398062 0.0031240523285483144 0.010624169986719783 0.0019767107533064975 0.011506470169196162
0 0.006060606060606061 0.0 1.0 0.0 0.004717585052583559 0.005969142791121382 0.015815525775685138 0.0018133462282398456 0.007868107781924266
0 0.018518518518518517 0.0 1.0 0.0 0.01842474315145577 0.0075228811472498325 0.015641139147115242 0.002364066193853427 0.08438036165240509
0 0.0031746031746031746 0.0 1.0 0.0 0.009307323810288587 0.003991701041252251 0.012601446067581522 0.0018321513002364058 0.012108592061169562
0 0.007352941176470588 0.0 1.0 0.0 0.008123532544144722 0.011729739597812821 0.021482696664323092 0.002816020025031289 0.01874874424651502
0 0.004115226337448559 0.0 1.0 0.0 0.006945916632198805 0.003871615856960226 0.00988638040430869 0.0006402679275019701 0.02353247141236633
0 0.0125 0.0 1.0 0.0 0.007043227479905263 0.003392151643944969 0.009296148738379813 0.0003324468085106383 0.05257145958902754
0 0.003787878787878788 0.0 1.0 0.0 0.006347356896096101 0.0042905729916592064 0.013280212483399731 0.0010527482269503546 0.03422669103039852
0 0.002976190476190476 0.0 1.0 0.0 0.008270585421345806 0.003274005719900957 0.008584708783911972 0.00018996960486322188 0.016940215203989636
0 0.005494505494505495 0.0 1.0 0.14285714285714285 0.007860648720903316 0.0041849230577937924 0.006640106241699867 0.0009498480243161093 0.04719899004916927
0 0.003105590062111801 0.0 1.0 0.0 0.006335445902479714 0.006115961470181708 0.012067671343611064 0.0008672525439407956 0.036155851202082666
0 0.003703703703703704 0.0 1.0 0.0 0.004537938259739757 0.006300662620927689 0.013501549358123062 0.0014036643026004729 0.023718861295859733
0 0.006944444444444444 0.0 1.0 0.0 0.008936403360287047 0.006434455482118462 0.01239486498450642 0.0010342789598108747 0.04332769517169683
0 0.003095975232198142 0.0 1.0 0.0 0.008737325973560734 0.008159083817977445 0.011532816104005032 0.0014697648376259798 0.04217379372128316
0 0.004273504273504273 0.0 1.0 0.0 0.013881261238519044 0.009928080863506395 0.01562978853815507 0.002250409165302782 0.05889106013963427
0 0.002770083102493075 0.0 1.0 0.0 0.0075095474659962365 0.006424141752590717 0.016914796952540712 0.0020996640537514 0.019150515455737455
0 0.002173913043478261 0.0 1.0 0.0 0.002932463314626182 0.0026891279449291665 0.011143830475200647 0.000751618871415356 0.017627801326907062
0 0.003663003663003663 0.0 1.0 0.0 0.0030912515404485875 0.004916433147084554 0.00735519460619062 0.0013297872340425532 0.0006392864443557611
0 0.0026737967914438505 0.0 1.0 0.0 0.011137554979288734 0.009296380072388997 0.018357940785876097 0.002424906132665832 0.04640500149526533
0 0.0008873114463176574 0.0 1.0 0.0 0.006202519349343193 0.0050573620069514135 0.009404558636203484 0.0006241858445505861 0.010000072593062494
0 0.0008503401360544217 0.0 1.0 0.0 0.00518441963116503 0.003169787993025922 0.00880830419817329 0.00040707772470690407 0.009627005844729706
0 0.004 0.0 1.0 0.0 0.013080137781054888 0.009799413704957904 0.0071713147410358575 0.0014627659574468085 0.04338636292267515
0 0.0019230769230769232 0.0 1.0 0.0 0.0066451067125431335 0.006513800053827942 0.011155378486055776 0.0004654255319148936 0.01675217995506656
0 0.0013717421124828531 0.0 1.0 0.0 0.006248757039530927 0.003350273228587624 0.008115685406522062 0.0001970055161544523 0.0013596413804080132
0 0.002976190476190476 0.0 1.0 0.0 0.007477318168145597 0.003769057382161077 0.007525453740593183 0.0 0.0003439527261440411
0 0.0038314176245210726 0.0 1.0 0.0 0.016296634367403792 0.010148430841748315 0.018887413309724065 0.0023640661938534274 0.0883515574300769
0 0.0016666666666666666 0.0 1.0 0.0 0.005511364620707886 0.001794310871142489 0.010624169986719783 0.0004654255319148936 0.00017506018633126568
0 0.0018975332068311196 0.0 1.0 0.0 0.005377851866722442 0.0018101697757356707 0.006640106241699867 0.0005475594493116395 0.022742392941876202
0 0.002840909090909091 0.0 1.0 0.0 0.004067003715316803 0.003023737243225462 0.0053120849933598925 0.00048355899419729207 0.0007096392128412206
0 0.004329004329004329 0.0 1.0 0.0 0.005100473726170512 0.0025844964906247382 0.004553215708594195 0.00037993920972644377 0.001630150866711038
0 0.00196078431372549 0.0 1.0 0.0 0.0027107112243411136 0.0 0.007436918990703851 0.0 0.0008929028274849717
0 0.0006644518272425248 0.0 1.0 0.0 0.0055375808933758605 0.0007156485159885209 0.009079959232836096 0.0004638792676892628 0.005651821620598177
0 0.0023148148148148147 0.0 1.0 0.0 0.001758671476982063 0.0 0.012726870296591412 0.00022163120567375886 0.0009807722460099338
0 0.05555555555555555 0.0 1.0 0.0 0.015934641325073343 0.027795001963037 0.021287642782969886 0.00890985324947589 0.05555555555555555
0 0.027777777777777776 0.0 1.0 0.0 0.01635176857169944 0.016736128026699014 0.017653167185877464 0.00681341719077568 0.04340120952340433
0 0.017543859649122806 0.0 1.0 0.0 0.021830106987833584 0.030053826062243716 0.01278898180029513 0.0 0.03837227268496059
0 0.010869565217391304 0.0 1.0 0.0 0.011193999596064277 0.016740922305145966 0.019910605444941082 0.0 0.0383954348031773
0 0.006896551724137932 0.0 1.0 0.0 0.02659766013968201 0.004425761069176519 0.01643570737995488 0.0 0.01845943277458925
0 0.02564102564102564 0.0 1.0 0.0 0.00949496277270015 0.003186149530128643 0.011222551142137587 0.0011494252873563218 0.025641025641025637
0 0.022727272727272728 0.0 1.0 0.0 0.00614036499806817 0.003378370921319708 0.014490104955354815 0.0016980146290491113 0.05658051152592469
0 0.011494252873563218 0.0 1.0 0.0 0.0053851665538656645 0.0032697767072989077 0.008457287726039334 0.0008521601268331352 0.04195038313570968
0 0.009259259259259259 0.0 1.0 0.0 0.009402697832811944 0.00438344559813858 0.011764205331120896 0.0014261387824606212 0.03394393058701092
0 0.007407407407407408 0.0 1.0 0.0 0.012078811675234044 0.0033100425358851436 0.01691237475269641 0.001277139208173691 0.028011202941072393
0 0.016666666666666666 0.0 1.0 0.0 0.009954468444303336 0.0019034207188253593 0.007581849511774844 0.0007471264367816092 0.12418876094771891
0 0.004329004329004329 0.0 1.0 0.0 0.005511717064563809 0.002069115319365371 0.011696517153151273 0.0009230233368164402 0.03687141676300903
0 0.005952380952380952 0.0 1.0 0.0 0.0012186901473579756 0.001596493698638185 0.008670441180492877 0.0011220580186097426 0.0031298161771053747
0 0.003472222222222222 0.0 1.0 0.0 0.007257717403601391 0.004602102411917866 0.009351665709362435 0.001454741379310345 0.03807992651971367
0 0.003125 0.0 1.0 0.0 0.0043089942275629555 0.004074520508566862 0.014503159103963242 0.0015624999999999997 0.011591873148415376
0 0.007575757575757576 0.0 1.0 0.0 0.010603829441843508 0.005072231895318876 0.02216159295424086 0.0016283524904214558 0.10333141823260177
0 0.003623188405797101 0.0 1.0 0.0 0.005218533075950421 0.0029467049258534227 0.01428464400769173 0.0010744627686156921 0.05322970100049956
0 0.0016025641025641027 0.0 1.0 0.0 0.0032867599926463945 0.0015161642292376475 0.012289393069117365 0.0009937739463601522 0.024581340747730437
0 0.005494505494505494 0.0 1.0 0.0 0.013251404319263128 0.0007564043783730402 0.017629125613042904 0.000618921308576481 0.06753571379019223
0 0.002777777777777778 0.0 1.0 0.0 0.0007272071942979733 0.001382842867919166 0.009788435764886083 0.0009818007662835248 0.0014706393151744572
0 0.001838235294117647 0.0 1.0 0.0 0.0031855661141453125 0.0026272893186322453 0.009730715950940976 0.000828262339418526 0.03591335125298345
0 0.0015898251192368838 0.0 1.0 0.0 0.0032144859465740513 0.0022356545186705003 0.01153422233261406 0.0009474992233612922 0.033228385660988125
0 0.0019157088122605363 0.0 1.0 0.0 0.0026375608011722277 0.0027566911319054496 0.01376537463605934 0.0006143479984145858 0.010637425002781491
0 0.002506265664160401 0.0 1.0 0.0 0.01637878320899639 0.002918232718948516 0.01523481305215941 0.0010399562123700056 0.029643610333271887
0 0.0035714285714285718 0.0 1.0 0.0 0.013379321284104724 0.002735535848609327 0.014564700090260115 8.210180623973728e-05 0.06262165542845186
0 0.002506265664160401 0.0 1.0 0.0 0.0005953317437401228 0.0 0.01045980833761601 0.00024198427102238354 0.0010376193860641664
0 0.004545454545454545 0.0 1.0 0.0 0.006043604479296272 0.005648750915862248 0.02096496266513498 0.002011494252873563 0.03160076981629698
0 0.001610305958132045 0.0 1.0 0.0 0.004989973711533313 0.0019500491585940365 0.00776480098708703 0.0003618561089825458 0.04428753293376116
0 0.0021929824561403508 0.0 1.0 0.0 0.0009961182340916493 0.0015067751942107197 0.011578342755222347 0.0004839685420447671 0.0014106470719060932
0 0.0015384615384615385 0.0 1.0 0.0 0.0056351185882433895 0.0030160397102301606 0.010515618786727347 0.0007073386383731211 0.047209381145660576
0 0.002958579881656805 0.0 1.0 0.0 0.004313836318640793 0.0024868143046128557 0.007511156276233818 0.00017683465959328028 0.013423562364270055
0 0.007407407407407407 0.0 1.0 0.0 0.0005431333245753754 0.0030614040124590436 0.0052843193566915565 0.0004597701149425287 0.05913096671461667
0 0.004464285714285714 0.0 1.0 0.0 0.007661726873327197 0.0034070505016998223 0.011846639862148192 0.00028735632183908046 0.0336673716015768
0 0.0034482758620689655 0.0 1.0 0.0 0.0053942822805721265 0.0016285755432617136 0.010511200459506032 0.0004597701149425287 0.027877436106816905
0 0.000980392156862745 0.0 1.0 0.0 0.006034560983402013 0.0034766098533754253 0.010524715342771229 0.0007944557133198107 0.025804220154328473
0 0.0013440860215053762 0.0 1.0 0.0 0.009190770133599117 0.005219319681745907 0.016154508902929358 0.0011733716475095786 0.05208556078249483
0 0.000625 0.0 1.0 0.0 0.0057572271369779335 0.0036857730568562353 0.01163699023549684 0.000781609195402299 0.018384804858211166
0 0.0013175230566534915 0.0 1.0 0.0 0.0034443106562722704 0.004219379219574454 0.009015308543315935 0.0009745127436281859 0.011496487312440025
0 0.0008169934640522876 0.0 1.0 0.0 0.002874683599050481 0.0029690552210381114 0.01040270597996043 0.0007822477650063857 0.0030102809884350536
0 0.0013605442176870747 0.0 1.0 0.0 0.002890447916707196 0.003236496596698035 0.013785180930499715 0.0007389162561576354 0.012998974397370699
0 0.0015432098765432098 0.0 1.0 0.0 0.0032577015167157474 0.004173343724029128 0.008583827940519494 0.0011174968071519795 0.014751580241877334
0 0.0012870012870012872 0.0 1.0 0.0 0.0012049664555898417 0.0009521624673224547 0.01195262711632614 0.0006568144499178982 0.00295636833896228
0 0.0013157894736842105 0.0 1.0 0.0 0.0005192955431572218 0.0007818844555545184 0.007294658242389433 5.747126436781609e-05 0.001638174280897168
0 0.0007122507122507122 0.0 1.0 0.0 0.0008375091147826347 0.0011671149067768042 0.011774842044801836 0.00020753512132822477 0.000543107985966797
0 0.0008333333333333334 0.0 1.0 0.0 0.0017257135895684108 0.0013031407592575307 0.009879379666858127 0.0003065134099616858 0.002694054344309878
0 0.0011086474501108647 0.0 1.0 0.0 0.004936316928082624 0.00278513429476022 0.011278784397681584 0.0010188087774294671 0.009503109019837629
0 0.0011904761904761904 0.0 1.0 0.0 0.005543999478032852 0.005924111560003215 0.014187248707639289 0.0014367816091954023 0.012778647582406974
0 0.0005537098560354374 0.0 1.0 0.0 0.007192091289397164 0.002470952998321652 0.009149093296135224 0.0005473453749315818 0.021232817235162574
0 0.0010330578512396695 0.0 1.0 0.0 0.006588385963256288 0.002435653308447926 0.013315231580596314 0.0008620689655172414 0.05538622431844997
0 0.0022222222222222222 0.0 1.0 0.0 0.010523482009064208 0.0035790320704883367 0.006375646180356118 0.0005747126436781609 0.12198137591543272
0 0.0007496251874062968 0.0 1.0 0.0 0.002642763468817985 0.002038185724654796 0.009843728336865455 0.0003170828378913991 0.008992004878235819
0 0.0017730496453900709 0.0 1.0 0.0 0.0069598271941739695 0.0014685833788064277 0.013354394026421598 0.0008620689655172414 0.10324176354926969
0 0.0013020833333333333 0.0 1.0 0.0 0.003328801204743309 0.0031046844067551113 0.01450315910396324 0.0007902298850574713 0.01621136486446944
0 0.0014577259475218659 0.0 1.0 0.0 0.000245813758394518 0.0016754666904739682 0.0030360219906457706 0.0001231527093596059 0.019503255031259308
0 0.0011111111111111111 0.0 1.0 0.0 0.009627875073727353 0.0061175748228709725 0.007084051311506797 0.0013729246487867177 0.0701290560325483
0 0.0009337068160597572 0.0 1.0 0.0 0.004057236294118135 0.0033836800188291995 0.00793194934493039 0.000875752599890531 0.01102871326082142
0 0.000641025641025641 0.0 1.0 0.0 0.0009297186634025594 0.0009121985314802715 0.010147424851617846 0.0 0.0006356730579656218
0 0.0005717552887364208 0.0 1.0 0.0 0.003805083601647413 0.0028080480541187386 0.010669590795954953 0.0005921281783350749 0.005688007233173958
0 0.0011574074074074073 0.0 1.0 0.0 0.00200213994242846 0.0029884026514338793 0.009441412981045377 0.000610632183908046 0.002276000796324344
0 0.0002797202797202797 0.0 1.0 0.0 0.0019323324382624686 0.0028029938406008074 0.008394821720496621 0.000698496905393457 0.0037085377704727173
0 0.0004464285714285714 0.0 1.0 0.0 0.00389864741614996 0.0014994589650240311 0.010970706490522692 0.0003160919540229885 0.02952110806435119
0 0.0010319917440660474 0.0 1.0 0.0 0.005854065937780864 0.00045993203267912853 0.006656080008108932 0.00010141987829614604 0.07284743543977044
0 0.0010775862068965517 0.0 1.0 0.0 0.0009433182303858085 0.00032326218896050756 0.006820792647903503 0.00014367816091954023 0.009283364158045032
0 0.0008071025020177562 0.0 1.0 0.0 0.00041870555915105685 0.0 0.008178113290117885 0.00013683634373289546 0.0016551252804492187
0 0.0015151515151515152 0.0 1.0 0.0 0.0076176919397484425 0.0006641763959032561 0.013941830713800845 0.00015673981191222572 0.11258631709452543
0 0.0009643201542912247 0.0 1.0 0.0 0.0005397968541112146 0.0 0.010068588032570868 0.00023664638269100743 0.0016336628114201443
0 0.0008064516129032258 0.0 1.0 0.0 0.0010312778231334704 0.00035110618291749225 0.018667432510051696 0.0005747126436781609 0.0009679173649548992
0 0.001221001221001221 0.0 1.0 0.0 0.0007509877776665024 0.0014169016494517286 0.0037555781381169093 0.0002652519893899204 0.014736602304154542
0 0.0007102272727272727 0.0 1.0 0.0 0.005958452679055618 0.0006383748780318041 0.006265991332045324 0.0001044932079414838 0.05633187106598612
0 0.0004807692307692308 0.0 1.0 0.0 0.003971564050301083 0.0009385624800672473 0.00863368753589891 0.00021551724137931034 0.038372676800795036
0 0.0011655011655011655 0.0 1.0 0.0 0.0011347735333110702 0.0 0.014050280563778553 0.0004862953138815208 0.002380579066394805
0 0.0014925373134328358 0.0 1.0 0.0 0.0011323398684326817 0.0 0.0034462952326249283 0.00011494252873563218 0.019190121297374976
0 0.000588235294117647 0.0 1.0 0.0 0.0037973159926018053 0.0 0.006410109132682366 4.597701149425287e-05 0.049705141646756074
0 0.0005797101449275362 0.0 1.0 0.0 0.006588697493172511 0.00223883988961968 0.0065020103388856955 0.0005977011494252873 0.047548790498960686
0 0.0006493506493506494 0.0 1.0 0.0 0.0019528214758039613 0.0006383748780318041 0.008485196595478042 0.00018286311389759666 0.006413058169108207
0 0.002347417840375587 0.0 1.0 0.0 0.0004521303103239972 0.0 0.0013402259237985832 0.0 0.05843651506139383
0 0.0007309941520467836 0.0 1.0 0.0 0.0020640899075514887 0.0 0.004383445690619426 0.0 0.00487138753663541
0 0.001141552511415525 0.0 1.0 0.0 0.0017018163629183682 0.0 0.009573042312847025 0.0 0.009595900814818951
0 0.0011261261261261261 0.0 1.0 0.0 0.003669118664269684 0.0003432489404651446 0.002584721424468696 0.00019157088122605365 0.016198880387070447
0 0.001904761904761905 0.0 1.0 0.0 0.014312722000761455 0.0025301933538111865 0.007713136949208173 0.0004926108374384236 0.17668768049483524
0 0.0006925207756232687 0.0 1.0 0.0 0.001720580095623745 0.000428580147154671 0.016687324284289123 0.0005747126436781609 0.0009391965348600822
0 0.0008658008658008659 0.0 1.0 0.0 0.0009551677607051221 0.0 0.004709936817920735 0.0003065134099616858 0.009286829726345404
0 0.038461538461538464 0.0 1.0 0.0 0.015161282916291017 0.008184127280741074 0.01185770750988142 0.004426129426129426 0.03846153846153846
0 0.020833333333333332 0.0 1.0 0.0 0.003600029864984804 0.007668119702612778 0.019104084321475628 0.004794973544973545 0.002799278163982333
0 0.008130081300813007 0.0 1.0 0.0 0.012061899845971892 0.013774170101198538 0.019377229345415987 0.0023228803716608595 0.01753221514675982
1 0.0047169811320754715 0.0 1.0 0.0 0.012333206366841442 0.01385447429978864 0.01879334775151018 0.0014974543276430068 0.011415711513703372
0 0.00625 0.0 1.0 0.0 0.013040262876824419 0.010966313078266857 0.015686758893280632 0.0016121031746031745 0.02118167787944331
0 0.010416666666666666 0.0 1.0 0.0 0.015598961392483682 0.006342499604729499 0.011610671936758892 0.001488095238095238 0.037587209738802634
0 0.004464285714285714 0.0 1.0 0.0 0.01532355659061593 0.007213041297511362 0.008769762845849804 0.001488095238095238 0.017833919278226272
0 0.004310344827586207 0.0 1.0 0.0 0.010558923678806176 0.008302507480652798 0.014856208259506613 0.0008210180623973727 0.02261518788631614
0 0.029411764705882353 0.0 1.0 0.0 0.007418472199607219 0.00421319731613905 0.015243902439024393 0.0037776578521316793 0.02941176470588235
0 0.011904761904761904 0.0 1.0 0.047619047619047616 0.010958645796174818 0.00940199858695206 0.01430023228803717 0.003931847968545216 0.015081099635121883
0 0.018518518518518517 0.0 1.0 0.0 0.008568292453364601 0.00979103062801841 0.021680216802168025 0.0022086306489976213 0.022381614492094717
0 0.011363636363636364 0.0 1.0 0.0 0.00977333667287043 0.009447554755943017 0.018292682926829274 0.0013900472616068945 0.04235846283900286
0 0.008695652173913044 0.0 1.0 0.0 0.015597564059885802 0.012425921934040081 0.011134676564156946 0.0018614545938040155 0.03331549173113869
0 0.01515151515151515 0.0 1.0 0.0 0.005785386391330064 0.012659805894242517 0.003048780487804878 0.0 0.003428508030438443
0 0.0033222591362126242 0.0 1.0 0.0 0.010519044344868224 0.006898786158147409 0.018009075439591612 0.0020624422160586023 0.011432289363647282
0 0.0125 0.0 1.0 0.0 0.0 0.004160486093776337 0.01707317073170732 0.0006116207951070336 0.004825363905355639
0 0.006944444444444444 0.0 1.0 0.0 0.010393292901322534 0.003900455712915316 0.013338414634146343 0.00038226299694189603 0.050023973920050695
0 0.0038461538461538464 0.0 1.0 0.07692307692307693 0.011045426840289758 0.013093474486469376 0.021927767354596624 0.0017642907551164435 0.03341888452543651
1 0.00909090909090909 0.0 1.0 0.0 0.010135661005270614 0.010726118790045872 0.016768292682926834 0.0024464831804281344 0.014329282824175931
0 0.0037878787878787876 0.0 1.0 0.0 0.006947148553946365 0.004477617803553596 0.016075388026607542 0.0019460661662496527 0.03581967849956304
0 0.003076923076923077 0.0 1.0 0.0 0.004406843069128261 0.0098155893331831 0.014146341463414636 0.0011009174311926607 0.0005009935211772747
0 0.008928571428571428 0.0 1.0 0.0 0.016931893646187978 0.007800911425830632 0.0064786585365853655 0.0 0.10077074736608858
0 0.003703703703703704 0.0 1.0 0.0 0.0012964341080726448 0.001155690581604538 0.009993224932249323 0.0 0.0015299059452541003
0 0.022727272727272728 0.0 1.0 0.0 0.0039806070500081345 0.003301102097022016 0.015177261141577197 0.0016233766233766237 0.02272727272727273
0 0.03125 0.0 1.0 0.0 0.0058623563525646545 0.0036488154085453904 0.004301189464740867 0.0010629251700680269 0.05818681547749029
0 0.009009009009009009 0.0 1.0 0.0 0.005161094235535376 0.0030297080625039927 0.009162093274242809 0.0010341974627688915 0.02108532445256585
1 0.004629629629629629 0.0 1.0 0.0 0.004131708510561375 0.00235808506682225 0.010069542779823151 0.0010235575711766195 0.01528173074127863
1 0.04 0.0 1.0 0.0 0.002407622712817914 0.0011568698577082161 0.02175021240441801 0.0006802721088435374 0.00956330337095111
0 0.01282051282051282 0.0 1.0 0.0 0.01193031329593348 0.0024629002346723402 0.008496176720475786 0.0011119832548403977 0.05079860651634054
0 0.006211180124223602 0.0 1.0 0.0 0.006191735110185782 0.0045615787056204025 0.01702929333973625 0.0018855368234250228 0.03908886343634912
0 0.006944444444444444 0.0 1.0 0.0 0.0027914659312728673 0.0032342774320582948 0.01916359860285094 0.0018424036281179139 0.012905988402046032
0 0.006944444444444444 0.0 1.0 0.0 0.0021930270616563074 0.003503668873166623 0.014018691588785048 0.001381802721088435 0.016420492595358046
0 0.0038461538461538464 0.0 1.0 0.0 0.004219736787628247 0.0022417489662209266 0.009476504803607608 0.0013736263736263735 0.03397316351886993
0 0.0033670033670033673 0.0 1.0 0.0 0.004841187761095715 0.0023510277242711525 0.009943673495075363 0.0011337868480725626 0.030888936326961578
0 0.002525252525252525 0.0 1.0 0.0 0.006595115918571794 0.003984274692535576 0.008135732859607118 0.0006957328385899814 0.01910690724778553
0 0.0038461538461538464 0.0 1.0 0.0 0.001862556254373364 0.0027846388252395853 0.01308411214953271 0.0010204081632653062 0.0013889691785853235
0 0.0026455026455026454 0.0 1.0 0.0 0.007407965171388126 0.002625954228708084 0.01261839579596589 0.0006613756613756613 0.022687922917956647
0 0.011111111111111112 0.0 1.0 0.0 0.0028135541053952583 0.004820291073784234 0.014443500424808834 0.0 0.008111654909175073
0 0.004464285714285714 0.0 1.0 0.0 0.006907657989109079 0.004086822560079432 0.013775943682485739 0.0013969873663751214 0.06254509857980431
0 0.004901960784313725 0.0 1.0 0.0 0.0021922129777159284 0.00144608732213527 0.011045029736618521 0.0 0.0034574132386797143
0 0.0011111111111111111 0.0 1.0 0.0 0.00471161746747428 0.003113113169761228 0.010518266779949024 0.0006972789115646256 0.016341025784331623
0 0.0017543859649122805 0.0 1.0 0.0 0.0020426338082790026 0.002415313381472444 0.015717926932880204 0.00022675736961451246 0.002170359456089979
0 0.0013157894736842105 0.0 1.0 0.0 0.0024590832678491304 0.0034549731633122262 0.014286991906273755 0.0006265664160401001 9.77419528617497e-05
0 0.0014005602240896359 0.0 1.0 0.0 0.0027594745386299393 0.0036370635555074524 0.011794692388425208 0.00042517006802721087 0.0062182269688169575
0 0.0012285012285012285 0.0 1.0 0.0 0.0035529835946930227 0.0024907012093216456 0.0088635789570369 0.0006664828093399522 0.02357011156680135
0 0.0009250693802035152 0.0 1.0 0.0 0.00248581562005877 0.002429492145358896 0.011677723747717781 0.0009588941959762628 0.018108793852570755
0 0.0023148148148148147 0.0 1.0 0.0 0.0015597897315512551 0.0031106969774335877 0.009487397337864627 0.0005668934240362811 0.0025369491200030164
0 0.0025 0.0 1.0 0.0 0.0007307927299159726 0.0008398179264447725 0.0159303313508921 0.0005314625850340135 0.004707363795108442
0 0.0015384615384615385 0.0 1.0 0.0 0.001128146556211746 0.001166604608976289 0.014613423959218353 0.0009523809523809524 0.0033776691647257585
0 0.004629629629629629 0.0 1.0 0.0 0.0114156102417332 0.004796517000427469 0.008602378929481734 0.001062925170068027 0.12128305748218111
0 0.0021008403361344537 0.0 1.0 0.0 0.005278751439142845 0.002695799798802496 0.009245839372282474 0.0002000800320128051 0.009644476289630673
0 0.0034482758620689655 0.0 1.0 0.0 0.006123988575738237 0.00656648757374315 0.014103653355989804 0.001360544217687075 0.018689665930674622
0 0.0006944444444444445 0.0 1.0 0.0 0.002969573784784001 0.001976393705396012 0.009929906542056074 0.00021258503401360543 0.018028838003034283
0 0.0006325110689437065 0.0 1.0 0.0 0.0031423371958520054 0.0025439784879300164 0.009145884352041583 0.00033346672002134185 0.01692755566729723
0 0.00625 0.0 1.0 0.2 0.0 0.0 0.0006796941376380628 0.0 0.24436614655968278
0 0.000819000819000819 0.0 1.0 0.02702702702702703 0.0033332593713564953 0.002299923307221943 0.009162093274242807 0.00018385732671446958 0.02320819201661348
0 0.000639386189258312 0.0 1.0 0.0 0.0073782170319116255 0.00370795215214899 0.01093421004026449 0.0004066844128955929 0.00962757604420427
0 0.0015873015873015873 0.0 1.0 0.0 0.004162873821452455 0.0010195936139350515 0.012319456244689893 0.0009448223733938019 0.05010273030963481
0 0.0010683760683760683 0.0 1.0 0.0 0.0007112253145393409 0.0005648205276735099 0.008953663159270637 0.0006868131868131868 0.002057066956052464
0 0.0010395010395010396 0.0 1.0 0.0 0.002671547643375964 0.002669988008450833 0.0146395660414352 0.0008830455259026687 0.000766921975681552
0 0.0009746588693957114 0.0 1.0 0.0 0.002324119633777976 0.002146997080939048 0.01154850687560968 0.0008188460569412949 0.00038460721338910237
0 0.0011655011655011655 0.0 1.0 0.0 0.002766751470352057 0.0018382648589040796 0.013130454931644399 0.0010822510822510823 0.0009262557629371297
0 0.0008928571428571429 0.0 1.0 0.0 0.0013372908378997208 0.0006434410540972385 0.019389489015657235 0.001214771622934888 0.0004931772786733469
0 0.0008130081300813008 0.0 1.0 0.0 0.002435974657240014 0.0014343724163717365 0.01263098272444067 0.0006235827664399093 0.006315313042594029
0 0.0017006802721088435 0.0 1.0 0.0 0.0036152810230824736 0.002183118667514951 0.01662823158150261 0.0008503401360544217 0.01624783004580986
0 0.0029069767441860465 0.0 1.0 0.0 0.003010839922553815 0.0036091410398509487 0.01338147833474936 0.001062925170068027 0.005575121286645343
0 0.0011363636363636363 0.0 1.0 0.0 0.0028009865441768053 0.0010676303119709742 0.017884451996601526 0.0009778911564625851 0.010868003053951702
0 0.001388888888888889 0.0 1.0 0.0 0.0014288355426363844 0.0005162079734554631 0.02012531860662702 0.0006909013605442177 0.0011322320279612789
0 0.0015527950310559005 0.0 1.0 0.0 0.0008336864620172609 0.0 0.010984342760043694 0.00012147716229348882 0.004027887768895374
0 0.0010638297872340426 0.0 1.0 0.0 0.0014252563600910203 0.0 0.01112999150382328 0.00017006802721088434 0.0016920809516203256
0 0.02702702702702703 0.0 1.0 0.0 0.012277564505663195 0.012120908008528742 0.02282282282282281 0.005550193050193052 0.027027027027027025
0 0.022727272727272728 0.0 1.0 0.0 0.008880311580002565 0.01019357743467274 0.01878787878787879 0.005681818181818181 0.047303177712502475
0 0.011494252873563218 0.0 1.0 0.0 0.009422990753232554 0.009287546078556858 0.01701149425287356 0.0018472906403940886 0.03402009057891331
0 0.00510204081632653 0.0 1.0 0.0 0.005364143799382139 0.011337837632581163 0.018684807256235822 0.000911078717201166 0.004560562785873914
0 0.0044444444444444444 0.0 1.0 0.0 0.009070919796689642 0.01648464510847727 0.017185185185185182 0.0014880952380952378 0.007385253049041941
0 0.008771929824561403 0.0 1.0 0.0 0.022670711122203133 0.00392858467314328 0.014502923976608188 0.0007048872180451127 0.03934060865620194
0 0.005952380952380952 0.0 1.0 0.0 0.007181522652617857 0.002746359099173085 0.018518518518518517 0.000744047619047619 0.04066737917103183
0 0.041666666666666664 0.0 1.0 0.0 0.006700336182496287 0.007567592211520053 0.01718073593073593 0.003664495114006515 0.04166666666666668
0 0.025 0.0 1.0 0.0 0.016330608057552466 0.0032107552295460888 0.012987012987012988 0.0030944625407166135 0.00013713614847717337
0 0.013888888888888888 0.0 1.0 0.0 0.002198092695699846 0.005539409416387877 0.018262987012987016 0.003664495114006516 0.0006622784358339711
0 0.011904761904761904 0.0 1.0 0.0 0.0047236877521839 0.0072783645358632295 0.012987012987012988 0.0024817744687451533 0.012466670387114062
0 0.01 0.0 1.0 0.0 0.00822752213243842 0.008863055066220604 0.017694805194805194 0.0003257328990228013 0.02640881189355491
0 0.00641025641025641 0.0 1.0 0.0 0.007918493612153242 0.012379985670884051 0.014735264735264736 0.00025056376847907793 0.00036561663217864773
0 0.005714285714285714 0.0 1.0 0.0 0.006391813654104107 0.00983612498126518 0.006753246753246754 0.0018241042345276872 0.02632742798753434
0 0.004464285714285714 0.0 1.0 0.0 0.007279653505114273 0.007538979968400992 0.011015769944341374 0.00023266635644485808 0.0001809191688631272
0 0.004115226337448559 0.0 1.0 0.0 0.014285962963196943 0.005091164548324981 0.01370851370851371 0.00024128362890577876 0.00018396086951249935
0 0.0071428571428571435 0.0 1.0 0.0 0.003450314286285137 0.009496130428093502 0.006261595547309834 0.00046533271288971617 0.004284338762132219
0 0.005681818181818182 0.0 1.0 0.0 0.0009344907033255058 0.005539409416387876 0.006696428571428572 0.00040716612377850165 0.006507496498376819
0 0.0021367521367521365 0.0 1.0 0.0 0.011165448123946082 0.0075924818492950855 0.013070263070263067 0.0016704251231938528 0.0074562325634779875
0 0.0032051282051282055 0.0 1.0 0.0 0.00746904291462082 0.0036929396109252506 0.019480519480519477 0.0005428881650380022 0.007776170919020962
0 0.03333333333333333 0.0 1.0 0.0 0.004798578471421218 0.0023637492440962108 0.013999146393512591 0.0014102564102564104 0.03333333333333333
0 0.05555555555555555 0.0 1.0 0.0 0.0027387396532807216 0.0 0.013088632806942665 0.0011396011396011395 0.002474300010704268
0 0.011494252873563218 0.0 1.0 0.0 0.0015383904236189185 0.003314072862048688 0.019956730981500283 0.0020335985853227245 0.00047228074792185905
0 0.007575757575757576 0.0 1.0 0.0 0.004276109867310568 0.005849803015570385 0.018779342723004692 0.001748251748251748 0.01134847144419509
0 0.008333333333333333 0.0 1.0 0.0 0.005925653029470957 0.005802849717676931 0.01344430217669654 0.001976495726495727 0.01772739643790523
0 0.007246376811594202 0.0 1.0 0.0 0.0029723496223750057 0.004301089895032193 0.005344318877693037 0.001337792642140468 0.0064908888965472195
0 0.007518796992481203 0.0 1.0 0.0 0.0022534984429652357 0.000918001992351459 0.02163218545724105 0.0020242914979757094 0.0057272365454444415
0 0.004629629629629629 0.0 1.0 0.0 0.003884818211163815 0.0012920028040502016 0.012140181154265663 0.00047483380816714147 0.029424485582721305
0 0.004629629629629629 0.0 1.0 0.0 0.008729493329131534 0.006514390255554197 0.012590695689287239 0.0007478632478632478 0.011292003317192626
0 0.004545454545454546 0.0 1.0 0.0 0.0015329081824373002 0.0032777501000336453 0.02392038179490164 0.0017482517482517483 0.00036727978590284284
0 0.006993006993006993 0.0 1.0 0.0 0.014191181729100354 0.0067768338080673625 0.02107751403526052 0.001183431952662722 0.016430505098959384
0 0.0021929824561403508 0.0 1.0 0.0 0.0033370745328392105 0.0030654674886602066 0.015904036660152297 0.001147098515519568 0.00029028962961031804
0 0.0038461538461538464 0.0 1.0 0.0 0.009745038526808105 0.007935374531323786 0.006145966709346992 0.0008974358974358973 0.002932284503407188
0 0.004464285714285714 0.0 1.0 0.0 0.003171967816303618 0.0036751463035707035 0.01896606914212548 0.0008012820512820513 0.0013415382396917107
0 0.00392156862745098 0.0 1.0 0.0 0.001321534332911965 0.0018429102813768824 0.018151690894027267 0.0008295625942684766 0.0010395561389399146
0 0.00125 0.0 1.0 0.0 0.004853755732772551 0.0028847045933509123 0.01492957746478873 0.0006153846153846154 0.004970442067741066
0 0.0058823529411764705 0.0 1.0 0.0 0.0019259849387308716 0.00436050946366943 0.008322663252240717 0.0015384615384615385 0.03594682389654565
0 0.0027777777777777775 0.0 1.0 0.0 0.002768243063398209 0.004533075556455934 0.0051216389244558265 0.0003205128205128205 0.01068830083548714
0 0.0017543859649122805 0.0 1.0 0.0 0.007160762159824041 0.005578052749941196 0.011822449850618866 0.0010256410256410256 0.00015398806880106527
0 0.001724137931034483 0.0 1.0 0.0 0.007805552695557205 0.005518021123785973 0.009271932535652788 0.0007073386383731211 0.008529139980189697
0 0.0015873015873015873 0.0 1.0 0.0 0.002793192746529877 0.003847237218701456 0.018395219803670506 0.000641025641025641 0.00026377409990051433
0 0.0022727272727272726 0.0 1.0 0.0 0.005281586333739114 0.0042716444405207195 0.012740076824583868 0.0003205128205128205 0.00022010802350850008
0 0.0018115942028985507 0.0 1.0 0.0 0.006614599360508 0.00548076878141824 0.011737089201877935 0.00026709401709401707 0.011866827270793847
0 0.0018115942028985505 0.0 1.0 0.0 0.011287104669998969 0.006724738227259176 0.015698936703223292 0.0013377926421404684 0.009563260573354217
0 0.0022222222222222222 0.0 1.0 0.0 0.009650126678928946 0.0025310722165751676 0.012306160193484137 0.0008547008547008547 0.0004201168267813864
0 0.0016722408026755855 0.0 1.0 0.0 0.0059556997457267105 0.0033592558551509724 0.0203752157212047 0.0013377926421404684 0.0004902260554088544
0 0.001610305958132045 0.0 1.0 0.0 0.012176967406073843 0.0031879457541156226 0.01480821689027445 0.0010033444816053513 0.007597624508748133
0 0.002551020408163265 0.0 1.0 0.0 0.0033161105568793705 0.0015870648863029319 0.007956831900493873 0.0013736263736263737 0.011517982108357458
0 0.0014992503748125937 0.0 1.0 0.0 0.004366048383167325 0.0025924745327099946 0.02210098535879307 0.0014492753623188406 0.00026962379487840017
0 0.003333333333333333 0.0 1.0 0.0 0.0017468770871764128 0.00106809348945737 0.007810499359795134 0.0016666666666666666 0.03566757441465935
0 0.001152073732718894 0.0 1.0 0.0 0.004429005201491546 0.0019525404686683925 0.020349368940918235 0.001053113553113553 0.009694163592027114
0 0.0020833333333333333 0.0 1.0 0.0 0.0023628656342242604 0.0006058629444962101 0.010584720443875373 0.00042735042735042735 0.0038068274706323257
0 0.0025252525252525255 0.0 1.0 0.0 0.0073091659039962445 0.0029070063091129537 0.008536064874093044 0.00042735042735042735 0.008081406370003805
0 0.00196078431372549 0.0 1.0 0.0 0.001823456726081626 0.0018748648499500946 0.00938967136150235 0.0017948717948717949 0.015998148436694632
0 0.0014285714285714286 0.0 1.0 0.0 0.003506154850353445 0.003078555402876132 0.011843790012804098 0.0012820512820512823 0.0008596607523607195
0 0.05 0.0 1.0 0.0 0.008873118906044147 0.00978404675800021 0.009573091849935319 0.0023963730569948184 0.049999999999999996
0 0.05 0.0 1.0 0.0 0.005637621112826004 0.003107604045133296 0.010478654592496767 0.0012953367875647667 0.00033193432313522494
0 0.01515151515151515 0.0 1.0 0.0 0.005397444903618563 0.0020814198730868356 0.008467599670704458 0.00170748940178992 0.00025372851042923197
0 0.005208333333333333 0.0 1.0 0.0 0.008193216928483673 0.004074685505748601 0.008085381630012937 0.0015382124352331607 0.009395638588863003
0 0.009090909090909092 0.0 1.0 0.0 0.004691814044426436 0.004405696090235952 0.0021757026931671173 0.0012364578426754596 0.000341412480369637
0 0.007246376811594202 0.0 1.0 0.0 0.004057429437918022 0.0038310400784660453 0.005512121041678385 0.0012953367875647673 0.00036545951649304755
0 0.014285714285714285 0.0 1.0 0.0 0.0 0.0017622784360943812 0.004527813712807244 0.00116580310880829 0.004031260384967307
0 0.005952380952380952 0.0 1.0 0.0 0.009087246788472432 0.003015548212027265 0.007946775087784144 0.0015420676042437705 0.039329919956197265
0 0.003968253968253968 0.0 1.0 0.0 0.007827518185148983 0.005035081245983945 0.006837922749953798 0.0006939304219096965 0.02701747191866705
0 0.005 0.0 1.0 0.0 0.006867733969212378 0.005855259906038733 0.010802069857697282 0.000582901554404145 0.03882931586830561
0 0.007575757575757576 0.0 1.0 0.0 0.00822186864071489 0.00388450505641662 0.013799051315222079 0.0008635578583765111 0.0643352147655329
0 0.005208333333333333 0.0 1.0 0.0 0.005424785105850829 0.004448717975879249 0.010349288486416558 0.0003238341968911917 0.05064247877009669
0 0.002849002849002849 0.0 1.0 0.0 0.004708659324048718 0.004242522160967954 0.0071870058933448345 0.000623680675494147 0.0066353464857513
0 0.005494505494505494 0.0 1.0 0.0 0.003163905795288866 0.0006777993984978389 0.006368792914717884 0.0004982064567556796 0.001067678157019074
0 0.0035087719298245615 0.0 1.0 0.0 0.00544375972615407 0.0013912724495481956 0.009736501668141894 0.0002727024815925825 0.00034541895578034447
0 0.00625 0.0 1.0 0.0 0.00844843946575477 0.0035245568721887625 0.009055627425614488 0.0 0.081090730708027
0 0.001336898395721925 0.0 1.0 0.0 0.007674572697517445 0.006305538239262012 0.008526402446195463 0.0008243052284503061 0.015904908522879378
0 0.006172839506172839 0.0 1.0 0.0 0.003991264500665571 0.0029371307268239687 0.010061808250682766 0.0005757052389176742 0.03381091484687725
0 0.001949317738791423 0.0 1.0 0.0 0.004286317922284106 0.001305391434143986 0.006947439030233338 0.0003838034926117828 0.005618483262651382
0 0.004166666666666667 0.0 1.0 0.0 0.000761817072826547 0.002531924060682267 0.012613195342820183 0.0014032815198618308 0.010863097037162657
0 0.003401360544217687 0.0 1.0 0.0 0.0038452459832508273 0.005374539986249977 0.007946775087784142 0.0012028127313101406 0.002825855956059941
0 0.0034965034965034965 0.0 1.0 0.0 0.0005289949771913251 0.0027111975939913555 0.006667330082595283 0.00019928258270227183 0.002231778421735481
0 0.005434782608695652 0.0 1.0 0.0 0.0016449474676689239 0.0022028480451179765 0.005336351875808538 0.0003238341968911917 0.005097722410090298
0 0.0009689922480620155 0.0 1.0 0.046511627906976744 0.006083438884764335 0.0037761682192147027 0.007250518968681368 0.00012049644535486203 0.017525760017323266
0 0.003076923076923077 0.0 1.0 0.0 0.006787994545243176 0.005743128131871531 0.00905562742561449 0.00019928258270227183 0.06203476238864146
0 0.0015384615384615385 0.0 1.0 0.0 0.004494155274547928 0.005211915236670806 0.014851228978007764 0.0010362694300518134 0.0003754310875020861
0 0.0012771392081736908 0.0 1.0 0.0 0.003972584336822591 0.003002189450465731 0.013962617656243029 0.0008933357155619081 0.00017543752125801296
0 0.002976190476190476 0.0 1.0 0.0 0.0019193597306033892 0.0024627730892297934 0.010349288486416558 0.0009715025906735751 0.0018146912446109908
0 0.003134796238244514 0.0 1.0 0.0 0.010325209762696918 0.007209320874931558 0.005997883100082324 0.0 0.07150427640607417
0 0.0023809523809523807 0.0 1.0 0.0 0.004314593723283856 0.0006293851557479933 0.007207540195897247 0.0 0.0005529257147715696
0 0.0008960573476702509 0.0 1.0 0.0 0.006353935714603607 0.002723956084437552 0.01243352019548656 0.0007196315486470927 0.019451528183064757
0 0.004464285714285714 0.0 1.0 0.0 0.003648273934618388 0.0036724476492117825 0.01071890593236001 0.000925240562546262 0.045180948050244106
0 0.0016835016835016836 0.0 1.0 0.0 0.0027837498875607374 0.0 0.005390254420008626 0.00035981577432354635 0.015468198998338468
0 0.0029411764705882353 0.0 1.0 0.0 0.01473442769498633 0.0012581566358209838 0.016170763260025877 0.0006476683937823834 0.08033022583398589
0 0.0007326007326007326 0.0 1.0 0.0 0.004963434807164531 0.0020679763663070906 0.009752214150661758 0.0006310615118905275 0.0004211286798196813
0 0.001736111111111111 0.0 1.0 0.0 0.00765514253376998 0.0 0.008247089262613196 0.0 0.04690914084451648
0 0.0006435006435006436 0.0 1.0 0.0 0.006137196326998094 0.0014576508444375865 0.012597794615905872 0.0004934616333580064 0.011701338492349339
0 0.002631578947368421 0.0 1.0 0.2 0.001303807115398766 0.0 0.010349288486416561 0.0006476683937823833 0.0025161429265916553
0 0.02702702702702703 0.0 1.0 0.0 0.013180563822019526 0.014493719701781285 0.01884779516358464 0.006801503490245217 0.027027027027027025
0 0.021739130434782608 0.0 1.0 0.0 0.01382676179949027 0.021089497141803793 0.014874141876430201 0.0020155485171321624 0.02879339343642035
0 0.007936507936507936 0.0 1.0 0.0 0.009220032512481184 0.013321187302297702 0.007988721804511276 0.000630715862503942 0.014066575712484878
0 0.0125 0.0 1.0 0.0 0.010044890976276243 0.011586530690219485 0.020065789473684207 0.0013245033112582781 0.03355005992919139
0 0.013333333333333334 0.0 1.0 0.0 0.009852223972086743 0.008703769143228691 0.014912280701754385 0.0008830022075055188 0.011747647249054036
0 0.01111111111111111 0.0 1.0 0.0 0.0017674587899493548 0.008397743897948362 0.009210526315789473 0.0008830022075055188 0.002479820964726356
0 0.045454545454545456 0.0 1.0 0.0 0.008593181004876523 0.003693881435444879 0.009197028652281568 0.0014167650531286898 0.045454545454545456
0 0.045454545454545456 0.0 1.0 0.0 0.008632952300913549 0.005758013185300579 0.01591793420587195 0.0016528925619834713 0.05418859357438151
0 0.00980392156862745 0.0 1.0 0.0 0.013543728543134808 0.006047521386357063 0.015182726787212938 0.002177234530175707 0.018129946313048415
0 0.010416666666666666 0.0 1.0 0.0 0.006904505243435122 0.00399910870305882 0.0099978383052313 0.0018939393939393942 0.03999278803868038
0 0.022222222222222223 0.0 1.0 0.0 0.0168401963801255 0.007198667218495373 0.017005332180429458 0.002453102453102453 0.06486453502829576
0 0.007936507936507936 0.0 1.0 0.0 0.015614845778910166 0.006430447272712575 0.007596813044283862 0.0019171304885590604 0.03976634984054583
0 0.010989010989010988 0.0 1.0 0.0 0.012612480715981781 0.0028024438739820035 0.007782101167315175 0.001898101898101898 0.041354908430145554
0 0.006944444444444444 0.0 1.0 0.0 0.011332516427393179 0.011278939935600583 0.01325839458135178 0.0030303030303030307 0.00012993382979546231
0 0.004830917874396135 0.0 1.0 0.0 0.014474277575566002 0.008918988061763647 0.01353408898663509 0.0027667984189723325 0.03295356294866591
0 0.01 0.0 1.0 0.0 0.009381449526949122 0.00463811524081542 0.02529182879377432 0.001948051948051948 0.00026121314133007226
0 0.0033670033670033673 0.0 1.0 0.0 0.007552995683434199 0.0068398732941984605 0.011384925781812941 0.0015873015873015875 0.0236695990740277
0 0.003623188405797101 0.0 1.0 0.0 0.010062651204669891 0.0037192289695328713 0.009924998590199064 0.00028232636928289106 0.017008261970998285
0 0.0022624434389140274 0.0 1.0 0.0 0.009089653256655762 0.005384469235393161 0.011749446860456245 0.0004965622612681436 0.009603665126309707
0 0.006493506493506493 0.0 1.0 0.0 0.015158244794268244 0.004818697589131744 0.007664190543567976 0.0004722550177095632 0.06185737140549982
0 0.0023809523809523807 0.0 1.0 0.0 0.00831744928923474 0.004334033729930998 0.007874745228830832 0.00023191094619666049 0.0007317483969035117
0 0.0025 0.0 1.0 0.0 0.008205362748480825 0.009154548096957931 0.013644617380025943 0.002337662337662338 0.025306046285104196
0 0.004524886877828054 0.0 1.0 0.0 0.009526500439576103 0.008424686996336578 0.013768332834480692 0.002197802197802198 0.0002720297219606697
0 0.002525252525252525 0.0 1.0 0.0 0.011385793977923124 0.008188288928974304 0.012026883622214359 0.0021251475796930344 0.039730930609301246
0 0.002631578947368421 0.0 1.0 0.0 0.005673287272727128 0.003785350447270555 0.007782101167315175 0.00045454545454545455 0.000299645723829368
0 0.008333333333333333 0.0 1.0 0.0 0.00879684620733401 0.003153561437837011 0.012105490704712495 0.0006493506493506494 0.0008425921729142789
0 0.0022675736961451248 0.0 1.0 0.0 0.010038887946907703 0.0060895603885962575 0.010499660305107777 0.0011131725417439704 0.025645197622079004
0 0.0030303030303030303 0.0 1.0 0.0 0.014811269179769078 0.008760743530502943 0.012019022913964549 0.0021645021645021645 0.03556949103904304
0 0.002070393374741201 0.0 1.0 0.0 0.007027304942830286 0.004771895653486552 0.007102711382867025 0.000494743351886209 0.02021381561092033
0 0.002976190476190476 0.0 1.0 0.0 0.010825572961613501 0.00841678269190908 0.012692236427644988 0.0022263450834879408 0.046873799717725095
0 0.006666666666666667 0.0 1.0 0.0 0.006671778269187843 0.002944759637802732 0.005836575875486381 0.0 0.0021120768148883366
0 0.0038461538461538464 0.0 1.0 0.0 0.01900949166404229 0.008501376565863448 0.009987029831387809 0.0011688311688311688 0.05731450528494854
0 0.0018518518518518517 0.0 1.0 0.0 0.0068975620343288205 0.001766855782681639 0.00616083009079118 0.00012987012987012987 0.03524514164619969
0 0.0017857142857142857 0.0 1.0 0.0 0.008882353671408529 0.004654178593905486 0.009857328145265886 0.0005844155844155844 0.02503114137331116
0 0.0049261083743842365 0.0 1.0 0.0 0.016118839297312015 0.0025240796895451985 0.01686121919584955 0.00037105751391465676 0.0004090857603329475
0 0.0011111111111111111 0.0 1.0 0.0 0.005856834547183711 0.0046289512427837454 0.0054907047124945945 0.00030303030303030303 0.00047231590243273683
0 0.0032258064516129032 0.0 1.0 0.0 0.004629886186978026 0.0053005673480449175 0.002853437094682231 0.0 0.00168767447115762
0 0.0015625 0.0 1.0 0.0 0.010306893233457123 0.005625708197792954 0.010765239948119325 0.0007792207792207791 0.020031594934610233
0 0.0017825311942959003 0.0 1.0 0.0 0.01070785625141366 0.005364489855659231 0.0066376745250629424 0.0008403361344537816 0.056384897532539335
0 0.0016339869281045752 0.0 1.0 0.0 0.010265876398168687 0.0023895757941963386 0.012249603689292406 0.0004329004329004329 0.05231204608291854
0 0.0007936507936507937 0.0 1.0 0.0 0.0045481492386670866 0.0024446534469225404 0.008430609597924774 0.0003968253968253969 9.890749488503055e-05
0 0.0010683760683760683 0.0 1.0 0.0 0.005014908308928321 0.0009278023389722588 0.009378429611892648 0.0005494505494505495 0.021210141347342337
0 0.002457002457002457 0.0 1.0 0.0 0.004056088701731702 0.0 0.005305978068623983 0.0 0.0014897218708886538
0 0.0009398496240601503 0.0 1.0 0.0 0.004502878612545076 0.0009624240449899041 0.010746711135816196 0.0005102040816326531 0.01931069861842587
0 0.002564102564102564 0.0 1.0 0.0 0.004818927516299221 0.0 0.007522697795071337 0.0 0.000910181697265821
0 0.002272727272727273 0.0 1.0 0.0 0.00596083094401588 0.0 0.004952246197382385 0.0 0.0007020240295670322
0 0.0009380863039399625 0.0 1.0 0.0 0.002025156049741044 0.0 0.008929462236855232 0.00044955044955044955 0.00024374270461917873
0 0.02631578947368421 0.0 1.0 0.0 0.0063871514742240825 0.0024467116391189716 0.008550256507695232 0.0009347571215817991 0.02631578947368421
0 0.0125 0.0 1.0 0.0 0.0024972635717631234 0.002876163892393615 0.009867629362214199 0.0009181216134858518 0.0019205418632538972
0 0.0303030303030303 0.0 1.0 0.0 0.0002833548492759624 0.00042230373643017575 0.01099442074171316 0.0008209731268129825 0.0050704915983184945
0 0.014705882352941176 0.0 1.0 0.0 0.0032119175833924727 0.002678310324462213 0.008388192822255256 0.001062435811169742 0.000574115940875069
0 0.006666666666666667 0.0 1.0 0.0 0.0020155282069328918 0.0031470945749557926 0.007240272763738467 0.0007425245835841869 0.0005347954744992591
0 0.005952380952380952 0.0 1.0 0.0 0.0013665363449509055 0.0014249808669161285 0.00947653429602888 0.0007740603767093837 0.006342887881248295
0 0.010989010989010988 0.0 1.0 0.0 0.0024430142247620686 0.0003150277758219938 0.013375914097935758 0.0009262260917890062 0.0010490477058295194
0 0.0029069767441860465 0.0 1.0 0.0 0.005227927270506712 0.00204297876605936 0.01302717376094926 0.0011060862747294291 0.01883382453122652
0 0.007407407407407407 0.0 1.0 0.0 0.002606461875746256 0.0031051372089453836 0.008102687525070196 0.0008830022075055189 0.0007903093562529613
0 0.0071428571428571435 0.0 1.0 0.0 0.00046132317098788653 0.0007830893486125703 0.010572460030943785 0.0007740603767093834 0.0032662508827416173
0 0.0014903129657228018 0.0 1.0 0.0 0.0021187088980922407 0.0016451827571807578 0.013720384289124301 0.0008882660060599473 0.004347984363942118
0 0.003968253968253968 0.0 1.0 0.0 0.00482778563167408 0.003588300709284501 0.007821901323706377 0.0009460737937559133 0.05668947439551847
0 0.002197802197802198 0.0 1.0 0.0 0.0038794590134359178 0.0036966723258352787 0.0064122399862472056 0.0009976778188698718 0.0069934593744446286
0 0.0024630541871921183 0.0 1.0 0.0 0.003651507340549276 0.0033968257770243555 0.007780405825967882 0.0007266083995930993 0.04054117175824384
0 0.0047619047619047615 0.0 1.0 0.0 0.006010559458805799 0.002719022838550201 0.008079766202509884 0.0005160402511395889 0.08670042110137025
0 0.002976190476190476 0.0 1.0 0.0 0.006461351709709922 0.0010851512140734908 0.014669646438599505 0.00025802012556979444 0.04133178608642961
0 0.002028397565922921 0.0 1.0 0.0 0.0019272179309695416 0.0018563109909720396 0.01607950537366696 0.0006435674396396022 0.0011697944107419175
0 0.006944444444444444 0.0 1.0 0.0 0.0 0.0010848675303179523 0.00473826714801444 0.00015051173991571343 0.04172781079200888
0 0.007518796992481203 0.0 1.0 0.0 0.0 0.0015692972955576783 0.0034381983840467596 0.0004300335426163241 0.043899085128367134
0 0.0035714285714285718 0.0 1.0 0.0 0.001941754952249044 0.0022124048875829688 0.003653085783049682 0.00012901006278489722 0.004179797524035407
0 0.0021645021645021645 0.0 1.0 0.0 0.005984055836090996 0.0035568927277846094 0.005169018706924843 0.00043785233430025726 0.05255694182881864
0 0.0016233766233766235 0.0 1.0 0.0 0.0009455735020245772 0.0014626289591735428 0.006768953068592056 0.0 0.0005922537266642061
0 0.002557544757033248 0.0 1.0 0.0 0.004734974789811176 0.0035057660915723656 0.009520775819353011 0.0006020469596628537 0.011291500937687424
0 0.0016666666666666666 0.0 1.0 0.0 0.006044594821018811 0.0033551336454399738 0.0049578820697954275 0.000313064419024684 0.04458564978484694
0 0.0010526315789473684 0.0 1.0 0.0 0.0032933005413085183 0.002115764544576912 0.004845145354360631 0.0002534934567001489 0.03167497378044963
0 0.0015384615384615385 0.0 1.0 0.0 0.005446935259919371 0.002392681101528091 0.008640192539109505 0.00045755568934376887 0.04492698387942954
0 0.0009259259259259259 0.0 1.0 0.0 0.0036970904694430483 0.0028214596353629178 0.012996389891696752 0.0005117399157134256 0.02971237082764691
0 0.0035714285714285713 0.0 1.0 0.0 0.0009079331548149355 0.0012286083257057757 0.009626955475330927 0.00030102347983142685 0.0033819593059828804
0 0.0007836990595611285 0.0 1.0 0.0 0.002740925581019091 0.0024781771748946173 0.013182365167924736 0.0007662415850254504 0.006478301529910121
0 0.0007751937984496124 0.0 1.0 0.0 0.003571688812726982 0.002195254232886728 0.010312596199591411 0.0005460425913221232 0.02544330378957435
0 0.0012903225806451613 0.0 1.0 0.0 0.0018075595158578807 0.0011379198128761534 0.013261131167268353 9.632751354605659e-05 0.0005838116340222449
0 0.0011574074074074073 0.0 1.0 0.0 0.003375134381808037 0.003115821078558637 0.014886125596113561 0.0010480076705242267 0.006942402531451859
0 0.0015151515151515152 0.0 1.0 0.0 0.006008162475585163 0.002296122073414355 0.010709987966305654 0.00039133052378085496 0.05850115569245943
0 0.0008169934640522876 0.0 1.0 0.0 0.003680863905007178 0.0024182594693468707 0.011799705843027147 0.0007692822262358687 0.03185561963495294
0 0.0012422360248447205 0.0 1.0 0.0 0.005496214611007762 0.003477688423674432 0.003950190969497201 0.00044499123105515276 0.0012764964841655887
0 0.0021367521367521365 0.0 1.0 0.0 0.00707986435988051 0.0020881367912706093 0.00860871980005554 0.0006020469596628538 0.08883343861716121
0 0.0012870012870012872 0.0 1.0 0.0 0.00334256273208111 0.003085036165737086 0.009483697209328975 0.0007167225710272068 0.00045786279380332544
0 0.0010526315789473684 0.0 1.0 0.08 0.005817414000463804 0.004210342074409931 0.012009626955475328 0.0007947019867549668 0.04431606575917184
0 0.0015082956259426846 0.0 1.0 0.0 0.001955838312433877 0.0018146270457582642 0.011148863877681036 0.00035414527038991396 0.0007282188181337944
0 0.0011363636363636365 0.0 1.0 0.0 0.004643665378237284 0.0031571124447785804 0.011377311016300186 0.0004925838760877893 0.006991573712849509
0 0.0006418485237483954 0.0 1.0 0.0 0.004683054081488554 0.0020538183039602183 0.00733105326493128 0.0003643968440064641 0.026732449358091756
0 0.0009523809523809524 0.0 1.0 0.0 0.0017560682589620063 0.001913733233603081 0.005126353790613718 0.00036122817579771217 0.006725267153626462
0 0.0008305647840531562 0.0 1.0 0.0 0.002487466779799493 0.002448821138337609 0.014225545813993467 0.00034402683409305926 0.0002500731752369563
0 0.0009090909090909091 0.0 1.0 0.0 0.005174924155353611 0.002205828313408086 0.007484957882069796 0.0005298013245033111 0.04589122891988324
0 0.0022222222222222222 0.0 1.0 0.0 0.0017114787533126009 0.0018687585169103807 0.010469314079422382 0.0001806140878988561 0.016127069075494042
0 0.0012077294685990338 0.0 1.0 0.0 0.0020972572799124196 0.0025176476519899607 0.018886214734590186 0.0006689410662920597 0.0006435750208572433
0 0.0004342162396873643 0.0 1.0 0.0 0.003943239333377108 0.0032142576262262803 0.007723667084162186 0.0005774736143704925 0.0056969171042729845
0 0.0005952380952380952 0.0 1.0 0.05714285714285714 0.0016567274481664347 0.002119790323358907 0.01177582946536015 0.00039563085920701815 0.00019868165646163785
0 0.0006002400960384153 0.0 1.0 0.0 0.0038956425704318037 0.0017658698404448994 0.011343526580307215 0.0006728760137408366 0.004208725112476597
0 0.0008695652173913044 0.0 1.0 0.0 0.0048540749949622635 0.0017353692145974768 0.009025270758122744 0.0005496950501269534 0.051631051647857015
0 0.000676132521974307 0.0 1.0 0.0 0.005409325489727022 0.0015812722071013982 0.018175028009460976 0.0006020469596628537 0.02967429388197206
0 0.0007122507122507123 0.0 1.0 0.0 0.0054033296898556085 0.0022021324455670727 0.0075544858938360725 0.000579748924119785 0.043932026062224405
0 0.0008203445447087776 0.0 1.0 0.0 0.0036600730253690257 0.0007325176091641416 0.007429498247266257 0.00015705572860770097 0.0047386763413152025
0 0.0007716049382716049 0.0 1.0 0.0 0.004685849870898641 0.0013988719263795435 0.01100581628559968 0.0006271322496488059 0.04903754994169406
0 0.00047846889952153106 0.0 1.0 0.0 0.004061545494105495 0.0024440352369790026 0.012746215719804927 0.0008872270984505213 0.03123180854479667
0 0.0007142857142857143 0.0 1.0 0.0 0.002961371802627159 0.00041265921368982507 0.006161251504211793 0.00019265502709211318 0.049217139051957626
0 0.002506265664160401 0.0 1.0 0.0 0.00045715317808712016 0.0008618964985114398 0.004813477737665463 0.00034402683409305926 0.0355677639941348
0 0.0010775862068965517 0.0 1.0 0.0 0.0075821078364940436 0.0020458153568180615 0.011131167268351384 0.0005644190246839253 0.06927374799740073
0 0.00036845983787767134 0.0 1.0 0.0 0.005747634211993162 0.0013529040523128136 0.008436666143462565 0.00044499123105515276 0.01798969367286568
0 0.001282051282051282 0.0 1.0 0.0 0.0028725431092638076 0.0 0.01050634083125058 9.262260917890057e-05 0.0008254479546570632
0 0.001366120218579235 0.0 1.0 0.0 0.0017296167080225516 0.0 0.004011231448054553 0.0 0.009208549107608903
0 0.0008064516129032258 0.0 1.0 0.0 0.0025330515495879296 0.0018117603704081297 0.005294825511432009 0.000571944611679711 0.012142788415885413
0 0.0003968253968253968 0.0 1.0 0.0 0.0034513655619445743 0.0014941762367631022 0.007761732851985561 0.00040638169777242625 0.007487465826653788
0 0.001201923076923077 0.0 1.0 0.0 0.003437328457135424 0.0012247995931488282 0.013746181616217715 0.0003704904367156023 0.022322802083475642
0 0.0017094017094017094 0.0 1.0 0.0 0.004971857466548156 0.0 0.0034764005883139455 0.0 0.036758728383898785
0 0.0005827505827505828 0.0 1.0 0.07692307692307693 0.0016663009685011626 0.0 0.005692863093585115 0.00023155652294725142 0.0010146657444735686
0 0.030303030303030304 0.0 1.0 0.0 0.011197286129759268 0.005489619947873528 0.011564813537499422 0.001610639423851269 0.030303030303030304
0 0.025 0.0 1.0 0.0 0.007055896470864929 0.0034775170493313266 0.014946889226100152 0.0013667425968109342 0.052835774948613926
0 0.01282051282051282 0.0 1.0 0.0 0.007436664215738048 0.0037221477030885642 0.01648768530407377 0.0016646223935517792 0.038169493850456974
0 0.006097560975609756 0.0 1.0 0.0 0.006027170791693763 0.0037442897187916573 0.014582330952292825 0.0014815637905809594 0.02775577867874757
0 0.005555555555555556 0.0 1.0 0.0 0.0038429168677962793 0.004597692060896914 0.015617096611026806 0.001602969712309121 0.00020293985097060034
0 0.008333333333333333 0.0 1.0 0.0 0.008022716453305542 0.0048634744304899965 0.013163884673748103 0.0017843583902809428 0.04117443651227229
0 0.003968253968253968 0.0 1.0 0.0 0.007739445314719353 0.005775983582150281 0.016143989209239585 0.00162406141905003 0.02739954566348857
0 0.013888888888888888 0.0 1.0 0.0 0.015283871152693147 0.011625092523620996 0.016860563142808968 0.0020248038471273096 0.11767299430232127
0 0.009259259259259259 0.0 1.0 0.0 0.0026651723726858136 0.0030707593108239436 0.003224582701062216 0.0008225765628954695 0.005262821940199128
0 0.004545454545454546 0.0 1.0 0.0 0.010558950129397652 0.004937124203400878 0.014105393847427228 0.0012079795678884523 0.03981748936694109
0 0.0033670033670033673 0.0 1.0 0.0 0.0047133740449590246 0.0016573302712920087 0.011043668858539872 0.0009561573722545633 0.035888334038526044
0 0.001937984496124031 0.0 1.0 0.0 0.006235792882955932 0.005290583231217537 0.017556551505099337 0.001677526443114196 0.013154757295121907
0 0.002849002849002849 0.0 1.0 0.0 0.008373958876993241 0.007946985299500355 0.024644523127072437 0.002587249360218229 0.020924051391318758
0 0.003968253968253968 0.0 1.0 0.0 0.005424156410588084 0.006050758390811102 0.01846231664137582 0.0018982536066818527 0.0003601523085569543
0 0.0016260162601626016 0.0 1.0 0.0 0.0043725127619868255 0.0048509293028762505 0.01358303416114586 0.001092653295553457 0.0018115254370230953
0 0.005681818181818182 0.0 1.0 0.0 0.004730036195690423 0.00455839332416805 0.020140709063319075 0.0013115206737074618 0.013557418217527439
0 0.0024509803921568627 0.0 1.0 0.0 0.004549149175460174 0.0031392296294740878 0.012835103692463328 0.0006960263224500126 0.0001823114418475508
0 0.0017921146953405018 0.0 1.0 0.0 0.0040636792854629265 0.00480205200004039 0.012947280826276369 0.0011022117716217212 0.0010636758880473232
0 0.0043859649122807015 0.0 1.0 0.0 0.005973663730117949 0.004210612964700944 0.01688163884673748 0.000442925841559099 0.002974579284026732
0 0.0017857142857142859 0.0 1.0 0.0 0.0020157895653425163 0.0017328147165009574 0.013657056145675263 0.00043388653867013776 0.0008053943524759618
0 0.003401360544217687 0.0 1.0 0.0 0.010398758841108021 0.004333629231730929 0.012844136137004117 0.0016813103373467839 0.05200719431924924
0 0.0012285012285012285 0.0 1.0 0.0 0.006607010125163672 0.0030123123826244253 0.01394414140999877 0.0006977364608344108 0.02742555278411936
0 0.0015527950310559005 0.0 1.0 0.0 0.005383756885470652 0.002149397900148468 0.0075601560806416645 0.00021694326933506888 0.030031624554131796
0 0.001016260162601626 0.0 1.0 0.0 0.00441232318920448 0.0025938046922235323 0.012731781339057696 0.0008148600848195268 0.02394372521991235
0 0.0015384615384615385 0.0 1.0 0.0 0.002285829701084279 0.0030946833468433604 0.007324617719154896 0.00011681560656503709 0.0003268368914448398
0 0.0012406947890818859 0.0 1.0 0.06451612903225806 0.0046639870697500856 0.001515538862596617 0.009373929218268148 0.0003184167340240527 0.013276400884032204
0 0.0008230452674897119 0.0 1.0 0.0 0.0047176162372058105 0.00439438845591783 0.007789580171977743 0.0006074411541381929 0.022804652050980718
0 0.003968253968253968 0.0 1.0 0.0 0.0007630285775479966 0.0011477929238714775 0.007502950598549992 0.0 0.01998955542063672
0 0.0014992503748125937 0.0 1.0 0.0 0.008966584365573215 0.006431526319425072 0.018011479844296362 0.0016836684163612956 0.025564369432125995
0 0.0011904761904761904 0.0 1.0 0.07142857142857142 0.0069426868320470025 0.006711907660356692 0.015364188163884669 0.0012745417073435298 0.010078121568028214
0 0.0012903225806451613 0.0 1.0 0.0 0.00672137058511857 0.004282686154797786 0.006160849772382397 0.0006681852695520122 0.03847399311101649
0 0.0008012820512820513 0.0 1.0 0.0 0.006119478242669239 0.003444413742685747 0.014007237072487447 0.0009150555847594573 0.014106503353558512
0 0.0012121212121212121 0.0 1.0 0.0 0.004219498591991173 0.0030039084525764737 0.012837632776934749 0.0006985573272589218 0.04028619710180873
0 0.001176470588235294 0.0 1.0 0.0 0.010185818466606156 0.0031132048357928512 0.006737481031866463 0.00030372057706909645 0.04787562935224767
0 0.0025974025974025974 0.0 1.0 0.0 0.005060937211986092 0.002029875311012181 0.0170368326665747 0.0008973562504314212 0.055620077165956495
0 0.0006775067750677507 0.0 1.0 0.0 0.006054269933758095 0.0011594689932966406 0.01374958362633702 0.0003889104950275015 0.028426775197735572
0 0.0006285355122564425 0.0 1.0 0.0 0.004583045937733695 0.0015960025598830499 0.011345590570632034 0.0006003778849040278 0.026289996428290455
0 0.0029239766081871343 0.0 1.0 0.0 0.009210960470797613 0.0008194523942072046 0.0069128308885516776 0.0001687336539272758 0.01153932752211914
0 0.0005827505827505828 0.0 1.0 0.0 0.006761011570576874 0.0008604890001417631 0.013450131052558972 0.00043142127424587555 0.018746747261940897
0 0.00125 0.0 1.0 0.0 0.00720592185329221 0.000281803516322399 0.013505311077389984 0.00037965072133637056 0.036439760987665736
0 0.0012195121951219512 0.0 1.0 0.0 0.006635942202397993 0.003380008086458114 0.008801213960546282 0.000797266514806378 0.0027528862233670176
0 0.0023809523809523807 0.0 1.0 0.0 0.0 0.0 0.009863429438543247 0.00030372057706909645 0.019532240228257627
0 0.003875968992248062 0.0 1.0 0.0 0.0018423689735466606 0.003267942886886529 0.0053110773899848265 0.0007593014426727412 0.012933270904694592
0 0.0008741258741258741 0.0 1.0 0.0 0.0023009881634253678 0.001922078413578722 0.009221431072720904 0.0007885053443140004 0.0003198831929051365
0 0.001388888888888889 0.0 1.0 0.0 0.004267749147484474 0.0031883386013471394 0.017261001517450678 0.0011389521640091116 0.0005844774980466012
0 0.0006587615283267457 0.0 1.0 0.0 0.003433235870055563 0.0009158670921028223 0.015243481859566838 0.0005292100964082742 0.00011220043676080451
0 0.0006863417982155113 0.0 1.0 0.0 0.007250506443107079 0.001306724893475951 0.010891379901120954 0.0005388590883483969 0.032680454134458026
0 0.0016025641025641025 0.0 1.0 0.0 0.008687500296009641 0.0016384827509234188 0.009805065950741217 0.00046726242626014835 0.07407044971923943
0 0.0007037297677691766 0.0 1.0 0.0 0.003035634713263045 0.0020085308530777015 0.009994244152582283 0.00047129055062446 0.00032694715776942406
0 0.0009523809523809524 0.0 1.0 0.0 0.003934432685600618 0.0015849367751476693 0.015282896163017558 0.0009762447120078099 0.0005233209080740109
0 0.0017825311942959 0.0 1.0 0.0 0.0034871641847492294 0.0 0.012484480618016276 0.0002761096155173604 0.001599922421923137
0 0.0009157509157509158 0.0 1.0 0.0 0.007094655303769877 0.003194943223544947 0.01835392730688633 0.0008677730773402755 0.05621881894339377
0 0.2 0.0 1.0 0.0 0.0 0.008050171317543563 0.0029498525073746312 0.002366863905325444 0.20000000000000004
0 0.016129032258064516 0.0 1.0 0.06451612903225806 0.011589467868282731 0.010414579592188057 0.011704253497002567 0.003435770185149839 1.1385168606327844e-05
0 0.016666666666666666 0.0 1.0 0.0 0.008587809543905804 0.009426786953586296 0.006784660766961652 0.003254437869822486 3.108098810254248e-05
0 0.007575757575757576 0.0 1.0 0.0 0.005967448348934885 0.004980372566487171 0.019486904442656654 0.0036758113681190615 1.5235350609925862e-05
0 0.009090909090909092 0.0 1.0 0.0 0.0047180000200515194 0.003659168780701619 0.011665325824617857 0.0 2.6648161432632012e-05
0 0.009259259259259259 0.0 1.0 0.0 0.003396374905583175 0.003354238048976484 0.015404785316289742 0.0003287310979618672 7.210333668682676e-05
0 0.006802721088435374 0.0 1.0 0.0 0.004219593361641586 0.008426449781959913 0.0134850400337126 0.0009861932938856016 5.172283122450193e-05
0 0.005208333333333333 0.0 1.0 0.0 0.011985844601294537 0.010138230604743757 0.012905604719764012 0.0008629191321499013 1.639624266573731e-05
0 0.004830917874396135 0.0 1.0 0.0 0.00963820777291755 0.008750186214721263 0.009619084263178146 0.00025726781579624386 1.9895059919547926e-05
0 0.004166666666666667 0.0 1.0 0.0 0.006432569275520551 0.0070065535649844425 0.023967551622418874 0.0019723865877712033 2.1978298401325847e-05
0 0.015151515151515152 0.0 1.0 0.0 0.0024972614417728568 0.0033542380489764846 0.0058997050147492625 0.0 0.0003921372581067058
0 0.013888888888888888 0.0 1.0 0.0 0.0 0.006708476097952969 0.004424778761061947 0.0 0.0005693825270770137
0 0.002564102564102564 0.0 1.0 0.0 0.0074842344782251585 0.00995968773764641 0.012684365781710914 0.0018737672583826433 1.4187056224182368e-05
0 0.002747252747252747 0.0 1.0 0.0 0.007052010946061279 0.008797153473427846 0.01599727705922396 0.0013654984069185253 1.885570114451384e-05
0 0.0044444444444444444 0.0 1.0 0.0 0.007460206414942938 0.012523446581167582 0.015535889872173057 0.002761341222879685 4.014063294470308e-05
0 0.004166666666666667 0.0 1.0 0.0 0.0017323498487810975 0.0013416952195905937 0.015142576204523106 0.001183431952662722 8.622127527522267e-05
0 0.0053475935828877 0.0 1.0 0.0 0.0055889109339240526 0.003659168780701619 0.011531241619737197 0.0 9.830527909728101e-05
0 0.006172839506172839 0.0 1.0 0.0 0.0022080678851780825 0.0 0.017699115044247787 0.0 0.00020765894926262973
0 0.022727272727272728 0.0 1.0 0.0 0.010677572253527973 0.02035877531890042 0.01631016042780748 0.007934373318988702 0.022727272727272724
0 0.027777777777777776 0.0 1.0 0.0 0.019398748201751862 0.002008299665603013 0.006862745098039216 0.0013149243918474688 0.01754469052625475
0 0.012345679012345678 0.0 1.0 0.0 0.008686313626822798 0.017850028530640275 0.0215686274509804 0.003287310979618672 0.012685338194766672
0 0.006944444444444444 0.0 1.0 0.0 0.012183728258642567 0.015232028105788335 0.014215686274509802 0.0011505588428665351 0.0182784414613818
0 0.009523809523809525 0.0 1.0 0.0 0.010126784467552975 0.009583537282789956 0.015126050420168066 0.0014088475626937165 0.029890795013765056
0 0.006944444444444444 0.0 1.0 0.0 0.010054448277181825 0.010114667063920493 0.005147058823529412 0.0004930966469428008 0.01731616228978803
0 0.022222222222222223 0.0 1.0 0.0 0.004143275332350649 0.00353152931175883 0.011674436674436671 0.001497035092835618 0.022222222222222223
0 0.014285714285714285 0.0 1.0 0.0 0.0098358720102192 0.003267319198927047 0.01123876123876124 0.0012248468941382332 0.018412880725405416
0 0.01111111111111111 0.0 1.0 0.0 0.008533476822761293 0.004618202221770478 0.015996503496503493 0.001749781277340333 0.021352356119191156
0 0.010416666666666666 0.0 1.0 0.0 0.005233990410815674 0.003303745862516487 0.014969405594405594 0.0012029746281714785 0.00029207506595190776
0 0.010526315789473684 0.0 1.0 0.0 0.007683147725340244 0.0050851829282416985 0.013894000736106001 0.0016576875259013675 0.04664959052579161
0 0.010416666666666666 0.0 1.0 0.0 0.0020106722509466847 0.001135817333965488 0.01999562937062937 0.0012576552930883642 0.007015688511219285
0 0.005714285714285714 0.0 1.0 0.0 0.003161219465185301 0.0030947027794651282 0.006818181818181817 0.0008398950131233594 0.0007588203833350214
0 0.003676470588235294 0.0 1.0 0.0 0.005736719421538901 0.0051504677533449564 0.015734265734265736 0.0016983171221244407 0.024562479183800966
0 0.004629629629629629 0.0 1.0 0.0 0.0037687875463508977 0.005744788846298886 0.006483100233100233 0.0011665208515602217 0.0006096872345101886
0 0.007692307692307693 0.0 1.0 0.0 0.0008981932119901221 0.002288981345758231 0.011834319526627217 0.0011440877582609868 0.0032039650548150635
0 0.001976284584980237 0.0 1.0 0.0 0.006491082606012992 0.005062668596143428 0.010850562480997264 0.0008558712769599453 0.014051354143759243
0 0.006944444444444444 0.0 1.0 0.0 0.005991626082450772 0.006943243415466634 0.016535547785547784 0.0011665208515602217 0.0012467438668786737
0 0.003344481605351171 0.0 1.0 0.0 0.006557021888249852 0.006749485109298037 0.017064457281848584 0.0011411617026132605 0.03963062998044141
0 0.0017006802721088435 0.0 1.0 0.0 0.01235198552229821 0.004377024009304785 0.014672827172827172 0.00091655209765446 0.011362173559946351
0 0.00392156862745098 0.0 1.0 0.0 0.0009416063069700571 0.0025015426386570893 0.02298436857260386 0.0006690340178065978 0.0028646896380790446
0 0.0023148148148148147 0.0 1.0 0.0 0.009052880066682463 0.005057046897921015 0.014083139083139084 0.0010369074236090858 0.025617120678568785
0 0.0018975332068311196 0.0 1.0 0.0 0.0036811317237672677 0.005610163983743874 0.01266072637040379 0.0006773346880027094 0.00019652047198474664
0 0.0020576131687242796 0.0 1.0 0.0 0.003248311851075503 0.0033063063883174448 0.01621989121989122 0.0006156637827678947 0.00034148442037127303
0 0.001594896331738437 0.0 1.0 0.0 0.005177085002812692 0.004660043047081598 0.01380059334604789 0.0011134971764893027 0.02795640061419369
0 0.0011627906976744186 0.0 1.0 0.0 0.005245285828851134 0.004159569037861558 0.016466092047487394 0.0009155832265152902 0.02053915852182298
0 0.001984126984126984 0.0 1.0 0.0 0.009006760666545453 0.005672373289794783 0.011618589743589744 0.0007290755322251386 0.03152315149267524
0 0.0012285012285012285 0.0 1.0 0.0 0.0016352353980730251 0.0029017776175967796 0.008812133812133813 0.0003546853940554728 0.0005047215794835737
0 0.002717391304347826 0.0 1.0 0.0 0.006987561348792843 0.0024060152065588677 0.006938374125874125 0.0006014873140857392 0.05875667272397795
0 0.004629629629629629 0.0 1.0 0.0 0.0005260392776033819 0.001322522555326978 0.006507381507381508 0.0 0.04018379039156454
0 0.0018181818181818182 0.0 1.0 0.0 0.006331756393949502 0.007482816659881475 0.016807056579783854 0.001352103714308439 0.00045594011314141676
0 0.0020242914979757085 0.0 1.0 0.0 0.00474183140870369 0.006281371201366401 0.009891424365108575 0.0005525625086337892 0.0003182870617755922
0 0.0023148148148148147 0.0 1.0 0.0 0.003967460550543695 0.005908008562635617 0.015898164335664332 0.0011482939632545932 0.0014825964525948514
0 0.002976190476190476 0.0 1.0 0.0 0.002807399529530448 0.003151233172105405 0.009542540792540792 0.00014581510644502772 0.002849638896373408
0 0.0022988505747126436 0.0 1.0 0.0 0.005817217485477392 0.0008767272850629076 0.011188811188811189 0.00023330417031204432 0.0007586895391916896
0 0.001282051282051282 0.0 1.0 0.0 0.006651434461563802 0.0042961307151468415 0.01586874663797741 0.0012113870381586917 0.03310245292307138
0 0.0011947431302270011 0.0 1.0 0.0 0.013708255016034064 0.004981288178098136 0.018324268324268325 0.0010693107805968699 0.01872051174015084
0 0.0008445945945945946 0.0 1.0 0.0 0.005398509562536227 0.0025310956619555643 0.01103288603288603 0.0006620794022368826 0.022585587101047452
0 0.0010822510822510823 0.0 1.0 0.0 0.003303112669491664 0.001619134047716988 0.007461288711288711 0.0005936757905261843 0.0007612323529448334
0 0.0008169934640522876 0.0 1.0 0.0 0.004915309791620398 0.0018550827503024715 0.016001359751359752 0.0009721007096335181 0.02400285848517705
0 0.0015037593984962405 0.0 1.0 0.0 0.0021344564310144336 0.0019578408682736593 0.012835848362164151 0.0005065156329143067 0.003844549098868709
0 0.0009259259259259259 0.0 1.0 0.0 0.003975951254865924 0.0019391970198802714 0.010693473193473193 0.0008165645960921552 0.030633398658196913
0 0.0006006006006006007 0.0 1.0 0.0 0.0041818717018600625 0.0024184081226865015 0.007070707070707072 0.0005832604257801108 0.019263046548977144
0 0.0010526315789473684 0.0 1.0 0.0 0.0012667092806788384 0.0 0.009720279720279718 0.0001399825021872266 0.002220877160160933
0 0.0017094017094017094 0.0 1.0 0.0 0.01085129782883691 0.00649053037493079 0.014335664335664335 0.0015748031496062992 0.05775673692527183
0 0.0007352941176470588 0.0 1.0 0.0 0.0028913183426457893 0.0006976480552971638 0.006838749485808308 0.0001543924656476764 0.0009699331237483277
0 0.0006968641114982578 0.0 1.0 0.0 0.003321782691667762 0.0009641828989006325 0.015709290709290707 0.0004999375078115235 0.026311689077843807
1 0.0008818342151675485 0.0 1.0 0.0 0.008607587527440856 0.003038468840480384 0.006960631960631961 0.0007452772107190304 0.024045709053295856
0 0.0033222591362126247 0.0 1.0 0.0 0.0010337200907179424 0.0 0.008116883116883118 0.0 0.029838896652306428
0 0.0013368983957219253 0.0 1.0 0.0 0.003943062176281832 0.0016724101905834245 0.004422048539695599 0.0003087849312953528 0.004052839984114613
0 0.038461538461538464 0.0 1.0 0.0 0.01890821600739942 0.020658183347326893 0.0199055330634278 0.009530292716133428 0.03846153846153847
0 0.017241379310344827 0.0 1.0 0.0 0.008434349782937774 0.004262872334524422 0.013914095583787051 0.00274641440341776 0.007369543848693332
0 0.015873015873015872 0.0 1.0 0.0 0.02038337232185568 0.025799221605528368 0.013366750208855471 0.0 0.022601858609825373
0 0.016666666666666666 0.0 1.0 0.0 0.03323084089557781 0.03559238912145045 0.011695906432748537 0.0017699115044247787 0.025347546114203697
0 0.008695652173913044 0.0 1.0 0.0 0.016948858562513023 0.0258297400246952 0.018688024408848206 0.0011542901115813775 0.017303593019420173
1 0.02857142857142857 0.0 1.0 0.0 0.008064793009037336 0.0049181897154958005 0.010159460792372189 0.0018433179723502308 0.02857142857142857
0 0.010869565217391304 0.0 1.0 0.0 0.005413683233000305 0.005406717867838112 0.013633862010306698 0.002354237627729913 0.02289072381900181
1 0.006802721088435374 0.0 1.0 0.0 0.007927865257536275 0.002295691390563066 0.009957492778469273 0.0014577259475218659 0.015551158887626704
0 0.006756756756756757 0.0 1.0 0.0 0.007480274734906396 0.0015510069290253813 0.015115230305103727 0.0017436791630340016 0.020788863508644076
0 0.0125 0.0 1.0 0.0 0.00787110929274048 0.005429270344287945 0.012658227848101267 0.0014400921658986171 0.08124255050927696
0 0.005555555555555555 0.0 1.0 0.0 0.007230830263328726 0.002740244399427347 0.013156885308784044 0.001804915514592934 0.03154908999968364
0 0.0037593984962406013 0.0 1.0 0.0 0.0038792466546420158 0.003917291507726639 0.009841923566107446 0.0006669900557846228 0.033732251554607656
0 0.008333333333333333 0.0 1.0 0.0 0.002064473723965975 0.0032219920626081217 0.00928270042194093 0.00030721966205837174 0.0015024741082052802
0 0.003968253968253968 0.0 1.0 0.0 0.0019800708934552035 0.0039679599187419185 0.01130198915009042 0.00041145490454246215 0.0017728780280357273
0 0.002777777777777778 0.0 1.0 0.0 0.00717115976238987 0.006871406464560402 0.010516557984912418 0.0013760880696364565 0.030351494044413767
1 0.002066115702479339 0.0 1.0 0.0 0.0067646529064631635 0.005971065547958065 0.012553614394811174 0.0017281105990783407 0.023261220209402612
0 0.0020833333333333333 0.0 1.0 0.0 0.0047732698885288955 0.005109517306461071 0.012773302646720368 0.0013824884792626728 0.0013418173203172377
0 0.0016025641025641027 0.0 1.0 0.041666666666666664 0.0035134923622260165 0.004409452334868026 0.009877253548139626 0.0010080645161290322 0.0007159592747026495
0 0.002232142857142857 0.0 1.0 0.0 0.004043315000817219 0.002740484546443982 0.012010932105868817 0.0006480414746543779 0.002848385231834316
0 0.0022988505747126436 0.0 1.0 0.0 0.004285033093289072 0.0023219833206610126 0.005872782826078331 7.94533608771651e-05 0.044277366503937925
0 0.001736111111111111 0.0 1.0 0.0 0.005202894238546513 0.00488917099999137 0.011028001534330652 0.0011840757808499742 0.03006443969979812
0 0.00196078431372549 0.0 1.0 0.0 0.007885827026120194 0.006793402729543752 0.013885692366705029 0.0016513056835637482 0.03494222106569691
0 0.0026455026455026454 0.0 1.0 0.0 0.005419897953671178 0.002146161403021805 0.01161707490821415 0.0008229098090849244 0.061590896589442196
0 0.003095975232198142 0.0 1.0 0.0 0.011986111909438643 0.009840666472920694 0.008190618019359644 0.0016942260775277853 0.061815368502786176
0 0.002272727272727273 0.0 1.0 0.0 0.005188808891441404 0.0068047568804877785 0.007061408097081285 0.0012044407205697527 0.0020465779704171975
0 0.0015873015873015873 0.0 1.0 0.0 0.006783255210414111 0.0034570008858592345 0.011277330264672038 0.0008064516129032258 0.03138077065985424
0 0.0012285012285012285 0.0 1.0 0.0 0.0022311169491894284 0.0028859679271044754 0.008583957951046559 0.00028023415120189316 0.0017380990443296043
0 0.001402524544179523 0.0 1.0 0.0 0.00031580230161517984 0.0017696136220926929 0.00950295111177104 0.0006689460383529063 0.0005339656519138291
0 0.003472222222222222 0.0 1.0 0.0 0.0016107409919461021 0.0013061433877350828 0.007383966244725739 0.0 0.003132151350823205
0 0.0025 0.0 1.0 0.0 0.0016726898391388894 0.0 0.01086018411967779 0.0004320276497695853 0.0015015933125123995
0 0.0011312217194570137 0.0 1.0 0.0 0.0014434924788664684 0.0006051573444808859 0.008529073309415828 0.0004404987801572242 0.0005876918702688686
0 0.0016835016835016834 0.0 1.0 0.0 0.0017301491929701048 0.0007345114992291541 0.010827492415524637 0.0009949727691663174 0.0048709259609126246
0 0.0016233766233766233 0.0 1.0 0.0 0.0012059872035718533 0.0 0.008735223349722775 0.0 0.004979729471579815
0 0.0021551724137931034 0.0 1.0 0.0 0.0003059334796897055 0.0 0.008342922899884926 0.0010800691244239632 0.0026710076388392462
0 0.030303030303030304 0.0 1.0 0.0 0.015112126556164526 0.020218636924943707 0.017724413950829045 0.00863060989643268 0.030303030303030304
0 0.025 0.0 1.0 0.0 0.015481194069618879 0.020824864889707275 0.013836477987421384 0.005379746835443038 0.012917002089609256
0 0.009259259259259259 0.0 1.0 0.0 0.017288766312160222 0.020656101895503626 0.01904262753319357 0.0038677918424753874 0.02195770622150279
0 0.006578947368421052 0.0 1.0 0.0 0.014903837468882719 0.011638098640631986 0.019860973187686193 0.002831445702864757 0.02230951646079692
1 0.00625 0.0 1.0 0.0 0.0034089197412723324 0.0052445474431838 0.022209119496855344 0.0009889240506329115 0.004368497700699105
0 0.03333333333333333 0.0 1.0 0.0 0.006491475860629379 0.0032222756714975695 0.0076559546313799635 0.0011037527593818987 0.03333333333333333
0 0.013888888888888888 0.0 1.0 0.0 0.007657168829844342 0.004535636831943188 0.012208569628229367 0.0016819089666771792 0.018737267597187836
0 0.0196078431372549 0.0 1.0 0.0 0.00810033128433632 0.0011356883682994564 0.008228622261759147 0.0008904223941232126 0.025292241879708386
0 0.013888888888888888 0.0 1.0 0.0 0.005720625777572567 0.0021451891401211955 0.00955681579500105 0.0009986334489645752 0.0003504828365097711
0 0.03333333333333333 0.0 1.0 0.0 0.0 0.0 0.003308128544423441 0.000946073793755913 0.040517964846184536
0 0.0028735632183908046 0.0 1.0 0.0 0.004460404316166305 0.0035547989469212234 0.008066618864480806 0.0010928783479594174 0.011263296909693323
0 0.0047619047619047615 0.0 1.0 0.0 0.007313492821907602 0.005392597605240236 0.0075929426591052306 0.0016083254493850527 0.019144933857935833
0 0.00390625 0.0 1.0 0.0 0.0021597164008708303 0.003303834279754098 0.007768194706994329 0.0010347682119205303 0.00036178575570364207
0 0.0027777777777777775 0.0 1.0 0.0 0.004099018893094647 0.0037479295833568738 0.011436672967863893 0.0009933774834437088 0.01135626870120625
0 0.003703703703703704 0.0 1.0 0.0 0.0048883384113069354 0.0035104550985884386 0.008821676118462508 0.0006307158625039421 0.015834465333209893
0 0.00909090909090909 0.0 1.0 0.0 0.0005119187525713063 0.0012871134840727173 0.0076559546313799635 0.0 0.01011957067594735
0 0.0016666666666666666 0.0 1.0 0.0 0.0030260138522203144 0.0031302977666909882 0.011134215500945186 0.0004541154210028382 9.307008153555397e-05
0 0.0034965034965034965 0.0 1.0 0.0 0.0065571993998238464 0.0030462359322126487 0.01052586355043822 0.0005160402511395889 0.019220253959486205
0 0.002040816326530612 0.0 1.0 0.0 0.003292928551126057 0.0031176338415247495 0.009883877936807993 0.0005406135964319504 0.013969819859057517
0 0.0017543859649122807 0.0 1.0 0.0 0.0036704446962864436 0.0020463279215798564 0.00684011541140185 0.0002240701090474531 0.021340090005911083
0 0.00390625 0.0 1.0 0.0 0.004799836554529133 0.0033871239008390853 0.008624763705103969 0.0004139072847682119 0.037264347093772875
0 0.0017301038062283738 0.0 1.0 0.0 0.007507884299249827 0.004216677568666775 0.0046147003224730355 0.0002504312983471535 0.017847532353495316
0 0.002525252525252525 0.0 1.0 0.0 0.0010476639560064145 0.003510309502016501 0.00807698917339749 0.00017201341704652963 0.0008339765966867431
0 0.0023923444976076554 0.0 1.0 0.0 0.009082505112322706 0.003597046281490846 0.006358480838632067 0.0003870301883546917 0.02890054715812643
0 0.0019230769230769232 0.0 1.0 0.0 0.005419088980235964 0.002115494259513666 0.00945179584120983 0.0005458118040899498 0.03233048094857541
0 0.0012531328320802004 0.0 1.0 0.0 0.004294380340765501 0.0030336423758261497 0.008929459755248231 0.0004481402180949062 0.01140930979096201
0 0.004132231404958678 0.0 1.0 0.0 0.007140732695698337 0.004383856482575879 0.012716961677264134 0.0011180872108024426 0.0005792753338475006
0 0.0012422360248447205 0.0 1.0 0.0 0.006044305142836016 0.002992601786500129 0.008236564947339995 0.0005946749560751454 0.021421642601770628
0 0.0016666666666666666 0.0 1.0 0.0 0.006085770125691592 0.0024728649586188015 0.009754253308128541 0.0005676442762535478 0.00013552424422152117
0 0.0022222222222222222 0.0 1.0 0.0 0.00480983952526602 0.004031290301427035 0.004725897920604915 0.000630715862503942 0.029183066555540656
0 0.0032051282051282055 0.0 1.0 0.0 0.005379885605966029 0.004553289183385637 0.006222432262129804 0.000630715862503942 0.04719827864222312
0 0.005291005291005291 0.0 1.0 0.0 0.0 0.0009193667743376552 0.005536051849851472 0.00027030679821597514 0.02497192067924909
0 0.0035714285714285713 0.0 1.0 0.0 0.009922887084474707 0.004537487640942796 0.008601134215500945 0.0006622516556291391 0.08496940822501507
0 0.0010141987829614604 0.0 1.0 0.0 0.006861352359839684 0.005634344670966379 0.008617813855220726 0.0011130279926540153 0.014237210757987952
0 0.003333333333333333 0.0 1.0 0.0 0.008437049132180498 0.005693608296583342 0.01436672967863894 0.0014191106906338694 0.0006442729448581147
0 0.004608294930875576 0.0 1.0 0.0 0.004531995749645947 0.0033805047271200195 0.004590872265730489 0.00027030679821597514 0.00506994153606309
0 0.001201923076923077 0.0 1.0 0.0 0.00788875976532183 0.0066645142405714125 0.011124036643885414 0.001382723237027873 0.019097902669057507
0 0.0012121212121212121 0.0 1.0 0.0 0.006389453831893801 0.006022581537686458 0.01172022684310019 0.0012109744560075686 0.007993546884257798
0 0.0008169934640522876 0.0 1.0 0.0 0.0030581896865871103 0.0005727288618493856 0.008611636210880066 0.00023651844843897827 0.00010001459830879158
0 0.0012987012987012987 0.0 1.0 0.0 0.0066813113538029935 0.0031922471972203907 0.014822134387351782 0.0009890771480175456 6.931277013781176e-05
0 0.0030864197530864196 0.0 1.0 0.0 0.011525321354636207 0.0028602521868282605 0.004515858013022474 0.00042047724166929465 0.07377267564306227
0 0.0007722007722007722 0.0 1.0 0.0 0.003603258705901884 0.0021166238902382947 0.008290575209289764 0.0005676442762535479 6.614284063769423e-05
0 0.0009746588693957114 0.0 1.0 0.0 0.003947961874352802 0.0029248331417649044 0.009206749282363648 0.0009460737937559131 0.002762332681712518
0 0.0021367521367521365 0.0 1.0 0.0 0.0022457013763329957 0.0005446038535936721 0.010318210459987398 0.00039419741406496373 0.0015945767987571413
0 0.0013157894736842105 0.0 1.0 0.0 0.003341984179213353 0.0009658799771004976 0.013033529002089343 0.0008464870786237116 0.028975467186697867
0 0.000903342366757001 0.0 1.0 0.0 0.004365300566552894 0.003004581456404911 0.00906672267730869 0.0008759942534776972 0.00019747344408471324
0 0.0010822510822510823 0.0 1.0 0.0 0.0036107153617237274 0.001279478146414401 0.010139199175115998 0.0006450503139244861 0.00015409029353539224
0 0.0033222591362126247 0.0 1.0 0.0 0.0 0.0 0.004590872265730489 0.0 0.026060326402782885
0 0.0015151515151515152 0.0 1.0 0.13333333333333333 0.0020696507119621543 0.0005164736123900473 0.008506616257088847 0.0003784295175023652 0.000690999735207325
0 0.03225806451612903 0.0 1.0 0.0 0.005946933694398352 0.003918581376257181 0.01500112790435371 0.00203378340206768 0.03225806451612903
0 0.012195121951219513 0.0 1.0 0.0 0.009149610781911673 0.005677938738426229 0.010105747910625958 0.0021357481525778503 0.008954486889538631
0 0.01111111111111111 0.0 1.0 0.0 0.008216720920877656 0.003493009837057729 0.008857808857808857 0.0018096906012842965 0.004513386153736194
0 0.03125 0.0 1.0 0.0 0.005632834711307412 0.004467422130029101 0.011582167832167832 0.0024080560420315237 0.06567817395712022
0 0.006896551724137932 0.0 1.0 0.0 0.011739236337002747 0.007122117272632884 0.011574632264287435 0.0022344344465245487 0.007667739501734307
0 0.00980392156862745 0.0 1.0 0.0 0.012490463219653193 0.01013173931480267 0.010283833813245576 0.0018543319254146493 0.00034032805857026104
0 0.01020408163265306 0.0 1.0 0.0 0.008453388753006375 0.007197201019369986 0.013611388611388612 0.0008756567425569177 0.0007127655756454175
0 0.005208333333333333 0.0 1.0 0.0 0.010032354840434606 0.008379289314090554 0.012019230769230768 0.00043782837127845885 0.00022627177560999182
0 0.0024154589371980675 0.0 1.0 0.0 0.006256283851652596 0.00367670707357137 0.009653390088172696 0.00041879235513591717 0.008167024284616952
0 0.0058823529411764705 0.0 1.0 0.0 0.014402767478275796 0.006306948889452848 0.007507198683669273 0.00041207376120325537 0.0010902876142241118
0 0.0021141649048625794 0.0 1.0 0.0 0.004546902160630352 0.004986889819567368 0.0072776061148154166 0.0004072822058404268 0.009414172065970285
0 0.004901960784313725 0.0 1.0 0.0 0.008401315238795245 0.009247964688482671 0.00956396544631839 0.0009271659627073246 0.007578573322732908
0 0.006410256410256411 0.0 1.0 0.0 0.008416615221676233 0.005956562840038801 0.006701631701631703 0.00043782837127845885 0.003193499575067017
0 0.0032467532467532465 0.0 1.0 0.0 0.007542207102891243 0.007332578827045899 0.01414494596312778 0.0014328928514567745 0.018324196139746476
0 0.003703703703703704 0.0 1.0 0.0 0.0023606526936547113 0.005529004058692971 0.010101010101010102 0.0001945903872348706 0.0016243924427433278
0 0.002976190476190476 0.0 1.0 0.0 0.003861113457608826 0.0035308688753264666 0.014735264735264734 0.0010841464431657077 0.0003967244732495473
0 0.00392156862745098 0.0 1.0 0.0 0.003167883181980588 0.0031768335146873604 0.004895104895104895 0.0 0.00481981130006685
0 0.0015015015015015015 0.0 1.0 0.0 0.006360984148375146 0.004245536901174325 0.010631260631260632 0.0005679935627396223 0.010944944527090533
0 0.0023923444976076554 0.0 1.0 0.0 0.013281922478984165 0.0014896185773920177 0.012714558169103628 0.0008756567425569177 0.005835918815281258
0 0.0011627906976744186 0.0 1.0 0.0 0.008720162929243725 0.0030615004486855705 0.0141079850382176 0.0008145644116808536 0.0011020433834712732
0 0.0028011204481792717 0.0 1.0 0.0 0.012175302323768568 0.0042046325929685656 0.01192924722336487 0.0006181106418048831 0.0010589936876220442
0 0.0026737967914438505 0.0 1.0 0.0 0.011167770624035228 0.003883042867905233 0.01264911559029206 0.00133923972391058 0.020650060665327694
0 0.0036231884057971015 0.0 1.0 0.0 0.012562544760115717 0.004494030646782451 0.00713869463869464 0.0007297139521307647 0.004801256384273587
0 0.004166666666666667 0.0 1.0 0.0 0.001297675632855243 0.0 0.007342657342657344 0.0005253940455341507 0.01624259695594852
0 0.0044444444444444444 0.0 1.0 0.0 0.004274094275762279 0.0 0.013403263403263406 0.0005837711617046118 0.00808143414122528
0 0.02564102564102564 0.0 1.0 0.0 0.0037302900989339373 0.002392717426285782 0.009643950820421408 0.0012122875637594632 0.02564102564102564
0 0.010638297872340425 0.0 1.0 0.0 0.0024462406122007594 0.0018840194493447131 0.008267910645883112 0.0012147208988934643 0.016454437563194046
0 0.013333333333333332 0.0 1.0 0.0 0.0016438045264815036 0.0016990816536403277 0.008698752228163993 0.0010347903657448709 0.002144683159107135
0 0.010869565217391304 0.0 1.0 0.0 0.0018463903204765592 0.0026524683220273447 0.008525149190110826 0.0009308459062172752 0.005219354984504964
0 0.0038461538461538464 0.0 1.0 0.0 0.004648932162705252 0.003866698115756306 0.008107088989441928 0.0012180059013243661 0.01130050944431104
0 0.004065040650406504 0.0 1.0 0.0 0.003927263867155819 0.003458827112951301 0.01530368244858919 0.0017188485890211257 8.456404425972186e-05
0 0.007518796992481203 0.0 1.0 0.0 0.0036700754326629953 0.004506003115574489 0.012806079369546863 0.0016432696370721634 0.0039125301905614555
0 0.002976190476190476 0.0 1.0 0.0 0.0019827355840344907 0.0018427814969106829 0.01294457176810118 0.001083216515865936 0.00033162770886130107
0 0.005291005291005291 0.0 1.0 0.0 0.0026761485845963216 0.0026784815570140234 0.007384772090654442 0.00016991631621426448 0.0003627066798718476
0 0.0033333333333333335 0.0 1.0 0.0 0.002461682722320419 0.003630046465246795 0.011378490790255498 0.00020814748736247397 0.003433749580277143
0 0.007575757575757576 0.0 1.0 0.0 0.002174250132203818 0.0026646264704408167 0.009581105169340463 0.00014867677668748143 0.0017711604808449842
0 0.002525252525252525 0.0 1.0 0.0 0.002928263065009456 0.00262390474279698 0.00920974450386215 0.0004325142594544915 0.00018661529113974868
0 0.002849002849002849 0.0 1.0 0.0 0.0024755324047461423 0.0031534095786782974 0.012213639664620057 0.00046254997191660886 0.0006263299161300568
0 0.005494505494505494 0.0 1.0 0.0 0.002503823978302907 0.001400342022231039 0.010763746057863705 0.0005489604062307006 0.013751700623152115
0 0.002564102564102564 0.0 1.0 0.0 0.0016943682623791732 0.0019245060781924014 0.006341697518168105 0.0002744802031153503 0.011462305243537328
0 0.003289473684210526 0.0 1.0 0.0 0.0012028723286031159 0.0007172771292102849 0.017168589924007882 0.0008920606601248885 0.005030185020335672
0 0.0014347202295552368 0.0 1.0 0.0 0.005637133409328917 0.0016131070037048742 0.009912612495108906 0.0007397576205913711 0.012979652500198797
0 0.0015873015873015873 0.0 1.0 0.0 0.0036063327658345276 0.0026252685737876737 0.009116373822256173 0.0007391359755320505 0.018565550295378718
0 0.002288329519450801 0.0 1.0 0.0 0.004968104797411268 0.005170926309419664 0.016701542276989844 0.0016677655819726175 0.0025384572602840964
0 0.001851851851851852 0.0 1.0 0.0 0.0031935378577648476 0.004553649734872873 0.009902951079421664 0.0008920606601248884 0.0001999528933915376
0 0.0031746031746031746 0.0 1.0 0.0 0.007239508210118447 0.004994440830431538 0.013368983957219251 0.0007731192387749034 0.044956462018616763
0 0.0022727272727272726 0.0 1.0 0.0 0.005014445618669674 0.004948449667219984 0.010383244206773615 0.0010258697591436219 0.003424563459959983
0 0.003105590062111801 0.0 1.0 0.0 0.0059164149838031085 0.005584725722645784 0.009803921568627453 0.0011469351344462852 0.0006796151232694614
0 0.0011904761904761904 0.0 1.0 0.0 0.003837599492260684 0.00357418789687904 0.0061624649859943975 0.00033133681661781574 0.01878060547075092
0 0.0025 0.0 1.0 0.0 0.008891226606357544 0.0037667397304943077 0.006851604278074868 0.0006132917038358609 0.043016173437411674
0 0.0011655011655011655 0.0 1.0 0.0 0.005161685916816408 0.003133405099306573 0.016069788797061522 0.0011083177898521344 0.01826795372295946
0 0.001610305958132045 0.0 1.0 0.0 0.0024941691631210437 0.003047682615787342 0.012516469038208166 0.0005429934452934104 0.004470347544086956
0 0.0013736263736263735 0.0 1.0 0.0 0.0019601671431595624 0.002472166117969109 0.021836007130124777 0.0013380909901873328 0.005263942818973517
1 0.001326259946949602 0.0 1.0 0.0 0.009714613731451476 0.002817784267606504 0.010180995475113124 0.00024017017772593152 0.01663128372687492
0 0.0016666666666666666 0.0 1.0 0.0 0.0034523450773908232 0.003693466237842547 0.013458110516934046 0.0006690454950936664 0.00047548898682784707
0 0.001075268817204301 0.0 1.0 0.0 0.0009282943843821875 0.0008223570073126869 0.014557338086749852 0.0007731192387749034 0.0006246695153188562
0 0.001838235294117647 0.0 1.0 0.0 0.001815016910751582 0.003093135691151599 0.013526266121421828 0.0007871123471690194 0.0007075708674887961
0 0.001122334455667789 0.0 1.0 0.0 0.0021202289405738723 0.0019000547424319406 0.010596157654981184 0.00023127498595830443 0.00040546105750783126
0 0.0010141987829614604 0.0 1.0 0.0 0.0015210829061353055 0.0019081633727932308 0.010172721126067982 0.0003691285490171953 0.0003100314513418103
0 0.001680672268907563 0.0 1.0 0.0 0.003660009654742937 0.0 0.013211701793016672 0.00041979325182347696 0.0007516166704887188
0 0.001736111111111111 0.0 1.0 0.0 0.001246532503158152 0.0 0.005124777183600713 0.0 0.011222769717540909
0 0.0012870012870012872 0.0 1.0 0.0 0.005974000481801964 0.00042569434553300673 0.011374246668364315 8.495815810713224e-05 0.028313199494824724
0 0.0017543859649122805 0.0 1.0 0.0 0.0030023627996154157 0.0006323458029086224 0.007011289364230539 0.00029735355337496286 0.018542142242941765
0 0.0028490028490028487 0.0 1.0 0.0 0.00044561395031989155 0.0 0.0053475935828877 0.0 0.04770608581881333
0 0.000641025641025641 0.0 1.0 0.0 0.0010697575748711049 0.0002477687230816999 0.011609305726952786 0.00048034035545186304 0.00024599876389131624
0 0.0017421602787456446 0.0 1.0 0.0 0.0 0.0006385415182995101 0.00967659791189203 0.0003823117114820951 0.004286159577310062
0 0.0017006802721088435 0.0 1.0 0.0 0.005339062427010713 0.0010952152711293953 0.013878278584160937 0.00044603033006244426 0.05825545049735629
0 0.0008019246190858059 0.0 1.0 0.0 0.0026464813779135065 0.00022688387906154848 0.010111254533161227 0.00015380356209049803 0.02876975261575632
0 0.0010330578512396695 0.0 1.0 0.0 0.001934222545813865 0.0 0.0067250040512072595 0.0 0.006910734763466156